lon, lat, freeboard (m), standard deviation, count
-180 81.5 0.249349820789 0.0839518048081	279
-178.5 81.5 0.201554913295 0.089094439662	346
-177 81.5 0.209521929825 0.0939506583958	228
-175.5 81.5 0.25388974359 0.0857286304292	78
-174 81.5 0.265496460177 0.0853504487071	113
-172.5 81.5 0.231899310345 0.0818459965563	145
-171 81.5 0.181712738854 0.0956341189559	157
-169.5 81.5 0.18773364486 0.115605608782	107
-168 81.5 0.197436619718 0.0920538929718	71
-166.5 81.5 0.222742857143 0.0915529951024	84
-165 81.5 0.214342105263 0.0961232020961	57
-163.5 81.5 0.22364109589 0.108755210393	73
-162 81.5 0.19456 0.120871493108	40
-160.5 81.5 0.105578947368 0.101082538216	19
-159 81.5 0.152339215686 0.105896542112	51
-157.5 81.5 0.192634210526 0.0921325580751	38
-156 81.5 0.121610714286 0.153733826264	56
-154.5 81.5 0.124517857143 0.120175584555	84
-153 81.5 0.14973515625 0.100203168094	128
-151.5 81.5 0.1701015625 0.114503053623	128
-150 81.5 0.1646932 0.11127418285	250
-148.5 81.5 0.161142417062 0.100321846809	422
-147 81.5 0.158282352941 0.111222150563	238
-145.5 81.5 0.136863934426 0.113827864594	183
-144 81.5 0.163604761905 0.125859929648	210
-142.5 81.5 0.176642533937 0.111371495459	221
-141 81.5 0.168374342105 0.112626706056	304
-139.5 81.5 0.154095876289 0.108861117074	291
-138 81.5 0.165111184211 0.106509117383	304
-136.5 81.5 0.184481957187 0.10161226261	327
-135 81.5 0.154796641791 0.113518794282	268
-133.5 81.5 0.162632 0.122690910114	400
-132 81.5 0.204286338798 0.103451282546	549
-130.5 81.5 0.176451971326 0.109475392518	558
-129 81.5 0.19204954955 0.0973586161153	777
-127.5 81.5 0.199058722359 0.106235400695	407
-126 81.5 0.264014670659 0.100940748804	334
-124.5 81.5 0.245718708241 0.0920646495342	449
-123 81.5 0.206395867769 0.0937662325365	363
-121.5 81.5 0.214967449664 0.10655986121	298
-120 81.5 0.218605147059 0.0969476869015	272
-118.5 81.5 0.2096625 0.0964797483124	232
-117 81.5 0.1564 0.111733783589	163
-115.5 81.5 0.191946296296 0.109975259997	270
-114 81.5 0.209570786517 0.118867078308	178
-112.5 81.5 0.174609646302 0.118885722454	311
-111 81.5 0.188017619048 0.116441713551	210
-109.5 81.5 0.215880812641 0.104092511357	443
-108 81.5 0.226212969925 0.102419173961	532
-106.5 81.5 0.206767924528 0.096461672742	265
-105 81.5 0.206009333333 0.133034080345	75
-103.5 81.5 0.243757692308 0.13735906909	52
-102 81.5 0.202028 0.138378416911	25
-100.5 81.5 0.2706453125 0.110419307504	64
-99 81.5 0.30437826087 0.105315658674	161
-97.5 81.5 0.281921985816 0.0955931184703	141
-96 81.5 0.34396 0.0729592557528	5
-10.5 81.5 0.121033333333 0.204450246596	3
-9 81.5 0.192248837209 0.119647467034	43
-7.5 81.5 0.243547126437 0.119593353474	87
-6 81.5 0.210459701493 0.135153749329	134
-4.5 81.5 0.207832765957 0.133108222111	235
-3 81.5 0.225186516854 0.140186125421	178
-1.5 81.5 0.270503797468 0.133314575006	158
0 81.5 0.283773943662 0.0967110030827	284
1.5 81.5 0.273654929577 0.0947215826797	71
3 81.5 0.2892 0.0502175268208	7
4.5 81.5 0.325458181818 0.107677284806	55
6 81.5 0.189289473684 0.135459781185	38
7.5 81.5 0.1991 0.00395979797465	2
9 81.5 -0.0801 NaN	1
37.5 81.5 0.305833333333 0.0285818707109	3
39 81.5 0.218722222222 0.0765226400776	9
40.5 81.5 0.112757142857 0.066997384455	7
42 81.5 0.129266666667 0.138357881356	3
43.5 81.5 0.13042 0.175983485021	5
45 81.5 0.237172727273 0.07755522021	11
46.5 81.5 0.3802 0.058972705551	2
69 81.5 0.103625 0.126818804468	4
72 81.5 0.3258 NaN	1
75 81.5 0.3223 NaN	1
76.5 81.5 0.2815 0.0381837661841	2
78 81.5 0.285625 0.075135937917	4
79.5 81.5 0.136566666667 0.0992585680601	3
81 81.5 0.0981153846154 0.127981000192	13
82.5 81.5 0.16465 0.107108297713	42
84 81.5 0.22525 0.122915190133	30
85.5 81.5 0.228064150943 0.120229530633	53
87 81.5 0.14502972973 0.123390675555	37
88.5 81.5 0.15203 0.124463793509	20
91.5 81.5 0.07075 0.0403757972058	2
93 81.5 0.0884285714286 0.106483217994	7
97.5 81.5 0.204185714286 0.135846708077	7
99 81.5 0.190966666667 0.124466236204	60
100.5 81.5 0.147032727273 0.123228302412	110
102 81.5 0.162910576923 0.103964503762	104
103.5 81.5 0.178080714286 0.125068881106	140
105 81.5 0.176939705882 0.103059959565	68
106.5 81.5 0.155932989691 0.126180431098	97
108 81.5 0.207751315789 0.0987213431748	76
109.5 81.5 0.162912195122 0.0976896462334	123
111 81.5 0.209025510204 0.109323586943	98
112.5 81.5 0.204566666667 0.079223226015	30
114 81.5 0.188496296296 0.0876337987198	27
115.5 81.5 0.177154166667 0.0697648079844	72
117 81.5 0.189648717949 0.0829133482017	78
118.5 81.5 0.181125641026 0.0870789802359	39
120 81.5 0.15585625 0.0750051728772	16
121.5 81.5 0.158007843137 0.106614841074	51
123 81.5 0.201754545455 0.115907224655	11
124.5 81.5 0.095375 0.0400985764502	4
126 81.5 0.207455555556 0.0807008799589	18
127.5 81.5 0.216664864865 0.0965062180386	37
129 81.5 0.186932258065 0.109475368271	31
130.5 81.5 0.211355 0.102292519111	60
132 81.5 0.152092592593 0.104724238345	27
133.5 81.5 0.163092941176 0.0963951747313	85
135 81.5 0.153373809524 0.118675928192	84
136.5 81.5 0.182542424242 0.0866268025456	132
138 81.5 0.182370909091 0.102324879623	55
139.5 81.5 0.147071428571 0.0873574555606	35
141 81.5 0.1460725 0.114297484073	40
142.5 81.5 0.101540298507 0.104689452827	67
144 81.5 0.222404166667 0.0740516005708	24
145.5 81.5 0.163347727273 0.100016408972	88
147 81.5 0.230011111111 0.113652223686	27
148.5 81.5 0.197529032258 0.091580299598	62
150 81.5 0.24361441048 0.0776014396244	229
151.5 81.5 0.245015498155 0.0745688648886	271
153 81.5 0.252886625514 0.0751731977224	486
154.5 81.5 0.250709719626 0.076167445756	535
156 81.5 0.253849509804 0.0790555002983	612
157.5 81.5 0.282014285714 0.075331221567	735
159 81.5 0.289160883281 0.0733098290989	634
160.5 81.5 0.298977477477 0.0835305314688	666
162 81.5 0.259677634011 0.0854864312319	541
163.5 81.5 0.259057459677 0.0881234115398	496
165 81.5 0.260588557994 0.0890671567353	638
166.5 81.5 0.263584357542 0.0844965765418	716
168 81.5 0.264093973941 0.0909150138952	614
169.5 81.5 0.273361197339 0.0906368736706	451
171 81.5 0.276038153846 0.0972169136153	325
172.5 81.5 0.279589054726 0.0815603339841	201
174 81.5 0.247946332046 0.097691628104	259
175.5 81.5 0.250083908046 0.0885190790476	261
177 81.5 0.264805376344 0.0860178767424	372
178.5 81.5 0.26672248062 0.0787079403994	387
-180 81 0.248084188034 0.0897874397741	234
-178.5 81 0.223658522727 0.085033852997	176
-177 81 0.225794736842 0.0797900827501	76
-175.5 81 0.223897468354 0.0900603216293	79
-174 81 0.255879545455 0.0996488172593	44
-172.5 81 0.262666666667 0.0874904228159	72
-171 81 0.229871929825 0.101700151416	114
-169.5 81 0.268328282828 0.0700677092946	99
-168 81 0.190054237288 0.0930049745092	59
-166.5 81 0.156345454545 0.0881729076589	22
-165 81 0.1996 0.0655282157458	18
-163.5 81 0.156055555556 0.0419762465899	9
-162 81 0.0925888888889 0.113913170694	18
-160.5 81 0.193606060606 0.102119014327	33
-159 81 0.15933 0.141749219845	50
-157.5 81 0.233805128205 0.111005692004	39
-156 81 0.16088 0.130376655159	20
-154.5 81 0.136782857143 0.123669522818	35
-153 81 0.103591463415 0.12176701311	82
-151.5 81 0.159976470588 0.125987397129	51
-150 81 0.18607654321 0.108303525187	81
-148.5 81 0.159169911504 0.132273453824	113
-147 81 0.150216197183 0.116003142925	142
-145.5 81 0.174993814433 0.132539091572	97
-144 81 0.183993877551 0.121144423931	196
-142.5 81 0.156682490272 0.108894086502	257
-141 81 0.156900442478 0.105405603687	226
-139.5 81 0.141464705882 0.101663344594	136
-138 81 0.181241312741 0.110868086431	259
-136.5 81 0.124309871245 0.0944953179668	233
-135 81 0.16034537037 0.109492219016	216
-133.5 81 0.166639185751 0.110869290302	393
-132 81 0.197001898734 0.100104815135	474
-130.5 81 0.206591036415 0.101056575423	357
-129 81 0.192087841191 0.101005479513	403
-127.5 81 0.223152876712 0.0952091002651	365
-126 81 0.243763356164 0.0965308094597	292
-124.5 81 0.213271590909 0.111741330262	352
-123 81 0.199403215434 0.104721914347	311
-121.5 81 0.186004225352 0.102034378862	284
-120 81 0.219228731343 0.102828750566	268
-118.5 81 0.209363321799 0.09995760336	289
-117 81 0.177813333333 0.107555843994	165
-115.5 81 0.187542222222 0.107390528361	180
-114 81 0.145689189189 0.113008590494	74
-112.5 81 0.143237162162 0.120156688678	148
-111 81 0.144612944984 0.108205858224	309
-109.5 81 0.17939375 0.103802541318	224
-108 81 0.234764391691 0.101706487313	337
-106.5 81 0.185060606061 0.12672521682	66
-105 81 0.164953333333 0.105228295127	15
-103.5 81 0.27614893617 0.120558508026	47
-102 81 0.28287 0.104539304515	70
-100.5 81 0.282882432432 0.124702285858	74
-99 81 0.298415873016 0.115224706745	189
-97.5 81 0.234458571429 0.113206359596	70
-12 81 0.03915 0.118723228561	2
-10.5 81 0.30345 0.0639931636974	2
-9 81 0.223542857143 0.109298874524	42
-7.5 81 0.195436781609 0.143616705735	87
-6 81 0.213013 0.132315238513	200
-4.5 81 0.217251592357 0.136245215679	157
-3 81 0.240785185185 0.128518486117	108
-1.5 81 0.331425153374 0.10980528296	163
0 81 0.316411188811 0.101580466338	143
1.5 81 0.317903846154 0.133590848431	26
3 81 0.246054545455 0.097869631282	11
4.5 81 0.132027272727 0.159494351567	11
6 81 0.221498245614 0.0737529042799	57
7.5 81 0.275230555556 0.0645961423857	36
31.5 81 0.3149 NaN	1
33 81 0.1969125 0.107351138626	8
36 81 0.3682 0.0943214583221	9
37.5 81 0.3407 NaN	1
39 81 0.0944 NaN	1
69 81 0.3831 NaN	1
72 81 0.205966666667 0.070985655828	3
73.5 81 0.26865 0.0293449314192	2
76.5 81 0.2746 NaN	1
78 81 0.1158 NaN	1
82.5 81 0.0151666666667 0.19080556421	3
84 81 0.233488888889 0.174654626652	9
85.5 81 0.239883333333 0.109782372334	24
87 81 0.15323902439 0.130932407902	41
88.5 81 0.144673684211 0.101633042757	19
90 81 0.281675 0.0770299238392	4
99 81 0.153825 0.122479372413	16
100.5 81 0.2109 0.131187845356	14
102 81 0.122051923077 0.109653503275	52
103.5 81 0.201657407407 0.122160259112	54
105 81 0.191168468468 0.111391751761	111
106.5 81 0.175731428571 0.108099773552	35
108 81 0.133320689655 0.121615914788	87
109.5 81 0.182205747126 0.0943411503057	87
111 81 0.164034210526 0.0952881952256	38
112.5 81 0.141918181818 0.0920492447726	22
114 81 0.145753333333 0.10734311387	15
115.5 81 0.1875 0.077716450425	4
117 81 0.181933333333 0.0495313329235	18
118.5 81 0.24445 0.0782428910509	4
120 81 0.198065 0.0793781573761	20
121.5 81 0.189060869565 0.0861322594995	23
123 81 0.3596 0.0485075251894	2
126 81 0.14175 0.0234052344573	2
127.5 81 0.2454 0.102530483272	2
129 81 0.32095 0.00657609306503	2
130.5 81 0.14593125 0.163726645027	16
132 81 0.162757142857 0.0913552931134	35
133.5 81 0.177888235294 0.0765510685944	17
135 81 0.180264 0.0741480100879	25
136.5 81 0.170919402985 0.104314909651	67
138 81 0.201558536585 0.0847070331757	82
139.5 81 0.194266666667 0.0894375935346	69
141 81 0.22119875 0.0816893304372	80
142.5 81 0.151148 0.0724399470826	25
144 81 0.201788461538 0.109794072224	52
145.5 81 0.17866 0.11851387406	30
147 81 0.124391304348 0.11932214575	23
148.5 81 0.203416923077 0.104577784402	65
150 81 0.252894805195 0.0720906106703	231
151.5 81 0.237606367041 0.0749618945598	267
153 81 0.243493573265 0.0766899305534	389
154.5 81 0.256162068966 0.0645471914359	551
156 81 0.257773033708 0.0704586938235	623
157.5 81 0.25442748538 0.0713653978115	513
159 81 0.282466281755 0.067998251062	433
160.5 81 0.261125699746 0.0768337137423	393
162 81 0.280515949367 0.0733542331887	395
163.5 81 0.270797014925 0.0821245928763	268
165 81 0.301743606557 0.0790985276252	305
166.5 81 0.260528108108 0.076510318621	370
168 81 0.268656508876 0.0913567187533	338
169.5 81 0.271591290323 0.0780475174009	310
171 81 0.284868100358 0.0760779254537	279
172.5 81 0.266324096386 0.0885695673712	166
174 81 0.283413095238 0.0940392971493	168
175.5 81 0.251399 0.0816547296973	300
177 81 0.254526436782 0.0941037583295	174
178.5 81 0.271211155378 0.0736083410699	251
-180 80.5 0.244736363636 0.0835597492402	110
-178.5 80.5 0.251740277778 0.079645559295	72
-177 80.5 0.235621428571 0.0796889246319	28
-175.5 80.5 0.246584615385 0.106544862635	26
-174 80.5 0.241070833333 0.0683337634104	72
-172.5 80.5 0.201158823529 0.0714119830528	17
-171 80.5 0.2554875 0.0638499076469	24
-169.5 80.5 0.210011111111 0.120886966258	9
-168 80.5 0.1989375 0.101408927122	16
-166.5 80.5 0.07458 0.0896758440161	5
-165 80.5 0.114571428571 0.116069472218	7
-163.5 80.5 0.139776190476 0.0965303108084	21
-162 80.5 0.170866666667 0.102710463602	21
-160.5 80.5 0.0884277777778 0.11096899835	18
-159 80.5 0.155004761905 0.109746261567	42
-157.5 80.5 0.218980555556 0.0749129087463	36
-156 80.5 0.157011764706 0.11709035444	17
-154.5 80.5 0.125694285714 0.123309338282	35
-153 80.5 0.121459375 0.119896161685	32
-151.5 80.5 0.0872714285714 0.180535294004	7
-150 80.5 0.101576923077 0.0697933396279	13
-148.5 80.5 0.0893952380952 0.0892805492601	21
-147 80.5 0.1409 0.131068012292	27
-145.5 80.5 0.137078125 0.135876755672	32
-144 80.5 0.193071764706 0.0918360711005	85
-142.5 80.5 0.171727966102 0.10342122638	118
-141 80.5 0.145210204082 0.121328023427	49
-139.5 80.5 0.134837931034 0.10719650207	87
-138 80.5 0.164144444444 0.109303925635	135
-136.5 80.5 0.178774519231 0.121239631659	208
-135 80.5 0.154303164557 0.106264602696	158
-133.5 80.5 0.164369444444 0.120363126171	108
-132 80.5 0.199842432432 0.105044876509	370
-130.5 80.5 0.197421276596 0.103030986825	235
-129 80.5 0.214219672131 0.094758102373	244
-127.5 80.5 0.23206796875 0.0982153655433	256
-126 80.5 0.230926589595 0.117824238378	173
-124.5 80.5 0.238758874459 0.106222265727	231
-123 80.5 0.208860759494 0.130906547483	237
-121.5 80.5 0.185284552846 0.126571405385	123
-120 80.5 0.224913333333 0.105941106149	120
-118.5 80.5 0.162540196078 0.118569617149	102
-117 80.5 0.150958715596 0.11324615128	109
-115.5 80.5 0.149491025641 0.107719267975	156
-114 80.5 0.201538372093 0.104010478744	172
-112.5 80.5 0.111717105263 0.118240218074	76
-111 80.5 0.0668319148936 0.0977428238576	94
-109.5 80.5 0.170509836066 0.0948087824781	61
-108 80.5 0.242952444444 0.106913205393	225
-106.5 80.5 0.274389423077 0.107663259621	208
-105 80.5 0.31497721519 0.135493437204	79
-103.5 80.5 0.300833333333 0.128872240839	78
-102 80.5 0.299668316832 0.0956075090468	101
-100.5 80.5 0.154854545455 0.114012558737	22
-99 80.5 0.305051851852 0.125034215303	54
-15 80.5 0.183533333333 0.0770536393257	3
-13.5 80.5 0.213968421053 0.107210421615	19
-12 80.5 0.144985714286 0.123837125396	14
-10.5 80.5 0.333217989418 0.136131272667	189
-9 80.5 0.183 0.164831942697	16
-7.5 80.5 0.350072916667 0.119685959182	48
-6 80.5 0.23201 0.140754166566	70
-4.5 80.5 0.184338461538 0.116827095846	39
-3 80.5 0.274040277778 0.109558991325	72
-1.5 80.5 0.1190625 0.138934948164	8
37.5 80.5 0.1732 NaN	1
40.5 80.5 0.27985 0.0532451406233	2
42 80.5 0.155 NaN	1
70.5 80.5 0.262466666667 0.0478667246982	3
81 80.5 -0.01015 0.0413657466994	2
84 80.5 0.16575 0.0808925647822	28
85.5 80.5 0.197757142857 0.121900764196	56
87 80.5 0.165483333333 0.105817947527	54
88.5 80.5 0.106635365854 0.115459604792	82
90 80.5 0.112607692308 0.135576354644	26
91.5 80.5 0.30448 0.0884458704519	5
100.5 80.5 0.091 0.0114551298552	2
102 80.5 0.0640666666667 0.130666991496	6
103.5 80.5 0.125788888889 0.0725323108077	9
105 80.5 0.154653846154 0.11527216067	13
106.5 80.5 0.228666666667 0.0803698119114	6
108 80.5 0.12000625 0.137264452639	16
109.5 80.5 0.1373 0.112656418243	8
111 80.5 0.1608 0.160559260088	6
112.5 80.5 0.195916666667 0.119052984991	18
114 80.5 0.1573 0.0453977973034	5
115.5 80.5 0.21096 0.0426080156778	5
117 80.5 0.25822 0.0338522081998	5
121.5 80.5 0.223733333333 0.136760386565	3
123 80.5 0.0899357142857 0.0872923347339	14
124.5 80.5 0.06858 0.0515887293893	5
126 80.5 0.04815 0.141492066915	2
127.5 80.5 -0.017 NaN	1
130.5 80.5 0.21474 0.106396692667	20
132 80.5 0.142015 0.0906718216253	20
133.5 80.5 0.197679166667 0.0969319975849	24
135 80.5 0.130357142857 0.0733801661977	14
136.5 80.5 0.202041666667 0.0822298602957	12
138 80.5 0.1817375 0.0837016459558	8
139.5 80.5 0.200885294118 0.0893952108145	34
141 80.5 0.18468 0.0649067557914	20
142.5 80.5 0.199205263158 0.0766959245098	38
144 80.5 0.187129411765 0.0895748968129	34
145.5 80.5 0.143364285714 0.117003479576	28
147 80.5 0.241141176471 0.0831335621889	34
148.5 80.5 0.141856521739 0.113455135827	46
150 80.5 0.25896119403 0.0711529529514	67
151.5 80.5 0.266201382488 0.0709469908265	217
153 80.5 0.27400258216 0.0754180160589	426
154.5 80.5 0.270525853659 0.0608198897169	205
156 80.5 0.250812883436 0.0831338019732	163
157.5 80.5 0.253903484321 0.0804272997636	287
159 80.5 0.260311604096 0.0836706315914	293
160.5 80.5 0.256998406375 0.0753161836357	251
162 80.5 0.256335099338 0.0869481849739	302
163.5 80.5 0.259423870968 0.0805066409166	155
165 80.5 0.288521719457 0.0776868204496	221
166.5 80.5 0.286920083682 0.0799784536005	239
168 80.5 0.260519591837 0.0960286523575	245
169.5 80.5 0.260070666667 0.0854080089502	150
171 80.5 0.255514179104 0.079278704299	134
172.5 80.5 0.246791071429 0.0848712775451	168
174 80.5 0.228984375 0.0857841398603	128
175.5 80.5 0.227484210526 0.0652519874975	114
177 80.5 0.225314678899 0.0871289931607	109
178.5 80.5 0.269075177305 0.0908137372837	141
-180 80 0.253923529412 0.0830419209082	119
-178.5 80 0.266707272727 0.0702756895286	55
-177 80 0.233646153846 0.0718136780772	13
-175.5 80 0.220391666667 0.0805416927769	24
-174 80 0.22032 0.0481315050438	10
-172.5 80 0.241286956522 0.0544220652472	23
-171 80 0.178876923077 0.105688300786	13
-169.5 80 0.214590909091 0.0694501456246	33
-168 80 0.1846 0.0407595037121	8
-166.5 80 0.223283333333 0.120383778984	12
-165 80 0.135366666667 0.0725500011486	6
-163.5 80 0.22895 0.0665100243071	4
-160.5 80 0.19315 0.0577390970949	4
-159 80 0.231255172414 0.0617269134761	29
-157.5 80 0.193646153846 0.0916387710468	13
-156 80 0.1872 0.046932877602	5
-154.5 80 0.163166666667 0.103470448967	15
-153 80 0.161014285714 0.105454135069	28
-151.5 80 0.166036363636 0.140292995354	11
-150 80 0.158581818182 0.118598447023	11
-148.5 80 0.15544 0.147017306076	15
-147 80 0.101528571429 0.121686268914	28
-145.5 80 0.109174418605 0.123939547655	43
-144 80 0.1532 0.100979220085	91
-142.5 80 0.151814285714 0.111888044829	70
-141 80 0.170171698113 0.103670799942	53
-139.5 80 0.160209677419 0.11107818074	31
-138 80 0.137710227273 0.119620088306	88
-136.5 80 0.123471084337 0.0971507899245	83
-135 80 0.14355443038 0.132854595471	79
-133.5 80 0.134779487179 0.127639663559	117
-132 80 0.212002024291 0.0954884088013	247
-130.5 80 0.260056198347 0.0861085919565	242
-129 80 0.227276255708 0.0894774405613	219
-127.5 80 0.232558139535 0.10887084087	172
-126 80 0.223703937008 0.107727345721	127
-124.5 80 0.236135779817 0.113507706969	109
-123 80 0.238786458333 0.113917825064	96
-121.5 80 0.227845918367 0.107141674401	196
-120 80 0.23001443299 0.10442753641	194
-118.5 80 0.183762068966 0.12713410465	145
-117 80 0.161976377953 0.107809130615	127
-115.5 80 0.146650259067 0.108601599476	193
-114 80 0.192844067797 0.104542280599	236
-112.5 80 0.188114583333 0.127903677136	144
-111 80 0.289326751592 0.10858408852	157
-109.5 80 0.215890909091 0.0949938989191	154
-108 80 0.1856 0.12717957361	72
-106.5 80 0.223195833333 0.130403830968	48
-105 80 0.310196296296 0.147705614874	54
-103.5 80 0.355437837838 0.104120836188	37
-102 80 0.316895238095 0.147950087787	21
-16.5 80 0.114 NaN	1
-15 80 0.151546808511 0.114928126597	47
-13.5 80 0.167119230769 0.120856247013	104
-12 80 -0.00534 0.110495855126	15
-10.5 80 0.252787272727 0.114158249575	55
-9 80 0.3511 0.0887808296553	15
-7.5 80 0.23136875 0.164838453114	16
-6 80 0.20006 0.134976611079	40
-4.5 80 0.273688297872 0.108476694743	94
-3 80 0.232488235294 0.0792605267642	17
-1.5 80 0.155425 0.115674410163	4
34.5 80 0.3878 NaN	1
36 80 -0.1191 NaN	1
40.5 80 0.07465 0.00459619407771	2
43.5 80 -0.1101 0.00848528137424	2
48 80 0.0255 0.0971037074472	3
54 80 0.16455 0.0876800718522	6
55.5 80 0.2401 0.0863510856909	3
61.5 80 0.1752 0.0465184909471	3
66 80 0.12635 0.0903779656037	4
69 80 -0.0968 NaN	1
70.5 80 0.20325 0.0721813757142	6
72 80 0.2149 NaN	1
73.5 80 0.0865 NaN	1
75 80 0.1119 NaN	1
79.5 80 0.23425 0.0789838274585	2
81 80 0.0508666666667 0.166744874984	3
82.5 80 0.2226 0.0321920797713	3
84 80 0.231068421053 0.0658022209405	19
85.5 80 0.1311 0.115919952863	54
87 80 0.179330909091 0.0828381283493	55
88.5 80 0.135093617021 0.115085239495	47
90 80 0.143275 0.1344131039	4
102 80 0.166766666667 0.0738529845933	3
103.5 80 0.245583333333 0.103600069555	18
105 80 0.22365 0.155556945629	4
106.5 80 0.1143 0.262478037176	2
108 80 0.102875 0.0743008315662	8
109.5 80 0.206814285714 0.102297807008	14
111 80 0.1732 0.0831557574675	2
112.5 80 0.1036 0.0709749515674	17
114 80 0.200456521739 0.0623545859368	23
118.5 80 0.1394 NaN	1
120 80 0.2104 0.0537318341395	3
121.5 80 0.11095 0.0941159125759	2
123 80 0.09215 0.0910980296165	6
124.5 80 0.104333333333 0.0994318594147	6
126 80 0.154666666667 0.10282230627	6
127.5 80 0.20613125 0.0506624478781	16
129 80 0.207759090909 0.0741923154735	22
130.5 80 0.05441 0.126012417517	20
133.5 80 0.133971428571 0.105715484846	14
135 80 0.22065 0.0258093975133	2
136.5 80 0.2417 0.0300621023882	3
138 80 0.131254545455 0.0481805015257	11
139.5 80 0.1701 0.133643181644	2
141 80 0.253925 0.0936260780979	4
142.5 80 0.195575 0.0573582528209	4
144 80 0.161492857143 0.0862164134319	14
145.5 80 0.199384615385 0.116628790372	13
147 80 0.177526666667 0.106205309705	15
148.5 80 0.165811111111 0.109942622565	27
150 80 0.179245714286 0.127191422072	35
151.5 80 0.256691525424 0.0978105616047	59
153 80 0.2207 0.0759777816588	122
154.5 80 0.260221052632 0.0640141366893	285
156 80 0.275174806202 0.0806813949749	258
157.5 80 0.285855186722 0.0733093580889	241
159 80 0.27486328125 0.0744793464698	128
160.5 80 0.255335416667 0.0824267067471	192
162 80 0.278851319648 0.0881765063399	341
163.5 80 0.277253208556 0.0958267123335	374
165 80 0.261744814815 0.0848955625127	270
166.5 80 0.263585714286 0.0964834436603	238
168 80 0.208908558559 0.083845303949	222
169.5 80 0.24668 0.0797432581666	140
171 80 0.273803076923 0.0665248405414	130
172.5 80 0.244404188482 0.0737694208737	191
174 80 0.236874358974 0.0782651936928	117
175.5 80 0.253843269231 0.0734032032375	104
177 80 0.248822556391 0.0792182960354	133
178.5 80 0.2786921875 0.0678035462448	128
-180 79.5 0.270962121212 0.0712864746372	66
-178.5 79.5 0.243116666667 0.0878681777816	60
-177 79.5 0.248839583333 0.0890283787879	48
-175.5 79.5 0.252986956522 0.100217347003	23
-174 79.5 0.202513333333 0.0930456559719	15
-172.5 79.5 0.242375 0.0631283546963	4
-171 79.5 0.107075 0.0701460466252	8
-169.5 79.5 0.204333333333 0.115421924287	12
-168 79.5 0.20018 0.0788411504229	5
-166.5 79.5 0.227790909091 0.0278823763171	11
-163.5 79.5 -0.0261666666667 0.186129587474	3
-162 79.5 0.2493 0.0548372744278	4
-159 79.5 0.246244444444 0.0630365590572	9
-157.5 79.5 0.19725 0.0439113311117	2
-156 79.5 0.2969 NaN	1
-154.5 79.5 0.150583333333 0.0656711631286	6
-153 79.5 0.23405 0.0436334351921	4
-151.5 79.5 0.139938888889 0.095544385367	18
-150 79.5 0.1656 0.0230516810667	2
-148.5 79.5 0.149661904762 0.108526137295	21
-147 79.5 0.1113 0.0844472256089	24
-145.5 79.5 0.1229 0.117571194743	25
-144 79.5 0.16904 0.0909103358627	25
-142.5 79.5 0.150204255319 0.120392129162	47
-141 79.5 0.13136 0.114187933486	105
-139.5 79.5 0.110226190476 0.114154090659	84
-138 79.5 0.191347826087 0.109800290111	69
-136.5 79.5 0.163967605634 0.111722878811	71
-135 79.5 0.174457777778 0.11082232564	90
-133.5 79.5 0.108011864407 0.119004624754	118
-132 79.5 0.212062096774 0.108172447082	124
-130.5 79.5 0.246533027523 0.0783652914183	109
-129 79.5 0.202406766917 0.12111630786	133
-127.5 79.5 0.2251664 0.13088241703	125
-126 79.5 0.204982857143 0.134455655012	105
-124.5 79.5 0.306844067797 0.104085106029	177
-123 79.5 0.217490909091 0.127131060414	110
-121.5 79.5 0.190403937008 0.116399555719	127
-120 79.5 0.187068235294 0.104221896077	85
-118.5 79.5 0.168912903226 0.101385624587	124
-117 79.5 0.198179577465 0.0939032651029	142
-115.5 79.5 0.17156557377 0.0994162713211	122
-114 79.5 0.227574736842 0.123186675475	95
-112.5 79.5 0.298614666667 0.103149209287	75
-111 79.5 0.301586956522 0.102117681411	69
-109.5 79.5 0.260780097087 0.101588253796	206
-108 79.5 0.196645 0.113071001602	120
-106.5 79.5 0.348922222222 0.0819664533643	18
-105 79.5 0.15388 0.200120056466	5
-103.5 79.5 0.321 0.105243258831	18
-102 79.5 0.195845833333 0.087803233471	24
-100.5 79.5 0.2003625 0.107016246263	8
-99 79.5 0.164772727273 0.147770241192	11
-70.5 79.5 0.133566666667 0.106112349266	6
-69 79.5 0.1888 0.190321189046	5
-16.5 79.5 0.0926833333333 0.0308447996697	6
-15 79.5 0.540654054054 0.154373029078	74
-13.5 79.5 0.167458823529 0.140967962046	17
-12 79.5 0.1245625 0.113090517581	16
-10.5 79.5 0.270888235294 0.244937057941	17
-9 79.5 0.26185 0.166559403817	14
-7.5 79.5 0.157392307692 0.157480477423	13
-6 79.5 0.218761111111 0.14717403519	18
-4.5 79.5 0.148275 0.1039087773	16
-3 79.5 0.37208 0.106610232988	10
30 79.5 -0.04065 0.0833678895019	2
33 79.5 0.0733545454545 0.150620352965	11
34.5 79.5 0.0765117647059 0.107237178035	17
42 79.5 0.1494 NaN	1
43.5 79.5 0.2123 NaN	1
45 79.5 0.114744444444 0.129398252607	9
46.5 79.5 0.00545 0.122117341111	2
48 79.5 0.04495 0.0683772257407	2
49.5 79.5 0.1977 NaN	1
51 79.5 0.1438 0.0747832423296	7
52.5 79.5 0.129488461538 0.0780766409468	26
54 79.5 0.199385 0.0998850147894	40
55.5 79.5 0.208066666667 0.0410368533557	3
58.5 79.5 0.135 NaN	1
60 79.5 0.233 0.103497568409	4
61.5 79.5 0.26615 0.0408000612745	2
67.5 79.5 0.096 0.0094752308679	2
69 79.5 -0.0075 NaN	1
70.5 79.5 0.1607 0.081242107309	3
81 79.5 0.1426875 0.1194166827	8
82.5 79.5 0.158636363636 0.135871124321	22
84 79.5 0.208427272727 0.0935212926655	11
85.5 79.5 0.102747222222 0.111639075305	36
87 79.5 0.057175 0.122085717838	4
88.5 79.5 0.10915 0.105323675718	4
90 79.5 0.167213043478 0.154250638143	23
105 79.5 0.274 NaN	1
106.5 79.5 0.0896 NaN	1
108 79.5 0.1635 NaN	1
109.5 79.5 0.255517647059 0.138052531828	17
111 79.5 0.1648 0.0445477272148	2
112.5 79.5 0.251211111111 0.0416225433042	9
117 79.5 0.157066666667 0.138618433118	9
118.5 79.5 0.2147 0.0902984891505	8
120 79.5 0.1653 NaN	1
121.5 79.5 0.10705 0.0737512372778	2
123 79.5 0.00475 0.0915610725145	4
124.5 79.5 0.1105 0.12928648145	8
126 79.5 0.23662 0.0847130948818	10
127.5 79.5 0.187873333333 0.0732243857377	15
129 79.5 0.1844 0.112128943632	4
130.5 79.5 0.21585 0.073461668009	4
132 79.5 0.1516 0.0837955547747	5
133.5 79.5 0.1459 NaN	1
135 79.5 0.1548875 0.0686184572733	8
138 79.5 0.2072 NaN	1
139.5 79.5 0.138775 0.161894575485	8
141 79.5 0.0854235294118 0.153392399296	17
142.5 79.5 0.13514 0.0757162541523	15
144 79.5 0.174484210526 0.148558320995	19
145.5 79.5 0.186266666667 0.0933234778346	12
147 79.5 0.116073684211 0.0902057576513	19
148.5 79.5 0.1072 0.0987065572515	10
150 79.5 0.178347058824 0.078881589405	17
151.5 79.5 0.114431818182 0.146559675434	22
153 79.5 0.136841176471 0.135452515014	17
154.5 79.5 0.237084 0.0775601369314	50
156 79.5 0.26340141844 0.0854438880083	141
157.5 79.5 0.270606624606 0.0798667247469	317
159 79.5 0.250705579399 0.0850930252305	233
160.5 79.5 0.253712418301 0.082428824417	153
162 79.5 0.266854189944 0.0805241977854	179
163.5 79.5 0.261055023923 0.0791031962675	209
165 79.5 0.252669724771 0.0843074680412	109
166.5 79.5 0.220455621302 0.0837918203034	169
168 79.5 0.217013372093 0.0859510413901	172
169.5 79.5 0.207556521739 0.0728828321065	115
171 79.5 0.220397660819 0.0898415336633	171
172.5 79.5 0.2399 0.0915840738373	32
174 79.5 0.243281521739 0.0682017094455	92
175.5 79.5 0.211817948718 0.0881202280345	117
177 79.5 0.219087012987 0.0846064736636	154
178.5 79.5 0.221142592593 0.0682495054293	108
-180 79 0.213857522124 0.0847628264686	113
-178.5 79 0.219381632653 0.100448831654	49
-177 79 0.215661904762 0.0909525616802	21
-175.5 79 0.158152941176 0.101637782822	17
-174 79 0.1107 NaN	1
-172.5 79 0.232275 0.0788529327292	8
-171 79 0.131566666667 0.074717222468	3
-169.5 79 0.1737 0.0694000785957	12
-166.5 79 0.0759 0.0289913780286	2
-165 79 0.248725 0.0826407234157	4
-154.5 79 0.323833333333 0.0570675038879	9
-153 79 0.17715 0.00997020561473	2
-151.5 79 0.20875 0.0782767206774	2
-150 79 0.2767 0.133502172267	3
-147 79 0.134922222222 0.0768491668429	9
-145.5 79 0.0653666666667 0.137267743237	12
-144 79 0.141512280702 0.115477669564	57
-142.5 79 0.0787818181818 0.11782400396	33
-141 79 0.138131884058 0.130871063054	69
-139.5 79 0.172511594203 0.12825408437	69
-138 79 0.13947 0.105027993991	70
-136.5 79 0.148485074627 0.132754114533	67
-135 79 0.168751388889 0.101514278456	72
-133.5 79 0.160471900826 0.112473030266	121
-132 79 0.247594202899 0.0915534139885	69
-130.5 79 0.170973469388 0.139535964264	49
-129 79 0.225026865672 0.110523691309	134
-127.5 79 0.189281818182 0.111084297733	66
-126 79 0.234862626263 0.104065603902	99
-124.5 79 0.209696875 0.130886208881	128
-123 79 0.169575 0.113886688089	68
-121.5 79 0.171157657658 0.111940063142	111
-120 79 0.141546875 0.116371815138	96
-118.5 79 0.1737109375 0.11349760498	128
-117 79 0.207410714286 0.0940615864219	168
-115.5 79 0.179955913978 0.0954033445116	93
-114 79 0.253013559322 0.122250797131	59
-112.5 79 0.208543333333 0.139249695557	30
-111 79 0.230618181818 0.0799652401757	11
-109.5 79 0.149945 0.107632486169	20
-108 79 0.252556862745 0.0844688469316	51
-106.5 79 0.293 0.0704638914622	4
-100.5 79 0.311933333333 0.0440715705794	3
-99 79 0.239692307692 0.11573841527	13
-70.5 79 0.24508 0.153373961284	5
-15 79 0.38084137931 0.216067662215	29
-13.5 79 0.284532183908 0.147154654838	87
-12 79 0.270181132075 0.148631724868	53
-10.5 79 0.217888235294 0.156033693807	17
-9 79 0.20939 0.0925199887364	20
-7.5 79 0.319576363636 0.138885499021	55
-6 79 0.298848 0.127554080426	25
-3 79 -0.1344 NaN	1
36 79 0.11045 0.0828022040769	2
37.5 79 0.01468 0.110831030553	10
48 79 0.0508071428571 0.108680770816	14
49.5 79 0.0515 NaN	1
51 79 0.0916 0.155028255489	3
52.5 79 0.135306666667 0.117104449511	15
54 79 0.218825 0.038268906003	4
55.5 79 0.1659 NaN	1
57 79 0.092225 0.0562878539296	4
58.5 79 0.26095 0.0497382247371	6
60 79 0.1925 0.0335168614282	2
61.5 79 0.216953846154 0.0669848691296	13
64.5 79 -0.0088 0.153997272703	3
69 79 0.147 0.0633166644731	3
73.5 79 0.07894 0.12358585275	5
75 79 0.238870588235 0.085224517927	17
78 79 0.086515 0.142350591203	20
79.5 79 0.0706076923077 0.142045212647	13
81 79 0.160496551724 0.129287786637	29
82.5 79 0.194590909091 0.10737004661	11
84 79 0.144075 0.0957948387773	12
85.5 79 0.3562 NaN	1
87 79 0.1181875 0.0605234414445	8
88.5 79 0.2262 0.060181297522	8
90 79 0.213911111111 0.0763199096639	9
91.5 79 0.1317 0.170836998335	2
93 79 0.14934 0.04680008547	5
108 79 0.1894 0.0610931665573	5
109.5 79 0.261066666667 0.0347294495589	6
112.5 79 0.14339 0.157782110308	10
120 79 0.0746 NaN	1
124.5 79 0.10778 0.111842420396	5
126 79 0.1365 0.0763260768021	5
127.5 79 0.20932 0.0386774094272	5
129 79 0.14401 0.0601662409957	10
133.5 79 0.088 0.148397256424	8
135 79 0.202508333333 0.104830091606	12
136.5 79 0.160561111111 0.0852859803511	36
138 79 0.119117857143 0.114268018446	28
139.5 79 0.150792307692 0.115656239647	13
141 79 0.18636 0.108633941903	25
142.5 79 0.128148148148 0.123623234592	27
144 79 0.143808695652 0.108499291632	23
145.5 79 0.2053 0.060310971915	7
147 79 0.227585714286 0.0823491334515	14
148.5 79 0.0876625 0.103728780102	8
150 79 0.154483870968 0.123091058697	31
151.5 79 0.181507142857 0.083031972195	14
153 79 0.145172972973 0.127995187949	37
154.5 79 0.161018518519 0.108801877236	27
156 79 0.212252380952 0.0991083882376	21
157.5 79 0.229683333333 0.0969366877027	42
159 79 0.271776859504 0.0740893601902	121
160.5 79 0.245914084507 0.0775022604031	142
162 79 0.216165322581 0.0915318231074	124
163.5 79 0.219754929577 0.0783060830019	142
165 79 0.195241666667 0.0750770154807	168
166.5 79 0.180896153846 0.0842531598014	104
168 79 0.172415384615 0.0940891220914	52
169.5 79 0.248382795699 0.0733468111154	93
171 79 0.238446715328 0.066801281305	137
172.5 79 0.238023275862 0.0744771447062	232
174 79 0.236887341772 0.0749073234063	158
175.5 79 0.2401 0.0808995611855	121
177 79 0.177158333333 0.0773314470515	120
178.5 79 0.226848648649 0.0675184766715	148
-180 78.5 0.230083333333 0.0878642536841	54
-178.5 78.5 0.17072173913 0.122672612017	46
-177 78.5 0.248175 0.0839879698018	36
-175.5 78.5 0.1317 0.100773706888	7
-174 78.5 0.2044 NaN	1
-172.5 78.5 0.169316666667 0.103499360707	6
-171 78.5 0.1389 NaN	1
-169.5 78.5 0.124428571429 0.0684755117855	7
-168 78.5 0.2706 0.172958318678	2
-165 78.5 0.13995 0.0570635172418	2
-162 78.5 0.0619333333333 0.122442966315	9
-159 78.5 0.13098 0.115928240735	5
-147 78.5 0.190014285714 0.130141134012	7
-145.5 78.5 0.1786 0.112802496426	26
-144 78.5 0.184596 0.105944912887	25
-142.5 78.5 0.138048888889 0.108724444484	45
-141 78.5 0.12915 0.103543143571	32
-139.5 78.5 0.126746808511 0.102286111623	47
-138 78.5 0.15365 0.100917063395	96
-136.5 78.5 0.116824561404 0.111261868196	57
-135 78.5 0.154553333333 0.117896556048	75
-133.5 78.5 0.170478125 0.115623232505	64
-132 78.5 0.09185 0.115319117992	40
-130.5 78.5 0.178702898551 0.111954436597	69
-129 78.5 0.117640909091 0.100072823061	44
-127.5 78.5 0.208384615385 0.11551147534	52
-126 78.5 0.222378947368 0.154268534141	38
-124.5 78.5 0.190648780488 0.120534841689	41
-123 78.5 0.12586 0.150907547856	30
-121.5 78.5 0.158689552239 0.10354902972	67
-120 78.5 0.147790243902 0.117463410909	41
-118.5 78.5 0.12662173913 0.114809755511	23
-117 78.5 0.266076595745 0.096366799742	47
-115.5 78.5 0.250753333333 0.136155682252	15
-114 78.5 0.19835 0.0147785317268	2
-108 78.5 0.160757843137 0.110484951205	102
-106.5 78.5 0.15794 0.0921747742751	80
-16.5 78.5 0.025804 0.0972937839741	25
-15 78.5 0.173778888889 0.117818583161	90
-13.5 78.5 0.204794736842 0.212229072974	19
-12 78.5 0.313470731707 0.162641029946	41
-10.5 78.5 0.356341666667 0.135939867547	48
-9 78.5 0.219942857143 0.092443013191	28
-7.5 78.5 0.269 0.0667006285289	14
45 78.5 -0.0157666666667 0.131905509109	3
46.5 78.5 0.150975 0.0559532170657	4
51 78.5 -0.0857 NaN	1
52.5 78.5 0.1166625 0.0838322600992	16
54 78.5 0.0508375 0.0948572000054	8
55.5 78.5 0.1077 0.0491466173811	9
60 78.5 0.22665 0.0452648870539	4
61.5 78.5 0.2187 NaN	1
63 78.5 0.0183 NaN	1
64.5 78.5 0.142918181818 0.142377565235	22
75 78.5 0.1996 NaN	1
76.5 78.5 0.146675 0.160632424601	4
78 78.5 0.128292857143 0.123811807397	28
79.5 78.5 0.149383333333 0.16200095588	18
81 78.5 0.208666666667 0.0786475894947	3
82.5 78.5 0.19565 0.0374059487248	2
88.5 78.5 0.1061 NaN	1
90 78.5 0.162 0.039571643888	5
91.5 78.5 0.10784 0.114570669118	10
93 78.5 0.185075 0.0811760278654	12
96 78.5 0.1175 0.132786934598	27
97.5 78.5 0.0117875 0.120298966122	8
99 78.5 0.0298 NaN	1
111 78.5 0.155653846154 0.0879198272612	13
112.5 78.5 0.1131 NaN	1
121.5 78.5 0.10035 0.100197030894	2
123 78.5 0.188 0.110009726843	7
124.5 78.5 0.162009090909 0.0819853456972	11
126 78.5 0.166628571429 0.0856922539145	7
127.5 78.5 0.204166666667 0.0282181383747	3
129 78.5 0.2121 NaN	1
130.5 78.5 0.2053 NaN	1
132 78.5 0.212442857143 0.115181701176	35
133.5 78.5 0.169352 0.0898412772616	25
135 78.5 0.161106666667 0.109691661792	15
136.5 78.5 0.155194444444 0.113456156276	36
138 78.5 0.191564285714 0.069485035546	14
139.5 78.5 0.16206 0.013924367131	5
141 78.5 0.156877777778 0.0803300967536	9
142.5 78.5 0.1719 0.0789771252692	20
144 78.5 0.199665 0.0625512865365	20
145.5 78.5 0.214791666667 0.0404251375066	12
147 78.5 0.16936 0.127500565358	25
150 78.5 0.1737 0.135450699518	11
151.5 78.5 0.166915384615 0.0779299134496	13
153 78.5 0.193127027027 0.090545641188	37
154.5 78.5 0.16413030303 0.114785981518	33
156 78.5 0.1176 0.0602471161136	9
157.5 78.5 0.206959649123 0.0947844469227	57
159 78.5 0.221297402597 0.0965098999204	77
160.5 78.5 0.245007692308 0.0845703977362	104
162 78.5 0.253343103448 0.0863548937173	174
163.5 78.5 0.248649350649 0.0878065166976	77
165 78.5 0.223982474227 0.134744554629	97
166.5 78.5 0.183486666667 0.109240887518	90
168 78.5 0.210998295455 0.0859854436016	176
169.5 78.5 0.23859076087 0.0717656955013	184
171 78.5 0.2324 0.0831024959167	146
172.5 78.5 0.240572307692 0.083654612411	195
174 78.5 0.21681980198 0.0927520026951	101
175.5 78.5 0.214383035714 0.0814748818734	112
177 78.5 0.224296666667 0.0947821570746	120
178.5 78.5 0.201654954955 0.0977142157135	111
-180 78 0.21069375 0.048805183724	16
-178.5 78 0.13609 0.130436292681	30
-177 78 0.117214285714 0.115611729889	14
-175.5 78 0.192618181818 0.0755237686849	11
-174 78 0.218214285714 0.0763814425231	7
-172.5 78 0.15202 0.0492217160746	10
-169.5 78 0.102633333333 0.0726837212403	3
-168 78 -0.08665 0.00841457069612	2
-166.5 78 0.0268 NaN	1
-165 78 0.132742857143 0.139101378162	14
-163.5 78 0.2493 0.097156471735	2
-162 78 0.309566666667 0.102753361664	3
-160.5 78 0.154428571429 0.0786166588429	7
-157.5 78 0.0852 0.14374405495	4
-156 78 0.146366666667 0.0353813321777	6
-154.5 78 0.08016 0.022817274158	5
-153 78 0.0606 0.134441548637	3
-151.5 78 0.14715 0.0893200257501	6
-150 78 -0.0631 NaN	1
-148.5 78 0.1985 NaN	1
-147 78 0.1546 0.0224859956417	2
-145.5 78 0.15858 0.145773409784	5
-144 78 0.155941176471 0.0912668755548	17
-142.5 78 0.173751724138 0.0898117420763	29
-141 78 0.136829850746 0.0863251938627	67
-139.5 78 0.204328947368 0.0776371320602	38
-138 78 0.16312173913 0.0922988790423	46
-136.5 78 0.137858333333 0.0764785110441	12
-135 78 0.149728571429 0.131020737726	56
-133.5 78 0.157745833333 0.12289973283	24
-132 78 0.13791 0.146234856805	30
-130.5 78 0.191996153846 0.0996719799373	26
-129 78 0.1828075 0.113144863775	40
-127.5 78 0.224675 0.120422291069	52
-126 78 0.187961643836 0.122936141542	73
-124.5 78 0.181396153846 0.106165025345	104
-123 78 0.133185526316 0.12206800149	76
-121.5 78 0.129231111111 0.0930800604129	45
-120 78 0.196731168831 0.107324557277	77
-118.5 78 0.295261403509 0.079917135107	57
-117 78 0.192313333333 0.114272311774	15
-115.5 78 0.172069230769 0.0627951614991	13
-108 78 -0.0493545454545 0.0764454885999	11
-106.5 78 0.310746153846 0.0572223385195	13
-16.5 78 0.120688 0.164277986758	25
-15 78 0.2042 0.114004074887	12
-13.5 78 0.203204878049 0.119871599954	41
-12 78 0.05425 0.110183351737	6
-10.5 78 0.219918918919 0.0933761831335	37
-9 78 0.221677777778 0.124895865342	27
-7.5 78 0.30072 0.11045664685	25
49.5 78 0.0783 0.136754451481	2
51 78 0.17505 0.112076424818	2
87 78 0.1067 NaN	1
91.5 78 0.185866666667 0.0864291077512	6
93 78 0.0814142857143 0.131904213081	7
94.5 78 -0.1576 NaN	1
96 78 0.0761705882353 0.176310212285	17
97.5 78 0.194725 0.0865499614866	4
108 78 0.338833333333 0.0670803498301	3
109.5 78 0.3342 0.0125865007051	2
118.5 78 0.16175 0.0726751873554	8
121.5 78 0.1555 NaN	1
124.5 78 0.1345375 0.0881312345312	16
127.5 78 0.153776470588 0.0754298641903	17
129 78 0.164677777778 0.0737713490757	9
130.5 78 0.1843 0.168984792215	5
132 78 0.102436363636 0.101825726344	11
133.5 78 0.129730769231 0.113685481111	26
135 78 0.22343 0.0764747460132	10
136.5 78 0.132925 0.130503880502	24
138 78 0.24155 0.0144956890143	2
139.5 78 0.20685 0.0925602776573	2
141 78 0.18915 0.122523360584	10
144 78 0.149114285714 0.0605340518103	7
147 78 0.2044 0.00268700576851	2
148.5 78 0.1860875 0.0532103490874	8
150 78 0.161366666667 0.0650040360738	18
151.5 78 0.223518518519 0.0843048772977	27
153 78 0.165258333333 0.109878498669	12
154.5 78 0.15102173913 0.104774502261	23
156 78 0.156971428571 0.151116221436	7
157.5 78 0.196285074627 0.0990881444973	67
159 78 0.218162576687 0.0781733086382	163
160.5 78 0.262987878788 0.0802546912145	165
162 78 0.264583561644 0.0730111205771	146
163.5 78 0.287708333333 0.103319775605	60
165 78 0.182261363636 0.110967510887	44
166.5 78 0.205475555556 0.11488984874	45
168 78 0.210448571429 0.119168576522	35
169.5 78 0.215146551724 0.0934646892992	58
171 78 0.211759398496 0.0949123519419	133
172.5 78 0.1898 0.0979194283298	91
174 78 0.186291489362 0.0739220412791	47
175.5 78 0.190059793814 0.068518450465	97
177 78 0.185502083333 0.105065548921	48
178.5 78 0.179805 0.0794288147554	120
-180 77.5 0.164847142857 0.104424760684	70
-178.5 77.5 0.1280375 0.092653603663	24
-177 77.5 0.125925 0.0938009332119	36
-175.5 77.5 0.123514285714 0.118016386458	14
-174 77.5 0.154123076923 0.133593501301	13
-172.5 77.5 0.230466666667 0.03891687723	3
-171 77.5 0.0619 NaN	1
-169.5 77.5 0.242833333333 0.0910004578743	3
-168 77.5 0.0865 0.00678822509939	2
-156 77.5 0.18604 0.0403372408576	5
-148.5 77.5 0.18528 0.0756885841972	10
-145.5 77.5 0.1987 0.108765109713	12
-144 77.5 0.111055 0.0693413029116	20
-142.5 77.5 0.139705555556 0.101045910201	36
-141 77.5 0.163410204082 0.0958389692072	49
-139.5 77.5 0.127903571429 0.117224714504	28
-138 77.5 0.146391176471 0.108178177697	68
-136.5 77.5 0.152977777778 0.089256803351	9
-135 77.5 0.13784 0.163784013261	5
-133.5 77.5 0.129828571429 0.143524263255	21
-132 77.5 0.143945833333 0.129297873076	24
-130.5 77.5 0.119865625 0.144607992037	32
-129 77.5 0.173988461538 0.112453880139	52
-127.5 77.5 0.185261538462 0.118386896091	39
-126 77.5 0.21447721519 0.107346086537	79
-124.5 77.5 0.199994375 0.101996595237	160
-123 77.5 0.1345375 0.134617984587	32
-121.5 77.5 0.160093877551 0.0817687476163	49
-120 77.5 0.198477272727 0.103293372912	22
-109.5 77.5 0.1912 0.111694762635	15
-108 77.5 0.148450980392 0.112307494625	51
-103.5 77.5 0.241142857143 0.0604745912799	7
-102 77.5 0.288346153846 0.0652042766412	13
-100.5 77.5 0.146735714286 0.0779012254978	14
-99 77.5 0.182492307692 0.134216693182	39
-16.5 77.5 0.210956818182 0.194050708307	44
-15 77.5 0.225033333333 0.147886278996	12
-13.5 77.5 0.256668965517 0.106434836213	29
-12 77.5 0.202551428571 0.159694600762	35
-10.5 77.5 0.338578873239 0.173778063646	71
-9 77.5 0.302128787879 0.106289685201	132
-7.5 77.5 0.345174626866 0.0883707468108	67
67.5 77.5 0.235333333333 0.115931934053	3
85.5 77.5 0.1853 0.136205763461	3
87 77.5 0.0324 0.303490230485	2
88.5 77.5 0.2348 NaN	1
93 77.5 0.23458 0.0786614073101	5
94.5 77.5 0.126517857143 0.124233716583	28
96 77.5 0.0636583333333 0.127189568314	12
97.5 77.5 0.2246 0.111802844329	6
100.5 77.5 -0.0364 NaN	1
108 77.5 0.099375 0.116504116522	4
111 77.5 0.0058 0.0269719607494	4
112.5 77.5 0.0192 NaN	1
117 77.5 0.13885 0.00671751442127	2
118.5 77.5 0.23946 0.0693011760362	5
121.5 77.5 0.268133333333 0.051676525941	3
124.5 77.5 0.18585 0.103579936925	4
129 77.5 0.21554 0.11598552927	5
132 77.5 0.199985714286 0.0653739863802	7
133.5 77.5 0.2112 NaN	1
135 77.5 0.1865125 0.137512154658	8
136.5 77.5 0.14725 0.0637144715813	10
138 77.5 0.18768 0.0570576199994	5
139.5 77.5 0.205736363636 0.0933344874388	11
142.5 77.5 0.1793 0.067316565569	2
144 77.5 0.22169 0.0752575348756	10
145.5 77.5 0.1904 0.0346803498637	4
147 77.5 0.22114 0.0420236005121	5
150 77.5 0.2385 NaN	1
151.5 77.5 0.154516666667 0.0487470434224	12
153 77.5 0.209968421053 0.0784370239437	19
154.5 77.5 0.14097 0.077484681678	20
156 77.5 0.197439130435 0.105239094616	23
157.5 77.5 0.197230769231 0.0985307598724	13
159 77.5 0.216775247525 0.0765474302716	101
160.5 77.5 0.223270338983 0.0809195382884	118
162 77.5 0.28151512605 0.0737095475253	119
163.5 77.5 0.291157971014 0.0713104447547	69
165 77.5 0.20079 0.103515779259	10
166.5 77.5 0.1439 0.0784633672487	14
168 77.5 0.22555 0.0915438895519	36
169.5 77.5 0.241751219512 0.0968583324293	41
171 77.5 0.233586153846 0.100257055358	65
172.5 77.5 0.193210169492 0.0979048072063	59
174 77.5 0.189708080808 0.0871201758267	99
175.5 77.5 0.169157352941 0.0946420740682	68
177 77.5 0.19643627451 0.077034156998	102
178.5 77.5 0.137453125 0.0758177568119	32
-180 77 0.217054166667 0.112976415312	24
-178.5 77 0.17076 0.129703408462	25
-177 77 0.190306666667 0.105675976907	15
-175.5 77 0.0479 0.0612354472508	2
-174 77 0.105642857143 0.0606524761007	7
-168 77 0.169933333333 0.0466885781892	3
-159 77 0.19215 0.014919953083	2
-156 77 0.1794 NaN	1
-148.5 77 0.08722 0.118336185881	10
-147 77 0.07404 0.152166727638	5
-145.5 77 0.22023 0.0946613384651	10
-144 77 0.3024 0.0200269817996	3
-142.5 77 0.207275 0.0987407552084	24
-141 77 0.16065625 0.0672163072352	16
-139.5 77 0.188069565217 0.0879960300488	23
-138 77 0.0971557692308 0.109941275614	52
-136.5 77 0.182326666667 0.1201902599	30
-135 77 0.124436 0.11513965028	25
-133.5 77 0.168744444444 0.151971873311	9
-132 77 0.089512 0.150674467866	25
-130.5 77 0.135267647059 0.11302832233	34
-129 77 0.241817647059 0.0949957975077	17
-127.5 77 0.152294117647 0.142771387383	34
-126 77 0.231761111111 0.0967142544606	36
-124.5 77 0.09521 0.169592704573	10
-123 77 0.2177 0.129628331852	87
-121.5 77 0.176005263158 0.0731937950746	19
-108 77 0.106881481481 0.120546205146	54
-106.5 77 0.24567254902 0.145563915966	51
-103.5 77 0.05454 0.130584886459	15
-102 77 -0.00814 0.0936199826044	15
-100.5 77 -0.0443 NaN	1
-16.5 77 0.207976923077 0.128595801862	13
-15 77 0.353589719626 0.145423986456	107
-13.5 77 0.291028813559 0.147566049561	59
-12 77 0.230245333333 0.152352338164	75
-10.5 77 0.273681632653 0.117362695794	49
-9 77 0.230681818182 0.112301013514	11
-7.5 77 0.124866666667 0.18672231611	3
70.5 77 0.3737 NaN	1
81 77 0.02225 0.137249426228	2
82.5 77 0.28735 0.0283549819256	2
85.5 77 0.258 NaN	1
88.5 77 0.0747 NaN	1
91.5 77 0.16155 0.184484159212	2
93 77 0.147042857143 0.128398739053	7
94.5 77 0.192575 0.11105582305	4
111 77 0.2306 NaN	1
115.5 77 0.09998 0.095993629997	5
130.5 77 0.1312 0.0678822509939	2
132 77 0.292875 0.0446489548217	4
133.5 77 0.164628571429 0.059032421712	14
135 77 0.103188888889 0.127141205402	9
136.5 77 0.133825 0.140581942297	4
138 77 0.198166666667 0.0810337113858	15
139.5 77 0.131 0.104898856047	3
144 77 0.1323 0.0151320851174	2
151.5 77 0.04735 0.0760139789776	2
153 77 0.153796153846 0.0795506504349	26
154.5 77 0.124003703704 0.10240969508	54
159 77 0.2316 NaN	1
160.5 77 0.254077464789 0.0752630913096	71
162 77 0.240582945736 0.102181876087	129
163.5 77 0.225416981132 0.0952595356338	53
165 77 0.2153 NaN	1
166.5 77 0.0819 0.0508899793673	3
168 77 0.2001 0.0754338203328	17
169.5 77 0.214733333333 0.0638457055537	18
171 77 0.233785 0.0654555395509	20
172.5 77 0.244832835821 0.0663441495401	67
174 77 0.224826136364 0.0646488187735	88
175.5 77 0.199105333333 0.0694455433033	75
177 77 0.128693333333 0.118077856441	45
178.5 77 0.19818 0.0841345945494	25
-180 76.5 0.14233 0.133293882278	20
-178.5 76.5 0.260516666667 0.0796990443272	6
-177 76.5 0.213283333333 0.0635536125383	6
-175.5 76.5 0.09285 0.1014698231	2
-174 76.5 0.041025 0.142145028639	4
-168 76.5 0.181635 0.0415030915145	20
-166.5 76.5 0.208677777778 0.072576128613	9
-156 76.5 0.2339 0.0964493649538	2
-154.5 76.5 0.214816666667 0.0418344076887	6
-150 76.5 0.18198 0.0838667812665	5
-147 76.5 0.2536 0.041072212829	4
-145.5 76.5 0.214266666667 0.135893352793	3
-142.5 76.5 0.172530434783 0.131418462224	23
-141 76.5 0.10418 0.121991442323	5
-139.5 76.5 0.152091666667 0.139943075819	12
-138 76.5 0.20898 0.119697709729	15
-136.5 76.5 0.15289 0.138657035808	20
-135 76.5 0.160234615385 0.102843286382	26
-133.5 76.5 0.186712903226 0.107713587258	62
-132 76.5 0.121568292683 0.113966524557	41
-130.5 76.5 0.162771428571 0.106597188797	14
-129 76.5 0.0887454545455 0.125262231847	11
-127.5 76.5 0.0863666666667 0.222812402408	6
-126 76.5 0.11721 0.126891200392	20
-124.5 76.5 0.143228571429 0.124673249126	7
-123 76.5 0.13807 0.19281043108	10
-106.5 76.5 0.057575 0.194281228721	4
-103.5 76.5 0.0876 NaN	1
-75 76.5 0.18785 0.13340204539	8
-16.5 76.5 0.048776 0.1064583615	25
-15 76.5 0.294766666667 0.0469645078756	9
-13.5 76.5 0.273538235294 0.12269222266	68
-12 76.5 0.1664125 0.108037596255	56
-10.5 76.5 0.337225 0.122491183734	28
-9 76.5 0.34425 0.0543765114732	2
70.5 76.5 0.103433333333 0.157016219969	3
72 76.5 0.3282 NaN	1
73.5 76.5 0.0565 NaN	1
75 76.5 0.31395 0.0669630121784	2
81 76.5 0.3601 NaN	1
85.5 76.5 0.1809 NaN	1
87 76.5 -0.0282125 0.0718640072339	8
88.5 76.5 0.279 NaN	1
90 76.5 0.2425 0.00933380951166	2
91.5 76.5 0.121983333333 0.0878047929595	6
115.5 76.5 0.2556 NaN	1
117 76.5 0.3123 NaN	1
120 76.5 0.2187 NaN	1
126 76.5 0.20805 0.0871862661203	2
127.5 76.5 0.165325 0.11709145642	4
129 76.5 0.1066 0.2811456562	2
130.5 76.5 0.195422222222 0.0877070495225	18
133.5 76.5 0.181825 0.0480532603819	4
135 76.5 0.076 NaN	1
136.5 76.5 0.15372 0.111558065598	5
141 76.5 0.251 NaN	1
153 76.5 0.1479 NaN	1
159 76.5 0.171925 0.0718981861153	4
160.5 76.5 0.0653111111111 0.147839181583	9
162 76.5 0.150030769231 0.176840895462	13
163.5 76.5 0.2491875 0.112878907832	16
165 76.5 0.269325 0.0833659552815	4
166.5 76.5 0.3624 NaN	1
168 76.5 0.11264 0.116823442282	25
169.5 76.5 0.157784 0.103440935965	25
171 76.5 0.194385714286 0.0758341790868	42
172.5 76.5 0.197322222222 0.0725248829999	72
174 76.5 0.199236585366 0.0891849868422	41
175.5 76.5 0.181082692308 0.0850559325112	52
177 76.5 0.164520408163 0.0931368101674	49
178.5 76.5 0.193624137931 0.0799363392027	29
-180 76 0.178475 0.0748665980261	12
-178.5 76 0.16715 0.0654370180657	4
-177 76 0.1046 0.0495248422511	3
-175.5 76 0.2214 NaN	1
-169.5 76 0.0989928571429 0.122781127742	14
-168 76 0.166007142857 0.0874274773238	14
-166.5 76 0.1749 0.043386666813	8
-162 76 0.198075 0.0477566674477	8
-160.5 76 0.131108695652 0.128308413644	23
-159 76 0.159550769231 0.123749618842	65
-157.5 76 0.107182608696 0.107457909951	23
-156 76 0.102866666667 0.0341233546612	3
-154.5 76 0.158736363636 0.0448113032664	22
-153 76 0.144161538462 0.0731224263189	13
-151.5 76 0.118833333333 0.0243464713391	6
-150 76 0.106128571429 0.0656370757597	7
-145.5 76 0.07675 0.11018280013	10
-144 76 0.16995 0.0361331565186	2
-142.5 76 0.201944444444 0.109468786774	9
-141 76 0.185104347826 0.105457981629	23
-139.5 76 0.113709090909 0.124140851089	11
-138 76 0.176176190476 0.0913387809463	21
-136.5 76 0.143970833333 0.111034007635	24
-135 76 0.0962913793103 0.0965265226428	58
-133.5 76 0.140175409836 0.120945644342	61
-132 76 0.228231111111 0.101477177959	45
-130.5 76 0.233812820513 0.095027711137	39
-129 76 0.16656875 0.10176967275	16
-127.5 76 0.161226373626 0.122089354195	91
-126 76 0.150952631579 0.119521789024	95
-124.5 76 0.155162962963 0.12374320851	27
-85.5 76 -0.128 NaN	1
-75 76 0.2419 NaN	1
-16.5 76 0.160821428571 0.1467449445	14
-15 76 0.324986 0.112046726787	50
-13.5 76 0.1349 0.0476412846174	6
-12 76 0.183464 0.149088625432	25
-10.5 76 0.271633333333 0.0990470442249	12
70.5 76 0.3631 NaN	1
117 76 0.23585 0.0112429978209	2
126 76 0.20465 0.0255575820453	4
127.5 76 0.19696 0.0747500457079	10
130.5 76 0.224725 0.0596065642358	4
132 76 0.224388888889 0.0427491942744	9
147 76 0.2541 NaN	1
156 76 0.282 NaN	1
157.5 76 0.15949 0.100431662227	10
162 76 0.1653 0.141828558478	4
163.5 76 0.0276 0.166476641004	6
165 76 0.213614285714 0.0588888339323	7
166.5 76 0.131141666667 0.125267832759	12
168 76 0.26168 0.0416052520723	5
169.5 76 0.12 0.0944025423386	3
171 76 0.2695125 0.0700860784526	8
172.5 76 0.13394 0.105431573386	25
174 76 0.201223809524 0.0657972408598	21
175.5 76 0.197614705882 0.070456068979	34
177 76 0.150841176471 0.0930639406054	34
178.5 76 0.182136 0.101637902543	25
-178.5 75.5 0.236975 0.0963581989246	4
-172.5 75.5 -0.1876 NaN	1
-169.5 75.5 0.2296 NaN	1
-166.5 75.5 0.12280625 0.117549118634	16
-165 75.5 0.1993 NaN	1
-163.5 75.5 0.135816666667 0.108421172315	12
-162 75.5 0.128745454545 0.0424325903908	11
-160.5 75.5 0.156775862069 0.122763117083	58
-159 75.5 0.137846052632 0.0845194737967	76
-157.5 75.5 0.133244444444 0.0730703787893	27
-156 75.5 0.21316 0.041145799994	15
-154.5 75.5 0.206683333333 0.0558506729294	6
-153 75.5 0.165386666667 0.0674011599887	30
-151.5 75.5 0.170019444444 0.0778106229231	36
-150 75.5 0.153918181818 0.0646540103712	44
-148.5 75.5 0.17821 0.0697651847271	10
-147 75.5 0.108775 0.0881730408434	20
-145.5 75.5 0.130984615385 0.08079876078	13
-144 75.5 0.101 0.0393335734456	3
-142.5 75.5 0.1915 0.133229976607	4
-141 75.5 0.191565 0.0817072841432	40
-139.5 75.5 0.2194 0.0568496262081	3
-138 75.5 0.188668 0.134148008185	25
-136.5 75.5 0.117188888889 0.0865946057883	18
-135 75.5 0.168733333333 0.132332953523	18
-133.5 75.5 0.180329166667 0.116605859052	48
-132 75.5 0.168852941176 0.134637634587	17
-130.5 75.5 0.256571710526 0.0830139375657	152
-129 75.5 0.162538596491 0.102501827082	57
-127.5 75.5 0.137160714286 0.149439164729	28
-126 75.5 0.0969827586207 0.142198508303	29
-124.5 75.5 0.327557142857 0.070521742679	7
-123 75.5 0.1675 NaN	1
-121.5 75.5 0.1563 0.00367695526217	2
-78 75.5 -0.0063 NaN	1
-69 75.5 0.2038 0.0346482322781	2
-16.5 75.5 0.270363636364 0.108664955462	11
-15 75.5 0.35273125 0.13908108899	32
-13.5 75.5 0.238815384615 0.123701416944	26
-12 75.5 0.233066666667 0.0261067679603	3
66 75.5 0.133675 0.175487917438	4
67.5 75.5 0.2978 NaN	1
88.5 75.5 0.215 0.156977705423	2
121.5 75.5 0.196225 0.114944026233	4
126 75.5 0.1398 0.0801475639056	6
127.5 75.5 0.13345 0.0525380338422	2
129 75.5 0.229633333333 0.0507604504839	3
130.5 75.5 0.2296 NaN	1
132 75.5 0.187966666667 0.0256652164092	3
157.5 75.5 0.0648428571429 0.0591872975433	7
168 75.5 0.190325 0.0303516474017	4
169.5 75.5 0.25264 0.0221005203559	5
171 75.5 0.1301 0.0585484414822	2
172.5 75.5 0.148694444444 0.0993161231637	18
174 75.5 0.138507692308 0.13824999374	13
175.5 75.5 0.179116666667 0.0904206770633	24
177 75.5 0.105154054054 0.104491043196	37
178.5 75.5 0.157185714286 0.0896068261112	21
-178.5 75 0.0926923076923 0.0853077903979	13
-175.5 75 0.11071875 0.0867348774043	16
-174 75 0.1329625 0.103675633416	8
-172.5 75 0.2056 NaN	1
-171 75 0.17528 0.101820660968	5
-169.5 75 0.24655 0.0586191521604	2
-168 75 0.1651 0.0233345237792	2
-166.5 75 0.252333333333 0.0733530049373	3
-165 75 0.200922222222 0.106642413909	9
-163.5 75 0.109121428571 0.127511418364	14
-162 75 0.158655263158 0.126422087314	38
-160.5 75 0.155692592593 0.109494850145	54
-159 75 0.0873368421053 0.0996990371653	19
-157.5 75 0.143103125 0.104810355572	32
-156 75 0.27232 0.066788561895	5
-154.5 75 0.207255555556 0.074400808314	9
-153 75 0.154996 0.076416443911	25
-151.5 75 0.140830232558 0.103125292577	43
-150 75 0.165815 0.0659025846096	80
-148.5 75 0.187718181818 0.0840770714249	22
-147 75 0.1812 0.0821939474657	17
-145.5 75 0.147562068966 0.0743241184359	29
-144 75 0.1908875 0.05063557297	8
-142.5 75 0.129666666667 0.151029334899	9
-141 75 0.25268 0.0770561671048	10
-139.5 75 0.145875 0.206866049655	4
-138 75 0.183416666667 0.10225728755	36
-136.5 75 0.2119 0.137351759051	8
-135 75 0.218839285714 0.184043733408	28
-133.5 75 0.226880952381 0.117580485707	21
-132 75 0.209660465116 0.101171794346	43
-130.5 75 0.202880434783 0.122730794688	92
-129 75 0.187872222222 0.123707054171	54
-127.5 75 0.125775 0.198556345907	4
-126 75 0.05082 0.122553251918	10
-124.5 75 0.165008333333 0.169662164092	12
-123 75 0.155834375 0.113075089551	32
-121.5 75 0.15950625 0.107362875597	32
-120 75 0.0702 0.0883219395167	13
-118.5 75 0.12016 0.121763492066	5
-117 75 -0.0211666666667 0.0303580851394	3
-103.5 75 0.2215 0.0927724096917	2
-102 75 0.186533333333 0.0338910509329	3
-76.5 75 -0.0739 0.0072124891681	2
-75 75 0.0936157894737 0.146658959128	19
-72 75 0.247125 0.0700017797393	4
-67.5 75 0.3011 NaN	1
-66 75 0.131466666667 0.139546133351	3
-64.5 75 0.208933333333 0.00344286702231	3
-61.5 75 0.262033333333 0.046543850292	9
-60 75 0.0619 0.11732356967	6
-16.5 75 0.180007692308 0.14002650619	13
-15 75 0.34394 0.174830091278	50
-13.5 75 0.3599 0.0114660368044	3
73.5 75 0.26465 0.0659978711778	6
121.5 75 0.1901 0.118718659022	3
123 75 0.2155 NaN	1
124.5 75 0.0730285714286 0.099712721421	14
126 75 0.135083333333 0.103740864512	12
127.5 75 0.2671 NaN	1
129 75 0.19015 0.0801522197655	10
130.5 75 0.222066666667 0.0600977928537	18
132 75 0.079425 0.155652205788	4
135 75 0.251966666667 0.0725571131363	6
145.5 75 0.25768 0.0893313886604	5
154.5 75 0.0944333333333 0.0567635740007	3
156 75 0.17746 0.0520557681722	5
160.5 75 0.187583333333 0.0510867660619	6
162 75 0.1143 NaN	1
165 75 0.2145 0.0732813755329	4
168 75 0.18628125 0.0912974933482	16
169.5 75 0.0877 0.141141375932	11
171 75 0.21385862069 0.0969886389416	29
172.5 75 0.170475 0.0642436155805	8
174 75 0.204509090909 0.0774243947932	11
175.5 75 0.182225 0.0980755796992	16
177 75 0.204652173913 0.0585129346195	23
178.5 75 0.1638 NaN	1
-180 74.5 0.1789 0.0917742338568	3
-178.5 74.5 0.128745454545 0.122259791948	11
-177 74.5 0.116685714286 0.079872511512	7
-175.5 74.5 0.244476923077 0.0596963029822	13
-172.5 74.5 0.201466666667 0.0584634358666	3
-171 74.5 0.161864285714 0.0986608612848	14
-169.5 74.5 -0.0309 0.0294156420974	2
-168 74.5 0.229 0.0271529003976	2
-166.5 74.5 -0.0322 NaN	1
-165 74.5 0.0774148148148 0.116492748879	27
-163.5 74.5 0.133170588235 0.0962982915523	17
-162 74.5 0.197913636364 0.0508705480837	22
-160.5 74.5 0.153365217391 0.0804000116567	46
-159 74.5 0.176494736842 0.0999629389361	38
-157.5 74.5 0.155028 0.136619061384	25
-156 74.5 0.0352026315789 0.147971340335	38
-154.5 74.5 0.121519444444 0.117012213818	36
-153 74.5 0.177679545455 0.10592903412	44
-151.5 74.5 0.192925 0.0917081847702	40
-150 74.5 0.174095918367 0.0803608034616	49
-148.5 74.5 0.18729375 0.101247113659	32
-147 74.5 0.161289655172 0.093152487678	29
-145.5 74.5 0.182614285714 0.0762818551726	7
-144 74.5 0.0846 0.115563229446	4
-142.5 74.5 0.186381818182 0.0731724376823	11
-141 74.5 0.145475 0.107413440671	20
-139.5 74.5 0.0692909090909 0.0904601509455	11
-138 74.5 0.204853333333 0.145381556438	15
-136.5 74.5 0.214224271845 0.0906055180179	103
-135 74.5 0.192585135135 0.108279479434	74
-133.5 74.5 0.243532258065 0.107705015009	31
-132 74.5 0.126963636364 0.178899347527	11
-130.5 74.5 0.183266666667 0.0937889181965	18
-129 74.5 0.201344 0.127232788676	50
-127.5 74.5 0.162642857143 0.102356802144	14
-126 74.5 0.149777419355 0.087629556314	31
-124.5 74.5 0.147194117647 0.073913962847	34
-120 74.5 0.04941 0.0960913191745	30
-115.5 74.5 0.108425 0.187432599314	8
-108 74.5 0.220333333333 0.0724787785033	3
-106.5 74.5 0.1669625 0.0913199494452	16
-105 74.5 0.190525806452 0.135940974857	31
-103.5 74.5 0.113029411765 0.15900564756	17
-102 74.5 0.0845964285714 0.102667103635	56
-100.5 74.5 0.2358875 0.110282901634	8
-99 74.5 0.1286 NaN	1
-76.5 74.5 0.0931909090909 0.123668884159	11
-73.5 74.5 0.0152333333333 0.0251976850789	3
-72 74.5 0.0435818181818 0.121953415845	11
-66 74.5 0.245045833333 0.0505054795061	24
-63 74.5 0.12215 0.212627009103	2
-60 74.5 0.3328 NaN	1
-16.5 74.5 0.193971428571 0.0912389484501	7
-15 74.5 0.377285714286 0.127099685826	147
-13.5 74.5 0.364106976744 0.079207342118	43
73.5 74.5 0.06 0.172958318678	2
118.5 74.5 0.0506333333333 0.0363972984345	3
123 74.5 0.130775 0.0967197799487	4
124.5 74.5 0.199944444444 0.100058246925	9
126 74.5 0.158942857143 0.072474428988	7
127.5 74.5 0.209172222222 0.0699416967746	18
129 74.5 0.119590909091 0.0755579705199	11
130.5 74.5 0.0983333333333 0.0551626987495	3
132 74.5 0.202985714286 0.0960284407276	7
135 74.5 -0.00804 0.0587791459618	5
168 74.5 0.189133333333 0.11075695614	3
169.5 74.5 0.12048125 0.0808328581601	16
171 74.5 0.176510204082 0.0961712605306	49
172.5 74.5 0.228335294118 0.0587097408994	17
174 74.5 0.2398 NaN	1
175.5 74.5 0.2762 0.0492146319706	2
177 74.5 0.103020833333 0.107170201809	24
178.5 74.5 0.08386 0.176097619392	10
-180 74 0.15125 0.10677233639	12
-178.5 74 0.0412 0.0569928065636	2
-177 74 0.23035 0.0884590583264	2
-175.5 74 0.138638461538 0.110888206004	13
-174 74 0.0979 NaN	1
-172.5 74 0.03348 0.141710804105	5
-171 74 0.21895 0.0999141881817	2
-169.5 74 0.13965 0.129754094348	2
-168 74 0.0774833333333 0.075171510964	12
-166.5 74 0.115709090909 0.102283209321	11
-165 74 0.0940416666667 0.118248947397	12
-163.5 74 0.0974 0.0407999183006	4
-162 74 0.10829 0.103276053479	10
-160.5 74 0.150947826087 0.0892150578699	46
-159 74 0.12225 0.0964968760985	32
-157.5 74 0.154708571429 0.074769285812	35
-156 74 0.119413580247 0.116597539375	81
-154.5 74 0.151946 0.13856981326	50
-153 74 0.1543 0.121219785086	55
-151.5 74 0.151938888889 0.111750048329	36
-150 74 0.16481875 0.10773862469	32
-148.5 74 0.14109375 0.0985404381883	16
-147 74 0.146566666667 0.0996647045515	3
-145.5 74 0.187383333333 0.0804669873961	12
-144 74 0.184322222222 0.0895798290787	36
-142.5 74 0.255753846154 0.080080415737	26
-141 74 0.166423809524 0.0937732792685	21
-139.5 74 0.24061627907 0.0799859211726	43
-138 74 0.208419178082 0.0984247973745	73
-136.5 74 0.238497826087 0.077054478532	46
-135 74 0.229668085106 0.103583854093	47
-133.5 74 0.19880625 0.136556364279	16
-132 74 0.177971052632 0.090256885364	38
-130.5 74 0.145151162791 0.0853002829563	43
-129 74 0.17700625 0.127830285763	16
-127.5 74 0.1602 0.142826148066	8
-126 74 0.0196285714286 0.0694903029048	14
-115.5 74 0.10585 0.0895904291763	2
-114 74 0.09245 0.0878726976939	6
-112.5 74 0.2241 NaN	1
-109.5 74 0.10381 0.112332516812	10
-106.5 74 0.0696047619048 0.0945291303048	21
-105 74 0.121518181818 0.141325717524	66
-103.5 74 0.012562962963 0.104977837031	27
-102 74 0.07841 0.102103296823	10
-100.5 74 0.2172 NaN	1
-88.5 74 -0.0605 NaN	1
-84 74 -0.0648 0.0469518902708	2
-81 74 0.1401 NaN	1
-79.5 74 0.2235 0.194988632147	4
-76.5 74 0.2888 0.119642467377	2
-75 74 0.14745 0.0592833028769	4
-72 74 0.1632 0.0870646120227	7
-70.5 74 0.1883 NaN	1
-67.5 74 0.0445363636364 0.138980540168	11
-66 74 0.1322125 0.114394348481	8
-64.5 74 0.275625 0.0537829821288	4
-61.5 74 0.0851 0.0140039280204	3
-19.5 74 0.10616 0.184505035162	5
-18 74 0.31845 0.0519723484172	2
-16.5 74 0.255615 0.140294311499	60
-15 74 0.359111111111 0.111308989354	9
78 74 0.2967 0.0165462986798	2
118.5 74 0.1213 NaN	1
120 74 0.189064285714 0.122605638013	14
121.5 74 0.0637 0.05329315153	5
123 74 0.13034 0.133375323269	15
129 74 0.192275 0.127779611176	32
144 74 0.1662 0.00777817459305	2
154.5 74 0.19755 0.0726198664279	2
168 74 0.2695 NaN	1
169.5 74 0.12049 0.079584510637	10
171 74 0.162522222222 0.111945866134	9
172.5 74 0.150813333333 0.16454456134	15
174 74 0.16023 0.122922175208	20
175.5 74 0.184333333333 0.0559664482823	3
177 74 0.21815 0.107301684183	8
178.5 74 0.1761625 0.10014142767	8
-180 73.5 0.2255 NaN	1
-178.5 73.5 0.1875 NaN	1
-177 73.5 0.147425 0.104104030502	4
-174 73.5 0.207325 0.0956041622176	4
-171 73.5 0.021025 0.0764463373877	4
-169.5 73.5 0.163 NaN	1
-168 73.5 0.04073 0.0935813496376	10
-166.5 73.5 0.105525 0.114998227195	32
-165 73.5 0.213416666667 0.0809670958233	12
-163.5 73.5 0.104558064516 0.0810952106033	31
-162 73.5 0.148584210526 0.0632189824654	38
-160.5 73.5 0.07652 0.0434079189615	15
-159 73.5 0.1262225 0.0989203240311	40
-157.5 73.5 0.183935185185 0.0818330978789	54
-156 73.5 0.167135 0.1280138614	20
-154.5 73.5 0.146904545455 0.0899736885429	44
-153 73.5 0.181014285714 0.101664026507	21
-151.5 73.5 0.125480645161 0.139421159129	31
-150 73.5 0.04895 0.108540890912	2
-147 73.5 0.130695454545 0.097423139313	22
-145.5 73.5 0.147378571429 0.126901495285	14
-144 73.5 0.1332 0.0953136086821	16
-142.5 73.5 0.11765 0.138537191156	16
-141 73.5 0.230333333333 0.0432559244497	9
-139.5 73.5 0.3218 NaN	1
-138 73.5 0.219931578947 0.0892433153917	57
-136.5 73.5 0.209328846154 0.0928727451874	52
-135 73.5 0.229398333333 0.0710265228371	60
-133.5 73.5 0.199702739726 0.107638465053	73
-132 73.5 0.168425 0.114119521913	72
-130.5 73.5 0.171907692308 0.114074813778	26
-129 73.5 0.132635135135 0.119876198213	37
-114 73.5 0.113533333333 0.0270329921886	6
-112.5 73.5 0.150522222222 0.0794456208149	54
-111 73.5 0.26575 0.0673406514175	4
-103.5 73.5 0.0628086956522 0.0878277700598	23
-90 73.5 0.2711 NaN	1
-75 73.5 0.04 0.301114745571	3
-72 73.5 0.1063 0.160657150479	3
-70.5 73.5 -0.1281 NaN	1
-69 73.5 0.26545 0.102459772594	2
-67.5 73.5 0.2312 0.0687088682153	8
-66 73.5 0.195061111111 0.120672562011	18
-18 73.5 0.156357142857 0.124885158674	7
-16.5 73.5 0.286384615385 0.1244520993	39
120 73.5 0.3126 NaN	1
121.5 73.5 0.158363829787 0.0633709349971	47
123 73.5 0.18344 0.0384453871027	20
132 73.5 0.1868 NaN	1
133.5 73.5 0.311 NaN	1
138 73.5 0.05758 0.133174817439	5
163.5 73.5 0.167533333333 0.0411607013222	3
168 73.5 0.182391666667 0.0766475695912	12
169.5 73.5 0.2318 NaN	1
171 73.5 0.23586 0.0561003386799	5
172.5 73.5 0.117516129032 0.123997470664	31
174 73.5 0.1575 0.0659749346343	6
175.5 73.5 0.0427083333333 0.141873288269	12
177 73.5 0.151766666667 0.0758924677861	6
178.5 73.5 0.188825 0.187830160429	4
-180 73 0.164833333333 0.0973585675052	6
-178.5 73 0.08314 0.0540412620134	5
-177 73 0.24595 0.0663973267534	2
-168 73 0.150634782609 0.120461916308	23
-166.5 73 0.175595454545 0.0793539477655	22
-165 73 0.144042857143 0.12571902345	7
-163.5 73 0.165872727273 0.120936266828	44
-162 73 0.107503508772 0.0934752544888	57
-160.5 73 0.1396925 0.124205510814	40
-159 73 0.134265217391 0.10449945288	46
-157.5 73 0.13441 0.0597073796066	40
-156 73 0.144927419355 0.0565555730447	62
-154.5 73 0.08195 0.0560100227375	18
-153 73 0.154062068966 0.0955701447686	58
-151.5 73 0.164635714286 0.0778883636737	28
-150 73 0.139941176471 0.0806505710876	34
-148.5 73 0.149 NaN	1
-147 73 0.166763265306 0.0822273111915	49
-145.5 73 0.19484 0.0913682228016	30
-144 73 0.168208333333 0.157968059283	24
-142.5 73 0.191305882353 0.109363369695	34
-141 73 0.195276056338 0.0888198296148	71
-139.5 73 0.231414285714 0.0843344282734	56
-138 73 0.175878947368 0.125982947736	57
-136.5 73 0.159390909091 0.165926359898	11
-135 73 0.243103370787 0.109231503999	89
-133.5 73 0.233016363636 0.111999870641	55
-132 73 0.177944444444 0.130639861196	27
-103.5 73 -0.0328375 0.0967912935134	16
-73.5 73 0.096 NaN	1
-70.5 73 0.27455 0.0371231060123	2
-69 73 0.142272727273 0.123207825165	11
-67.5 73 0.00143333333333 0.137367766719	3
-64.5 73 0.1614 NaN	1
-21 73 -0.0663 0.107134619366	10
-19.5 73 0.148872727273 0.0996805005095	11
132 73 0.262 0.0640638743755	2
163.5 73 0.15826 0.0889137390958	5
165 73 0.2159 0.0459619407771	2
168 73 0.0917333333333 0.0706419044666	6
171 73 0.291 NaN	1
172.5 73 0.0951363636364 0.0801723677177	11
174 73 0.1317 0.124036983732	10
175.5 73 0.166191304348 0.122684931296	46
177 73 0.2084 0.0805256149723	16
178.5 73 0.0747 NaN	1
-180 72.5 0.187933333333 0.0668700481033	3
-171 72.5 0.12835 0.159622732299	4
-169.5 72.5 0.156183333333 0.09858962543	12
-168 72.5 0.218016666667 0.0554673747952	6
-166.5 72.5 0.158122222222 0.0726430275005	9
-165 72.5 0.187104347826 0.0484113949608	23
-163.5 72.5 0.12844 0.116930264932	15
-162 72.5 0.15019375 0.103021489465	16
-160.5 72.5 0.1007 0.10368564269	25
-159 72.5 0.162978571429 0.089470211708	28
-157.5 72.5 0.190181818182 0.155522936046	11
-156 72.5 0.13435 0.124044592422	12
-154.5 72.5 -0.0981142857143 0.0638552380668	7
-153 72.5 0.1057725 0.0942617522769	40
-151.5 72.5 0.208513888889 0.089070159033	36
-150 72.5 0.184090909091 0.0824593288179	11
-148.5 72.5 0.164225 0.117040573449	4
-147 72.5 0.225628571429 0.0371443003383	7
-145.5 72.5 0.173714285714 0.0636607436786	21
-144 72.5 0.1698875 0.158528726629	16
-142.5 72.5 0.233921621622 0.102202585136	37
-141 72.5 0.205664516129 0.113704117628	31
-139.5 72.5 0.16702739726 0.117914909599	73
-138 72.5 0.240178571429 0.0819090478299	28
-136.5 72.5 0.141457142857 0.140053000172	7
-135 72.5 0.165666666667 0.126771148366	24
-132 72.5 0.074045 0.0769897018062	20
-91.5 72.5 0.01885 0.0888778455442	8
-75 72.5 0.05586 0.100756850884	5
-73.5 72.5 -0.03972 0.117954215694	5
-72 72.5 0.29895 0.0102530483272	2
-70.5 72.5 0.19925 0.0575919699264	6
-69 72.5 0.162785714286 0.158977896038	7
-67.5 72.5 0.20185 0.107268098706	2
-66 72.5 -0.117 NaN	1
-64.5 72.5 0.3285 NaN	1
-21 72.5 0.1076625 0.091219342208	8
-19.5 72.5 0.14498 0.142336844609	10
-18 72.5 0.0215 0.138928981858	11
57 72.5 0.194966666667 0.102610980569	3
58.5 72.5 0.05384 0.0530428883075	5
136.5 72.5 0.19014 0.0777167964114	10
138 72.5 0.148142857143 0.114979169956	7
151.5 72.5 0.01542 0.0375903844088	5
153 72.5 0.1853 0.0867597256796	3
154.5 72.5 0.087 NaN	1
165 72.5 0.2595 NaN	1
166.5 72.5 0.1722625 0.0554559525982	8
171 72.5 0.21505 0.0430345984839	4
172.5 72.5 0.149533333333 0.0703839943927	6
174 72.5 0.121606896552 0.138474786078	29
175.5 72.5 0.167623214286 0.0964564791001	56
177 72.5 0.2927 NaN	1
-180 72 0.2129 NaN	1
-178.5 72 0.2639 NaN	1
-177 72 0.144566666667 0.0834743273907	3
-175.5 72 0.1072 NaN	1
-171 72 0.01786 0.175131459196	5
-166.5 72 0.22041 0.0740633280076	10
-165 72 0.2319 0.167584307141	2
-163.5 72 0.15128 0.107028603653	5
-162 72 0.119638888889 0.110867958215	36
-160.5 72 0.126374666667 0.0926339922043	75
-159 72 0.101470588235 0.100336089997	17
-157.5 72 0.0317111111111 0.135899856921	9
-156 72 0.16793 0.0948191192135	20
-154.5 72 0.0262708333333 0.120436721538	24
-153 72 0.1942 NaN	1
-151.5 72 0.112688888889 0.125917100154	9
-150 72 0.179918518519 0.116982576076	27
-148.5 72 0.1873 0.0684338707561	16
-147 72 0.149918181818 0.174707463024	11
-145.5 72 0.165389473684 0.118867395547	38
-142.5 72 0.280624324324 0.101504045911	37
-141 72 0.268133333333 0.0370645383082	9
-139.5 72 0.130175 0.205685729417	8
-138 72 0.121188235294 0.138868457912	17
-136.5 72 0.175675 0.0753613533015	8
-132 72 0.18485 0.0581764471242	6
-130.5 72 0.1721 0.022061731573	2
-129 72 0.243785714286 0.0453358735283	7
-103.5 72 0.14435 0.113914902449	2
-102 72 0.181316666667 0.0996604310404	12
-93 72 0.074075 0.158724413011	8
-70.5 72 0.0712333333333 0.157148234161	9
-69 72 0.238975 0.0672641859706	8
-67.5 72 0.0892125 0.176181152207	8
-64.5 72 0.0765 NaN	1
-58.5 72 -0.0711 NaN	1
-21 72 0.0742071428571 0.0689442524439	14
-19.5 72 0.183804545455 0.127869097787	22
57 72 0.1259 0.101301332666	3
133.5 72 0.1504 NaN	1
151.5 72 0.195016666667 0.0222557333437	6
153 72 0.134766666667 0.105684845965	6
154.5 72 0.141966666667 0.0490344232827	6
159 72 0.091 0.0594700484838	4
162 72 0.07875 0.0937244898626	8
165 72 0.1731 NaN	1
166.5 72 0.0988 0.0996665942029	23
168 72 0.219733333333 0.0564763962495	3
172.5 72 0.0782714285714 0.126398690846	7
174 72 0.14571969697 0.100794862842	66
175.5 72 0.176320833333 0.060977194448	24
177 72 0.2271 NaN	1
178.5 72 0.143183333333 0.0777077452167	6
-177 71.5 0.108414285714 0.107873636393	7
-175.5 71.5 0.1289 0.0236199774203	7
-174 71.5 0.0678714285714 0.136729937155	7
-172.5 71.5 0.0298 0.117945411102	2
-168 71.5 0.1991 0.0327986280201	3
-166.5 71.5 0.139975 0.129257912165	8
-165 71.5 0.0613 0.0683099699897	6
-163.5 71.5 0.0562727272727 0.122801751542	11
-162 71.5 0.127083333333 0.143367492624	18
-160.5 71.5 0.0133981481481 0.0995509322393	54
-159 71.5 0.156525 0.0781847367173	28
-157.5 71.5 0.160046153846 0.102401168738	13
-156 71.5 0.12456 0.0881110237144	25
-154.5 71.5 0.0873266666667 0.104484157833	15
-153 71.5 0.236025 0.073138880449	4
-151.5 71.5 0.15222 0.110022291248	15
-150 71.5 0.0428888888889 0.126046573183	9
-148.5 71.5 0.197777272727 0.146150059648	22
-147 71.5 0.0707166666667 0.0936836682986	18
-145.5 71.5 0.240764 0.0822856856729	25
-144 71.5 0.220215 0.0988552799872	60
-142.5 71.5 0.147670422535 0.101677597468	71
-141 71.5 0.201223076923 0.109316788539	13
-139.5 71.5 0.137373076923 0.1335856506	26
-138 71.5 0.0035875 0.0484177192329	8
-135 71.5 0.2983 NaN	1
-129 71.5 0.150642857143 0.166097018407	7
-103.5 71.5 0.0693357142857 0.147708791505	14
-102 71.5 0.107520689655 0.143350926499	29
-70.5 71.5 0.2907 NaN	1
-69 71.5 0.1002 NaN	1
-67.5 71.5 0.1231625 0.133157317673	8
-66 71.5 0.121407142857 0.134567520737	14
-21 71.5 0.173196875 0.0923193213076	32
-19.5 71.5 0.205886666667 0.0964881552069	15
58.5 71.5 0.12828 0.0493712163107	5
63 71.5 0.2735 0.0853245177738	4
163.5 71.5 0.1712875 0.0790433775576	8
165 71.5 0.12115 0.0797598180253	8
166.5 71.5 0.28 NaN	1
172.5 71.5 0.1552375 0.046532321716	8
174 71.5 0.1377 0.0897725180665	5
175.5 71.5 0.131380701754 0.0974798906709	57
177 71.5 0.202991666667 0.0903134688267	12
-177 71 0.135683333333 0.0631372922025	6
-175.5 71 0.17498 0.040469766493	5
-172.5 71 0.1403 NaN	1
-171 71 0.162633333333 0.0508292566671	3
-168 71 0.311633333333 0.0729170670465	6
-166.5 71 0.14043 0.117837110265	10
-165 71 0.08022 0.111900235329	40
-163.5 71 0.135304878049 0.0843858754509	41
-162 71 0.0826285714286 0.13661114784	7
-160.5 71 0.220373529412 0.0543997454808	34
-159 71 0.17564375 0.0652088641086	16
-157.5 71 0.07665 0.0745871079119	4
-154.5 71 0.1359 0.114717784149	3
-151.5 71 0.0846636363636 0.116579940579	11
-148.5 71 0.166176923077 0.0969076635587	13
-147 71 0.2015375 0.0571784659141	8
-145.5 71 0.09197 0.137906313207	10
-144 71 0.179524242424 0.155963825995	33
-142.5 71 0.159433333333 0.0807298057626	27
-141 71 0.039225 0.168882431985	4
-139.5 71 0.148933333333 0.0896638165594	9
-138 71 0.165825 0.0974921205607	8
-136.5 71 0.0284 NaN	1
-135 71 0.179166666667 0.159525818182	6
-133.5 71 0.3158 NaN	1
-132 71 0.36845 0.0394830343312	4
-127.5 71 0.13186 0.0734090798199	5
-126 71 0.10855 0.0720889496849	4
-120 71 0.108814285714 0.151886266974	7
-103.5 71 0.23276 0.155190247761	5
-102 71 0.151253846154 0.122051420963	13
-99 71 0.2513 NaN	1
-67.5 71 0.0583 0.211033622914	3
-66 71 0.00716666666667 0.175265522375	3
-64.5 71 -0.0506 NaN	1
-63 71 0.18694 0.115036181265	5
-21 71 0.217 NaN	1
58.5 71 0.320133333333 0.0668209797394	3
63 71 0.1814 NaN	1
163.5 71 0.177314814815 0.0600319062839	27
165 71 0.10708372093 0.0812612545841	86
168 71 0.157042857143 0.0471718085705	7
169.5 71 0.199294444444 0.115490923872	18
171 71 0.151382608696 0.103134575157	23
172.5 71 0.159016666667 0.0675565960263	6
174 71 0.184333333333 0.0336538061245	6
175.5 71 0.141871428571 0.0794038352198	7
177 71 0.0796555555556 0.0783520438647	9
-180 70.5 0.165828571429 0.185861487084	7
-178.5 70.5 0.1813 NaN	1
-175.5 70.5 0.0653 0.0540474791272	3
-174 70.5 0.1659 NaN	1
-169.5 70.5 0.12415 0.0605485165561	8
-168 70.5 0.232833333333 0.0464189975477	3
-166.5 70.5 0.16297 0.133053871559	20
-165 70.5 0.1846 0.161895939709	18
-163.5 70.5 0.217266666667 0.075676418608	21
-162 70.5 0.20689 0.0550801930522	10
-147 70.5 0.13405 0.088903412008	4
-145.5 70.5 0.0685 0.170218770998	3
-144 70.5 0.0323 NaN	1
-139.5 70.5 0.057 0.0644881384442	2
-138 70.5 0.22285 0.0924188563011	2
-136.5 70.5 0.14045 0.0838029633525	4
-124.5 70.5 0.195866666667 0.0911322299372	3
-123 70.5 0.1744 NaN	1
-121.5 70.5 0.1158 NaN	1
-64.5 70.5 0.150133333333 0.185308022852	3
-63 70.5 0.10324 0.0647799197283	5
-61.5 70.5 0.12275 0.0760721696812	6
-21 70.5 0.37796 0.0654032313167	10
162 70.5 0.153180952381 0.052163355136	21
163.5 70.5 0.167253846154 0.0903670535039	13
165 70.5 0.1113 0.0499363761868	13
169.5 70.5 0.178884615385 0.0542803276299	39
171 70.5 0.196938461538 0.116287038235	26
172.5 70.5 0.1251125 0.107981340154	8
174 70.5 0.0776454545455 0.111308698703	22
175.5 70.5 0.2031 NaN	1
177 70.5 0.190166666667 0.103068391534	3
178.5 70.5 0.1368 NaN	1
-180 70 0.165883333333 0.113561896276	36
-178.5 70 0.17655 0.165250854763	2
-177 70 0.191175 0.0404705139577	4
-175.5 70 0.183618181818 0.110727656615	22
-174 70 0.123153846154 0.14101028695	13
-172.5 70 0.06921875 0.131616828806	16
-171 70 0.1381 0.0571973425956	6
-169.5 70 0.1722 NaN	1
-168 70 0.174135714286 0.0677411317743	14
-166.5 70 0.149479166667 0.115383507898	24
-165 70 0.127783333333 0.0608259621105	6
-163.5 70 -0.004 NaN	1
-136.5 70 0.172716666667 0.10661741145	12
-135 70 0.2304 0.0315369624409	2
-64.5 70 0.339171428571 0.0650380072031	7
54 70 0.211075 0.0770068124692	4
61.5 70 0.26242 0.167139722986	5
162 70 0.128885714286 0.0670767328903	7
165 70 0.05085 0.170907709013	2
177 70 0.128586666667 0.082702304914	15
178.5 70 0.153873333333 0.127604093693	45
-180 69.5 0.21304 0.0715248550428	10
-178.5 69.5 0.003425 0.0871136162885	8
-177 69.5 0.0899864864865 0.13741844685	37
-175.5 69.5 0.135709090909 0.106328390283	22
-174 69.5 0.182272413793 0.0680134855144	29
-172.5 69.5 0.117140540541 0.115447538493	37
-171 69.5 0.1791625 0.0727282510446	16
-169.5 69.5 0.167866666667 0.0759572467467	3
-168 69.5 0.1718 NaN	1
-166.5 69.5 0.0598 0.100652958228	11
-165 69.5 0.0299 NaN	1
-136.5 69.5 0.07805 0.0491439212925	2
-88.5 69.5 0.2798 NaN	1
-87 69.5 0.250266666667 0.0929813242897	15
-24 69.5 0.2701 0.134633131138	2
55.5 69.5 0.14825 0.0774281925399	2
178.5 69.5 0.247907142857 0.109260052974	14
-177 69 0.19806875 0.123792119936	16
-175.5 69 0.204842857143 0.0498913772491	7
-174 69 0.157985416667 0.108574962808	48
-172.5 69 0.1919 NaN	1
-171 69 0.110425 0.157165380218	24
-169.5 69 0.028 0.060488401092	4
-168 69 0.0391 0.208879343163	2
-166.5 69 0.0667692307692 0.0711969145471	13
-64.5 69 0.3369 0.0366281312655	2
-24 69 0.1323 NaN	1
-177 68.5 0.2776 0.0049497474683	2
-175.5 68.5 0.12 0.245117828809	3
-174 68.5 0.221233333333 0.121315717586	3
-172.5 68.5 0.2746 NaN	1
-171 68.5 0.160275 0.169511875199	4
-169.5 68.5 0.23836 0.149237388077	5
-87 68.5 0.3568 NaN	1
-64.5 68.5 0.294066666667 0.025399278205	3
-61.5 68.5 0.1827 NaN	1
-25.5 68.5 0.06196 0.114311451745	5
-24 68.5 0.2776 NaN	1
-175.5 68 0.23655 0.0251022907321	2
-174 68 0.195993548387 0.122942815801	31
-172.5 68 0.196386206897 0.130019272539	29
-171 68 0.068625 0.0616237778783	16
-169.5 68 0.2465 NaN	1
-78 68 0.02395 0.271316871941	2
-174 67.5 0.179645736434 0.0983406857306	129
-172.5 67.5 0.0815428571429 0.14066986004	7
-171 67.5 0.159085714286 0.108127162081	63
-169.5 67.5 0.0241666666667 0.173647756488	3
-168 67.5 0.2017 0.113514903574	4
-166.5 67.5 -0.0728 NaN	1
-78 67.5 -0.063 NaN	1
-28.5 67.5 0.2133 0.035373044931	14
-27 67.5 -0.0514 NaN	1
-171 67 0.206433333333 0.100076832983	9
-166.5 67 0.161942857143 0.0983196632952	7
-165 67 0.126366666667 0.120657741843	6
-78 67 0.23 0.134966440273	4
-169.5 66.5 0.117075 0.0817898271996	4
-79.5 66 0.27585 0.0582735531781	6
-82.5 65.5 -0.1809 NaN	1
-81 65.5 0.0417333333333 0.201188775366	3
-79.5 65.5 0.282414285714 0.0505617915219	7
-61.5 65.5 0.198036363636 0.0494237245203	11
-171 65 0.108471428571 0.085518656791	14
-169.5 65 0.173657142857 0.0667895664792	7
-79.5 65 0.218366666667 0.023119111863	3
-61.5 65 0.15095 0.0219910208949	2
-180 64.5 0.127788888889 0.119491426936	9
-171 64.5 0.13714 0.0390709994753	5
-169.5 64.5 0.1616 NaN	1
-79.5 64.5 0.0742 0.146936789131	2
-64.5 64.5 0.1883 NaN	1
-63 64.5 0.13 NaN	1
-61.5 64.5 0.197766666667 0.035276668399	3
-180 64 0.18445 0.0402866810083	4
-168 64 -0.1284 NaN	1
-79.5 64 0.105263157895 0.120820781925	19
-63 64 0.17645 0.0218495995387	2
-180 63.5 0.127 NaN	1
-163.5 63.5 0.2604 NaN	1
-75 63.5 0.18082 0.0772798938923	5
-81 63 0.0712 0.180796072966	4
-171 62.5 0.1227 NaN	1
-88.5 62.5 0.2662 NaN	1
-87 62.5 0.1871 0.0811758584802	2
-81 62.5 0.1921 NaN	1
-90 62 0.163233333333 0.123353732547	3
-87 62 0.173330434783 0.0821781957079	23
-84 62 0.1515 0.190353145495	2
-90 61.5 0.201415384615 0.0579675318052	13
-88.5 61.5 0.194366666667 0.0328300675195	3
-87 61.5 0.1258 0.105195851975	12
-84 61.5 0.07025 0.0584511476933	4
-82.5 61.5 0.0468 0.129996615341	5
-81 61.5 0.3913 NaN	1
-91.5 61 0.1751 NaN	1
-88.5 61 0.193784210526 0.107031756778	19
-87 61 0.2782 NaN	1
-85.5 61 0.0897 0.0354967604156	2
-84 61 0.0350333333333 0.0510695930406	3
-82.5 61 0.0830789473684 0.108635862602	19
-81 61 0.125033333333 0.0885852320273	3
-79.5 61 0.31925 0.0341532575313	2
-93 60.5 0.1199 NaN	1
-90 60.5 0.0682 0.0623466117764	4
-87 60.5 0.07675 0.0683772257407	2
-85.5 60.5 0.1771 NaN	1
-84 60.5 0.0439 0.109917111628	8
-82.5 60.5 0.0816533333333 0.114818113233	30
-90 60 -0.0306333333333 0.0287460142165	3
-88.5 60 0.1282 0.0543058007951	2
-87 60 0.1544 NaN	1
-84 60 0.0779375 0.133952090316	16
-79.5 60 0.090825 0.0542919499865	4
