lon, lat, freeboard (m), standard deviation, count
-180 81.5 0.169293832599 0.0966862994057	227
-178.5 81.5 0.1605488 0.105212756506	125
-177 81.5 0.181734444444 0.078647492815	90
-175.5 81.5 0.225040963855 0.083054303476	83
-174 81.5 0.219816666667 0.0692355112008	90
-172.5 81.5 0.205582105263 0.0829857383017	95
-171 81.5 0.245254237288 0.0774081465062	59
-169.5 81.5 0.193389655172 0.0802114987519	29
-168 81.5 0.190973170732 0.0736325098866	41
-166.5 81.5 0.253458333333 0.0813066705452	60
-165 81.5 0.252925373134 0.0833706407579	67
-163.5 81.5 0.275748 0.0636157614118	25
-162 81.5 0.273131578947 0.0902711535851	19
-160.5 81.5 0.226036 0.100836661984	25
-159 81.5 0.178427272727 0.0716897355402	11
-157.5 81.5 0.241778378378 0.0968236602602	37
-156 81.5 0.209256 0.0770901803085	25
-154.5 81.5 0.226443243243 0.108524171758	37
-153 81.5 0.23555625 0.0697153734241	16
-151.5 81.5 0.272795833333 0.0901716068257	24
-150 81.5 0.209118421053 0.100868021491	38
-148.5 81.5 0.204042105263 0.0963752061003	19
-147 81.5 0.198381818182 0.0913795471447	11
-145.5 81.5 0.3747 NaN	1
-144 81.5 0.185508333333 0.0723961740321	24
-142.5 81.5 0.193921568627 0.096976958735	51
-141 81.5 0.169645901639 0.11893390822	61
-139.5 81.5 0.199629807692 0.114838736978	104
-138 81.5 0.211255963303 0.116345056263	109
-136.5 81.5 0.199855913978 0.110583456053	93
-135 81.5 0.202582539683 0.0895666440282	63
-133.5 81.5 0.186242028986 0.0926458935406	69
-132 81.5 0.208980701754 0.0818500948769	114
-130.5 81.5 0.23331969697 0.0887457322392	66
-129 81.5 0.166272992701 0.107505686241	137
-127.5 81.5 0.175013043478 0.123356161668	69
-126 81.5 0.148389344262 0.119548646212	122
-124.5 81.5 0.225383783784 0.146366134645	111
-123 81.5 0.145018918919 0.11581887444	222
-121.5 81.5 0.142692682927 0.118433221422	205
-120 81.5 0.153803892216 0.120253588472	334
-118.5 81.5 0.161828627451 0.107495163799	255
-117 81.5 0.136653636364 0.128874949603	220
-115.5 81.5 0.182144973545 0.110365002444	189
-114 81.5 0.174003381643 0.123539542187	207
-112.5 81.5 0.0956614341085 0.121173194531	516
-111 81.5 0.107240879121 0.120272483035	455
-109.5 81.5 0.117272765957 0.125446400951	235
-108 81.5 0.1514 0.136367966797	229
-106.5 81.5 0.131691061453 0.136489871331	179
-105 81.5 0.10987887931 0.132203206544	232
-103.5 81.5 0.137677777778 0.138376615096	117
-102 81.5 0.167597222222 0.157062004322	216
-100.5 81.5 0.234563541667 0.142529487342	96
-99 81.5 0.314324137931 0.139488401093	29
-97.5 81.5 0.264086567164 0.132362115673	67
-96 81.5 0.222433333333 0.183857127502	3
-10.5 81.5 0.2402 NaN	1
-9 81.5 0.197561068702 0.109065990308	131
-7.5 81.5 0.205261811024 0.107122417497	254
-6 81.5 0.192454647887 0.11478514023	355
-4.5 81.5 0.23501504065 0.102784799844	246
-3 81.5 0.270801204819 0.119509090811	166
-1.5 81.5 0.255733920705 0.0930849267003	227
0 81.5 0.245245209581 0.0998494931549	334
1.5 81.5 0.296466433566 0.110674090817	286
3 81.5 0.240414492754 0.102102620343	69
4.5 81.5 0.232292063492 0.115133815976	63
6 81.5 0.211801685393 0.113089985907	178
7.5 81.5 0.215884482759 0.0987634940508	116
9 81.5 0.257656097561 0.117679378353	123
10.5 81.5 0.24077961165 0.106714851273	103
12 81.5 0.207595945946 0.132708563627	74
13.5 81.5 0.227198019802 0.108009306062	101
15 81.5 0.155502512563 0.117587147324	199
16.5 81.5 0.237522077922 0.13602771932	231
18 81.5 0.218402285714 0.117810983893	175
19.5 81.5 0.195608510638 0.106743608667	94
21 81.5 0.20932097561 0.105976587773	205
22.5 81.5 0.175557471264 0.12795284548	174
24 81.5 0.209515789474 0.138692895334	95
25.5 81.5 0.136477358491 0.139709819656	53
27 81.5 0.200191044776 0.094034928603	67
28.5 81.5 0.211158282209 0.134207592017	163
30 81.5 0.147777952756 0.110091071905	127
31.5 81.5 0.219145901639 0.128225472655	183
33 81.5 0.1517125 0.119949748664	56
34.5 81.5 0.147351376147 0.127719600728	109
36 81.5 0.178208108108 0.133818293447	111
37.5 81.5 0.150981730769 0.151310973276	104
39 81.5 0.214635714286 0.173137156537	28
40.5 81.5 0.131183928571 0.160999665473	56
42 81.5 0.139750819672 0.148811246912	61
43.5 81.5 0.233790909091 0.142197005199	44
45 81.5 0.201705555556 0.157656411493	18
46.5 81.5 0.13138 0.152430193859	10
48 81.5 0.25246 0.0777839057903	10
49.5 81.5 0.174417647059 0.143303730043	17
51 81.5 0.20695 0.118293292287	6
52.5 81.5 0.240477777778 0.155340310108	9
66 81.5 0.229132142857 0.0850012202682	28
67.5 81.5 0.162246808511 0.121653531286	47
69 81.5 0.219691428571 0.0982511618594	35
70.5 81.5 0.148425806452 0.141758628115	31
72 81.5 0.19685 0.109176312942	14
73.5 81.5 0.200020833333 0.151811842865	24
75 81.5 0.117475 0.137433228847	24
76.5 81.5 0.221007692308 0.13805146662	13
78 81.5 0.15567 0.153990041031	20
79.5 81.5 0.0983545454545 0.128689166774	22
81 81.5 0.19039047619 0.103005577057	21
82.5 81.5 0.202953448276 0.104042464704	58
84 81.5 0.262223255814 0.128227541021	86
85.5 81.5 0.264026415094 0.144043930466	53
87 81.5 0.201724324324 0.124509844335	37
88.5 81.5 0.154283333333 0.100699398151	12
90 81.5 0.3663 NaN	1
91.5 81.5 -0.0667 NaN	1
93 81.5 0.129445454545 0.160356717126	11
94.5 81.5 0.105730769231 0.176698322877	13
99 81.5 0.240007692308 0.118413382278	13
100.5 81.5 0.196723529412 0.0808228504927	17
102 81.5 0.163892857143 0.102787094852	14
103.5 81.5 0.295466666667 0.058386842125	3
105 81.5 0.1753 0.173375003965	6
106.5 81.5 -0.0196 0.0931170589455	4
108 81.5 0.04018 0.137281397137	5
109.5 81.5 0.075225 0.133610657723	8
111 81.5 0.184655555556 0.102182093724	9
112.5 81.5 0.0713666666667 0.155079173328	9
114 81.5 0.141796666667 0.129798499595	60
115.5 81.5 0.16754 0.12631417253	45
117 81.5 0.186472727273 0.121219127134	66
118.5 81.5 0.118313333333 0.153796347256	60
120 81.5 0.153907407407 0.136571930684	27
121.5 81.5 0.222879069767 0.103378964329	43
123 81.5 0.178181818182 0.0976059150825	33
124.5 81.5 0.241408823529 0.0896242471509	34
126 81.5 0.190555357143 0.119447794484	56
127.5 81.5 0.203512820513 0.109089091862	78
129 81.5 0.20405 0.0996010135452	130
130.5 81.5 0.200081818182 0.111589727358	88
132 81.5 0.227794117647 0.0752850541148	153
133.5 81.5 0.192945744681 0.107348415422	94
135 81.5 0.204193269231 0.12662994804	104
136.5 81.5 0.227312804878 0.0926984921589	164
138 81.5 0.238263870968 0.0890793254279	155
139.5 81.5 0.204108805031 0.0937610424779	159
141 81.5 0.20723 0.105229565217	140
142.5 81.5 0.212557714286 0.105421699632	175
144 81.5 0.232905454545 0.10035684481	110
145.5 81.5 0.221511428571 0.102530415929	175
147 81.5 0.23475112782 0.0995203699391	133
148.5 81.5 0.213737419355 0.110119663453	155
150 81.5 0.24057752809 0.106127964283	178
151.5 81.5 0.207225862069 0.105536124556	116
153 81.5 0.218262913907 0.0962669812663	151
154.5 81.5 0.199629292929 0.102188669299	99
156 81.5 0.201626174497 0.0870599237524	149
157.5 81.5 0.210844628099 0.110292784556	121
159 81.5 0.222694594595 0.0987672353228	148
160.5 81.5 0.218805882353 0.0868639129548	187
162 81.5 0.168538181818 0.108413470876	165
163.5 81.5 0.162745736434 0.118651273439	129
165 81.5 0.201352205882 0.11481802089	136
166.5 81.5 0.16736446281 0.104422062531	121
168 81.5 0.182004964539 0.109431746717	141
169.5 81.5 0.156732291667 0.13709930515	96
171 81.5 0.199746031746 0.106839584163	126
172.5 81.5 0.167282051282 0.0960863934089	78
174 81.5 0.186286666667 0.0985529247683	120
175.5 81.5 0.1707 0.106815914161	84
177 81.5 0.212203773585 0.122654996076	53
178.5 81.5 0.191579605263 0.103722224137	152
-180 81 0.186636448598 0.0989880156578	107
-178.5 81 0.17704137931 0.110405339361	58
-177 81 0.188973255814 0.0878060997806	86
-175.5 81 0.225919565217 0.0783429373391	46
-174 81 0.241003030303 0.0711822816538	66
-172.5 81 0.238977142857 0.0854204048043	70
-171 81 0.18829047619 0.079910040303	42
-169.5 81 0.153213043478 0.068232085923	23
-168 81 0.21423877551 0.0717609016582	49
-166.5 81 0.22302173913 0.0637797984298	23
-165 81 0.187954545455 0.0743373387515	55
-163.5 81 0.26821031746 0.0705131951673	126
-162 81 0.259455172414 0.0695098735191	58
-160.5 81 0.218743661972 0.0621839132445	71
-159 81 0.230228125 0.0746749741487	32
-157.5 81 0.222796 0.0683485459489	25
-156 81 0.234738461538 0.0696731344317	26
-154.5 81 0.239446666667 0.0859968676063	15
-153 81 0.230693333333 0.112218126029	15
-151.5 81 0.191652380952 0.0805666036212	21
-150 81 0.1886225 0.107314157757	40
-148.5 81 0.32924 0.0530384106097	5
-147 81 0.35835 0.0265165042945	2
-145.5 81 0.179864705882 0.106991371972	17
-144 81 0.202311111111 0.0837408568807	9
-142.5 81 0.2392 0.116510042486	7
-141 81 0.155908333333 0.116669909375	24
-139.5 81 0.102125 0.146662915266	8
-138 81 0.226089473684 0.0826905131637	38
-136.5 81 0.23321372549 0.0835459849894	51
-135 81 0.247973913043 0.0765359419845	46
-133.5 81 0.194462105263 0.102448251783	95
-132 81 0.217884 0.0955180867858	125
-130.5 81 0.213251923077 0.112713801181	52
-129 81 0.116341333333 0.114035275592	75
-127.5 81 0.14265177305 0.13451565687	141
-126 81 0.179116949153 0.119957378688	118
-124.5 81 0.158088317757 0.124949601498	214
-123 81 0.102497037037 0.121858827632	135
-121.5 81 0.123327647059 0.124309739608	170
-120 81 0.170732474227 0.122633549184	194
-118.5 81 0.181273381295 0.109829271049	139
-117 81 0.147386639676 0.116159686938	247
-115.5 81 0.148387714286 0.115073745847	350
-114 81 0.167477562327 0.117030756976	361
-112.5 81 0.0956188811189 0.129849218604	286
-111 81 0.0926560165975 0.11209548894	241
-109.5 81 0.134377464789 0.13855765341	142
-108 81 0.165867889908 0.122987375806	109
-106.5 81 0.151029411765 0.143512657688	170
-105 81 0.142362244898 0.123776228624	196
-103.5 81 0.161058156028 0.1062213976	141
-102 81 0.226457692308 0.130077345693	104
-100.5 81 0.285592473118 0.12962767857	93
-99 81 0.251434177215 0.143330465284	79
-97.5 81 0.300111428571 0.130160280766	35
-10.5 81 0.211833333333 0.132668649901	6
-9 81 0.25625 0.0806859136818	4
-7.5 81 0.26552826087 0.101362615644	46
-6 81 0.201134090909 0.110593640217	132
-4.5 81 0.198664 0.131475336643	100
-3 81 0.214061 0.101367178254	100
-1.5 81 0.234664640884 0.111692962419	181
0 81 0.216389247312 0.129152668481	186
1.5 81 0.263097368421 0.113524535152	114
3 81 0.243468817204 0.126097479527	93
4.5 81 0.236431182796 0.134573105216	93
6 81 0.269800584795 0.105645811975	171
7.5 81 0.233644680851 0.0890639767844	94
9 81 0.237076237624 0.102436214444	101
10.5 81 0.245281632653 0.111538193123	98
12 81 0.194613414634 0.107770723437	82
13.5 81 0.234789340102 0.0734499061423	197
15 81 0.141623741007 0.0959378078914	139
16.5 81 0.16094368932 0.122876658762	103
18 81 0.20364 0.120127301403	60
19.5 81 0.181317021277 0.10344516783	47
21 81 0.21789 0.120463582751	40
22.5 81 0.18808 0.142941912278	15
24 81 0.181913793103 0.119445237674	29
25.5 81 0.161441463415 0.115041559829	41
27 81 0.128425 0.104578096366	72
28.5 81 0.135233898305 0.124600940399	59
30 81 0.185596039604 0.128611475321	101
31.5 81 0.147563265306 0.122345705029	49
33 81 0.224 0.157263696562	79
34.5 81 0.1669125 0.119397535367	32
36 81 0.253682352941 0.113828326362	51
37.5 81 0.123015789474 0.132292934609	76
39 81 0.1443225 0.185864806792	40
40.5 81 0.120652525253 0.134852574335	99
42 81 0.179921052632 0.149375855475	19
43.5 81 0.184943902439 0.121502810767	41
45 81 0.0632 0.325410540702	2
46.5 81 0.2507 NaN	1
67.5 81 0.248022727273 0.184308064914	22
69 81 0.227567857143 0.074602874801	28
70.5 81 0.169602040816 0.0836079877808	49
72 81 0.188294444444 0.126060729866	18
73.5 81 0.255722222222 0.0883848243732	27
75 81 0.222525 0.122582389204	8
76.5 81 0.241353846154 0.131067740853	13
78 81 0.158366666667 0.0679213025003	3
82.5 81 0.224603448276 0.0912911726399	29
84 81 0.302196153846 0.1110318278	26
85.5 81 0.246842857143 0.12334804243	21
87 81 0.15207 0.128824714244	30
88.5 81 0.167238095238 0.115414845129	21
90 81 0.3635 0.0417	3
100.5 81 0.2001 0.108470180234	2
102 81 -0.00246 0.177280887295	5
103.5 81 -0.0427 NaN	1
105 81 0.0030125 0.108166662906	8
106.5 81 0.157817391304 0.0931546448955	23
108 81 -0.0632 0.10111626971	2
109.5 81 0.248183333333 0.104091563859	6
111 81 0.227883333333 0.0319649443401	6
112.5 81 0.166094736842 0.123830109755	19
114 81 0.1955375 0.0979048304903	16
115.5 81 0.0773625 0.118283339456	8
117 81 0.150045454545 0.0857709900099	11
121.5 81 0.1654 0.066374660493	10
123 81 0.1225 0.181820888667	10
124.5 81 0.139852941176 0.11146498395	17
126 81 0.2019 0.109089906128	22
127.5 81 0.2292 0.10066906799	33
129 81 0.239957692308 0.0932669601153	78
130.5 81 0.262682758621 0.0639319927542	58
132 81 0.20672972973 0.0953015560817	37
133.5 81 0.15797 0.101067337372	80
135 81 0.194130263158 0.0828445870607	76
136.5 81 0.224346666667 0.114721714212	75
138 81 0.240767241379 0.0852526264203	58
139.5 81 0.197396666667 0.0696862252422	30
141 81 0.214676744186 0.0903529477138	43
142.5 81 0.215047560976 0.0917683923444	82
144 81 0.221473809524 0.0798933070841	42
145.5 81 0.24503255814 0.0702212649956	43
147 81 0.237004615385 0.0957214373697	65
148.5 81 0.190378571429 0.1009706847	56
150 81 0.216340594059 0.0905428464079	101
151.5 81 0.198196470588 0.101741659828	85
153 81 0.210811363636 0.105228263578	88
154.5 81 0.171716296296 0.0959731563896	135
156 81 0.172092631579 0.100704626277	95
157.5 81 0.183861616162 0.0851605910427	99
159 81 0.209846226415 0.103305557104	106
160.5 81 0.22636097561 0.132214582561	123
162 81 0.191604255319 0.132077592798	94
163.5 81 0.167101785714 0.126556728	112
165 81 0.176888421053 0.100870188185	95
166.5 81 0.178088235294 0.125735878741	68
168 81 0.179285714286 0.105025762084	56
169.5 81 0.161270491803 0.105688897784	61
171 81 0.185797101449 0.127926762103	69
172.5 81 0.145496721311 0.139207875696	61
174 81 0.126585046729 0.115594160592	107
175.5 81 0.137686046512 0.121680908805	86
177 81 0.0947166666667 0.105153448418	36
178.5 81 0.208597163121 0.105274596002	141
-180 80.5 0.18651875 0.0842292127427	48
-178.5 80.5 0.177196774194 0.103314358247	93
-177 80.5 0.167342 0.0673316164023	50
-175.5 80.5 0.238558333333 0.0641901614812	72
-174 80.5 0.210442222222 0.07195096338	45
-172.5 80.5 0.217971428571 0.0793951877215	49
-171 80.5 0.230212280702 0.0699897315687	57
-169.5 80.5 0.269626315789 0.0843967340212	19
-168 80.5 0.245584210526 0.098569948447	19
-166.5 80.5 0.226265217391 0.0691832192521	23
-165 80.5 0.302395652174 0.0647946650319	23
-163.5 80.5 0.264353608247 0.07697179822	97
-162 80.5 0.222210344828 0.0922324019019	29
-159 80.5 0.18754 0.102445857787	10
-157.5 80.5 0.266 0.0547858102067	17
-156 80.5 0.274905 0.0636987521567	20
-154.5 80.5 0.20305 0.0569220958855	2
-153 80.5 0.1206 0.0376180807591	2
-151.5 80.5 -0.0645 0.0984087733216	4
-150 80.5 0.179216666667 0.0520092844276	6
-141 80.5 0.1651 NaN	1
-139.5 80.5 0.1465 NaN	1
-136.5 80.5 0.202472727273 0.118165266393	11
-135 80.5 0.218091304348 0.0772946012053	23
-133.5 80.5 0.199023076923 0.0979907123997	39
-132 80.5 0.186861666667 0.112238395031	60
-130.5 80.5 0.220892307692 0.151756876412	26
-129 80.5 0.181264705882 0.135422103722	17
-127.5 80.5 0.18107 0.114377400559	30
-126 80.5 0.0909775510204 0.106868471078	49
-124.5 80.5 0.105703676471 0.130968767783	136
-123 80.5 0.134129285714 0.122524987612	140
-121.5 80.5 0.123704545455 0.119058699913	132
-120 80.5 0.191643548387 0.103395734066	186
-118.5 80.5 0.145208247423 0.120793897755	194
-117 80.5 0.139139069767 0.106682628105	215
-115.5 80.5 0.120783977901 0.126502421223	181
-114 80.5 0.176029545455 0.103710241718	220
-112.5 80.5 0.108593710692 0.115352908522	159
-111 80.5 0.109000485437 0.125917634906	206
-109.5 80.5 0.166761792453 0.120183631625	212
-108 80.5 0.202435458167 0.116985903671	251
-106.5 80.5 0.168583510638 0.128576345719	188
-105 80.5 0.170406930693 0.122921609376	101
-103.5 80.5 0.19283125 0.155614036165	80
-102 80.5 0.240407801418 0.108362011709	141
-100.5 80.5 0.225842045455 0.136565996611	88
-99 80.5 0.17559 0.148691496058	10
-9 80.5 0.2438 0.0722310182678	6
-7.5 80.5 0.279435897436 0.108348600378	39
-6 80.5 0.205956338028 0.114324117734	142
-4.5 80.5 0.21324969697 0.137048402801	165
-3 80.5 0.219154320988 0.108163066508	162
-1.5 80.5 0.258019313305 0.0939754168857	233
0 80.5 0.256143859649 0.0859627956821	171
1.5 80.5 0.269273563218 0.0817418646258	87
3 80.5 0.310178195489 0.0900777242991	133
4.5 80.5 0.255603174603 0.110249346378	63
6 80.5 0.302128571429 0.125808172377	42
7.5 80.5 0.252329166667 0.101053360579	48
9 80.5 0.308986666667 0.101463505755	45
10.5 80.5 0.268435294118 0.110094806096	51
12 80.5 0.289590196078 0.100909114068	51
13.5 80.5 0.32965 0.0972797946558	30
15 80.5 0.215028571429 0.105482729121	21
16.5 80.5 0.216025 0.0923946001824	8
25.5 80.5 0.176983333333 0.0384788470028	6
27 80.5 0.142894736842 0.0650481059053	19
28.5 80.5 0.13682 0.100716215179	15
30 80.5 0.2628 0.0737293247856	10
31.5 80.5 0.0113555555556 0.114077554746	18
33 80.5 0.296638461538 0.0910002430259	13
34.5 80.5 0.188758139535 0.122470399208	43
36 80.5 0.1168875 0.184001765811	8
37.5 80.5 0.078325 0.123825694022	4
39 80.5 0.2092 0.0987242624688	4
40.5 80.5 0.233073684211 0.107265557494	19
42 80.5 0.0895266666667 0.126378221828	15
43.5 80.5 -0.13005 0.0613061579289	2
64.5 80.5 0.1461 0.0217788888605	2
66 80.5 0.1345 NaN	1
67.5 80.5 0.249690909091 0.0865847152163	11
69 80.5 0.198462857143 0.0981667851031	35
70.5 80.5 0.145593548387 0.106351940698	31
72 80.5 0.104686666667 0.0797983070593	15
73.5 80.5 0.2456375 0.0812447086189	8
75 80.5 0.107552941176 0.150848620799	17
76.5 80.5 0.171452173913 0.131359222501	23
78 80.5 0.233705555556 0.0836648951066	18
81 80.5 0.2754 NaN	1
82.5 80.5 0.197158441558 0.108897420769	77
84 80.5 0.148655 0.0787747987687	20
85.5 80.5 0.236206849315 0.112937650361	73
87 80.5 0.183413333333 0.10734754024	60
88.5 80.5 0.15076744186 0.100668609381	43
90 80.5 0.14804 0.0544516574587	5
91.5 80.5 0.335533333333 0.112730667227	3
103.5 80.5 0.180844444444 0.184260448219	9
105 80.5 0.0929666666667 0.0834123891677	6
106.5 80.5 0.163028571429 0.0810328084417	14
108 80.5 0.1592 0.0656195092941	2
109.5 80.5 0.128533333333 0.057576934039	3
111 80.5 0.1171 0.0484870085693	3
112.5 80.5 0.00255 0.282064895015	2
114 80.5 -0.0716666666667 0.0407432612015	3
115.5 80.5 0.117766666667 0.0981260583807	3
117 80.5 0.2349 NaN	1
118.5 80.5 0.24275 0.00332340187157	2
120 80.5 0.20494 0.0615666549359	5
121.5 80.5 0.18185 0.168594434467	4
123 80.5 0.270057142857 0.0915783427298	7
124.5 80.5 0.198188888889 0.0733106309556	9
126 80.5 0.192036363636 0.0766793619265	11
127.5 80.5 0.244533333333 0.101511969738	9
129 80.5 0.252814285714 0.0727513175254	35
130.5 80.5 0.199963157895 0.0515132044618	19
132 80.5 0.224151282051 0.0826461858635	39
133.5 80.5 0.239104761905 0.0805580897889	42
135 80.5 0.194675 0.092355461849	16
136.5 80.5 0.186347058824 0.0623193701594	17
138 80.5 0.189663333333 0.10581270533	30
139.5 80.5 0.211972413793 0.11724297998	29
141 80.5 0.190873529412 0.128239294098	34
142.5 80.5 0.244179310345 0.0790882300224	29
144 80.5 0.227216666667 0.0885137654078	24
145.5 80.5 0.227226315789 0.0754424198542	19
147 80.5 0.256404545455 0.0659380118515	22
148.5 80.5 0.201678947368 0.103604276933	19
150 80.5 0.185853846154 0.146969773624	13
151.5 80.5 0.184314285714 0.0622403882866	14
153 80.5 0.217931818182 0.0908777535057	22
154.5 80.5 0.203595238095 0.0943445360166	21
156 80.5 0.204012765957 0.11094764652	47
157.5 80.5 0.221517910448 0.105764970894	67
159 80.5 0.20437027027 0.110278291471	74
160.5 80.5 0.15334556962 0.08671725466	79
162 80.5 0.131996610169 0.114675808359	59
163.5 80.5 0.127723076923 0.0926967919638	65
165 80.5 0.166273684211 0.10265432268	76
166.5 80.5 0.134893103448 0.0980263883242	29
168 80.5 0.139147727273 0.127476451977	44
169.5 80.5 0.145205263158 0.0955958826097	76
171 80.5 0.200581818182 0.104909913232	44
172.5 80.5 0.199050666667 0.12852544219	75
174 80.5 0.1923140625 0.111356414584	64
175.5 80.5 0.177939175258 0.0924030511725	97
177 80.5 0.1765 0.114302864356	76
178.5 80.5 0.190668292683 0.0949404256064	82
-180 80 0.206999056604 0.0836972338341	106
-178.5 80 0.182014634146 0.0904805963103	123
-177 80 0.24829375 0.0885310914494	32
-175.5 80 0.201072727273 0.0710646197613	11
-174 80 0.22937826087 0.0534543248974	46
-172.5 80 0.225832352941 0.0649515237444	34
-171 80 0.231212727273 0.074032650591	55
-169.5 80 0.2527 0.0523029362738	8
-168 80 0.243966666667 0.0572756783751	3
-166.5 80 0.26018 0.0552141849729	10
-165 80 0.208015625 0.0649140131468	32
-163.5 80 0.181433333333 0.0922789051373	21
-136.5 80 0.160575 0.097607799381	4
-135 80 -0.056075 0.077332027647	4
-133.5 80 0.16822972973 0.135022777636	37
-132 80 0.15565 0.159233966575	10
-130.5 80 0.195911764706 0.11878258771	68
-129 80 0.171426966292 0.0994255074781	89
-127.5 80 0.124296341463 0.118297474426	82
-126 80 0.136542553191 0.110437215578	47
-124.5 80 0.1353 0.1175620963	38
-123 80 0.0995664772727 0.121676764121	176
-121.5 80 0.132385585586 0.106758996084	111
-120 80 0.132565243902 0.11220562992	164
-118.5 80 0.188686470588 0.123646407454	170
-117 80 0.136840939597 0.113684433443	149
-115.5 80 0.155701212121 0.108859273661	165
-114 80 0.186796551724 0.109117901945	232
-112.5 80 0.15952 0.10995624566	100
-111 80 0.178155882353 0.0938181362415	102
-109.5 80 0.139919047619 0.120997503276	147
-108 80 0.1273656 0.107261358601	125
-106.5 80 0.177634545455 0.129093578487	110
-105 80 0.355283050847 0.130969683452	59
-103.5 80 0.238917391304 0.146322440452	46
-102 80 0.18705 0.273296770929	2
-69 80 0.10105 0.217359924242	4
-15 80 0.09835 0.106800817725	16
-13.5 80 0.143383333333 0.144575565855	12
-12 80 0.139145454545 0.12374789989	11
-10.5 80 0.0821111111111 0.206830386092	9
-9 80 0.3331 0.0505536348842	3
-7.5 80 0.242938461538 0.0912955780096	13
-6 80 0.195089230769 0.115997962163	65
-4.5 80 0.20436625 0.112632270421	80
-3 80 0.213670175439 0.0918158054494	57
-1.5 80 0.224362376238 0.0959765740704	101
0 80 0.23734 0.108616860687	95
1.5 80 0.278495833333 0.0850349926906	24
3 80 0.146225 0.0801624756354	4
28.5 80 0.166375 0.111249760299	4
30 80 0.2742 0.154714963724	2
33 80 0.2631 0.0489967345851	4
36 80 0.09378 0.142195224955	5
37.5 80 0.2725 0.022627416998	2
39 80 0.229872727273 0.135279459571	11
40.5 80 0.0514 NaN	1
42 80 0.0460647058824 0.110475602177	17
43.5 80 -0.0570333333333 0.0944266205403	6
45 80 0.2136 0.0641090867194	5
46.5 80 0.11524 0.255874721299	5
48 80 0.0702 0.205222432172	4
54 80 0.336025 0.0687433572548	4
61.5 80 0.26395 0.0692257538782	2
63 80 0.2491125 0.0452288289069	8
64.5 80 0.35784 0.047869489239	5
66 80 0.168718181818 0.0946582887885	11
67.5 80 0.250457142857 0.0542367912381	7
69 80 0.167916666667 0.113367320138	24
70.5 80 0.10450952381 0.104198588785	21
72 80 0.1750625 0.0650620569149	8
73.5 80 0.18111875 0.0889591458199	16
75 80 0.17188 0.126030619295	5
76.5 80 0.2717 0.0486489465456	2
78 80 -0.000115384615385 0.139540407602	26
79.5 80 0.18105 0.147547222949	6
81 80 0.207184848485 0.0692146485634	33
82.5 80 0.228656521739 0.0973881634869	23
84 80 0.125256756757 0.1437399147	37
85.5 80 0.225003448276 0.0470988131694	29
87 80 0.196106060606 0.10882842557	33
88.5 80 0.171394117647 0.100889856221	17
103.5 80 0.25625 0.137532268941	2
106.5 80 0.3061 NaN	1
108 80 0.0078 0.192474465839	2
109.5 80 0.102983333333 0.190647039491	6
111 80 0.188153846154 0.142663103239	13
112.5 80 0.11915 0.0785595633898	2
114 80 0.2406 0.00282842712475	2
121.5 80 0.160466666667 0.0136566223252	3
124.5 80 0.2995 0.0764641286027	28
126 80 0.252741666667 0.0612994803231	12
127.5 80 0.171469230769 0.146420441336	13
129 80 0.159075 0.256680143044	4
130.5 80 0.192233333333 0.0852107426717	6
132 80 0.180766666667 0.0359514023834	3
135 80 0.1643 0.00367695526217	2
136.5 80 0.192925 0.079995973857	4
138 80 0.2016 0.0230516810667	2
139.5 80 0.2301 0.109437483785	15
141 80 0.267715789474 0.082148863948	19
142.5 80 0.2346 NaN	1
144 80 0.16094 0.09158856309	10
147 80 0.186804545455 0.137998994052	22
148.5 80 0.252833333333 0.118724906121	3
150 80 0.194266666667 0.0626668971627	9
151.5 80 0.260057894737 0.0743720998747	19
153 80 0.199261904762 0.109599276805	21
154.5 80 0.201411111111 0.0929369816817	27
156 80 0.201275862069 0.111703122655	29
157.5 80 0.21230952381 0.0814683143839	42
159 80 0.232305882353 0.106371586141	17
160.5 80 0.18775 0.0784306814638	40
162 80 0.168820408163 0.108462316766	49
163.5 80 0.177928421053 0.080711890636	95
165 80 0.21350952381 0.0971003172724	42
166.5 80 0.188426506024 0.111205462539	83
168 80 0.15186 0.117636255531	40
169.5 80 0.123703571429 0.135279758093	28
171 80 0.140530434783 0.0958928588771	69
172.5 80 0.189864516129 0.113647945171	62
174 80 0.139093333333 0.111130947716	30
175.5 80 0.185261764706 0.0826643194243	34
177 80 0.222674137931 0.0879025093579	116
178.5 80 0.212778481013 0.0867001296407	79
-180 79.5 0.200841025641 0.0829575113215	78
-178.5 79.5 0.219409473684 0.0753515407708	95
-177 79.5 0.226293939394 0.100374092396	66
-175.5 79.5 0.203436842105 0.0747961343475	95
-174 79.5 0.180653658537 0.0566788357198	82
-172.5 79.5 0.193095833333 0.101577631392	24
-171 79.5 0.188538461538 0.0728007387607	13
-169.5 79.5 0.165383333333 0.0638443258338	18
-168 79.5 0.219555555556 0.0709206794791	9
-166.5 79.5 0.25435 0.0191625937702	2
-165 79.5 0.278566666667 0.060679018889	3
-163.5 79.5 0.0777 NaN	1
-151.5 79.5 0.2704 NaN	1
-139.5 79.5 0.0112272727273 0.0663522432312	11
-138 79.5 0.0504794871795 0.135385088543	39
-136.5 79.5 0.118383333333 0.0963786992373	6
-135 79.5 0.2073 NaN	1
-133.5 79.5 0.164175 0.130888204039	24
-132 79.5 0.123352941176 0.132831016322	17
-130.5 79.5 0.228863636364 0.081209784453	22
-129 79.5 0.1191 0.119517646944	59
-127.5 79.5 0.178768461538 0.105954010818	130
-126 79.5 0.132075 0.111444505897	96
-124.5 79.5 0.144240322581 0.112362416625	124
-123 79.5 0.134240310078 0.108290003809	129
-121.5 79.5 0.17759 0.08929114111	110
-120 79.5 0.173796875 0.11925912032	96
-118.5 79.5 0.169107784431 0.107773548845	167
-117 79.5 0.165466304348 0.086422630427	92
-115.5 79.5 0.131030232558 0.11923377904	43
-114 79.5 0.149374736842 0.103964658447	95
-112.5 79.5 0.199754166667 0.120767888783	48
-111 79.5 0.227744680851 0.150652434443	47
-109.5 79.5 0.183191139241 0.126788069881	79
-108 79.5 0.198271929825 0.128409320081	57
-106.5 79.5 0.292263636364 0.15610251377	22
-105 79.5 0.475291666667 0.106553517546	24
-102 79.5 0.141728571429 0.217335437472	7
-72 79.5 0.2801 0.00678822509939	2
-70.5 79.5 0.0521333333333 0.131545606793	6
-69 79.5 0.208 0.0497598901392	4
-16.5 79.5 0.2829 0.0188090403796	2
-15 79.5 0.138871428571 0.114848113362	21
-13.5 79.5 0.172968181818 0.0904006815522	22
-12 79.5 0.19003125 0.133715333046	16
-10.5 79.5 0.1467 NaN	1
-9 79.5 0.17578 0.177911637244	10
-7.5 79.5 0.196904761905 0.13168079008	21
-6 79.5 0.224531578947 0.094173647001	76
-4.5 79.5 0.210624793388 0.0891921131425	121
-3 79.5 0.236287234043 0.0875435459767	47
-1.5 79.5 0.271063768116 0.0977753306596	69
0 79.5 0.295149253731 0.0947691827118	67
30 79.5 0.12463125 0.134069134995	16
31.5 79.5 0.133591666667 0.160427839674	12
33 79.5 0.204210714286 0.111063366429	28
34.5 79.5 0.147071428571 0.158492436353	7
36 79.5 0.04355 0.0847342709101	4
37.5 79.5 0.193866666667 0.0904500046066	3
39 79.5 0.0185 0.13449522916	4
42 79.5 0.169428571429 0.10574117478	14
43.5 79.5 0.220586956522 0.107203274646	23
45 79.5 0.260653846154 0.142495436274	13
46.5 79.5 0.107107407407 0.165620708771	27
48 79.5 0.24635 0.0331633080376	2
49.5 79.5 0.267778571429 0.0808459615905	14
51 79.5 0.229704545455 0.090690381058	22
52.5 79.5 0.216583076923 0.134904733249	65
54 79.5 0.153123684211 0.0935665868815	38
55.5 79.5 0.18662 0.146396683885	20
57 79.5 0.159608695652 0.148311814993	23
58.5 79.5 0.158675 0.163638789935	8
60 79.5 0.238111111111 0.147392536681	18
61.5 79.5 0.217565217391 0.0620561081068	23
63 79.5 0.173565384615 0.118334289003	26
64.5 79.5 0.157814285714 0.100714915905	21
66 79.5 0.1594 0.0833032412335	3
67.5 79.5 0.126741666667 0.128625770302	36
69 79.5 0.1056625 0.102492060668	16
70.5 79.5 0.197233333333 0.0959146127614	18
72 79.5 0.1014 0.175249850214	3
73.5 79.5 0.126876666667 0.112408340233	30
75 79.5 0.11065 0.196875823808	4
79.5 79.5 0.206992307692 0.110424841129	26
81 79.5 0.14107027027 0.0963907725669	37
82.5 79.5 0.18657 0.111116565922	10
84 79.5 0.182087878788 0.0933150033408	33
85.5 79.5 0.168567741935 0.0807802962242	31
87 79.5 0.20198 0.103465849438	5
88.5 79.5 0.15646 0.104704146156	10
90 79.5 0.29592 0.0568060912227	5
106.5 79.5 0.2436 0.00311126983722	2
108 79.5 0.1284 0.120302036558	9
109.5 79.5 -0.0397 NaN	1
111 79.5 0.289783333333 0.0621553993364	6
112.5 79.5 0.225575 0.136770425044	4
114 79.5 0.1236 0.130524046316	7
115.5 79.5 0.2393 0.05600285707	2
124.5 79.5 0.1779 NaN	1
126 79.5 0.1907 0.0944949734113	4
127.5 79.5 0.1886125 0.0748298325091	16
129 79.5 0.111816666667 0.149966837748	12
130.5 79.5 0.25838 0.0851564266512	5
133.5 79.5 0.176714285714 0.0948588756296	21
135 79.5 0.0451 0.135652951805	7
136.5 79.5 0.168269230769 0.0789532180536	13
139.5 79.5 0.147175 0.108952172229	4
141 79.5 0.1542 NaN	1
142.5 79.5 0.225566666667 0.0261201710051	3
144 79.5 0.2566 NaN	1
145.5 79.5 0.2064 0.133944802064	3
148.5 79.5 0.2805 0.134545035831	7
150 79.5 0.169281818182 0.0947368335779	11
151.5 79.5 0.19535 0.0700125107868	10
153 79.5 0.242476923077 0.073175216065	26
154.5 79.5 0.256005882353 0.0782109365002	17
156 79.5 0.235912 0.0943016495084	25
157.5 79.5 0.213835555556 0.0941826565668	45
159 79.5 0.174875862069 0.0813326048448	29
160.5 79.5 0.158429411765 0.102682212113	34
162 79.5 0.137032608696 0.113807478868	46
163.5 79.5 0.158007142857 0.0815193906884	28
165 79.5 0.154684848485 0.0988415971429	33
166.5 79.5 0.190983333333 0.11038934834	48
168 79.5 0.108595652174 0.10449026696	23
169.5 79.5 0.215513513514 0.110388858541	37
171 79.5 0.149772413793 0.129391509514	58
172.5 79.5 0.156328 0.0949336396368	50
174 79.5 0.168150704225 0.119669928044	71
175.5 79.5 0.187128767123 0.0896399177566	73
177 79.5 0.182193103448 0.0890136608187	87
178.5 79.5 0.18327 0.0821251598076	80
-180 79 0.2324734375 0.0887485752037	64
-178.5 79 0.185325 0.0907353929757	144
-177 79 0.166186792453 0.0821968346708	53
-175.5 79 0.19404375 0.0663508627026	48
-174 79 0.196651020408 0.0846051395268	49
-172.5 79 0.256557894737 0.0721322266997	19
-171 79 0.225436363636 0.127169102165	11
-169.5 79 0.234375 0.0484026428342	4
-168 79 0.22085 0.0547362463699	4
-165 79 0.1997 NaN	1
-154.5 79 0.291625 0.0529190813097	4
-138 79 0.0621264150943 0.118209221544	53
-136.5 79 0.105032786885 0.133181879049	61
-135 79 0.1851 0.180737267878	7
-133.5 79 0.1659875 0.0862956949348	8
-132 79 0.164348 0.0946713663153	25
-130.5 79 0.18594 0.160147503883	5
-129 79 0.162812121212 0.108425350926	33
-127.5 79 0.144926666667 0.148940942231	45
-126 79 0.128057425743 0.118061779037	101
-124.5 79 0.114597122302 0.108422730077	139
-123 79 0.144921641791 0.111877837083	134
-121.5 79 0.155470238095 0.109375732182	84
-120 79 0.175580412371 0.105535520915	97
-118.5 79 0.218185714286 0.111693495309	70
-117 79 0.1890578125 0.12646855661	64
-115.5 79 0.191189333333 0.0862470878056	75
-114 79 0.207626923077 0.124379594688	52
-112.5 79 0.225391666667 0.116155848393	60
-111 79 0.229756756757 0.139921353983	37
-109.5 79 0.14853 0.122133638367	30
-108 79 0.261712 0.131976662457	25
-73.5 79 0.0867666666667 0.135045412115	3
-72 79 0.1550625 0.16527243256	8
-16.5 79 0.11395 0.00770746391493	2
-13.5 79 0.095509375 0.150192855619	64
-12 79 0.10865 0.126540052948	10
-10.5 79 0.235172222222 0.162479196154	18
-9 79 0.258 0.0694378859125	2
-7.5 79 0.299958974359 0.0816223322058	39
-6 79 0.193705555556 0.108182848876	18
-4.5 79 0.258749315068 0.0918694637384	73
-3 79 0.217044642857 0.110823912614	56
-1.5 79 0.260447058824 0.0804957849645	17
0 79 0.35242 0.0808702499893	10
31.5 79 0.24332 0.0671248612662	5
33 79 0.250293333333 0.129523420202	15
34.5 79 0.2659 0.0499432678146	3
36 79 0.24418 0.099590446329	5
37.5 79 0.160725 0.158477850713	4
39 79 0.233683333333 0.0680179365827	12
40.5 79 0.198596 0.0720484355602	25
42 79 0.112644827586 0.0728227720772	29
43.5 79 0.178133333333 0.0901737016573	18
45 79 0.17275 0.117450436355	2
46.5 79 0.047525 0.159750312989	4
48 79 0.1109 0.0800571046191	7
49.5 79 0.141359574468 0.107221205032	47
51 79 0.113009677419 0.144453017402	31
52.5 79 0.244932727273 0.09241071177	55
54 79 0.188348 0.118095812514	25
55.5 79 0.136195454545 0.091812923031	22
57 79 0.0905666666667 0.08578711747	15
58.5 79 0.139333333333 0.137805088803	9
60 79 0.229415 0.0684628925616	20
61.5 79 0.14 0.133137597995	4
63 79 0.200766666667 0.124639460044	9
64.5 79 0.1625 0.0921411762658	34
66 79 0.107535555556 0.138451596654	45
67.5 79 0.156254545455 0.137892837839	11
69 79 0.0543333333333 0.0343782392413	3
70.5 79 0.03702 0.132280051406	5
72 79 0.0556925925926 0.119032315993	27
73.5 79 0.147883333333 0.126884412921	12
75 79 0.163938888889 0.136065045599	18
76.5 79 0.129264285714 0.0973193453202	28
78 79 0.06185 0.106159866868	16
79.5 79 0.0842763157895 0.0863706107242	38
81 79 0.120994736842 0.0904683577575	38
82.5 79 0.20034 0.0591039375048	15
84 79 0.220966666667 0.0972320030867	12
85.5 79 0.205227272727 0.0619871573026	33
87 79 0.136760714286 0.0738050401736	28
88.5 79 0.138816666667 0.0506236868142	6
90 79 0.2432 0.0176599830124	5
91.5 79 0.20855862069 0.117843614644	29
93 79 0.378733333333 0.0966645919318	3
94.5 79 0.14645 0.0861833925003	8
111 79 0.2767 NaN	1
112.5 79 0.09578 0.179149538096	5
114 79 0.1817 0.00466690475583	2
115.5 79 0.26295 0.0982285650918	6
120 79 0.212271428571 0.113600289235	7
121.5 79 0.1373 0.12628927112	2
123 79 0.1666 0.0971298272074	7
126 79 0.24495 0.0112429978209	2
127.5 79 0.2093 0.0655501843374	4
130.5 79 0.15165 0.0944387579334	6
132 79 0.0247666666667 0.146105998052	6
133.5 79 0.203466666667 0.0361078015577	3
136.5 79 0.2497 NaN	1
138 79 0.15406 0.14463285588	5
139.5 79 0.3093 0.0439726051082	3
141 79 0.1448 NaN	1
144 79 0.2848 NaN	1
148.5 79 0.258285714286 0.0831149891931	7
150 79 0.289833333333 0.0882365759384	3
151.5 79 0.197581818182 0.081157720744	11
153 79 0.238214285714 0.121130545326	14
154.5 79 0.237825 0.110583565687	8
156 79 0.230770833333 0.0861285665844	24
157.5 79 0.185488235294 0.0897938116072	17
159 79 0.204611764706 0.10830298289	17
160.5 79 0.200133333333 0.0635152555872	27
162 79 0.213004225352 0.0977450187794	71
163.5 79 0.214520967742 0.0808831724522	62
165 79 0.223608888889 0.0886182410481	45
166.5 79 0.164688888889 0.0891440076649	27
168 79 0.135665 0.109834039257	40
169.5 79 0.173796226415 0.11066023183	53
171 79 0.149258139535 0.103436990787	43
172.5 79 0.1781 0.0775274266746	54
174 79 0.184403846154 0.0987186365677	78
175.5 79 0.17845 0.0936192504595	54
177 79 0.1637725 0.121427741492	40
178.5 79 0.205873134328 0.0766306165218	67
-180 78.5 0.155796 0.108387054727	75
-178.5 78.5 0.1504453125 0.0986091755441	64
-177 78.5 0.204659649123 0.0840367497409	57
-175.5 78.5 0.212253846154 0.0708180697599	52
-174 78.5 0.235590909091 0.0705002972766	66
-172.5 78.5 0.184837837838 0.075507951573	37
-171 78.5 0.255144444444 0.0663508310255	9
-169.5 78.5 0.128933333333 0.0309542134989	3
-168 78.5 0.1521 0.14919953083	2
-166.5 78.5 0.244575 0.0820275715842	4
-156 78.5 0.181566666667 0.0469446837601	3
-150 78.5 0.204457142857 0.142010831244	7
-148.5 78.5 0.3122 NaN	1
-147 78.5 0.2393 NaN	1
-145.5 78.5 0.18625 0.0642760064099	2
-144 78.5 0.3096 NaN	1
-142.5 78.5 0.15175 0.0994784549538	6
-138 78.5 0.166666666667 0.104143129947	12
-136.5 78.5 0.159333333333 0.0997164282383	12
-135 78.5 0.131875 0.160543948144	8
-133.5 78.5 0.25494 0.120580711559	5
-132 78.5 0.180241176471 0.126019790404	17
-130.5 78.5 0.183080645161 0.139914384344	31
-129 78.5 0.124129166667 0.104823315027	24
-127.5 78.5 0.1443 0.127259577243	42
-126 78.5 0.187821052632 0.134089425297	19
-124.5 78.5 0.20887173913 0.104670597198	92
-123 78.5 0.202192307692 0.111976226337	78
-121.5 78.5 0.165276190476 0.102406806675	42
-120 78.5 0.180680808081 0.0999335326827	99
-118.5 78.5 0.240580357143 0.122571272033	112
-117 78.5 0.26423968254 0.0917608284636	189
-115.5 78.5 0.257246268657 0.100144447168	201
-114 78.5 0.218917391304 0.119820151789	23
-15 78.5 0.07398 0.118180577326	15
-13.5 78.5 -0.0187 0.220758737086	2
-12 78.5 0.22085 0.0459504842194	6
-10.5 78.5 0.227576923077 0.119475675027	13
-9 78.5 0.201709090909 0.132906981955	33
-7.5 78.5 0.209617241379 0.113188518632	58
-6 78.5 0.295502631579 0.105374807202	38
-4.5 78.5 0.280346969697 0.0971177100536	66
-3 78.5 0.301153846154 0.0756774142373	13
24 78.5 0.198 NaN	1
30 78.5 0.157585714286 0.130869058793	14
31.5 78.5 0.26993 0.102900966954	10
33 78.5 0.12848125 0.0995086610552	16
34.5 78.5 0.215085185185 0.0903432203565	27
36 78.5 -0.0264 NaN	1
37.5 78.5 0.185516666667 0.227097181107	6
39 78.5 0.147395 0.0905874946348	20
42 78.5 0.220533333333 0.0143723113428	3
43.5 78.5 0.06115 0.154928639487	4
45 78.5 -0.122671428571 0.0393300442531	7
46.5 78.5 0.155683333333 0.219556893917	6
48 78.5 0.11519 0.162362806702	10
49.5 78.5 0.19893125 0.189033551585	16
51 78.5 0.26913 0.0942919821029	10
52.5 78.5 0.118951351351 0.149952686282	37
54 78.5 0.0998 0.0361065091085	3
55.5 78.5 0.1529025 0.0949466232977	40
57 78.5 0.12365 0.121505802331	16
58.5 78.5 0.026375 0.183790829931	4
61.5 78.5 0.2120875 0.102814263011	8
63 78.5 0.04778 0.111766326388	15
64.5 78.5 0.14485 0.14133364732	38
66 78.5 0.176375 0.14468092244	12
70.5 78.5 0.1031 0.114997999983	4
72 78.5 0.101422222222 0.121647171954	9
73.5 78.5 0.0856882352941 0.120891769188	34
75 78.5 0.1719 0.0969462050143	7
76.5 78.5 0.179877272727 0.127184964415	22
78 78.5 0.0719395348837 0.0969015802602	43
79.5 78.5 0.10855 0.10963174629	74
81 78.5 0.201642857143 0.122535236466	14
82.5 78.5 0.183352941176 0.0798941183508	17
84 78.5 0.138795918367 0.0818874556917	49
85.5 78.5 0.146014285714 0.123291313949	7
87 78.5 0.144370833333 0.146241936171	24
88.5 78.5 0.2042 0.0237587878479	2
90 78.5 0.131922222222 0.0492597649654	9
91.5 78.5 0.125033333333 0.171228329877	15
93 78.5 0.156714285714 0.102626948456	14
94.5 78.5 0.144875 0.131126859206	40
96 78.5 0.178157142857 0.130152268196	49
97.5 78.5 0.0810923076923 0.123170535148	39
108 78.5 -0.0097 NaN	1
111 78.5 0.2748 NaN	1
112.5 78.5 0.16275 0.109339547588	4
114 78.5 0.1661125 0.170078875329	16
115.5 78.5 0.169925 0.183311526733	4
120 78.5 0.2368 NaN	1
121.5 78.5 0.1348 0.182539488878	5
126 78.5 0.1564 0.0495148462585	5
127.5 78.5 0.157133333333 0.0157052008371	3
129 78.5 0.22485 0.00827314933988	2
132 78.5 -0.0283 NaN	1
141 78.5 0.0894 0.0147078210487	2
142.5 78.5 0.233333333333 0.116966419682	3
144 78.5 0.2979 0.0652018915881	4
145.5 78.5 0.322125 0.0272552594313	4
148.5 78.5 0.284 0.0825900720426	2
150 78.5 0.17925 0.0826806473393	10
151.5 78.5 0.2968 0.0647709811567	2
153 78.5 0.212742857143 0.0828795885033	7
154.5 78.5 0.2776875 0.0567435191391	8
156 78.5 0.0503 0.101535461786	5
157.5 78.5 0.1742 0.133855855307	3
159 78.5 0.175735714286 0.124463356406	14
160.5 78.5 0.162405555556 0.0967622524373	18
162 78.5 0.183422222222 0.116137470028	9
163.5 78.5 0.202174074074 0.104964263489	27
165 78.5 0.201788888889 0.102520597006	18
166.5 78.5 0.171668181818 0.110278726465	22
168 78.5 0.218523529412 0.130528643226	34
169.5 78.5 0.159704 0.140357250971	25
171 78.5 0.155196296296 0.143639394857	27
172.5 78.5 0.16299122807 0.0844845765313	57
174 78.5 0.175946067416 0.0850162511954	89
175.5 78.5 0.157224324324 0.0847321118631	37
177 78.5 0.1707375 0.0982228211044	176
178.5 78.5 0.190180733945 0.100495627763	109
-180 78 0.134556521739 0.112811750082	46
-178.5 78 0.188656862745 0.0812434840585	51
-177 78 0.202994 0.0761101870679	50
-175.5 78 0.204213333333 0.0740081546343	15
-174 78 0.120216666667 0.115458709791	6
-172.5 78 0.1886 0.129824805026	2
-169.5 78 0.0485 0.0834619074788	3
-168 78 0.152925 0.0877945470972	4
-163.5 78 0.3082 0.110450079221	2
-160.5 78 0.1117 0.130673333163	2
-156 78 0.2119 0.152169379311	2
-150 78 0.162525 0.0868537611928	4
-148.5 78 0.1871 NaN	1
-147 78 0.179113636364 0.104108548185	22
-145.5 78 0.188170588235 0.108934021113	17
-144 78 0.196563636364 0.100651202404	11
-142.5 78 0.110366666667 0.133849762135	18
-141 78 0.1857 NaN	1
-139.5 78 0.3491 NaN	1
-138 78 0.191220833333 0.118471159503	24
-136.5 78 0.08525 0.146724657096	2
-132 78 0.096625 0.119348113577	36
-130.5 78 0.146788135593 0.121471268186	59
-129 78 0.120637349398 0.106826388344	83
-127.5 78 0.135482758621 0.111016259498	58
-126 78 0.0799235294118 0.123641626628	51
-124.5 78 0.203139130435 0.113872109917	69
-123 78 0.248767164179 0.101019994103	67
-121.5 78 0.182643902439 0.113428523312	82
-120 78 0.249534188034 0.107288076725	117
-118.5 78 0.245938461538 0.110100574617	52
-117 78 0.220556923077 0.10344830528	65
-73.5 78 0.1943 NaN	1
-16.5 78 0.0652666666667 0.0784831404401	3
-15 78 -0.025725 0.177429730222	4
-13.5 78 0.144958333333 0.0875300307773	12
-12 78 0.0815 NaN	1
-10.5 78 0.18426 0.0829093547403	30
-9 78 0.176712820513 0.0998742187361	39
-7.5 78 0.146668493151 0.104653017789	73
-6 78 0.199823529412 0.122218516035	17
-4.5 78 0.279952380952 0.0978716997862	21
-3 78 -0.161033333333 0.0326000511247	3
27 78 -0.083 NaN	1
28.5 78 0.180933333333 0.189165174737	3
30 78 0.3858 NaN	1
33 78 0.248692307692 0.0810083993746	13
34.5 78 0.173553333333 0.109472781135	15
36 78 0.176085714286 0.132282002159	7
37.5 78 0.147457142857 0.163070361676	7
39 78 0.186777272727 0.0931642018508	22
40.5 78 0.193158974359 0.100946989001	39
42 78 -0.1103 NaN	1
43.5 78 0.3522 NaN	1
48 78 0.105151724138 0.111099519543	58
49.5 78 0.07105 0.145094302668	4
51 78 0.209842857143 0.129667290365	7
52.5 78 0.0294 0.0990672787266	8
54 78 0.157211842105 0.106298358679	76
55.5 78 0.149463157895 0.135227697732	19
67.5 78 0.2997 NaN	1
69 78 0.192825 0.169050328516	8
70.5 78 0.1356 0.116598198957	11
75 78 0.142875 0.195885125775	4
76.5 78 0.111144444444 0.143166285409	9
78 78 0.131858823529 0.12027389606	17
79.5 78 0.107026086957 0.11403253211	23
81 78 0.205638235294 0.0915083338305	34
82.5 78 0.21495 0.0767388493529	6
84 78 0.1427 0.090531431006	32
85.5 78 0.187119642857 0.105665230231	56
87 78 0.209947058824 0.0915773792869	17
90 78 0.153328571429 0.0980576482532	7
91.5 78 0.09075 0.129754094348	2
93 78 0.0905333333333 0.0654130211298	3
94.5 78 0.0115333333333 0.12966312763	6
96 78 0.189628571429 0.132068791598	7
97.5 78 0.0606 0.0554350671206	4
109.5 78 0.111057142857 0.0413168995748	7
111 78 0.28115 0.109241216275	4
112.5 78 0.198775 0.0743600651272	8
114 78 0.12155 0.00247487373415	2
115.5 78 0.1196 0.114332031091	4
120 78 0.1568 NaN	1
144 78 0.2185 0.0532087586775	6
145.5 78 0.2163 NaN	1
148.5 78 0.2729 NaN	1
150 78 0.124211111111 0.0520005395271	9
151.5 78 0.204521428571 0.0964734892127	14
153 78 0.242604761905 0.0565484259391	21
154.5 78 0.19788 0.077030020122	10
156 78 0.204325 0.0360736630614	4
157.5 78 0.206644444444 0.103941174603	9
159 78 0.186458333333 0.087148728237	12
160.5 78 0.189 0.0815469573313	17
162 78 0.168334482759 0.0790790575304	29
163.5 78 0.165165384615 0.0829754129477	26
165 78 0.1413 0.0724250992405	5
166.5 78 0.1447625 0.0663869933077	24
168 78 0.175061538462 0.141556027288	26
169.5 78 0.171072641509 0.0904092647307	106
171 78 0.124547619048 0.0955208455856	105
172.5 78 0.178874576271 0.090293024119	59
174 78 0.164356521739 0.0985510463379	46
175.5 78 0.189456603774 0.0847630692481	106
177 78 0.157381132075 0.090126274404	159
178.5 78 0.148960869565 0.120804309977	92
-180 77.5 0.208383333333 0.0723012741411	12
-178.5 77.5 0.178262962963 0.0814302870707	27
-177 77.5 0.158538888889 0.106794487294	18
-175.5 77.5 0.213509090909 0.0876972457326	11
-174 77.5 0.009575 0.047594423693	4
-171 77.5 0.08046 0.0322522557351	5
-169.5 77.5 0.1616 0.101123488864	3
-166.5 77.5 0.2843 0.0165462986798	2
-165 77.5 0.2395 NaN	1
-162 77.5 0.2567 0.00127279220612	2
-160.5 77.5 0.0897333333333 0.0293793011036	3
-159 77.5 0.2687 NaN	1
-157.5 77.5 0.107275 0.0974301245338	4
-154.5 77.5 0.2551 0.132794653507	2
-148.5 77.5 0.1207 0.022627416998	2
-145.5 77.5 0.160352941176 0.0794301274521	17
-144 77.5 0.161578 0.102966394934	50
-142.5 77.5 0.0904644444444 0.0961432197665	45
-141 77.5 -0.03185 0.12539433799	8
-139.5 77.5 0.12592 0.0948040452723	5
-138 77.5 0.114133333333 0.0485965362277	3
-136.5 77.5 0.13479047619 0.112714621522	21
-135 77.5 0.07209 0.0971695476989	10
-133.5 77.5 0.20246875 0.0670837160445	16
-132 77.5 0.113223076923 0.131350710109	26
-130.5 77.5 0.0345545454545 0.133976873852	11
-129 77.5 0.20393 0.0865195809565	10
-127.5 77.5 0.119779310345 0.144596806824	87
-126 77.5 0.160045945946 0.139417154999	37
-124.5 77.5 0.157895575221 0.117717752173	113
-123 77.5 0.187818421053 0.139189772953	38
-121.5 77.5 0.22858 0.114662761423	15
-120 77.5 0.267090322581 0.070227873644	31
-118.5 77.5 0.275883333333 0.0693065929297	18
-76.5 77.5 0.0928444444444 0.135170384248	9
-75 77.5 0.1454 NaN	1
-16.5 77.5 0.0739 0.168352338861	3
-15 77.5 0.224765909091 0.117492849744	44
-13.5 77.5 0.189818181818 0.114244434078	77
-12 77.5 0.15705 0.149778312108	10
-10.5 77.5 0.21975 0.120895858372	8
-9 77.5 0.209151315789 0.13755634239	76
-7.5 77.5 0.244869444444 0.110707660903	36
-6 77.5 0.0495666666667 0.132569239771	3
-4.5 77.5 0.426340909091 0.123479694336	22
25.5 77.5 0.15102 0.155024310997	5
27 77.5 0.175933333333 0.0935139740003	3
30 77.5 0.274925 0.0854833275307	8
31.5 77.5 0.211472 0.099840007512	25
33 77.5 0.35325 0.0249608693759	2
34.5 77.5 0.2887 0.022061731573	2
36 77.5 0.217825 0.0945353329008	4
37.5 77.5 0.16823 0.116282233763	10
39 77.5 0.10934 0.111332578341	5
40.5 77.5 0.163938709677 0.120132944905	31
42 77.5 0.216958333333 0.103082856862	12
43.5 77.5 0.136259090909 0.132747489113	22
45 77.5 0.309525 0.157105471473	4
48 77.5 0.10475 0.230861506103	6
51 77.5 0.17545 0.171614815794	2
69 77.5 0.095525 0.0729548443778	12
72 77.5 0.143 0.0351874977798	4
76.5 77.5 0.054175 0.145293206425	4
78 77.5 0.163625806452 0.0929647561202	62
79.5 77.5 0.144766666667 0.072905793094	6
81 77.5 0.182023076923 0.129935908264	13
84 77.5 0.120176470588 0.0748422969434	17
85.5 77.5 0.185011904762 0.0885228596696	42
87 77.5 0.13503125 0.0956020551993	16
88.5 77.5 0.174042857143 0.126477426934	7
93 77.5 0.05868125 0.114733989261	16
94.5 77.5 0.1637015625 0.10864872404	64
96 77.5 0.103055555556 0.121101518478	9
97.5 77.5 0.156033333333 0.0715248441685	3
99 77.5 0.138425 0.0993102000468	4
100.5 77.5 0.112355555556 0.148140306054	9
102 77.5 0.04465 0.246426713244	2
112.5 77.5 0.16885 0.0320319371878	2
114 77.5 0.208166666667 0.0294472975557	3
121.5 77.5 0.1531 NaN	1
123 77.5 0.0008 NaN	1
132 77.5 0.2373 0.109194139037	3
144 77.5 0.10805 0.0215667568262	2
145.5 77.5 0.3175 NaN	1
150 77.5 0.31275 0.00558614357138	2
151.5 77.5 -0.1411 NaN	1
153 77.5 0.1193 0.0295193157102	3
154.5 77.5 0.120628571429 0.113407226611	7
156 77.5 0.1997 0.0885912335768	4
157.5 77.5 0.21383 0.0672522952933	10
159 77.5 0.178169230769 0.110754107408	13
160.5 77.5 0.185652173913 0.0836420885221	23
162 77.5 0.2219 0.0171119841047	2
163.5 77.5 0.19109375 0.0870398534506	32
165 77.5 0.134677272727 0.136924626231	22
166.5 77.5 0.201911428571 0.0894798063694	35
168 77.5 0.212649122807 0.100490566584	57
169.5 77.5 0.194258333333 0.103889779632	48
171 77.5 0.1821825 0.0829814326876	80
172.5 77.5 0.173401075269 0.0797463649091	93
174 77.5 0.180427160494 0.0855893086377	81
175.5 77.5 0.1897125 0.109746475438	32
177 77.5 0.12267 0.086566020074	90
178.5 77.5 0.1835 0.0850124145346	33
-180 77 0.158295 0.0727000685994	40
-178.5 77 0.18265 0.0757311362651	2
-177 77 0.146507692308 0.119125301409	13
-171 77 0.225071428571 0.0309011711906	7
-169.5 77 0.14845 0.104581092937	2
-168 77 0.1295 0.110808062282	4
-166.5 77 0.2103 0.0428506709399	2
-165 77 0.130066666667 0.0745502738649	3
-163.5 77 0.261175 0.0412154805059	4
-162 77 0.3558 NaN	1
-160.5 77 0.272466666667 0.0673912061523	6
-159 77 0.1892 NaN	1
-154.5 77 0.1088 0.177590685084	8
-148.5 77 0.2515 NaN	1
-145.5 77 0.151677777778 0.0696117047948	9
-144 77 0.2618375 0.102294210666	8
-142.5 77 0.224839393939 0.0748237593423	33
-141 77 0.18807 0.0555911778309	20
-139.5 77 0.279325 0.0245444324984	4
-138 77 0.2603875 0.0677529005705	8
-136.5 77 0.134696153846 0.126184777151	26
-135 77 0.135163636364 0.116698747475	22
-133.5 77 0.203047727273 0.101864982432	44
-132 77 0.18089 0.135865367409	50
-130.5 77 0.106342857143 0.144144547491	21
-129 77 0.0664285714286 0.150810826119	14
-127.5 77 0.1277 0.115079762194	13
-126 77 0.0994022727273 0.13610607438	44
-124.5 77 0.218696551724 0.108683745868	87
-123 77 0.256194339623 0.106732700661	53
-121.5 77 0.314125 0.0244881433895	4
-111 77 -0.001925 0.110553041568	24
-76.5 77 0.21145 0.153676605246	6
-18 77 0.209175 0.0663447749764	4
-16.5 77 0.11505625 0.1644775441	48
-15 77 0.0373285714286 0.153970470267	7
-13.5 77 0.26045 0.0746065654978	14
-12 77 0.227527118644 0.108135022167	118
-10.5 77 0.215861818182 0.11348718552	165
-9 77 0.275480851064 0.0826262374385	94
-7.5 77 0.144164285714 0.1029933501	14
-6 77 0.2952 NaN	1
22.5 77 0.240566666667 0.105061045746	3
27 77 0.1366125 0.105252559351	8
28.5 77 0.1615 NaN	1
31.5 77 0.148 0.0736805265996	2
37.5 77 0.361 NaN	1
39 77 0.2706375 0.116932006342	8
40.5 77 0.0263 0.0302641702348	2
42 77 0.20745 0.0791762303633	12
46.5 77 0.17375 0.1477613955	4
70.5 77 -0.0576 0.0878503652051	4
75 77 0.0900375 0.0767976364499	8
78 77 0.1267 0.114409877196	2
79.5 77 0.181757142857 0.117007049035	7
81 77 0.184084615385 0.103420611842	26
82.5 77 0.23052 0.0790571755124	5
84 77 0.104525 0.0658969587057	4
85.5 77 0.160026315789 0.0960509230802	19
87 77 0.185485714286 0.0682987810438	28
88.5 77 0.21925 0.0166170093579	2
91.5 77 0.25225 0.0955301261383	2
93 77 0.2307625 0.104232815473	8
94.5 77 0.177703703704 0.0979075446196	27
99 77 0.1128 NaN	1
114 77 -0.0064 0.0325269119346	2
115.5 77 0.256 NaN	1
120 77 0.24875 0.0580534667354	2
129 77 0.252244444444 0.0733658829278	9
138 77 0.2287 0.00169705627485	2
150 77 0.171566666667 0.0800240797094	3
151.5 77 0.2459 0.0456790980647	2
154.5 77 0.210333333333 0.0795119645085	9
156 77 -0.1231 NaN	1
159 77 0.1661125 0.191911098745	8
160.5 77 0.2091375 0.0465338260224	8
162 77 0.126665 0.10420081965	20
163.5 77 0.133833333333 0.0957130886208	21
165 77 0.1966125 0.0823705205778	40
166.5 77 0.110133333333 0.075300659581	21
168 77 0.173636842105 0.140171839819	19
169.5 77 0.205675 0.0980843680854	60
171 77 0.20910862069 0.0892578863477	58
172.5 77 0.206617355372 0.0980034307883	121
174 77 0.210046341463 0.0841692301702	82
175.5 77 0.207022222222 0.113989711594	36
177 77 0.194831034483 0.0930908009244	29
178.5 77 0.140127083333 0.114373168144	48
180 77 0.2354 NaN	1
-180 76.5 0.10405 0.0276478751444	2
-178.5 76.5 0.1767 0.033106343803	3
-175.5 76.5 0.126183333333 0.0654558910005	6
-174 76.5 0.2844 NaN	1
-169.5 76.5 0.1849 NaN	1
-168 76.5 0.2709 0.037069394384	4
-166.5 76.5 0.0695 NaN	1
-165 76.5 0.1758 NaN	1
-163.5 76.5 0.20618 0.0388342288881	10
-162 76.5 0.19665 0.0942573339322	2
-160.5 76.5 0.24105 0.0845876291192	6
-159 76.5 0.1738 0.0722405426336	6
-156 76.5 0.182633333333 0.0769592273003	6
-154.5 76.5 -0.0634 0.0356381817718	2
-151.5 76.5 0.221814285714 0.0877872129749	7
-147 76.5 0.22085 0.144744758109	2
-145.5 76.5 0.192222222222 0.0829412107727	9
-144 76.5 0.215347222222 0.0995346299711	36
-142.5 76.5 0.154542105263 0.074633707873	19
-141 76.5 0.208566176471 0.0886740982732	68
-139.5 76.5 0.208424324324 0.0883308943229	37
-138 76.5 0.212425 0.0964212913976	24
-136.5 76.5 0.170924137931 0.107130320022	29
-135 76.5 0.1388 NaN	1
-133.5 76.5 0.12235 0.0817295846068	10
-132 76.5 0.06270625 0.157974291025	16
-130.5 76.5 0.130898333333 0.130435303129	60
-129 76.5 0.124655555556 0.110047039259	18
-127.5 76.5 0.0992766666667 0.154285265758	30
-126 76.5 0.200246666667 0.136794642056	15
-124.5 76.5 0.145499019608 0.132751099263	102
-123 76.5 0.13445 0.0194454364826	2
-76.5 76.5 0.2186 NaN	1
-75 76.5 -0.0417666666667 0.181883818228	3
-16.5 76.5 0.0358 0.218282477538	3
-15 76.5 0.2279625 0.0936323652453	8
-13.5 76.5 0.18562745098 0.150542217439	51
-12 76.5 0.16659047619 0.131582912663	21
-10.5 76.5 0.247346491228 0.113027947973	114
-9 76.5 0.282355 0.0790907753382	40
-7.5 76.5 0.1893 NaN	1
-6 76.5 -0.023 NaN	1
22.5 76.5 0.1264 0.140397768263	7
27 76.5 0.3055 NaN	1
39 76.5 0.223233333333 0.0944597445123	3
72 76.5 0.3008 NaN	1
75 76.5 0.25765 0.0576292026667	2
76.5 76.5 0.1652 NaN	1
78 76.5 0.154675 0.0777466783856	16
79.5 76.5 0.13638 0.077415628626	10
81 76.5 0.118063636364 0.0786389632781	11
82.5 76.5 0.0762714285714 0.0450711923622	7
84 76.5 0.203385714286 0.0727174178388	14
85.5 76.5 0.158618181818 0.0653890024114	11
87 76.5 0.217607142857 0.0528375225688	14
88.5 76.5 0.24245 0.145310443534	2
90 76.5 0.1958 0.0297077430984	5
91.5 76.5 0.0907777777778 0.104469767963	18
93 76.5 0.147629166667 0.108124845229	24
117 76.5 0.223166666667 0.10082982363	3
120 76.5 0.26365 0.112359267531	2
121.5 76.5 0.10716 0.0849599199623	5
123 76.5 0.1264 0.0493560533268	2
127.5 76.5 0.2882 NaN	1
141 76.5 0.1197 0.256799707944	3
142.5 76.5 0.047 NaN	1
154.5 76.5 0.3504 NaN	1
156 76.5 0.16056 0.0983857408368	15
157.5 76.5 0.155291666667 0.115076808013	12
159 76.5 0.175528571429 0.0911310588664	14
160.5 76.5 0.14035 0.0839028096704	18
162 76.5 0.195513636364 0.100003468013	22
163.5 76.5 0.17095625 0.0608197881039	16
165 76.5 0.192133333333 0.110177415368	36
166.5 76.5 0.149237254902 0.0864880314513	51
168 76.5 0.198788888889 0.0902408041307	36
169.5 76.5 0.1831925 0.120701055563	40
171 76.5 0.218627027027 0.0927028006548	37
172.5 76.5 0.190614516129 0.12024663568	62
174 76.5 0.177779069767 0.118803408156	43
175.5 76.5 0.190983870968 0.0927313185526	62
177 76.5 0.177946875 0.0890791926915	32
178.5 76.5 0.183436842105 0.086584301955	19
-180 76 0.0682142857143 0.0972473723479	7
-178.5 76 0.14315 0.0445137057545	4
-177 76 0.118780769231 0.124857499636	26
-175.5 76 0.1095 0.13944145725	2
-174 76 0.3267 0.0263043722601	2
-172.5 76 0.2817 NaN	1
-168 76 0.16285 0.00558614357137	2
-166.5 76 0.24815 0.0454873938581	6
-165 76 0.2111 0.0496388960393	2
-163.5 76 0.204154545455 0.0782198046245	22
-162 76 0.3173 0.0953179941039	2
-160.5 76 0.2472 0.078264879918	8
-157.5 76 0.21841875 0.0778721706281	16
-156 76 0.141914285714 0.049626888833	7
-154.5 76 0.0778666666667 0.153819255405	3
-151.5 76 0.0877666666667 0.0737653260911	3
-150 76 0.1567 NaN	1
-148.5 76 0.12202 0.106784443757	15
-147 76 0.158030769231 0.14430438876	26
-145.5 76 0.22575 0.0548711738009	8
-144 76 0.189366666667 0.0987903596082	12
-142.5 76 0.169352941176 0.065172014575	68
-141 76 0.1777625 0.0910724073805	80
-139.5 76 0.120033333333 0.109881322344	9
-138 76 0.174413636364 0.0723714314554	22
-136.5 76 0.00903333333333 0.2114886837	3
-135 76 0.1808 0.0762561910055	4
-133.5 76 0.1175 0.083134529529	15
-132 76 0.114595652174 0.127261389839	23
-130.5 76 0.0847818181818 0.168824167809	11
-129 76 0.194585 0.121950293045	20
-127.5 76 0.0621407894737 0.116673707038	76
-124.5 76 0.107087804878 0.111973669215	41
-75 76 0.1752 0.0559621025613	14
-73.5 76 0.1278 0.122753737214	2
-63 76 -0.1655 NaN	1
-18 76 0.0408615384615 0.102529398536	13
-16.5 76 0.160652941176 0.119146447283	34
-15 76 0.18986 0.0809626951132	5
-13.5 76 0.237198850575 0.120425330039	87
-12 76 0.365417647059 0.0764639558493	17
-10.5 76 0.25716 0.0790920729277	10
69 76 0.205354166667 0.111943164846	24
70.5 76 0.205833333333 0.0303826046722	6
72 76 0.134575 0.0825111466299	12
73.5 76 0.21495 0.126129729134	8
75 76 0.09965 0.0704187711717	4
76.5 76 0.237716666667 0.0689810755779	12
78 76 0.328883333333 0.0436262955873	6
79.5 76 0.183375 0.045746721194	4
84 76 0.16795 0.0810911626915	4
85.5 76 0.148642857143 0.0869018576162	7
87 76 0.254177777778 0.0602003899028	9
88.5 76 0.32222 0.0663687200419	5
90 76 0.172 0.073918594864	16
91.5 76 0.14895 0.0954602011312	4
117 76 0.0578 NaN	1
118.5 76 0.318866666667 0.103722779562	9
120 76 0.21855 0.0201525432638	2
133.5 76 0.01 0.14396694065	2
135 76 0.2583 0.0568869304598	8
150 76 0.22835 0.164543747982	2
154.5 76 0.00895 0.0986413959755	2
157.5 76 0.1089 0.100927350109	9
159 76 0.233941666667 0.0841628773524	12
160.5 76 0.221352 0.092241617144	25
162 76 0.106873684211 0.127158155426	19
163.5 76 0.192766666667 0.0889903579582	15
165 76 0.2809 0.10157441607	11
166.5 76 0.160152941176 0.105600167112	34
168 76 0.192056862745 0.123048415276	51
169.5 76 0.193329166667 0.11130197941	48
171 76 0.137272413793 0.10647474515	29
172.5 76 0.175076785714 0.113856328911	56
174 76 0.214149152542 0.109117463397	59
175.5 76 0.195008571429 0.136762562325	35
177 76 0.151141463415 0.0895034970703	41
178.5 76 0.1475 0.0883147698374	15
-180 75.5 0.146743478261 0.0721968636066	23
-178.5 75.5 0.151188888889 0.105208429373	9
-175.5 75.5 0.164916666667 0.0591972099568	6
-171 75.5 0.239766666667 0.059407833378	6
-169.5 75.5 0.2308 0.033348463233	4
-168 75.5 0.1895 0.0790723719133	8
-165 75.5 0.226675 0.0788704718721	16
-163.5 75.5 0.156066666667 0.077544971898	6
-162 75.5 0.33715 0.0383958982184	2
-160.5 75.5 0.222354545455 0.0897979661645	11
-159 75.5 -0.0505333333333 0.14576441038	3
-157.5 75.5 0.223433333333 0.0932042559829	21
-156 75.5 0.21144 0.113657217105	5
-154.5 75.5 0.187325 0.0859645081802	16
-153 75.5 0.30124 0.0808254477253	5
-151.5 75.5 0.195244444444 0.0684942901108	9
-150 75.5 0.161625714286 0.104074428522	35
-148.5 75.5 0.151575 0.0935865410551	16
-147 75.5 0.147837037037 0.0821146344502	27
-145.5 75.5 0.14386 0.0739174043556	10
-144 75.5 0.113196666667 0.121311342061	30
-142.5 75.5 0.15667 0.116630090605	30
-141 75.5 0.2906 NaN	1
-139.5 75.5 0.20904 0.0722942149639	30
-136.5 75.5 0.181875757576 0.078218751869	33
-135 75.5 0.206972727273 0.113225740428	33
-133.5 75.5 0.124778571429 0.121155985643	28
-132 75.5 0.118986666667 0.137476164036	30
-130.5 75.5 0.07298 0.201194314035	5
-129 75.5 0.152384615385 0.160599952502	13
-127.5 75.5 0.165328571429 0.211041304917	7
-126 75.5 0.11646 0.111550618306	10
-124.5 75.5 0.137136666667 0.105772134663	30
-123 75.5 0.3477 0.11200571414	2
-78 75.5 0.177 NaN	1
-76.5 75.5 0.0667625 0.0739537295012	8
-75 75.5 0.0948357142857 0.131064608889	14
-73.5 75.5 0.07895 0.170852616798	4
-72 75.5 0.2017 0.0155563491861	2
-70.5 75.5 0.20175 0.150284644211	8
-67.5 75.5 0.103181818182 0.0831942524239	11
-66 75.5 0.0991523809524 0.0586539480261	21
-64.5 75.5 0.190277777778 0.116390654455	9
-63 75.5 0.155354545455 0.0517552772891	11
-61.5 75.5 0.0619175 0.0784072598925	40
-60 75.5 0.14204 0.141899147284	5
-16.5 75.5 -0.10485 0.105146778362	2
-15 75.5 0.166763333333 0.148130202474	30
-13.5 75.5 0.12861 0.162140175637	10
-12 75.5 0.265356862745 0.122872895717	51
22.5 75.5 -0.1374 NaN	1
66 75.5 0.12688 0.0821883325053	5
67.5 75.5 0.2598 NaN	1
69 75.5 0.124718181818 0.117217029627	22
70.5 75.5 0.180310526316 0.061722017577	38
73.5 75.5 0.16204 0.0925902154658	5
75 75.5 0.367666666667 0.0606977209896	3
76.5 75.5 0.145076923077 0.081062179363	13
78 75.5 0.1802 NaN	1
79.5 75.5 0.1461 0.0806486980676	9
81 75.5 0.112627272727 0.0658023113714	11
84 75.5 0.198092857143 0.138759795021	14
85.5 75.5 0.165663636364 0.123310472165	11
117 75.5 -0.06495 0.0423556961931	2
120 75.5 0.279 NaN	1
124.5 75.5 0.06275 0.0392444263559	2
126 75.5 0.151566666667 0.115358152436	3
127.5 75.5 0.26222 0.167405427033	5
132 75.5 0.275971428571 0.0914522956571	7
160.5 75.5 0.205753846154 0.085649806532	13
162 75.5 0.231525 0.082104388751	24
163.5 75.5 0.174453571429 0.0935414603349	28
165 75.5 0.175675 0.0889240237506	16
166.5 75.5 0.162473076923 0.0717784093252	52
168 75.5 0.175525 0.0964988617683	32
169.5 75.5 0.186026666667 0.08521834404	30
171 75.5 0.17772173913 0.0987234335105	23
172.5 75.5 0.189690322581 0.0995007348544	31
174 75.5 0.159643333333 0.124085669377	60
175.5 75.5 0.147446428571 0.107658539364	28
177 75.5 0.189728 0.0826359159204	25
178.5 75.5 0.107052941176 0.108938590027	17
-180 75 0.140206666667 0.0766502668117	30
-178.5 75 0.108681818182 0.13905346323	11
-177 75 0.1922 0.135481659275	2
-175.5 75 0.3151 NaN	1
-171 75 0.1805 NaN	1
-169.5 75 0.189558333333 0.0590457322759	36
-168 75 0.1825 0.102842646796	9
-166.5 75 0.193392857143 0.0712592068468	14
-165 75 0.222975 0.0575700949568	4
-163.5 75 0.08036 0.0479118252627	5
-160.5 75 0.0953727272727 0.122985471426	11
-159 75 0.197411111111 0.0849146207108	18
-157.5 75 0.2237375 0.116623655252	8
-156 75 0.177371428571 0.0804295077337	7
-154.5 75 0.198125641026 0.0881892842218	39
-153 75 0.132417647059 0.0932798024447	17
-151.5 75 0.144181818182 0.109454902295	11
-150 75 0.0502947368421 0.113481993059	19
-148.5 75 0.295 NaN	1
-147 75 0.203569230769 0.0573287206851	26
-145.5 75 0.0831078431373 0.141637110735	51
-144 75 0.154694736842 0.107585622096	19
-142.5 75 0.22745 0.0567806745293	2
-141 75 0.201558333333 0.0958267324472	12
-139.5 75 0.144742857143 0.109375033815	14
-138 75 0.17914 0.0645835926877	10
-136.5 75 0.186651162791 0.0733580273534	43
-135 75 0.115911111111 0.118580988064	36
-133.5 75 0.173986363636 0.126146363575	22
-132 75 0.098675 0.195180367438	4
-130.5 75 0.08686 0.0876464089396	5
-129 75 0.06757 0.142994141683	10
-127.5 75 0.0637205479452 0.121133467436	73
-126 75 0.137797142857 0.102589950447	35
-124.5 75 0.192592307692 0.059679693106	13
-123 75 0.235525 0.0714526591528	4
-75 75 0.0781 NaN	1
-73.5 75 0.10421 0.097848368521	10
-72 75 0.04785 0.230446099989	2
-70.5 75 0.25455 0.0453255446741	2
-69 75 0.207133333333 0.185356582475	6
-67.5 75 0.0620181818182 0.0985357784582	11
-66 75 -0.1544 NaN	1
-64.5 75 0.116 NaN	1
-63 75 0.17743 0.131929282825	10
-61.5 75 0.0869833333333 0.104427264958	6
-60 75 0.0720454545455 0.111729433933	22
-16.5 75 0.207153333333 0.0952821814152	15
-15 75 0.22235862069 0.105603065828	29
-13.5 75 0.129569565217 0.0988615948724	23
63 75 0.157825 0.123209534202	12
64.5 75 0.04214 0.103925135447	10
66 75 0.0465 NaN	1
67.5 75 0.2009 NaN	1
69 75 0.2 NaN	1
72 75 0.170277777778 0.0736389974432	9
73.5 75 0.134655555556 0.100898068751	9
76.5 75 0.121718181818 0.0621094327487	11
78 75 0.196922222222 0.0634579935425	9
79.5 75 0.26455 0.0612711188081	4
84 75 0.139666666667 0.0894128812495	3
85.5 75 0.2589 NaN	1
115.5 75 0.29105 0.125087189592	2
117 75 0.1489 NaN	1
118.5 75 0.0604 NaN	1
121.5 75 0.254883333333 0.0878972904398	6
126 75 0.11295 0.09058037867	2
127.5 75 0.2385 NaN	1
129 75 0.026425 0.1456561288	8
130.5 75 0.2318125 0.0716564708971	8
136.5 75 0.180625 0.0857761663534	8
157.5 75 -0.016075 0.125696867503	4
160.5 75 0.0865166666667 0.0590415249351	6
162 75 0.149 0.101211817492	11
163.5 75 0.207014285714 0.0739099471365	21
165 75 0.20055 0.103909527956	12
166.5 75 0.171483333333 0.101802000732	18
168 75 0.132247826087 0.114647958669	23
169.5 75 0.21435 0.102318351238	2
171 75 0.18056744186 0.122264340323	43
172.5 75 0.148259259259 0.103728492708	27
174 75 0.111307142857 0.12603276449	28
175.5 75 0.150605 0.10655278146	20
177 75 0.160011111111 0.0927906797928	27
178.5 75 0.13185 0.0901031774479	30
-180 74.5 0.106657142857 0.116410066452	21
-178.5 74.5 0.217733333333 0.0452223248702	6
-177 74.5 0.230028571429 0.040085895869	7
-171 74.5 0.2258 0.117521147033	2
-169.5 74.5 0.160339285714 0.0673910442412	28
-168 74.5 0.141269230769 0.0763565472484	13
-166.5 74.5 0.143144444444 0.0969722397276	9
-165 74.5 0.152525 0.117815997718	12
-163.5 74.5 0.214881481481 0.0703826412003	27
-162 74.5 0.174702702703 0.130792633768	37
-160.5 74.5 0.0857538461538 0.121704570927	26
-159 74.5 0.1413 0.0909377992549	13
-156 74.5 0.14812 0.119946866014	10
-154.5 74.5 0.142453846154 0.129709345689	13
-153 74.5 0.137115 0.0980452290972	40
-151.5 74.5 0.0309137931034 0.119120550357	29
-150 74.5 0.195276470588 0.100684653308	17
-148.5 74.5 0.17044375 0.0863679799366	16
-147 74.5 0.116791666667 0.110877599436	48
-145.5 74.5 0.134562857143 0.105403267242	70
-144 74.5 0.0962153846154 0.0758582179514	39
-142.5 74.5 0.150748148148 0.100403671287	27
-141 74.5 0.205276923077 0.0716221468756	13
-139.5 74.5 0.126375 0.0569292229753	8
-138 74.5 0.1384390625 0.0804373020496	64
-136.5 74.5 0.112617857143 0.118248614994	56
-135 74.5 0.0672727272727 0.113284360882	33
-133.5 74.5 0.128330769231 0.113645511604	13
-132 74.5 0.0439176470588 0.123450148012	17
-130.5 74.5 0.0426818181818 0.149275321592	11
-129 74.5 -0.0350466666667 0.0989274327595	15
-127.5 74.5 0.1042 0.166557167363	9
-126 74.5 0.127109677419 0.116641002953	31
-124.5 74.5 0.2255 0.0846343794319	12
-108 74.5 0.0193 NaN	1
-106.5 74.5 0.179509090909 0.0944746151571	11
-78 74.5 0.215814285714 0.104452856762	21
-76.5 74.5 0.0821222222222 0.0947668821079	9
-75 74.5 0.229425 0.21264904381	4
-73.5 74.5 0.2664 NaN	1
-72 74.5 0.247833333333 0.0516199896681	3
-70.5 74.5 0.3617 NaN	1
-69 74.5 0.16155 0.106843834637	2
-67.5 74.5 0.19525 0.0874745391528	6
-66 74.5 0.3334 NaN	1
-64.5 74.5 0.0273428571429 0.127837603455	7
-63 74.5 0.2286 0.135623080632	2
-60 74.5 0.1513 0.0267243334809	3
-16.5 74.5 -0.0001 NaN	1
-15 74.5 0.105754545455 0.158871390525	11
-13.5 74.5 0.0391666666667 0.101167082921	6
-12 74.5 0.15664375 0.111769214418	16
61.5 74.5 0.1119 NaN	1
66 74.5 0.2202 0.0651071424653	5
67.5 74.5 0.0982 NaN	1
69 74.5 -0.0105 0.267569206001	2
70.5 74.5 0.10485 0.154927095758	2
72 74.5 0.18547 0.118870125674	10
73.5 74.5 0.152807142857 0.0858198333208	14
75 74.5 0.104433333333 0.110164961157	6
76.5 74.5 0.1762 0.0644881384442	2
78 74.5 0.2397 0.0278870340242	4
81 74.5 0.188694594595 0.094068367413	37
82.5 74.5 0.177366666667 0.109497229798	3
117 74.5 0.1789 NaN	1
121.5 74.5 0.134575 0.0359267193975	4
123 74.5 0.29215 0.0379443891329	4
126 74.5 0.1585 NaN	1
127.5 74.5 0.0288 NaN	1
129 74.5 0.12645 0.0510587570028	4
132 74.5 0.26145 0.0236595998839	4
133.5 74.5 0.1205 NaN	1
136.5 74.5 0.1365 NaN	1
145.5 74.5 0.0384333333333 0.024234754658	3
147 74.5 0.338 NaN	1
151.5 74.5 0.314336363636 0.117105672559	11
153 74.5 0.302225 0.0380032783674	4
156 74.5 0.3967 NaN	1
157.5 74.5 0.203569230769 0.113637841296	13
160.5 74.5 0.215666666667 0.0758149391611	9
162 74.5 0.174805 0.0964768991984	20
163.5 74.5 0.191328571429 0.070767852305	42
165 74.5 0.199525 0.116373232174	4
166.5 74.5 0.200925 0.105896413171	32
168 74.5 0.109516666667 0.208207218095	6
169.5 74.5 0.181746666667 0.110862290263	30
171 74.5 0.178742857143 0.0968038458504	21
172.5 74.5 0.11399375 0.0997677534327	16
174 74.5 0.188638095238 0.127638679389	21
175.5 74.5 0.25925 0.0752052524761	4
177 74.5 0.250291666667 0.0792071904258	12
178.5 74.5 0.151695833333 0.108811546219	24
-180 74 0.0939 0.152077447375	7
-178.5 74 0.2330875 0.039919828138	8
-177 74 0.2371 0.0313158745687	6
-175.5 74 0.3233 NaN	1
-172.5 74 0.2787 NaN	1
-171 74 -0.0235 NaN	1
-169.5 74 0.27735 0.0265165042945	2
-168 74 0.1759 0.0913204667479	35
-166.5 74 0.17665 0.0855139963481	22
-165 74 0.167885714286 0.0840527202428	14
-163.5 74 0.189495652174 0.0829255223255	23
-162 74 0.169921052632 0.103980960206	38
-160.5 74 0.161464705882 0.162081811677	17
-157.5 74 0.221336842105 0.0951308759933	19
-156 74 0.125648571429 0.101591735917	35
-154.5 74 0.129106122449 0.134323051832	49
-153 74 0.106828571429 0.161702350456	21
-151.5 74 0.148329411765 0.118027458483	17
-150 74 0.175064 0.127426635363	25
-148.5 74 0.144676086957 0.134529636858	46
-147 74 0.134302 0.14569466183	50
-145.5 74 0.114953846154 0.0879473385554	13
-144 74 0.14344 0.0923349535499	35
-142.5 74 0.214228571429 0.0634434056013	7
-141 74 0.166784375 0.116804711873	32
-139.5 74 0.12448125 0.106669759656	16
-138 74 0.110957142857 0.128528795564	42
-136.5 74 0.148006666667 0.0980886829725	45
-135 74 0.17616875 0.139632554555	16
-133.5 74 0.09008 0.15664770027	5
-132 74 0.129918181818 0.167800040633	11
-130.5 74 0.0645861111111 0.122579512919	72
-129 74 0.102414285714 0.107956340382	7
-127.5 74 0.117279518072 0.12080971912	83
-126 74 0.20356969697 0.119949738153	66
-108 74 0.2456375 0.133217018834	8
-106.5 74 0.114783333333 0.20437874074	6
-105 74 0.21255 0.123225065091	4
-103.5 74 0.3039 NaN	1
-78 74 0.20051 0.142954417366	10
-76.5 74 0.158828571429 0.138281376359	7
-75 74 0.0357 0.112627572113	3
-70.5 74 0.10375 0.121081059625	6
-69 74 0.146275 0.148706878904	4
-67.5 74 0.130146666667 0.112650983552	15
-66 74 0.0099 NaN	1
-64.5 74 0.199233333333 0.0806757295184	3
-61.5 74 0.0966875 0.104437642878	8
-60 74 0.153625 0.0757451153541	4
-18 74 0.292566666667 0.095523037361	6
-16.5 74 0.234 NaN	1
-15 74 0.20535 0.0665681176369	8
-13.5 74 0.0958714285714 0.126470625236	7
64.5 74 0.0443 NaN	1
66 74 0.1553 NaN	1
69 74 0.279675 0.0848814614624	4
70.5 74 -0.1704 NaN	1
72 74 0.1772 NaN	1
73.5 74 0.16325 0.0937261436313	4
75 74 0.168169230769 0.0554502236938	13
79.5 74 -0.0726333333333 0.0579083183432	3
81 74 0.235875 0.108578971051	12
118.5 74 0.551975 0.128726541552	4
120 74 0.133094736842 0.112626341273	19
121.5 74 0.2754 NaN	1
126 74 0.1757 0.0182502054783	3
127.5 74 0.00435 0.1706248663	2
129 74 0.2195 0.0752882460946	7
130.5 74 0.162175 0.0776680275274	4
133.5 74 0.249288888889 0.0967888093279	9
139.5 74 0.0585 NaN	1
153 74 0.1699 NaN	1
154.5 74 0.185016666667 0.0600903791523	6
156 74 0.10561 0.138513532833	10
157.5 74 0.157295238095 0.095313742326	21
159 74 0.203733333333 0.0372005712322	9
160.5 74 0.107683333333 0.0813254060344	6
162 74 0.2783 NaN	1
163.5 74 0.176844444444 0.0933512899393	27
165 74 0.233933333333 0.075802162758	12
166.5 74 0.175053846154 0.0876232714084	13
168 74 0.208345454545 0.0919058199477	22
169.5 74 0.205890909091 0.0842529934726	11
171 74 0.0313875 0.123345709723	8
172.5 74 0.218633333333 0.0625843697207	3
174 74 0.180767741935 0.0861822463817	31
175.5 74 0.149975 0.0821668604399	12
177 74 0.156729411765 0.105320562835	17
178.5 74 0.216533333333 0.119340672999	24
-180 73.5 0.24094 0.0941493919258	5
-177 73.5 0.22885 0.116743329574	2
-175.5 73.5 0.1288 0.240274884247	2
-168 73.5 0.226393103448 0.0850252858652	29
-166.5 73.5 0.102471875 0.115632248639	32
-165 73.5 0.176557692308 0.117647011655	52
-163.5 73.5 0.189861111111 0.0889884977408	36
-162 73.5 0.15151125 0.10396489548	80
-160.5 73.5 0.152464285714 0.0837760348249	14
-159 73.5 0.124716666667 0.158636340507	18
-157.5 73.5 0.20048 0.0965797168886	15
-156 73.5 0.1092 0.0465275187389	3
-154.5 73.5 0.0963912087912 0.130354747302	91
-153 73.5 0.125131428571 0.127075046774	35
-151.5 73.5 0.04579 0.11970348041	10
-150 73.5 0.108495454545 0.135674387833	44
-148.5 73.5 0.183138461538 0.0864199488782	13
-147 73.5 0.0546666666667 0.139203034112	18
-145.5 73.5 0.134607142857 0.154020305676	14
-144 73.5 0.150818181818 0.149883780431	11
-142.5 73.5 0.129726666667 0.106284079105	30
-141 73.5 0.151277419355 0.0923379146024	31
-139.5 73.5 0.135590909091 0.0949594698231	11
-138 73.5 0.136069642857 0.119267828352	56
-136.5 73.5 0.149633333333 0.0854787302979	3
-135 73.5 0.169484615385 0.149212148815	26
-133.5 73.5 0.0833083333333 0.131353613359	12
-132 73.5 0.280233333333 0.145970731084	21
-130.5 73.5 0.0748516129032 0.139204839166	31
-129 73.5 0.1031671875 0.127460264651	64
-127.5 73.5 0.279861111111 0.134921472319	18
-75 73.5 0.24985 0.0787009847461	2
-73.5 73.5 0.23025 0.136966583516	2
-72 73.5 0.16895 0.0754846938127	6
-70.5 73.5 0.152466666667 0.108810894062	6
-69 73.5 0.2639 0.100120077906	3
-67.5 73.5 0.2899 NaN	1
-66 73.5 0.230775 0.113253826278	4
-64.5 73.5 0.1865 0.0850312883591	4
-61.5 73.5 0.2832 NaN	1
-58.5 73.5 0.2417 NaN	1
-18 73.5 0.0522833333333 0.176901152248	6
-16.5 73.5 0.259 0.121610756103	6
-15 73.5 0.3339 0.0646295598005	2
66 73.5 0.1424 0.0210717820794	2
72 73.5 -0.0281 0.134774552494	2
79.5 73.5 0.135328571429 0.140654372065	7
130.5 73.5 0.147425 0.126934717473	4
148.5 73.5 0.224378571429 0.101412904493	14
151.5 73.5 0.275 NaN	1
153 73.5 0.211275 0.0944396588657	4
154.5 73.5 0.115836363636 0.132281686357	11
157.5 73.5 0.15842 0.0461572144355	10
159 73.5 0.1375875 0.0976994740429	24
160.5 73.5 0.247485714286 0.0450728088235	7
162 73.5 0.142505405405 0.0858397892263	37
163.5 73.5 0.169827272727 0.0844783296581	11
165 73.5 0.230033333333 0.0653321258392	15
166.5 73.5 0.1763 0.0677716754994	7
168 73.5 0.109916666667 0.116173074907	12
169.5 73.5 0.1513 0.0606313656452	9
171 73.5 0.165454545455 0.0981441194459	33
172.5 73.5 0.163719047619 0.10533021228	21
174 73.5 0.2621 NaN	1
175.5 73.5 0.200790909091 0.0769755994396	11
177 73.5 0.121952173913 0.109893046639	23
-177 73 0.1334375 0.0984688919333	8
-175.5 73 0.11195 0.185526323379	4
-174 73 0.261375 0.0877678139563	4
-169.5 73 0.256833333333 0.0504091592207	3
-168 73 0.191044444444 0.0824466545693	18
-166.5 73 0.09238 0.0943830584071	15
-165 73 0.179572222222 0.0972128212226	54
-163.5 73 0.167577777778 0.126615265112	18
-162 73 0.154983333333 0.0959197152915	30
-160.5 73 0.11305 0.113587655139	26
-159 73 0.150387804878 0.12341167934	41
-157.5 73 0.00955238095238 0.110574923102	21
-156 73 0.0780542857143 0.105922605883	35
-154.5 73 0.0996416666667 0.109453301206	24
-153 73 0.05165 0.146030734623	12
-151.5 73 0.156088888889 0.113207549576	18
-150 73 0.0615041666667 0.100606355055	24
-148.5 73 0.172909090909 0.144318796945	22
-147 73 0.111565217391 0.128079253194	23
-145.5 73 0.07954 0.233330608794	5
-144 73 0.152054054054 0.102552337843	37
-142.5 73 0.0656181818182 0.131767126539	11
-141 73 0.114316129032 0.11892043866	31
-139.5 73 0.2002 NaN	1
-138 73 0.15760625 0.144881397328	16
-136.5 73 0.136305882353 0.121860486402	34
-133.5 73 0.09192 0.177673850074	5
-132 73 -0.0217607843137 0.109294316556	51
-130.5 73 0.160473913043 0.167841199887	23
-129 73 0.180437288136 0.155465657476	59
-127.5 73 0.197226666667 0.127272836664	15
-126 73 0.2912 0.158957604411	2
-75 73 0.16225 0.0270821897194	2
-73.5 73 0.288633333333 0.0144949416464	3
-70.5 73 0.08593 0.152837533624	20
-69 73 0.2224 NaN	1
-67.5 73 0.1818 0.0974175292234	5
-64.5 73 0.1795 NaN	1
-61.5 73 0.1911 NaN	1
-60 73 0.0447625 0.1286836424	8
-21 73 0.18004 0.165182735175	10
-19.5 73 0.313 0.0878465707925	5
-18 73 0.09312 0.155408902576	5
64.5 73 0.2598 NaN	1
69 73 -0.1246 NaN	1
150 73 0.078625 0.108252217067	4
151.5 73 0.120425 0.103851112519	8
153 73 0.15939 0.0815106870975	10
154.5 73 0.07005 0.0433456456867	2
156 73 0.1852 0.09440766918	11
157.5 73 0.1207125 0.0902649819381	8
159 73 0.1481 0.0593941495435	5
160.5 73 0.21198 0.0665035863695	5
162 73 0.124277777778 0.162925495072	9
163.5 73 0.23265 0.101186980388	2
165 73 0.2485 NaN	1
166.5 73 0.156861538462 0.0945265354143	13
168 73 0.128433333333 0.120849498098	57
169.5 73 0.107557894737 0.0717034813643	19
171 73 0.138877777778 0.0947140139813	9
172.5 73 0.1090375 0.105833763685	8
174 73 0.142192857143 0.0732806473799	28
175.5 73 0.165307692308 0.104286106162	26
177 73 0.196803225806 0.0781369457076	62
178.5 73 0.195613888889 0.119606438319	36
-178.5 72.5 -0.0298 0.0892792622431	4
-177 72.5 0.18478 0.0646955717186	5
-175.5 72.5 0.238923076923 0.0723980104912	13
-174 72.5 0.2916 0.0558143350762	3
-169.5 72.5 0.19566875 0.115000943293	16
-168 72.5 0.2126 NaN	1
-166.5 72.5 0.125966666667 0.0134079578361	3
-165 72.5 0.143073076923 0.122660968715	26
-163.5 72.5 0.105665217391 0.101756968083	23
-162 72.5 0.155273529412 0.0927933262648	34
-160.5 72.5 0.0945921052632 0.114232263113	38
-159 72.5 0.142563157895 0.0946112408786	19
-157.5 72.5 0.208085714286 0.117616053686	28
-156 72.5 0.0782918918919 0.0957634074697	37
-154.5 72.5 0.0611166666667 0.164189191502	12
-153 72.5 0.118844230769 0.122498365597	52
-151.5 72.5 0.12594516129 0.105511780823	31
-150 72.5 0.170826190476 0.0975164127762	42
-148.5 72.5 0.0248866666667 0.123043220436	15
-145.5 72.5 0.1412375 0.129894835898	8
-144 72.5 0.190869230769 0.0873190737527	13
-142.5 72.5 0.08184 0.103939458087	20
-141 72.5 0.0148 0.183454544779	3
-139.5 72.5 0.0167956521739 0.151349659814	23
-138 72.5 0.120214285714 0.150071973685	21
-136.5 72.5 0.0707 0.191625937702	2
-135 72.5 0.03728 0.163401413703	5
-133.5 72.5 -0.1371 NaN	1
-132 72.5 0.125035294118 0.177310254008	17
-130.5 72.5 0.089218 0.151905677891	50
-129 72.5 0.0633090909091 0.178581938922	11
-127.5 72.5 0.12385 0.167637347552	18
-103.5 72.5 0.0885666666667 0.0248504191782	3
-93 72.5 0.1602 0.123602265351	2
-73.5 72.5 0.0547666666667 0.152923322289	9
-72 72.5 0.078425 0.0867366656419	4
-70.5 72.5 -0.01425 0.0156270598642	2
-69 72.5 0.11968 0.0790351630605	5
-66 72.5 0.0231 0.118511096527	2
-64.5 72.5 0.03596 0.138421468711	5
-60 72.5 0.111766666667 0.121994437032	6
-19.5 72.5 0.299659375 0.115688217984	32
-18 72.5 0.202854545455 0.122380671379	11
60 72.5 0.2025 0.000989949493653	2
61.5 72.5 0.2303 NaN	1
66 72.5 0.184673684211 0.0916783619334	19
67.5 72.5 0.154345454545 0.0889258103155	22
75 72.5 0.248433333333 0.0655800782759	6
132 72.5 0.15155 0.0528208765546	2
153 72.5 0.22455 0.00615182899632	2
156 72.5 0.2467 NaN	1
157.5 72.5 0.25635 0.106985255994	2
159 72.5 0.1557 0.0373100522648	3
160.5 72.5 0.175836363636 0.0725901683801	11
162 72.5 0.133690909091 0.0999388358402	11
163.5 72.5 0.13544 0.196784991806	5
165 72.5 0.06365 0.219980919627	2
166.5 72.5 0.103831034483 0.100959511345	29
168 72.5 0.146396 0.121238705591	25
169.5 72.5 0.0923931034483 0.142402505323	29
171 72.5 0.189225 0.0402894837396	4
172.5 72.5 0.097885 0.063372111374	20
174 72.5 0.151407142857 0.145311672803	14
175.5 72.5 0.1706 0.0896471378982	16
177 72.5 0.181929113924 0.100685014229	79
178.5 72.5 0.242756521739 0.0585883856477	23
-180 72 0.202108695652 0.143278894954	23
-178.5 72 0.0172 0.0541083172904	3
-177 72 0.2029 0.00537401153702	2
-174 72 0.28115 0.123209573492	6
-171 72 0.2118 NaN	1
-169.5 72 0.0972 0.032057916339	3
-168 72 0.212833333333 0.0374775043637	3
-166.5 72 0.1446 NaN	1
-165 72 0.0643375 0.0918278659465	8
-163.5 72 0.170525 0.103315507065	16
-162 72 0.154695833333 0.118722916286	24
-160.5 72 0.166472222222 0.109872067453	36
-159 72 0.132163636364 0.0730096195405	11
-157.5 72 0.07845 0.139790476547	16
-156 72 0.0940307692308 0.0933544444989	13
-154.5 72 0.248916666667 0.14507627534	6
-153 72 0.194155555556 0.101281380069	27
-151.5 72 0.121569230769 0.116269489943	39
-150 72 0.1137 0.263300512723	3
-148.5 72 0.17035 0.0440527524679	2
-147 72 0.144908695652 0.168552610921	23
-144 72 0.2214 NaN	1
-142.5 72 0.100553846154 0.13788642437	13
-141 72 0.0361894736842 0.1010352298	19
-139.5 72 -0.0289 0.162249283512	3
-138 72 0.0475083333333 0.141261443355	12
-136.5 72 0.20885 0.0521137697734	2
-135 72 0.1781 0.205177033315	5
-133.5 72 0.051 0.107469840731	4
-132 72 0.147505555556 0.0795265954199	18
-130.5 72 0.157959375 0.122851982429	32
-129 72 0.137455172414 0.128233377052	29
-127.5 72 0.111066666667 0.0695271213704	12
-103.5 72 0.232975 0.109440253868	4
-93 72 0.2615 0.0347501079135	3
-91.5 72 0.0999 NaN	1
-72 72 0.3163 0.0678725275793	3
-70.5 72 0.25448 0.0991991689033	10
-69 72 0.241316666667 0.192747248143	6
-67.5 72 0.100975 0.130707916108	16
-66 72 -0.0754 0.0529551697193	3
-63 72 0.192525 0.0462505045018	4
-61.5 72 0.0665 0.066750880144	2
-21 72 0.06705 0.084640681708	2
-19.5 72 0.2336 0.206055812288	10
-18 72 0.2422375 0.0792658084729	8
66 72 0.3146 0.0679541021573	3
67.5 72 0.07729 0.163039180363	10
130.5 72 0.1259 0.203646752982	2
153 72 0.1879 NaN	1
154.5 72 0.045 0.180466839059	4
159 72 0.187925 0.0958666035792	12
160.5 72 0.160927272727 0.128749105557	11
162 72 0.209714285714 0.0533918354736	7
163.5 72 0.156220833333 0.0891766443354	24
165 72 0.11265 0.0734176409319	4
166.5 72 0.0264894736842 0.102506888087	19
168 72 0.1071 0.128248464578	31
169.5 72 0.153158823529 0.101403221865	34
171 72 0.149548 0.0613037051626	25
172.5 72 0.0966714285714 0.109295447177	42
174 72 0.126242424242 0.11479020818	33
175.5 72 0.119748529412 0.116290125468	68
177 72 0.155845652174 0.103223183672	46
178.5 72 0.15396440678 0.0927766594509	59
-177 71.5 0.1977 NaN	1
-175.5 71.5 0.2213 0.061376868607	2
-174 71.5 0.25324 0.0729816963355	5
-172.5 71.5 0.22355 0.11003800707	6
-171 71.5 0.2604 NaN	1
-169.5 71.5 0.1053 0.0437113584454	8
-168 71.5 0.183562068966 0.0825375213974	29
-166.5 71.5 0.115625 0.0860562375341	28
-165 71.5 0.185186363636 0.110067608208	22
-163.5 71.5 0.133532142857 0.112866686531	28
-162 71.5 0.17090952381 0.116311419253	42
-160.5 71.5 0.183002631579 0.105835352717	38
-159 71.5 0.187472222222 0.128735965917	36
-157.5 71.5 0.125738888889 0.0510828869571	18
-154.5 71.5 0.18975 0.0810778083078	6
-153 71.5 0.2265 0.0571818590114	5
-151.5 71.5 0.09678 0.14261527618	5
-150 71.5 0.047925 0.16617615904	4
-148.5 71.5 0.1103 0.019091883092	2
-147 71.5 0.1368 0.0861928200155	10
-144 71.5 0.3793 NaN	1
-142.5 71.5 0.0656 0.180281522272	12
-141 71.5 0.155518181818 0.146093290867	11
-139.5 71.5 0.281933333333 0.0411196222421	3
-138 71.5 0.0486888888889 0.0936299781612	18
-136.5 71.5 0.112088888889 0.121662550159	9
-135 71.5 0.101957894737 0.12739918592	19
-133.5 71.5 0.004025 0.154770827893	4
-132 71.5 -0.0886 0.0858325695759	3
-130.5 71.5 -0.0198 NaN	1
-129 71.5 0.0882409090909 0.0938964356496	22
-127.5 71.5 0.130451851852 0.12704582871	27
-126 71.5 0.287 NaN	1
-91.5 71.5 0.3867 NaN	1
-70.5 71.5 0.2199 NaN	1
-69 71.5 0.1841 NaN	1
-67.5 71.5 0.20885 0.295358502502	2
-66 71.5 0.15742 0.15259297166	25
-61.5 71.5 0.196722222222 0.0918682042082	9
-60 71.5 0.28415 0.0888833223951	2
-21 71.5 0.274762857143 0.113401190692	35
-19.5 71.5 0.2397 0.141969257236	3
-18 71.5 0.19085 0.100904137675	2
160.5 71.5 0.216761111111 0.0924686283137	18
162 71.5 -0.03058 0.132391075983	5
163.5 71.5 0.21924 0.0639419502361	5
165 71.5 0.19552 0.0615200942782	5
166.5 71.5 0.0839285714286 0.0813620450883	7
168 71.5 0.03675 0.120137442124	2
169.5 71.5 0.056375 0.0897899910903	4
171 71.5 0.186666666667 0.150254528495	3
172.5 71.5 0.18002962963 0.121633326072	27
174 71.5 0.142507317073 0.113529624747	41
175.5 71.5 0.179443478261 0.103090625736	23
177 71.5 0.181161363636 0.106149257778	88
178.5 71.5 0.198012121212 0.0919983449497	33
-175.5 71 0.3014 0.107222782094	5
-174 71 0.124133333333 0.0846031520295	3
-172.5 71 0.19 0.120735008271	10
-171 71 0.211785714286 0.0888137624223	14
-169.5 71 0.132542857143 0.0674609728446	7
-168 71 0.142933333333 0.0883395855829	15
-166.5 71 0.121202173913 0.122374164828	46
-165 71 0.108726315789 0.0971275326689	19
-163.5 71 0.205929411765 0.150818727139	17
-162 71 0.136066666667 0.0769285264503	45
-160.5 71 0.167811764706 0.124888764919	17
-154.5 71 0.262638461538 0.0722720270744	13
-151.5 71 0.119433333333 0.1083666154	3
-150 71 0.221485714286 0.0965679282262	7
-147 71 0.24985 0.115894801436	2
-145.5 71 -0.02512 0.15411506462	15
-144 71 0.192030769231 0.138371007227	13
-142.5 71 0.156758823529 0.154305508889	17
-141 71 0.1764875 0.0656804575197	16
-139.5 71 0.0413 NaN	1
-138 71 -0.001875 0.14783507421	4
-136.5 71 0.0566666666667 0.0735402384186	6
-135 71 0.1991 0.170355066175	15
-133.5 71 0.0867666666667 0.0492299028369	3
-132 71 0.0627 NaN	1
-130.5 71 0.149933333333 0.0551927833447	3
-129 71 0.17876 0.0600690685794	5
-127.5 71 0.265666666667 0.0397575569337	3
-120 71 0.0908 NaN	1
-67.5 71 0.145485714286 0.110839124088	7
-66 71 0.102576923077 0.175809874362	13
-64.5 71 0.15075 0.141350645559	2
-63 71 0.2129 NaN	1
-61.5 71 0.1846 0.210110423349	3
-60 71 0.07495 0.142122324073	6
-19.5 71 0.320093877551 0.0957184399862	49
-18 71 0.1705 0.0430672729575	3
64.5 71 0.16955 0.154103006676	4
66 71 0.1594375 0.105841686866	8
162 71 0.108214285714 0.104728863079	7
165 71 -0.1037 NaN	1
168 71 0.0073 0.17027131291	2
171 71 0.09775 0.186746900911	2
172.5 71 0.10255 0.110423453125	6
174 71 0.196133333333 0.0836306477202	15
175.5 71 0.0773 0.127367276319	14
177 71 0.168266666667 0.100445312331	27
-180 70.5 0.0466 0.193383711827	4
-175.5 70.5 0.1811 NaN	1
-174 70.5 0.1410625 0.159887751772	16
-172.5 70.5 0.0529 0.0849138386837	3
-171 70.5 0.17212 0.0817314627301	5
-168 70.5 0.158993333333 0.051990664913	15
-166.5 70.5 0.157 0.0125865007051	2
-165 70.5 0.0647 0.107473746794	17
-163.5 70.5 0.126646666667 0.104013130124	15
-162 70.5 0.227266666667 0.066330711841	3
-160.5 70.5 0.0537 0.0632153462381	2
-148.5 70.5 0.1347 NaN	1
-145.5 70.5 0.076 NaN	1
-142.5 70.5 0.165 0.0552614151104	6
-139.5 70.5 -0.1149 NaN	1
-138 70.5 0.0179787878788 0.0894541214729	33
-132 70.5 0.02998 0.0701436882406	5
-126 70.5 0.217 NaN	1
-123 70.5 0.1421 0.135565629862	3
-120 70.5 0.1603 0.0831777013388	7
-66 70.5 0.21855 0.0265165042945	2
-64.5 70.5 0.1869 0.150737829802	7
-60 70.5 -0.0066 0.210010714012	2
-57 70.5 0.13215 0.00572756492761	2
-21 70.5 0.14 0.288782409437	2
-19.5 70.5 -0.0673 NaN	1
162 70.5 0.193766666667 0.073010570011	3
163.5 70.5 0.226785714286 0.0445045476542	7
166.5 70.5 0.1986 NaN	1
172.5 70.5 0.0432428571429 0.163825271322	7
174 70.5 0.0915333333333 0.0585617167326	6
175.5 70.5 0.0888625 0.0984352164285	16
177 70.5 0.16445 0.107385303153	4
-180 70 -0.0372 NaN	1
-178.5 70 0.0657 NaN	1
-177 70 -0.0646 NaN	1
-175.5 70 0.294 NaN	1
-174 70 0.182004545455 0.0829450333039	22
-172.5 70 0.09208 0.0523907148262	5
-171 70 0.004375 0.0781949859859	4
-168 70 0.146990909091 0.0661712568059	33
-166.5 70 0.10312 0.0713498213032	5
-165 70 0.147560465116 0.112962547817	43
-163.5 70 0.103393333333 0.0778683547191	15
-141 70 0.2749 0.00325269119346	2
-136.5 70 0.328 NaN	1
-120 70 0.27194 0.0664146294125	5
-66 70 0.12485 0.0202939646201	2
-64.5 70 0.119833333333 0.154281543506	6
-63 70 0.217318181818 0.0922045640756	11
-61.5 70 0.056 NaN	1
66 70 0.177033333333 0.0487053727358	3
165 70 0.188277777778 0.0660174745385	9
166.5 70 0.180566666667 0.0351858399549	3
175.5 70 0.18935 0.0252435470302	4
177 70 0.188207142857 0.103252829831	14
178.5 70 0.214992307692 0.0927646705517	13
-180 69.5 0.175864705882 0.115765624978	17
-178.5 69.5 0.2209 NaN	1
-177 69.5 0.1618 NaN	1
-175.5 69.5 0.20185 0.0614225084595	12
-174 69.5 0.172554545455 0.0782157319679	11
-172.5 69.5 0.20223125 0.0869510185392	16
-171 69.5 0.2144 0.134721906162	6
-169.5 69.5 0.2088 0.108569240579	5
-168 69.5 0.177266666667 0.0972405436705	3
-166.5 69.5 0.12554 0.0454677138198	5
-165 69.5 0.209088888889 0.0658268266827	9
-87 69.5 0.2017075 0.128215442463	40
-66 69.5 0.107844444444 0.116764520867	27
-64.5 69.5 0.252071428571 0.173854304081	7
-63 69.5 0.215806451613 0.0890634640223	31
-178.5 69 0.240766666667 0.0737594649294	6
-177 69 0.1972 0.0453962553522	2
-175.5 69 0.0693 0.199162529943	4
-174 69 0.177883333333 0.0763459865786	6
-171 69 0.01338 0.134359788958	10
-169.5 69 0.2892 0.0123036579926	2
-87 69 0.314272093023 0.082311809387	43
-66 69 0.149333333333 0.146135057396	9
-64.5 69 0.208388888889 0.0451346442449	9
-63 69 0.3173 NaN	1
-60 69 -0.1132 NaN	1
-24 69 0.190872222222 0.145141589311	18
-22.5 69 0.21595 0.0419314321244	2
-175.5 68.5 0.192333333333 0.0614013300616	3
-174 68.5 0.174961111111 0.126554308914	18
-172.5 68.5 0.0942 NaN	1
-171 68.5 0.248585185185 0.0891326742459	27
-169.5 68.5 0.2947 NaN	1
-168 68.5 0.12265 0.102035508525	2
-87 68.5 0.1495 NaN	1
-66 68.5 0.105928571429 0.157496512433	14
-64.5 68.5 -0.088 0.0478004184082	2
-63 68.5 0.2627 0.0531234411536	4
-61.5 68.5 0.146666666667 0.116414460728	6
-25.5 68.5 0.315643243243 0.104433635335	37
-24 68.5 0.294 0.0254558441227	2
-174 68 0.12702 0.11999959074	10
-172.5 68 0.169341666667 0.0933581321221	12
-171 68 0.167418181818 0.169629583612	11
-169.5 68 -0.0889 NaN	1
-168 68 0.124525 0.0421075903688	4
-64.5 68 -0.0163 NaN	1
-63 68 0.2256 0.0975304201629	8
-61.5 68 0.1217 0.157266716123	7
-57 68 0.17306 0.160304438491	5
-28.5 68 0.319814285714 0.0792655122268	7
-27 68 0.279135714286 0.0736406201363	14
-25.5 68 0.259566666667 0.0808164793426	3
-175.5 67.5 0.17945 0.0446184378929	2
-174 67.5 0.172070588235 0.147041723521	17
-172.5 67.5 0.149817647059 0.0797995710773	17
-171 67.5 0.255054545455 0.0744569723214	11
-169.5 67.5 0.160027272727 0.112840321613	11
-168 67.5 0.29066 0.109439868827	10
-79.5 67.5 0.2598 0.0452224501769	3
-78 67.5 0.1874 NaN	1
-63 67.5 0.268766666667 0.0618579286214	3
-60 67.5 0.177633333333 0.0695294356675	12
-57 67.5 0.0565 NaN	1
-31.5 67.5 0.176742857143 0.0464133191064	7
-171 67 0.3188 NaN	1
-169.5 67 0.1209 NaN	1
-168 67 0.22055 0.119288335557	6
-166.5 67 0.2029 0.038749451609	2
-79.5 67 0.34745 0.146866078452	2
-75 67 0.30294 0.0988105409357	5
-60 67 0.31654 0.131856164058	5
-169.5 66.5 0.2284 0.0677524538301	5
-168 66.5 0.111945833333 0.105569391888	24
-166.5 66.5 0.24505 0.0168998520704	2
-79.5 66.5 0.2656 NaN	1
-60 66.5 0.18292 0.11409819017	5
-58.5 66.5 0.11456 0.116924646675	5
-168 66 0.119110526316 0.11922956333	19
-82.5 66 0.3667 NaN	1
-58.5 66 0.300583333333 0.0276383369012	6
-169.5 65.5 0.01675 0.0445491863001	4
-61.5 65.5 0.2004 NaN	1
-60 65.5 0.434 NaN	1
-171 65 0.179233333333 0.0458477189545	3
-169.5 65 0.24005 0.0919945922324	2
-168 65 0.1087 0.123743686708	2
-63 65 0.201845454545 0.0720346633731	11
-61.5 65 0.171914285714 0.157246944099	7
-60 65 0.347975 0.0254721252876	4
-58.5 65 0.08272 0.0656604675585	5
-177 64.5 0.27935 0.106419570569	2
-171 64.5 0.149 NaN	1
-169.5 64.5 0.273 NaN	1
-168 64.5 0.140066666667 0.1451008385	3
-81 64.5 0.1518 0.182953163405	5
-63 64.5 0.204803225806 0.0996218901108	31
-61.5 64.5 0.19185 0.0827414648166	4
-178.5 64 -0.1984 NaN	1
-171 64 0.1844 NaN	1
-169.5 64 0.1904 0.0676202843616	15
-168 64 0.230046153846 0.0805377925302	13
-166.5 64 0.251216666667 0.118381120592	30
-79.5 64 0.207166666667 0.0606407728623	3
-63 64 0.0976923076923 0.119155986432	13
-61.5 64 0.07045 0.312894750675	2
-178.5 63.5 0.1694 NaN	1
-177 63.5 0.0844857142857 0.105899293131	21
-175.5 63.5 0.2414 NaN	1
-169.5 63.5 0.1554 NaN	1
-168 63.5 0.184514285714 0.0500025808858	7
-166.5 63.5 0.22695 0.116036222793	2
-79.5 63.5 -0.05735 0.160583950007	2
-75 63.5 0.24692 0.152279273048	5
-63 63.5 0.22742 0.0763326947364	15
-61.5 63.5 0.20194 0.0837491074579	5
-180 63 0.0820545454545 0.0983430054822	11
-178.5 63 0.27276 0.0568420462529	10
-177 63 0.1842 NaN	1
-175.5 63 0.376 0.0239002092041	2
-168 63 0.216825 0.108339140287	12
-87 63 0.206855555556 0.110361305618	9
-63 63 0.156833333333 0.129201991729	6
-61.5 63 0.189933333333 0.0875480629902	3
-178.5 62.5 -0.1821 NaN	1
-175.5 62.5 0.0908 0.256821182927	2
-171 62.5 0.108771428571 0.0762398346073	7
-168 62.5 0.21225 0.0841177943918	4
-166.5 62.5 0.1379 0.158109076273	2
-88.5 62.5 0.23875 0.110333689325	6
-61.5 62.5 0.219517647059 0.101768396588	17
-177 62 0.318033333333 0.0652366716911	3
-172.5 62 0.2607 0.110167236509	2
-171 62 0.1905 NaN	1
-168 62 0.142033333333 0.0814324464408	3
-88.5 62 0.242816666667 0.0621039907467	6
-85.5 62 0.237325 0.0608671435724	4
-69 62 0.14245 0.0811051478021	2
-172.5 61.5 0.2516 NaN	1
-171 61.5 0.188822222222 0.0919520361082	9
-169.5 61.5 0.2819 NaN	1
-168 61.5 0.107723076923 0.116528946002	13
-88.5 61.5 0.1916 NaN	1
-82.5 61.5 0.2457 0.0384579857334	7
-81 61.5 0.1348 0.0775623620063	5
-79.5 61.5 0.2143 0.138898700098	10
-174 61 0.0358 0.00268700576851	2
-172.5 61 0.125105882353 0.106543820038	17
-171 61 -0.1364 NaN	1
-168 61 0.10446 0.154718188976	5
-90 61 0.288816666667 0.135958926396	6
-87 61 0.221233333333 0.0458193699942	6
-66 61 0.3219 NaN	1
-63 61 -0.1393 0.00282842712475	2
-171 60.5 0.146566666667 0.161643321338	3
-85.5 60.5 0.392 NaN	1
-79.5 60.5 0.13216 0.136142826962	10
-78 60.5 0.135171428571 0.11781595413	7
-172.5 60 0.302 NaN	1
-87 60 0.1266 0.24932671337	3
-84 60 0.2291 NaN	1
-79.5 60 0.08361 0.109487416324	10
-78 60 0.207971428571 0.0316454690957	7
-66 60 0.16775 0.0414697480098	8
