lon, lat, freeboard (m), standard deviation, count
-180 81.5 0.19956 0.155918271028	80
-178.5 81.5 0.248032051282 0.1358719484	78
-177 81.5 0.286084615385 0.121932530982	52
-175.5 81.5 0.25956031746 0.126741236943	63
-174 81.5 0.297449557522 0.0947321643127	226
-172.5 81.5 0.240814569536 0.0988052072834	151
-171 81.5 0.21628988764 0.125687206484	89
-169.5 81.5 0.251708641975 0.0776021281885	81
-168 81.5 0.215837179487 0.122121897915	78
-166.5 81.5 0.270146534653 0.101927683741	101
-165 81.5 0.25595 0.103200839885	86
-163.5 81.5 0.25938559322 0.102416095553	118
-162 81.5 0.244347428571 0.098009910839	175
-160.5 81.5 0.236906844106 0.0948960581973	263
-159 81.5 0.214215555556 0.110713416759	180
-157.5 81.5 0.254250381679 0.107860420754	131
-156 81.5 0.248326 0.0682450288566	100
-154.5 81.5 0.245919230769 0.112581582544	130
-153 81.5 0.286969620253 0.0883743684984	158
-151.5 81.5 0.3206 0.0841903715311	165
-150 81.5 0.275767375887 0.104983256146	141
-148.5 81.5 0.281065363128 0.0882725715239	179
-147 81.5 0.291166477273 0.0730661607123	176
-145.5 81.5 0.301152380952 0.0822709654075	105
-144 81.5 0.274427272727 0.113758026912	55
-142.5 81.5 0.264652830189 0.114529990423	106
-141 81.5 0.325033333333 0.0631891847286	51
-139.5 81.5 0.294145205479 0.0858809156803	73
-138 81.5 0.319863043478 0.0825260076412	46
-136.5 81.5 0.313962903226 0.0740061876763	62
-135 81.5 0.299751449275 0.0795873208509	138
-133.5 81.5 0.266366153846 0.0946380114517	65
-132 81.5 0.2503 0.0959351847454	62
-130.5 81.5 0.289878947368 0.109078875823	76
-129 81.5 0.265631958763 0.0932692066306	97
-127.5 81.5 0.254151578947 0.100236345028	95
-126 81.5 0.211353658537 0.130357566136	41
-124.5 81.5 0.236476923077 0.13598619138	26
-123 81.5 0.196304761905 0.11994369839	63
-121.5 81.5 0.222294444444 0.153222096067	54
-120 81.5 0.222136538462 0.119292612773	52
-118.5 81.5 0.24053828125 0.12882006258	128
-117 81.5 0.201146107784 0.121550286459	167
-115.5 81.5 0.198301 0.119935750894	100
-114 81.5 0.24753956044 0.116436145475	91
-112.5 81.5 0.10657173913 0.140605423532	92
-111 81.5 0.148827522936 0.153382601307	109
-109.5 81.5 0.19565443038 0.164867216033	79
-108 81.5 0.197148387097 0.153586598298	93
-106.5 81.5 0.205947311828 0.153089392464	93
-105 81.5 0.193561111111 0.106840766104	36
-103.5 81.5 0.308216666667 0.11351940174	36
-102 81.5 0.299812820513 0.109579206198	78
-100.5 81.5 0.348727777778 0.118400155915	36
-99 81.5 0.389393023256 0.114846108583	86
-97.5 81.5 0.353315625 0.131219255347	32
-96 81.5 0.366133333333 0.067057040396	6
-9 81.5 0.135445 0.11612545156	20
-7.5 81.5 0.1891 0.196836378751	11
-6 81.5 0.0777428571429 0.195702178979	7
-4.5 81.5 0.249875 0.0698223507673	16
-3 81.5 0.275752631579 0.115052748137	19
-1.5 81.5 0.262593333333 0.168513517667	45
0 81.5 0.151444444444 0.276300918887	9
1.5 81.5 0.252368 0.127134609502	25
3 81.5 0.31702 0.137637565932	10
4.5 81.5 0.23693125 0.134985276228	32
6 81.5 0.2172 0.169803877459	26
7.5 81.5 0.157177777778 0.143317626077	9
9 81.5 0.309169354839 0.121172000213	62
10.5 81.5 0.268276595745 0.119730683679	47
12 81.5 0.160216666667 0.239363751781	6
13.5 81.5 0.14554 0.117136512546	15
15 81.5 0.169192 0.0892427631053	25
16.5 81.5 0.147828571429 0.114476998313	21
18 81.5 0.0981916666667 0.143467927733	12
21 81.5 0.262095238095 0.142279014705	42
22.5 81.5 0.216725925926 0.0985105835493	27
25.5 81.5 0.1778075 0.146647526818	40
27 81.5 0.1259 0.110024542717	7
30 81.5 0.14276 0.123787228744	5
31.5 81.5 0.15452 0.174009434063	15
33 81.5 0.179652631579 0.17101570223	19
34.5 81.5 0.1141 0.169038266542	10
36 81.5 0.152963157895 0.132913766844	38
37.5 81.5 0.162651612903 0.124919968703	31
39 81.5 0.119394736842 0.110637096821	19
40.5 81.5 0.18680625 0.186134637539	16
42 81.5 0.10726 0.135863611622	55
43.5 81.5 0.16061875 0.132733939482	64
45 81.5 0.145160869565 0.210979936011	23
46.5 81.5 0.179882352941 0.163528090994	17
48 81.5 0.291166666667 0.0567440099629	6
49.5 81.5 0.229081818182 0.161529822746	11
52.5 81.5 0.210267213115 0.0970166819355	61
66 81.5 0.139671428571 0.147544709752	28
67.5 81.5 0.134811111111 0.109641388638	27
69 81.5 0.0759 0.160716299388	10
70.5 81.5 0.189256097561 0.119644262396	41
72 81.5 0.213984482759 0.114877592828	58
73.5 81.5 0.276691666667 0.0798941055777	12
75 81.5 0.191871153846 0.112432793584	52
76.5 81.5 0.07089 0.142848602451	10
78 81.5 0.206858 0.0920416003662	100
79.5 81.5 0.139702666667 0.129985092673	75
81 81.5 0.19665 0.101254616056	12
82.5 81.5 0.175971428571 0.145003230049	42
84 81.5 0.212276470588 0.139604206282	17
85.5 81.5 0.218689655172 0.146906618408	29
87 81.5 0.233164285714 0.125498094775	56
88.5 81.5 0.146880851064 0.125940634114	47
90 81.5 0.323480952381 0.126311474614	21
91.5 81.5 0.0314333333333 0.0810770826642	3
93 81.5 0.118557142857 0.0642555797095	7
94.5 81.5 -0.0909333333333 0.0861812818037	3
97.5 81.5 0.310272727273 0.121217408741	11
99 81.5 0.27789 0.0803071388829	10
100.5 81.5 0.0598 0.132459071846	8
102 81.5 0.256585714286 0.102573606556	7
103.5 81.5 0.231521428571 0.126018107237	14
105 81.5 0.282796666667 0.105676746809	30
106.5 81.5 0.17063125 0.148715908942	32
108 81.5 0.235955172414 0.111795675422	58
109.5 81.5 0.282568674699 0.0986011167598	83
111 81.5 0.23785 0.0911695751255	64
112.5 81.5 0.118753571429 0.148328717736	28
114 81.5 0.08698 0.0700242600818	5
115.5 81.5 0.134647368421 0.0989349863318	19
117 81.5 0.218716129032 0.0847253684826	31
118.5 81.5 0.2505 0.0795407049881	17
120 81.5 0.30008 0.050025810481	15
121.5 81.5 0.327646153846 0.0837638905434	13
123 81.5 0.29146 0.0865276074854	15
124.5 81.5 0.30324516129 0.0698391763922	31
126 81.5 0.248645454545 0.14512582922	33
127.5 81.5 0.239592857143 0.0786095976073	28
129 81.5 0.195261290323 0.108349452167	31
130.5 81.5 0.218046875 0.110728887114	32
132 81.5 0.202326923077 0.114070986873	26
133.5 81.5 0.244960759494 0.129064640352	79
135 81.5 0.2389 0.121979836399	42
136.5 81.5 0.258017647059 0.126422627256	51
138 81.5 0.206129090909 0.143226449389	55
139.5 81.5 0.187277142857 0.182551282216	35
141 81.5 0.21952 0.101024670254	35
142.5 81.5 0.253917391304 0.152608195942	46
144 81.5 0.225980412371 0.12236036654	97
145.5 81.5 0.222098717949 0.136836733214	78
147 81.5 0.177980769231 0.139516129589	26
148.5 81.5 0.202833333333 0.0961716298133	15
150 81.5 0.245026086957 0.0976845117406	23
151.5 81.5 0.301229166667 0.0749970809818	24
153 81.5 0.283450769231 0.0942981261795	65
154.5 81.5 0.224151111111 0.119380026543	45
156 81.5 0.260337096774 0.108727772907	62
157.5 81.5 0.297011320755 0.0784888077773	53
159 81.5 0.32074137931 0.0892409355257	58
160.5 81.5 0.316415116279 0.109272678376	86
162 81.5 0.215367647059 0.107539370789	102
163.5 81.5 0.230391666667 0.143439344188	48
165 81.5 0.229113043478 0.122301506362	23
166.5 81.5 0.246145652174 0.128985562855	46
168 81.5 0.199311428571 0.129473964613	35
169.5 81.5 0.248915789474 0.119090997518	38
171 81.5 0.271817910448 0.101252146891	67
172.5 81.5 0.223436363636 0.131120111971	44
174 81.5 0.188717777778 0.13212649636	45
175.5 81.5 0.275907936508 0.124853740628	63
177 81.5 0.268878145695 0.112213702606	151
178.5 81.5 0.288043877551 0.122355652018	98
-180 81 0.275785964912 0.119635149873	57
-178.5 81 0.256627067669 0.0991341462805	133
-177 81 0.2786296875 0.115321185267	64
-175.5 81 0.257895192308 0.12505798995	104
-174 81 0.267107189542 0.110187616379	153
-172.5 81 0.27311122449 0.0894551236714	98
-171 81 0.260213043478 0.0803421323017	138
-169.5 81 0.260068571429 0.0940074969538	105
-168 81 0.223818248175 0.102802266096	137
-166.5 81 0.257525882353 0.108364128392	85
-165 81 0.223931034483 0.135743638602	87
-163.5 81 0.249908196721 0.0916110606406	61
-162 81 0.247011 0.107591455009	100
-160.5 81 0.2499032 0.0976577837738	125
-159 81 0.22951 0.0997227840452	150
-157.5 81 0.26721910828 0.0906907263046	157
-156 81 0.290053020134 0.0982954272651	149
-154.5 81 0.261722881356 0.0761319046646	118
-153 81 0.272363218391 0.0861631764419	174
-151.5 81 0.3034575 0.0739047868324	240
-150 81 0.300086178862 0.0726766105803	123
-148.5 81 0.278064935065 0.0682863201339	77
-147 81 0.29018627451 0.0806215852476	51
-145.5 81 0.287531666667 0.0954748214065	60
-144 81 0.306138235294 0.103515194687	68
-142.5 81 0.29216 0.111866982022	25
-141 81 0.250955555556 0.0859523577265	54
-139.5 81 0.291973913043 0.0740399965027	46
-138 81 0.289567164179 0.109137241079	67
-136.5 81 0.2497225 0.119720221901	40
-135 81 0.263607142857 0.118028348536	28
-133.5 81 0.276037142857 0.0896766868569	70
-132 81 0.338097959184 0.0795796757182	49
-130.5 81 0.303858571429 0.100924130627	70
-129 81 0.270184033613 0.113795781983	119
-127.5 81 0.267990196078 0.138495517985	51
-126 81 0.237263333333 0.109728836569	30
-124.5 81 0.245843243243 0.113178449412	37
-123 81 0.108546153846 0.14793515818	13
-121.5 81 0.160492207792 0.13515855189	77
-120 81 0.218668 0.122573628751	50
-118.5 81 0.228527472527 0.133612236687	91
-117 81 0.188801694915 0.101821323295	118
-115.5 81 0.21221641791 0.123996295884	67
-114 81 0.148615384615 0.147273400497	39
-112.5 81 0.142132835821 0.145922682296	67
-111 81 0.127441666667 0.137403232787	72
-109.5 81 0.187729239766 0.135754609797	171
-108 81 0.153400735294 0.148092310299	136
-106.5 81 0.240992253521 0.114306073549	142
-105 81 0.222794444444 0.1019129843	126
-103.5 81 0.249986666667 0.14455726971	60
-102 81 0.268059259259 0.154470221823	27
-100.5 81 0.445349122807 0.125942455855	57
-99 81 0.477226923077 0.12935043163	52
-97.5 81 0.4634 0.0801004161454	19
-10.5 81 -0.1812 NaN	1
-7.5 81 0.2545 NaN	1
-6 81 0.2065 NaN	1
-4.5 81 0.146569230769 0.141070995038	13
-3 81 0.171216666667 0.11002944	6
-1.5 81 0.141547916667 0.147706377784	48
0 81 0.257613043478 0.174191314629	69
1.5 81 0.187978947368 0.11469600196	19
3 81 0.200813157895 0.129752021639	38
4.5 81 0.0959642857143 0.139961394715	28
6 81 0.23643 0.165147188258	20
7.5 81 0.152853846154 0.128385828757	13
9 81 0.242736666667 0.107137505855	30
10.5 81 0.189687096774 0.164082533586	31
12 81 0.0859 0.268152736328	3
13.5 81 -0.0223 0.182574970902	2
15 81 0.16263 0.200843571247	10
16.5 81 0.131433333333 0.0953478162341	12
22.5 81 0.269283333333 0.134577965462	12
24 81 0.303576315789 0.119041674361	38
25.5 81 0.3834 NaN	1
27 81 -0.0449 NaN	1
28.5 81 0.185925 0.211763222728	4
30 81 0.2899 NaN	1
31.5 81 0.218375 0.0806557034561	4
33 81 0.0921 NaN	1
34.5 81 0.152045454545 0.135022163837	11
36 81 0.3786 NaN	1
37.5 81 0.01945 0.158144627899	4
39 81 0.102861538462 0.13981809336	13
40.5 81 0.0870923076923 0.156529775983	13
42 81 0.2241 NaN	1
43.5 81 0.188364285714 0.12463246649	14
45 81 0.2041 0.153508844874	12
46.5 81 0.06595 0.0426385389055	2
48 81 0.138033333333 0.245851628698	3
49.5 81 0.16272 0.0610045654029	5
67.5 81 0.0994605263158 0.164258386662	38
69 81 0.13115 0.144585310457	16
70.5 81 0.19399 0.160529377374	10
72 81 0.0802086956522 0.142962274474	46
73.5 81 0.214313043478 0.112860909185	23
75 81 0.1022375 0.184425005567	8
76.5 81 0.132817647059 0.161900468017	17
78 81 0.0982 NaN	1
82.5 81 0.221724137931 0.114970985952	29
84 81 0.179724489796 0.129527941855	49
85.5 81 0.256581034483 0.137855364654	58
87 81 0.274226229508 0.148529011646	61
88.5 81 0.165860714286 0.149184447951	28
90 81 0.09785 0.227193408795	2
100.5 81 0.0835 NaN	1
102 81 0.2899 NaN	1
103.5 81 0.299218181818 0.0908792695633	11
105 81 0.25665 0.103992268574	14
106.5 81 0.201346511628 0.0894027067579	43
108 81 0.209825203252 0.109430727091	123
109.5 81 0.213658227848 0.130167559281	79
111 81 0.223800925926 0.135326896357	108
112.5 81 0.259509677419 0.0971375703314	31
114 81 0.213 0.115288290819	33
115.5 81 0.22138125 0.108793898228	16
117 81 0.21310625 0.0968329383956	16
118.5 81 0.293035294118 0.0549759940926	17
120 81 0.220244897959 0.0971446281351	49
121.5 81 0.276564285714 0.188153045754	14
123 81 0.224766666667 0.071411577026	3
124.5 81 0.257266666667 0.0877735913207	3
126 81 0.261688235294 0.10429418058	17
127.5 81 0.267933333333 0.0710436272279	12
129 81 0.302890909091 0.0821706870981	22
130.5 81 0.246445454545 0.0915890644524	11
132 81 0.15043 0.137471160988	30
133.5 81 0.12955 0.159589943292	12
135 81 0.153613333333 0.145415409218	15
136.5 81 0.278933333333 0.114519183255	3
138 81 0.357783333333 0.0861486022328	6
139.5 81 0.216528571429 0.183278128485	7
141 81 0.231271428571 0.0832598285346	7
142.5 81 0.198794736842 0.100413669243	19
144 81 0.250736956522 0.102394158598	46
145.5 81 0.24020212766 0.103673202041	47
147 81 0.23006 0.0976580569687	45
148.5 81 0.237572222222 0.119242219159	18
150 81 0.22245 0.115630891201	6
151.5 81 0.270223076923 0.112680582133	13
153 81 0.274287837838 0.1220582636	74
154.5 81 0.243242222222 0.118826849753	45
156 81 0.238325 0.128327389027	52
157.5 81 0.270376190476 0.112561594649	42
159 81 0.249102739726 0.120327717981	73
160.5 81 0.252351851852 0.10521533847	54
162 81 0.27956557377 0.0964018670034	61
163.5 81 0.25165 0.117980959517	48
165 81 0.24167037037 0.142937960762	27
166.5 81 0.223090196078 0.124031257762	51
168 81 0.213452 0.110564238944	25
169.5 81 0.274708333333 0.121139154323	24
171 81 0.221932258065 0.14167225138	62
172.5 81 0.287155223881 0.114337496545	67
174 81 0.28815 0.108145795951	78
175.5 81 0.281993478261 0.0979367900506	46
177 81 0.26875042735 0.116800032198	117
178.5 81 0.283375700935 0.103336823188	107
-180 80.5 0.273596491228 0.119308504614	57
-178.5 80.5 0.211924561404 0.146631573389	57
-177 80.5 0.215646875 0.136486742791	32
-175.5 80.5 0.267102439024 0.0918790604213	41
-174 80.5 0.244002666667 0.0869955698986	75
-172.5 80.5 0.217252173913 0.123346494323	46
-171 80.5 0.236249350649 0.100154284433	77
-169.5 80.5 0.25587734375 0.0871747012485	128
-168 80.5 0.267852941176 0.10174610627	51
-166.5 80.5 0.22578 0.102021880006	60
-165 80.5 0.239943243243 0.117954201424	37
-163.5 80.5 0.267957971014 0.0897630105362	69
-162 80.5 0.186903278689 0.107957666035	61
-160.5 80.5 0.27662238806 0.0875782024608	201
-159 80.5 0.288831578947 0.0941016816958	209
-157.5 80.5 0.299536619718 0.0782551253263	71
-156 80.5 0.286414457831 0.0749899166108	83
-154.5 80.5 0.244091111111 0.110322281649	45
-153 80.5 0.27805 0.0659833312284	40
-151.5 80.5 0.23225625 0.0920690552109	32
-150 80.5 0.30088627451 0.0662231712306	51
-148.5 80.5 0.254507894737 0.0832714687246	38
-147 80.5 0.28815 0.0625929918727	20
-145.5 80.5 0.261988 0.0923493336919	25
-144 80.5 0.275753333333 0.10137015045	30
-142.5 80.5 0.276830188679 0.0886728789187	53
-141 80.5 0.259824 0.0981195456234	25
-139.5 80.5 0.273397619048 0.0865848448636	42
-138 80.5 0.321610714286 0.0654169665345	28
-136.5 80.5 0.32088490566 0.0831100183636	53
-135 80.5 0.289233333333 0.0638032474563	39
-133.5 80.5 0.297325 0.1048	32
-132 80.5 0.326494117647 0.0924853499985	34
-130.5 80.5 0.269955319149 0.0870688877906	47
-129 80.5 0.210260377358 0.153734908377	53
-127.5 80.5 0.222902352941 0.137711668227	85
-126 80.5 0.249548571429 0.0914507529684	35
-124.5 80.5 0.239056060606 0.123031229467	66
-123 80.5 0.175691111111 0.131673374858	45
-121.5 80.5 0.129302985075 0.144012499426	67
-120 80.5 0.128536065574 0.123671578585	122
-118.5 80.5 0.195390756303 0.111270674648	238
-117 80.5 0.116834782609 0.106076092774	92
-115.5 80.5 0.209861111111 0.134600288034	108
-114 80.5 0.159564772727 0.154063224102	88
-112.5 80.5 0.215171962617 0.101939400047	107
-111 80.5 0.262192307692 0.126798730194	52
-109.5 80.5 0.303046153846 0.125162867435	26
-108 80.5 0.244109090909 0.105761840515	11
-106.5 80.5 0.249319148936 0.147361645173	94
-105 80.5 0.236038181818 0.13050775412	55
-103.5 80.5 0.329372916667 0.121110575007	48
-102 80.5 0.264102325581 0.143594036699	43
-100.5 80.5 0.308594444444 0.139185498198	18
-99 80.5 0.401833333333 0.0731621657689	9
-97.5 80.5 0.4074 NaN	1
-7.5 80.5 0.19405 0.129046987567	2
-3 80.5 0.239152380952 0.132052662294	21
-1.5 80.5 0.34862962963 0.0892044704589	27
0 80.5 0.155 0.144086206835	5
1.5 80.5 -0.1399 NaN	1
3 80.5 0.11955 0.00162634559673	2
4.5 80.5 0.202921052632 0.116051654757	38
6 80.5 0.161272727273 0.121933810659	11
7.5 80.5 0.0832 0.11087434329	2
9 80.5 0.3361 NaN	1
10.5 80.5 0.0311 NaN	1
27 80.5 0.15205 0.266508545829	2
36 80.5 -0.0843 NaN	1
39 80.5 -0.1407 NaN	1
40.5 80.5 0.0830666666667 0.027580850845	3
42 80.5 0.1277625 0.143047124478	8
43.5 80.5 0.12965 0.143639653299	4
45 80.5 0.1372 0.169564206129	2
64.5 80.5 0.1237 0.112824124534	14
66 80.5 0.0708794117647 0.12494032704	34
67.5 80.5 0.155694957983 0.126476636718	119
69 80.5 0.125626666667 0.157317070487	15
70.5 80.5 0.132306666667 0.0927552883873	15
72 80.5 0.118670588235 0.141920315515	17
73.5 80.5 0.196685714286 0.0980854132158	21
75 80.5 0.172633962264 0.103604055726	53
76.5 80.5 0.19515 0.163941158585	24
78 80.5 0.1019 0.172746195327	6
81 80.5 0.148320833333 0.0969451659407	24
82.5 80.5 0.183134482759 0.157607965888	29
84 80.5 0.259457142857 0.0857269443734	35
85.5 80.5 0.169785714286 0.107601664679	14
87 80.5 0.25356 0.0885816375922	55
88.5 80.5 0.192903703704 0.136921734927	54
90 80.5 0.232934615385 0.128175928248	52
100.5 80.5 0.14225 0.138150580372	8
102 80.5 0.24455 0.015485638508	2
103.5 80.5 -0.0083 NaN	1
105 80.5 0.193459574468 0.115107327345	47
106.5 80.5 0.183642857143 0.0984517156654	28
108 80.5 0.181417808219 0.130475839976	73
109.5 80.5 0.177283333333 0.131281624324	30
111 80.5 0.2873375 0.101933689055	8
112.5 80.5 0.189545833333 0.160158725561	24
114 80.5 0.176778571429 0.145605636007	42
115.5 80.5 0.15974 0.117884163483	10
117 80.5 0.28516 0.0342169256363	5
118.5 80.5 0.288828571429 0.0989438282201	21
120 80.5 0.240888888889 0.0426399004585	9
121.5 80.5 0.264827272727 0.126583159156	11
123 80.5 0.2616 0.135229179954	10
124.5 80.5 0.2422 0.133533191879	4
126 80.5 0.199182352941 0.114641955064	34
127.5 80.5 0.24959047619 0.0619368864633	21
129 80.5 0.267414285714 0.114504567964	28
130.5 80.5 0.323572727273 0.0641563208616	22
132 80.5 0.337166666667 0.117833795379	3
133.5 80.5 0.1144 0.118602388959	4
135 80.5 0.216957142857 0.114544850854	7
136.5 80.5 0.0241 0.310702719653	2
138 80.5 0.290975 0.0676918692803	4
139.5 80.5 0.251533333333 0.1242462206	3
141 80.5 0.123675 0.156936555652	4
142.5 80.5 0.18605 0.151846019495	12
144 80.5 0.1844125 0.104630758077	8
145.5 80.5 0.182121621622 0.0960291857693	37
147 80.5 0.213470833333 0.163128835398	24
148.5 80.5 0.29239375 0.081563187191	80
150 80.5 0.279089393939 0.0998397795375	66
151.5 80.5 0.3050825 0.0879644329376	80
153 80.5 0.304648623853 0.0860889587435	109
154.5 80.5 0.272465853659 0.0881408861135	41
156 80.5 0.291896774194 0.0954416085634	62
157.5 80.5 0.321208108108 0.0882233100288	37
159 80.5 0.2742484375 0.0815792437658	64
160.5 80.5 0.296562711864 0.0973532049635	59
162 80.5 0.255761038961 0.0930702623034	77
163.5 80.5 0.232885227273 0.0962504701165	88
165 80.5 0.248943243243 0.0856228018065	37
166.5 80.5 0.24542 0.118396568483	15
168 80.5 0.238507692308 0.11040708645	26
169.5 80.5 0.278405263158 0.116514450576	19
171 80.5 0.153091304348 0.118300560642	23
172.5 80.5 0.227184210526 0.128638893515	57
174 80.5 0.263044897959 0.0979045837819	49
175.5 80.5 0.250772093023 0.0865415708684	43
177 80.5 0.238606349206 0.0928103544575	63
178.5 80.5 0.266431944444 0.12677856022	72
-180 80 0.302633333333 0.103603948261	15
-178.5 80 0.252195833333 0.119876844336	24
-177 80 0.286793421053 0.0797177760779	76
-175.5 80 0.174295833333 0.167629634402	24
-174 80 0.273565909091 0.0813032135387	44
-172.5 80 0.233246666667 0.0903369964054	30
-171 80 0.277944927536 0.113910522853	69
-169.5 80 0.247618604651 0.0990187973974	86
-168 80 0.22655483871 0.144151988861	31
-166.5 80 0.184528571429 0.128495002682	7
-165 80 0.300941935484 0.0825411080379	31
-163.5 80 0.294540350877 0.0969997935558	57
-162 80 0.234185714286 0.126612797651	28
-160.5 80 0.249344047619 0.094083406154	84
-159 80 0.2480703125 0.0872799503871	64
-157.5 80 0.310790625 0.0830829394722	64
-156 80 0.256176923077 0.0819411485266	39
-154.5 80 0.277866666667 0.101865370535	36
-153 80 0.230839130435 0.0821530098997	23
-151.5 80 0.2828525 0.0870004538376	40
-150 80 0.246131578947 0.0885657798148	38
-148.5 80 0.246525 0.0849841276741	24
-147 80 0.261635 0.0977211622558	20
-145.5 80 0.28339 0.0779648702943	10
-144 80 0.349777777778 0.0657193586591	27
-142.5 80 0.358931111111 0.0555252515128	45
-141 80 0.3849 0.0406105545746	8
-139.5 80 0.267095 0.0931086206366	20
-138 80 0.158572727273 0.0812085474677	11
-136.5 80 0.277575 0.0602477027099	12
-135 80 0.323153658537 0.0587070698364	41
-133.5 80 0.368738554217 0.0640921646429	83
-132 80 0.315322916667 0.106258875453	48
-130.5 80 0.21165 0.117233233343	6
-129 80 0.202370833333 0.147485865142	24
-127.5 80 0.267417241379 0.11654576682	29
-126 80 0.253873684211 0.0988516275486	19
-123 80 0.162797560976 0.15382882774	41
-121.5 80 0.175218045113 0.135793740559	133
-120 80 0.235732608696 0.120569188522	138
-118.5 80 0.216751369863 0.127569550597	146
-117 80 0.226874683544 0.168699216836	79
-115.5 80 0.261742937853 0.0974301134635	177
-114 80 0.234140277778 0.126098542574	72
-112.5 80 0.223282258065 0.110912120765	62
-111 80 0.231758461538 0.11011923494	65
-109.5 80 0.260942424242 0.140211850767	66
-108 80 0.211917204301 0.133418021258	93
-106.5 80 0.237782692308 0.121498709299	52
-105 80 0.608207936508 0.138932743419	63
-103.5 80 0.404476190476 0.133252380484	21
-102 80 0.38005 0.00275771644662	2
-13.5 80 0.228 NaN	1
-10.5 80 0.3319 0.0294156420974	2
-1.5 80 -0.0495038461538 0.0955384902653	52
36 80 0.08065 0.206970154853	2
37.5 80 -0.0212333333333 0.134847110957	3
42 80 0.10595 0.0795495128835	2
43.5 80 0.1368 0.0795670157792	3
45 80 0.254166666667 0.0929112659118	3
61.5 80 -0.1055 0.0508442327113	6
63 80 0.103068421053 0.138392927134	19
64.5 80 0.101793333333 0.110092379391	45
66 80 0.14483255814 0.10681425293	43
67.5 80 0.192870212766 0.0945878954359	47
69 80 0.150251851852 0.136853341969	27
70.5 80 0.0990333333333 0.139048604212	21
72 80 0.1746 0.111192580688	3
73.5 80 0.2312 0.0769387668614	14
75 80 0.164666666667 0.140492577503	21
76.5 80 0.174566666667 0.0878663947897	3
78 80 0.16434 0.146018036068	15
79.5 80 0.131722222222 0.11942656507	9
81 80 0.060025 0.222179437617	4
82.5 80 0.1871 0.0853669364927	14
84 80 0.246125 0.0753937678278	12
85.5 80 0.232616666667 0.115763922692	24
87 80 0.23659375 0.106413147798	32
88.5 80 0.195603030303 0.105821299252	66
90 80 0.179646875 0.136620286087	32
102 80 0.18665 0.0420374832739	4
103.5 80 0.0211 0.145078082425	5
105 80 0.244245454545 0.0979532594852	55
106.5 80 0.242508955224 0.0874871569201	134
108 80 0.1877140625 0.116291201085	64
109.5 80 0.152136363636 0.112521736284	33
111 80 0.114 NaN	1
112.5 80 0.249381818182 0.0513082024277	11
114 80 0.218766666667 0.0718156436069	6
115.5 80 0.267552941176 0.0897985322656	17
117 80 0.32965 0.115019428125	14
118.5 80 0.348844444444 0.0643114902469	9
120 80 0.289072727273 0.0634211808611	11
121.5 80 0.257178571429 0.126744445001	28
123 80 0.2578 0.14313494798	13
124.5 80 0.2857375 0.0469396554099	8
126 80 0.3049 0.121748483906	7
127.5 80 0.267469230769 0.113925848579	13
129 80 0.32591 0.109774844821	10
130.5 80 0.296123076923 0.0661549085335	13
132 80 0.287984782609 0.0902622745544	46
133.5 80 0.177566666667 0.11841588787	9
136.5 80 0.1849 NaN	1
138 80 0.24722 0.0667294312879	5
139.5 80 0.266461538462 0.077888858194	13
141 80 0.3697 0.12176378772	2
142.5 80 0.224790909091 0.113434372697	11
144 80 0.2406 0.112122499972	21
145.5 80 0.286677777778 0.0451394998249	9
147 80 0.201647916667 0.117503955551	48
148.5 80 0.29207 0.0884408408674	10
150 80 0.294285714286 0.0515955239845	7
151.5 80 0.294541176471 0.0807323669511	17
153 80 0.307920689655 0.081581853634	29
154.5 80 0.286009375 0.090989593022	32
156 80 0.306021428571 0.0879533195995	14
157.5 80 0.226588888889 0.129213848372	9
159 80 0.2379 0.130014313593	24
160.5 80 0.282747368421 0.114193263901	19
162 80 0.218330769231 0.119510688289	26
163.5 80 0.2246 0.085029031162	58
165 80 0.262498181818 0.0927900487379	55
166.5 80 0.255357142857 0.0921016426098	21
168 80 0.231088888889 0.112193186563	9
169.5 80 0.18826 0.169412478879	5
171 80 0.15512 0.111263099603	10
172.5 80 0.26986875 0.076215049896	32
174 80 0.285288095238 0.0784369039649	42
175.5 80 0.242068181818 0.104554703779	22
177 80 0.280778571429 0.100659189627	42
178.5 80 0.266788235294 0.115742099527	17
-180 79.5 0.261041860465 0.1266425702	43
-178.5 79.5 0.265375675676 0.120036467619	37
-177 79.5 0.290482352941 0.0569540410692	17
-175.5 79.5 0.224425 0.0815427620666	12
-174 79.5 0.24933 0.0931765552501	30
-172.5 79.5 0.216022222222 0.106593991016	36
-171 79.5 0.182278787879 0.101610142695	33
-169.5 79.5 0.273991666667 0.0768865333797	12
-168 79.5 0.236829166667 0.0650777159427	24
-166.5 79.5 0.28675 0.0851482918966	32
-165 79.5 0.256575 0.0864913390883	60
-163.5 79.5 0.270503030303 0.0663837964268	33
-162 79.5 0.32905 0.0494067303108	10
-160.5 79.5 0.25728 0.119885650378	25
-159 79.5 0.314425 0.0612696874911	20
-157.5 79.5 0.27483030303 0.0813554757102	33
-156 79.5 0.238025 0.088656830265	20
-154.5 79.5 0.281382926829 0.0960368130001	41
-153 79.5 0.174463636364 0.11943433161	22
-151.5 79.5 0.261236363636 0.0914642473618	11
-150 79.5 0.289422222222 0.13296230639	36
-148.5 79.5 0.336216666667 0.0718997386938	12
-147 79.5 0.288378947368 0.0554770480965	19
-145.5 79.5 0.315025 0.0736795756531	20
-144 79.5 0.326225 0.0820900115727	80
-142.5 79.5 0.305974285714 0.078906345614	35
-141 79.5 0.208480769231 0.104166274846	26
-139.5 79.5 0.239272727273 0.133481227826	11
-138 79.5 0.2912 0.105184166531	19
-136.5 79.5 0.298261904762 0.0881795014512	21
-135 79.5 0.334162222222 0.0585072500903	45
-133.5 79.5 0.340490909091 0.0706042817559	33
-132 79.5 0.255954545455 0.164936696362	33
-130.5 79.5 0.27539375 0.13173912714	48
-129 79.5 0.256143478261 0.0849421130487	23
-127.5 79.5 0.190204545455 0.124401797098	22
-126 79.5 0.247978571429 0.113529697068	28
-124.5 79.5 0.215404081633 0.11480981912	49
-123 79.5 0.173835925926 0.106340771618	270
-121.5 79.5 0.238942424242 0.108197425216	165
-120 79.5 0.232414876033 0.0897661746439	121
-118.5 79.5 0.15263 0.0763348870069	40
-117 79.5 0.239829032258 0.101208768374	31
-115.5 79.5 0.171142553191 0.118111827528	47
-114 79.5 0.23934 0.101931012426	35
-112.5 79.5 0.17464 0.0774920834666	5
-111 79.5 0.256986486486 0.113985055458	37
-109.5 79.5 0.306964864865 0.155395050715	37
-108 79.5 0.219519230769 0.117657598205	26
-106.5 79.5 0.240290909091 0.155093897547	22
-105 79.5 0.559433333333 0.103019528893	3
-13.5 79.5 0.35048 0.0440474403343	5
-10.5 79.5 0.10445 0.0767210857587	2
-9 79.5 0.0192 NaN	1
-6 79.5 0.176975 0.0513542192359	4
37.5 79.5 0.2399 NaN	1
39 79.5 0.2881 0.0404003712854	3
42 79.5 0.14215 0.136689733826	4
43.5 79.5 0.04234 0.208744707717	5
58.5 79.5 0.169792592593 0.0980601068651	27
60 79.5 -0.1801 NaN	1
61.5 79.5 0.1163375 0.0984235058307	16
63 79.5 0.169907692308 0.111734666819	13
64.5 79.5 0.159141935484 0.113959182091	31
66 79.5 0.130255555556 0.104141029871	27
67.5 79.5 0.178007692308 0.115133187089	13
69 79.5 0.129238709677 0.104603816621	31
70.5 79.5 0.198894117647 0.133395087384	17
72 79.5 0.0809153846154 0.129753329091	13
73.5 79.5 0.1347 NaN	1
75 79.5 0.18978 0.122265293522	5
79.5 79.5 0.1915 NaN	1
81 79.5 0.22195 0.0378302127935	2
82.5 79.5 0.144125 0.147679571483	4
84 79.5 0.262842857143 0.178804361031	7
85.5 79.5 0.17555625 0.119286059363	16
87 79.5 0.190944827586 0.0997626382477	29
88.5 79.5 0.146548888889 0.125937057912	45
90 79.5 0.27025 0.0593661279086	8
105 79.5 0.140118181818 0.148466196949	11
106.5 79.5 0.187628971963 0.096328156711	107
108 79.5 0.177645544554 0.0923794636537	101
109.5 79.5 0.251961111111 0.0805586168677	18
111 79.5 0.227083333333 0.0439054942375	12
112.5 79.5 0.2662 0.0913793558013	13
114 79.5 0.166485714286 0.202561047823	7
115.5 79.5 0.221611111111 0.106459152313	9
117 79.5 0.204566666667 0.138487773227	3
118.5 79.5 0.241764444444 0.115125988606	45
120 79.5 0.231434883721 0.107582603665	43
121.5 79.5 0.32285 0.0761554003338	2
123 79.5 0.2718875 0.0644514088841	8
124.5 79.5 0.276472 0.136576012169	25
126 79.5 0.276314285714 0.0506751472563	14
127.5 79.5 0.371683333333 0.0650195331956	12
129 79.5 0.4112 NaN	1
130.5 79.5 0.1739 NaN	1
132 79.5 0.348185714286 0.0373666263115	7
133.5 79.5 0.295427272727 0.09474414062	11
135 79.5 0.2872 0.0722834420874	6
136.5 79.5 0.211757142857 0.199174695993	7
138 79.5 0.158314285714 0.0735072202479	7
142.5 79.5 0.2596 0.140124958519	6
144 79.5 0.2904625 0.0937310825358	16
145.5 79.5 0.231486956522 0.128484382865	23
147 79.5 0.225552941176 0.156909799398	17
148.5 79.5 0.328426923077 0.0560085461885	26
150 79.5 0.302226086957 0.0488163089122	23
151.5 79.5 0.201083333333 0.179514789633	12
153 79.5 0.196014285714 0.0921446404405	7
154.5 79.5 0.248534210526 0.0838782782058	38
156 79.5 0.264338235294 0.0814027399386	34
157.5 79.5 0.284676190476 0.0697660229328	42
159 79.5 0.224942307692 0.132521856833	26
160.5 79.5 0.291858823529 0.117154305612	17
162 79.5 0.307210810811 0.10885135324	37
163.5 79.5 0.272586764706 0.0905848162039	68
165 79.5 0.241530769231 0.123933796321	39
166.5 79.5 0.224058333333 0.115628369908	24
168 79.5 0.1208 NaN	1
169.5 79.5 0.241891666667 0.124094498144	12
171 79.5 0.210969565217 0.120913379224	46
172.5 79.5 0.278716071429 0.0879551304053	112
174 79.5 0.241652941176 0.109678120613	51
175.5 79.5 0.2619 0.123948351527	14
177 79.5 0.250553333333 0.143228782356	15
178.5 79.5 0.222839285714 0.136015846951	28
-180 79 0.247604545455 0.0962947136821	22
-178.5 79 0.324528125 0.117870697977	32
-177 79 0.27819047619 0.0864380466274	21
-175.5 79 0.20505 0.116646805112	8
-174 79 0.213226315789 0.0775968559078	19
-172.5 79 0.19615 0.1706248663	2
-171 79 0.0891333333333 0.136036493266	9
-169.5 79 0.264966666667 0.120166120397	39
-168 79 0.262007462687 0.105324619864	67
-166.5 79 0.272591666667 0.078007722603	36
-165 79 0.224129545455 0.115449905737	44
-163.5 79 0.31595 0.0645885137707	10
-162 79 0.221876190476 0.100999063881	21
-160.5 79 0.306152941176 0.066234748892	34
-159 79 0.23025 0.0698879102564	8
-157.5 79 0.2289375 0.0783422881153	8
-156 79 0.31155 0.034494492314	4
-154.5 79 0.272953846154 0.106324510335	39
-153 79 0.308443478261 0.0969980169717	23
-151.5 79 0.2464 0.0907599471133	11
-150 79 0.288633333333 0.0830648546697	42
-148.5 79 0.242406451613 0.0865688702151	31
-147 79 0.318482142857 0.0745969866017	28
-145.5 79 0.2718 0.101906499378	27
-144 79 0.331864285714 0.0729588377826	28
-142.5 79 0.305459375 0.0747289677364	32
-141 79 0.262214285714 0.10362099225	42
-139.5 79 0.330345454545 0.0739544120173	33
-138 79 0.287777777778 0.0595136072209	9
-136.5 79 0.323925 0.136472820423	8
-135 79 0.246630769231 0.111401581262	13
-133.5 79 0.2854 0.0771623988059	20
-132 79 0.274753846154 0.135829584501	13
-130.5 79 0.2307 NaN	1
-129 79 0.2095 0.139203711636	7
-127.5 79 0.17872 0.0566386528795	5
-126 79 0.224797777778 0.117092652686	45
-124.5 79 0.167634782609 0.130791733982	92
-123 79 0.223258585859 0.123891496315	99
-121.5 79 0.313876785714 0.132043315195	56
-120 79 0.204829268293 0.110504223133	82
-118.5 79 0.157013888889 0.0990514791201	36
-117 79 0.227295454545 0.131056274003	44
-115.5 79 0.321122857143 0.13255587742	35
-114 79 0.274592156863 0.136304639456	51
-112.5 79 0.295525 0.0923792098315	12
-111 79 0.28358 0.101525154518	5
-13.5 79 0.454898333333 0.166607359892	60
-12 79 0.301383333333 0.206582887179	24
-10.5 79 0.150561538462 0.107765018586	13
-6 79 0.20488 0.185640612475	5
33 79 -0.0178 0.115304423159	3
34.5 79 0.0061 0.0907925107044	2
36 79 0.162028571429 0.0851435202914	7
37.5 79 0.1233 0.0602803687542	8
39 79 0.187825 0.0645113103778	4
42 79 0.299366666667 0.0876132600314	3
43.5 79 0.1003 NaN	1
45 79 0.1057 0.0685024817069	5
46.5 79 0.24225 0.0652659559035	2
55.5 79 0.199109090909 0.0631316157649	11
60 79 0.1085 0.0651803037735	6
61.5 79 0.238571428571 0.0887470321435	7
63 79 0.207361538462 0.134382622503	13
64.5 79 0.094035483871 0.134804704538	31
66 79 0.118692857143 0.103672157513	28
67.5 79 0.14495 0.0966364148066	4
69 79 0.270008333333 0.0703056503398	12
73.5 79 0.1727 NaN	1
75 79 0.1542 0.195123169892	8
76.5 79 0.3038 NaN	1
78 79 0.16002 0.106846003409	10
79.5 79 0.35755 0.0904506311015	4
81 79 0.0864166666667 0.180512851805	6
82.5 79 0.161733333333 0.0363912535279	3
84 79 0.2665 0.000707106781197	2
85.5 79 0.2775 0.034274917943	3
87 79 0.212305882353 0.132958521537	34
88.5 79 0.2190125 0.0639790369314	16
90 79 0.208168333333 0.120863785904	60
91.5 79 0.000209090909091 0.0914990213559	11
108 79 0.1748675 0.0862914512434	40
109.5 79 0.176738461538 0.0843848183271	13
111 79 0.220452941176 0.0885391941293	17
112.5 79 0.1554 0.108245857723	8
114 79 0.35145 0.0129400540957	2
117 79 0.14494 0.164882179146	5
118.5 79 0.209204761905 0.0844788699983	21
120 79 0.1215 0.118228253814	2
121.5 79 0.232695652174 0.1018549257	23
123 79 0.272211764706 0.162225305834	17
124.5 79 0.236122222222 0.118936482815	9
126 79 0.221444444444 0.0660073691172	9
127.5 79 0.3131 0.0893268529988	4
130.5 79 0.401814285714 0.0358735477556	7
136.5 79 0.41212 0.0468159374572	5
139.5 79 0.081 NaN	1
144 79 0.24195 0.0358503138062	2
145.5 79 0.334345 0.0682468080996	20
147 79 0.2766875 0.0862385965546	8
148.5 79 0.272111764706 0.0533244067285	17
150 79 0.234133333333 0.122055061735	15
151.5 79 0.31239375 0.0797450643718	16
153 79 0.306 0.0810127644264	11
154.5 79 0.24135 0.0833146458479	48
156 79 0.254215151515 0.0800612621731	33
157.5 79 0.299144186047 0.087521192814	43
159 79 0.232054054054 0.121651683083	37
160.5 79 0.258857142857 0.0920963028118	35
162 79 0.245976923077 0.0796111921973	13
163.5 79 0.265069090909 0.0996697934714	55
165 79 0.262279310345 0.133649002934	29
166.5 79 0.206716666667 0.0643252179683	6
168 79 0.18696 0.122534007524	5
169.5 79 0.198309090909 0.103955119687	11
171 79 0.237125 0.117658458916	12
172.5 79 0.243192307692 0.0941361266383	26
174 79 0.24274 0.077038383754	15
175.5 79 0.20964 0.132838407473	25
177 79 0.206454545455 0.20245685152	11
178.5 79 0.245151612903 0.146426668498	31
-178.5 78.5 0.20781 0.110878636856	10
-177 78.5 0.130533333333 0.0641389525803	15
-175.5 78.5 0.2502 0.0961865959997	17
-174 78.5 0.30278 0.0630813126052	5
-172.5 78.5 0.235761111111 0.0937137766185	18
-171 78.5 0.189557894737 0.0794962425093	19
-169.5 78.5 0.187565714286 0.104348051485	35
-168 78.5 0.212484848485 0.112931741334	33
-166.5 78.5 0.267152173913 0.116010240428	46
-165 78.5 0.199604 0.0798705696737	25
-163.5 78.5 0.294192857143 0.0719985952979	28
-162 78.5 0.220830612245 0.10978161884	49
-160.5 78.5 0.235372727273 0.0804196648508	44
-159 78.5 0.249144444444 0.0993145869421	27
-157.5 78.5 0.229807142857 0.0632407787658	14
-156 78.5 0.262715789474 0.108200299153	19
-154.5 78.5 0.280972222222 0.064696338705	18
-153 78.5 0.29464 0.0710341263838	10
-151.5 78.5 0.2703 0.0730451184771	16
-150 78.5 0.287776666667 0.0819573761522	30
-148.5 78.5 0.2505 0.0935548014244	24
-147 78.5 0.246763636364 0.103105627933	33
-145.5 78.5 0.274013333333 0.0889350508201	30
-144 78.5 0.259214285714 0.0964817510502	21
-142.5 78.5 0.283248333333 0.0872956198868	60
-141 78.5 0.272053571429 0.0938441713975	28
-139.5 78.5 0.295595652174 0.0990961079791	23
-138 78.5 0.188669565217 0.136853768789	23
-136.5 78.5 0.27655 0.115059648299	16
-135 78.5 0.305516 0.125967501364	25
-133.5 78.5 0.3331 0.0781627971425	15
-132 78.5 0.24095 0.0964464618325	8
-130.5 78.5 0.227645 0.130075923072	20
-129 78.5 0.237160869565 0.139507711547	23
-127.5 78.5 0.139648387097 0.135710736178	31
-126 78.5 0.2288 0.153236342513	13
-124.5 78.5 0.193016129032 0.128963922002	62
-123 78.5 0.192361403509 0.139812081476	57
-121.5 78.5 0.285658333333 0.131484017599	24
-120 78.5 0.129345833333 0.151967768262	24
-118.5 78.5 0.205019402985 0.148262352686	67
-117 78.5 0.248416666667 0.151546799452	12
-115.5 78.5 0.30374 0.0859411013956	45
-18 78.5 0.970816666667 0.076962720158	18
-16.5 78.5 0.77944 0.146644546438	5
-15 78.5 0.299159259259 0.124200875911	108
-13.5 78.5 0.305840458015 0.140600096717	131
-12 78.5 0.026775 0.232404007065	4
-10.5 78.5 0.237666666667 0.0964630671985	3
-9 78.5 0.2424 0.0395159461484	3
30 78.5 0.0903 0.0217788888605	2
31.5 78.5 0.153753333333 0.0684019096085	15
33 78.5 0.111611111111 0.118979383135	9
34.5 78.5 0.15605 0.051410183816	6
36 78.5 0.13165 0.0668122493759	4
39 78.5 0.16346 0.084721473075	5
45 78.5 0.114125 0.0853186234066	12
46.5 78.5 0.1820125 0.085990272498	8
49.5 78.5 0.17866 0.0759256741821	5
57 78.5 0.19925 0.0640264221027	12
58.5 78.5 -0.03485 0.140502117422	2
60 78.5 0.0586625 0.114735359321	8
61.5 78.5 0.121216666667 0.0577911902167	6
63 78.5 0.1702 0.0673780379649	5
64.5 78.5 0.184577777778 0.145849672418	9
66 78.5 0.25793 0.0704766005297	10
67.5 78.5 0.0850533333333 0.0770713757006	15
69 78.5 0.213057142857 0.0772026276385	14
70.5 78.5 -0.00926666666667 0.0446650124072	3
72 78.5 0.0273 0.00296984848098	2
73.5 78.5 0.205576923077 0.128010781798	13
75 78.5 -0.0161333333333 0.0798875042377	3
76.5 78.5 0.08518 0.135754141742	5
78 78.5 0.284766666667 0.0585811459999	6
79.5 78.5 0.18165 0.0945401766446	2
81 78.5 0.127716666667 0.0743880747611	6
84 78.5 0.242454545455 0.119599986318	11
85.5 78.5 0.243633333333 0.0267702571274	6
87 78.5 0.21666 0.0640453589263	5
88.5 78.5 0.09255 0.0735095685382	4
90 78.5 0.210143333333 0.126472419464	30
91.5 78.5 0.0545588235294 0.15693933963	17
93 78.5 0.134741666667 0.103032514359	12
108 78.5 0.1335 0.160641512554	10
109.5 78.5 0.120175 0.0258092868114	8
114 78.5 0.217925 0.113353013554	12
117 78.5 0.2787 NaN	1
118.5 78.5 0.2221 0.152896729854	3
120 78.5 0.24315 0.108034392672	4
121.5 78.5 0.3248 0.00636396103068	2
123 78.5 0.274966666667 0.124066234998	6
124.5 78.5 0.26035 0.0910547038374	12
127.5 78.5 0.264492307692 0.0475566234703	13
129 78.5 0.4106 0.0212132034356	2
130.5 78.5 0.352575 0.090185748135	4
133.5 78.5 0.2993 NaN	1
138 78.5 0.28885 0.000636396103075	2
139.5 78.5 0.322625 0.075068785124	4
141 78.5 0.2601 NaN	1
144 78.5 0.307941666667 0.0909921798053	36
145.5 78.5 0.256666666667 0.115079255298	9
147 78.5 0.27845 0.108214541537	6
148.5 78.5 0.32905 0.0105358910397	2
150 78.5 0.21695 0.0450975609097	4
151.5 78.5 0.225233333333 0.0650739835367	3
153 78.5 0.291730434783 0.0711203553191	23
154.5 78.5 0.278458064516 0.0594646380868	31
156 78.5 0.287716666667 0.0690988398359	6
157.5 78.5 0.279266666667 0.175025386903	12
159 78.5 0.228391666667 0.0990783845643	12
160.5 78.5 0.306652173913 0.0783802437397	23
162 78.5 0.297217241379 0.102073167276	29
163.5 78.5 0.291325581395 0.08953621532	43
165 78.5 0.24575 0.124757488964	20
166.5 78.5 0.227807142857 0.116010068955	14
168 78.5 0.299928571429 0.0996121743299	14
169.5 78.5 0.186927272727 0.128269833483	11
171 78.5 0.119594117647 0.127454635878	34
172.5 78.5 0.210844444444 0.176751104036	9
174 78.5 0.260831578947 0.111810897166	19
175.5 78.5 0.271404 0.0848145997758	75
177 78.5 0.292608108108 0.0912304297991	37
178.5 78.5 0.293806666667 0.0913993093362	30
-180 78 0.157035714286 0.161281939507	14
-178.5 78 0.287106666667 0.144595220563	15
-177 78 0.2614 0.0523624101814	11
-175.5 78 0.175028571429 0.147920448376	7
-174 78 0.149588888889 0.0971863087637	9
-172.5 78 0.206496 0.143302917742	25
-171 78 0.194704761905 0.110454528669	42
-169.5 78 0.236407692308 0.0699159192833	13
-168 78 0.26185 0.12428172432	6
-166.5 78 0.250992592593 0.0864394315555	27
-165 78 0.201514634146 0.103274833723	41
-163.5 78 0.280123333333 0.0939348111571	30
-162 78 0.248733333333 0.0405094742005	9
-160.5 78 0.297352941176 0.0837529709745	17
-159 78 0.277305555556 0.0635449768665	18
-157.5 78 0.271954545455 0.0806255835779	11
-156 78 0.267430769231 0.0752370629479	13
-154.5 78 0.25355 0.015485638508	2
-153 78 0.2169375 0.0968097388475	8
-151.5 78 0.273708823529 0.0927396465434	34
-150 78 0.264 0.0894825830353	31
-148.5 78 0.2984125 0.057421808637	8
-147 78 0.295635294118 0.0695004800661	51
-145.5 78 0.303052380952 0.0928488428525	21
-144 78 0.1852 0.0959790341689	5
-142.5 78 0.16048 0.0429122593206	5
-141 78 0.27067 0.097250147672	10
-139.5 78 0.310238461538 0.0579753616988	13
-138 78 0.283668965517 0.0823500491737	58
-136.5 78 0.291738888889 0.0767211999146	18
-135 78 0.2646 0.0553951261394	8
-132 78 0.268361111111 0.121200384094	18
-130.5 78 0.291027272727 0.0901310132277	33
-129 78 0.228652941176 0.0839575273401	17
-127.5 78 0.3808 0.110730619072	3
-126 78 0.141 0.0371406336331	4
-124.5 78 0.304096428571 0.113951189948	28
-123 78 0.200244791667 0.147507277872	96
-121.5 78 0.187564864865 0.130455657844	111
-120 78 0.217046938776 0.158778139372	49
-118.5 78 0.267637735849 0.146945743816	53
-117 78 0.27 0.138002696985	33
-16.5 78 0.0099 0.12690992869	3
-13.5 78 0.371 0.105700223003	8
-12 78 0.291775 0.0929986514239	4
-7.5 78 0.31 NaN	1
-6 78 0.08 0.216838911022	10
-4.5 78 0.0742666666667 0.0904630646209	12
-3 78 0.2165 0.0664680374315	2
27 78 0.1587 NaN	1
28.5 78 -0.164 NaN	1
30 78 0.095 0.0751878447623	6
33 78 -0.1263 NaN	1
39 78 0.181875 0.082614420654	4
42 78 0.24075 0.0966491076006	4
43.5 78 0.03496 0.175331138136	5
45 78 0.1639 0.113168105047	8
46.5 78 0.20875 0.0960889952076	22
48 78 0.186085714286 0.118315866585	21
57 78 0.0952 0.248194480196	2
60 78 0.121376470588 0.122803590793	17
61.5 78 0.147624 0.125561134894	50
63 78 0.135168 0.132534434896	25
64.5 78 0.13255 0.138663639791	2
69 78 0.172377777778 0.0989252846569	9
70.5 78 0.1068 0.109721169334	5
72 78 0.176585714286 0.132651151881	7
73.5 78 0.236566666667 0.0679187946497	6
75 78 0.1616 0.0982430474061	12
76.5 78 0.227118181818 0.151141290309	11
78 78 0.14609 0.0801885479493	10
79.5 78 0.1935375 0.201976497484	8
81 78 0.3131 NaN	1
82.5 78 0.16755 0.0064346717088	2
85.5 78 0.179364705882 0.106486340577	51
87 78 0.155933802817 0.111957341294	71
88.5 78 0.2157 0.131464035006	9
111 78 0.2181 NaN	1
112.5 78 0.3492 0.0354967604156	2
115.5 78 0.256969230769 0.0711635134112	13
117 78 0.22015 0.0876155400437	8
120 78 0.1248 0.0902723656497	5
121.5 78 0.2338 0.0565597029695	3
123 78 0.292 0.10329549845	7
124.5 78 0.1449 0.0689484590111	3
126 78 0.270518181818 0.0521794752404	11
127.5 78 0.4263 0.169215858201	4
133.5 78 0.199 0.190777409564	2
136.5 78 0.320033333333 0.0806570724322	3
139.5 78 -0.1174 NaN	1
142.5 78 0.15585 0.25972032073	2
144 78 0.254633333333 0.0623803387829	6
145.5 78 0.2057 0.128477568915	8
147 78 0.2339 0.0480911931349	8
148.5 78 0.230945454545 0.100650944989	11
150 78 0.1373 0.0344457544554	3
151.5 78 0.313969230769 0.0681761613349	13
153 78 0.2564 0.141089811822	5
154.5 78 0.281273684211 0.0989372792971	38
156 78 0.250910526316 0.147003302664	19
157.5 78 0.173191666667 0.0937014549061	12
159 78 0.3212 NaN	1
160.5 78 0.275022222222 0.0362097631095	9
162 78 0.331956603774 0.07700950618	53
163.5 78 0.267683050847 0.11122405184	59
165 78 0.304646428571 0.0712433569724	28
166.5 78 0.0191 0.0664680374315	2
168 78 0.3045 0.0638589852722	3
169.5 78 0.230473809524 0.0918093466189	42
171 78 0.324261111111 0.120312334407	18
172.5 78 0.233596774194 0.107178509923	31
174 78 0.2391625 0.105922518083	24
175.5 78 0.18947826087 0.0908458532426	23
177 78 0.220474038462 0.114802329055	104
178.5 78 0.201990909091 0.163650862842	11
-180 77.5 0.2258 0.0871663188557	15
-178.5 77.5 0.206410714286 0.115499319669	28
-177 77.5 0.129515384615 0.139259546927	13
-175.5 77.5 0.203544444444 0.132505341012	36
-174 77.5 0.216773170732 0.110499891458	41
-172.5 77.5 0.161928571429 0.0921444417361	21
-171 77.5 0.1626 0.0318504003115	6
-169.5 77.5 0.1914 0.0318198051534	2
-168 77.5 0.199773333333 0.130773448958	15
-166.5 77.5 0.121233333333 0.132200996704	18
-165 77.5 0.22416122449 0.0764898926229	49
-163.5 77.5 0.356684 0.112933607634	25
-162 77.5 0.206654545455 0.095939548066	22
-160.5 77.5 0.18906 0.0834529388338	5
-159 77.5 0.189792307692 0.101018228236	13
-157.5 77.5 0.301822222222 0.112162691856	9
-156 77.5 0.12305 0.108540890912	2
-154.5 77.5 0.351766666667 0.104936572473	12
-153 77.5 0.193114285714 0.135859989339	14
-151.5 77.5 0.293742857143 0.0413295519953	14
-150 77.5 0.237595454545 0.135819079511	22
-148.5 77.5 0.220295 0.103111117758	20
-147 77.5 0.266016666667 0.103751283307	12
-145.5 77.5 -0.02595 0.0202939646201	2
-144 77.5 0.241159090909 0.0901359589947	22
-142.5 77.5 0.3036675 0.0678748221417	40
-141 77.5 0.287049152542 0.0962753887211	59
-139.5 77.5 0.291425490196 0.101486613586	51
-138 77.5 0.255669767442 0.129701243771	43
-136.5 77.5 0.199341176471 0.107670369908	34
-135 77.5 0.247935294118 0.153986119266	17
-133.5 77.5 0.217558064516 0.107491431516	31
-132 77.5 0.2894 0.128672034646	41
-130.5 77.5 0.336023076923 0.110040130209	13
-129 77.5 0.219752631579 0.143187334047	19
-127.5 77.5 0.23263255814 0.137515162317	43
-126 77.5 0.13712 0.184335532235	10
-124.5 77.5 0.25216 0.0643930353377	5
-123 77.5 0.20188 0.139169614597	60
-121.5 77.5 0.142678571429 0.140994545093	28
-120 77.5 0.222832758621 0.112763323619	58
-118.5 77.5 0.39965 0.00473761543395	2
-16.5 77.5 0.140833333333 0.0662166645692	6
-15 77.5 0.0241 0.276903015513	2
-13.5 77.5 0.19805 0.0516895057047	2
-10.5 77.5 -0.0190666666667 0.163575252815	3
-9 77.5 0.205991666667 0.0685276779959	12
19.5 77.5 0.2643 0.0316564369442	3
37.5 77.5 0.285866666667 0.0740552046337	3
39 77.5 0.31825 0.0854892098455	2
40.5 77.5 -0.0611 NaN	1
42 77.5 0.1796 0.0797313740005	6
43.5 77.5 0.187483333333 0.0941113686325	18
45 77.5 0.2334 NaN	1
46.5 77.5 -0.1215 0.0670337228565	2
48 77.5 0.175773333333 0.133050192586	30
49.5 77.5 0.124953846154 0.0420453646947	13
52.5 77.5 0.0484 NaN	1
54 77.5 -0.0023 NaN	1
55.5 77.5 0.1236 NaN	1
57 77.5 0.245166666667 0.114300408282	3
60 77.5 0.0818 0.183140656327	2
61.5 77.5 0.0928551724138 0.106014354103	29
63 77.5 0.1640625 0.0836305299261	8
64.5 77.5 0.0165666666667 0.179985147535	3
66 77.5 0.136992857143 0.154986135679	14
69 77.5 0.227733333333 0.0762948665814	6
70.5 77.5 0.2034 NaN	1
72 77.5 -0.1376 0.0240416305603	2
73.5 77.5 0.113975 0.0864110862872	4
75 77.5 0.0357666666667 0.109197359553	3
76.5 77.5 -0.0067 0.0490133655241	3
78 77.5 0.016475 0.150100352542	4
79.5 77.5 0.1548 0.0980457206273	13
81 77.5 0.08395 0.159594000514	2
84 77.5 0.094075 0.203439579482	4
85.5 77.5 0.190252941176 0.0915523504334	34
87 77.5 0.19978 0.103716316536	20
88.5 77.5 0.06934 0.167765947081	5
111 77.5 0.4018 NaN	1
112.5 77.5 0.136638461538 0.118194730131	13
114 77.5 0.21943 0.0836122671755	10
115.5 77.5 0.1791 0.217279336339	3
118.5 77.5 0.0026 NaN	1
121.5 77.5 0.2605 NaN	1
123 77.5 0.280833333333 0.044101851813	3
124.5 77.5 0.2172 NaN	1
127.5 77.5 0.375975 0.0461788822587	4
129 77.5 0.329983333333 0.0703483167294	6
130.5 77.5 0.3909 NaN	1
132 77.5 0.31685 0.0324562012565	2
133.5 77.5 0.247 0.0789666174194	4
136.5 77.5 0.236164705882 0.152433440152	17
139.5 77.5 0.13205 0.0662156325953	4
141 77.5 0.2573875 0.0933920834439	8
142.5 77.5 0.290944444444 0.0821592587044	18
144 77.5 0.354272727273 0.0691214451659	11
145.5 77.5 0.3293625 0.105978921646	16
147 77.5 0.281894444444 0.070824899844	18
148.5 77.5 0.216921428571 0.121715963042	14
150 77.5 0.332283333333 0.0696640629497	6
151.5 77.5 0.290725 0.0542493241125	4
153 77.5 0.280866666667 0.0364777100889	3
154.5 77.5 0.280571428571 0.0814741209278	7
156 77.5 0.30817 0.0973157524076	10
157.5 77.5 0.161444444444 0.109771445639	9
159 77.5 0.28479 0.0806706357585	20
160.5 77.5 0.270789473684 0.0814010814316	95
162 77.5 0.296485483871 0.0668816298305	62
163.5 77.5 0.196 0.0940454422999	24
165 77.5 0.18288125 0.0773909746568	16
166.5 77.5 0.18445 0.126636638985	10
168 77.5 0.241315384615 0.161409106755	13
169.5 77.5 0.273581818182 0.110434684934	11
171 77.5 0.262688461538 0.107964876981	26
172.5 77.5 0.293213333333 0.0996994473883	15
174 77.5 0.310192307692 0.0785925193804	13
175.5 77.5 0.216209090909 0.0798403839488	11
177 77.5 0.195044444444 0.120716294637	18
178.5 77.5 0.27812 0.0443766492651	5
-180 77 0.174653333333 0.184989331224	15
-178.5 77 0.196133333333 0.108536668485	24
-177 77 0.172052380952 0.0930793321171	42
-175.5 77 0.162641176471 0.101954873957	17
-174 77 0.134521428571 0.0915917965639	14
-172.5 77 0.19285 0.0242537625947	2
-171 77 0.233386666667 0.120638319349	15
-169.5 77 0.24959375 0.161516354048	16
-168 77 0.211676923077 0.147008283597	26
-166.5 77 0.25366122449 0.0906517990636	49
-165 77 0.233468421053 0.0928548392363	19
-163.5 77 0.309956 0.104612646941	25
-162 77 0.2807625 0.131924672959	80
-160.5 77 0.230944444444 0.111622142865	9
-159 77 0.1288 0.160796082042	2
-157.5 77 0.24390625 0.154866017227	16
-156 77 0.268433333333 0.127608301715	6
-154.5 77 0.168925 0.115682103917	4
-153 77 0.2807 0.063781031663	2
-151.5 77 0.142523529412 0.0973563719628	17
-150 77 0.28517826087 0.0931695714887	23
-148.5 77 0.222586666667 0.0780230539801	15
-147 77 0.29376 0.0711207986457	5
-145.5 77 0.2629 0.149015154231	22
-144 77 0.239893181818 0.117185298303	44
-142.5 77 0.280330769231 0.0916240312416	65
-141 77 0.2498075 0.112208216225	40
-139.5 77 0.25158 0.0717483844185	10
-138 77 0.29146969697 0.079135476766	66
-136.5 77 0.220582926829 0.153259722208	41
-135 77 0.291866666667 0.080055912604	36
-133.5 77 0.286936363636 0.0917388933084	11
-132 77 0.26166 0.0426741490835	5
-130.5 77 0.299665217391 0.0616310695606	23
-129 77 0.220664516129 0.100375789074	31
-127.5 77 0.237357142857 0.131162577234	49
-126 77 0.168930555556 0.124018758534	36
-124.5 77 0.18891875 0.156909150864	16
-123 77 0.185107692308 0.158428027629	26
-121.5 77 0.205693333333 0.0955545445728	30
-16.5 77 0.139066666667 0.0954612137642	3
-15 77 0.2126 NaN	1
-13.5 77 0.2508 NaN	1
-12 77 0.0266 NaN	1
-10.5 77 0.2824 0.0805747054471	20
-9 77 0.0411666666667 0.0877856670154	3
34.5 77 0.17246 0.154485640109	5
39 77 0.2374 0.0496388960393	2
40.5 77 0.0924 0.0591141269072	2
42 77 0.08624 0.22795227132	5
48 77 0.25988 0.042303628686	5
49.5 77 0.299 NaN	1
54 77 0.27015 0.0126572113832	2
55.5 77 -0.1322 NaN	1
57 77 0.28042 0.0975028563684	5
58.5 77 0.172236842105 0.100270496439	19
61.5 77 -0.0992 NaN	1
63 77 -0.0115666666667 0.132288271085	6
64.5 77 0.0785166666667 0.159530554022	6
73.5 77 0.05365 0.0600333657227	2
75 77 0.126795652174 0.103056500295	23
76.5 77 0.19005 0.111742516071	50
78 77 0.104516666667 0.154106410206	6
79.5 77 0.0978375 0.12883471069	8
81 77 0.22615 0.15110871914	2
82.5 77 0.146362295082 0.120787299503	61
84 77 0.170766666667 0.116954375217	18
85.5 77 0.212422222222 0.0777081684538	9
87 77 0.266771428571 0.245711861837	7
114 77 0.100325 0.135457185733	4
115.5 77 0.104045454545 0.111354410453	11
117 77 0.336975 0.0413889981356	4
123 77 0.32185 0.0159099025767	2
124.5 77 0.20056 0.121966278126	5
126 77 0.2668 NaN	1
130.5 77 0.34991 0.0729792733133	10
132 77 0.3441 NaN	1
135 77 0.302581818182 0.0576789358116	11
136.5 77 0.363633333333 0.0389089107189	3
138 77 0.312722222222 0.09285479704	27
139.5 77 0.3123 0.0705373376305	6
141 77 0.2495125 0.127849878575	32
142.5 77 0.25035 0.112605580087	4
144 77 0.193528571429 0.0691336318127	7
145.5 77 0.2718 0.0663261135099	7
147 77 0.1835 NaN	1
148.5 77 0.3475 0.0334211011189	5
150 77 0.194272727273 0.0694205026042	11
151.5 77 0.13662 0.190780009435	5
153 77 0.2245 0.102813325985	2
159 77 0.255629411765 0.0965354453343	17
160.5 77 0.27553125 0.0696550930039	48
162 77 0.212603846154 0.0747098723972	104
163.5 77 0.240378571429 0.0801649182678	14
165 77 0.234375 0.0945042969545	8
166.5 77 0.289918421053 0.0708210148048	38
168 77 0.30126875 0.104711481184	16
169.5 77 0.237035714286 0.139812058505	14
171 77 0.211103125 0.115305791155	32
172.5 77 0.267178571429 0.0856360741615	14
174 77 0.212988888889 0.118840589664	18
175.5 77 0.179033333333 0.099990761478	15
177 77 0.2437 0.0859783435265	10
178.5 77 0.156436363636 0.0986487128424	11
-180 76.5 0.226941237113 0.0972395246635	97
-178.5 76.5 0.169266666667 0.123130555954	15
-177 76.5 0.20499 0.0745062759631	20
-175.5 76.5 0.176378125 0.0990335516114	32
-174 76.5 0.250243478261 0.0926717218126	23
-172.5 76.5 0.2286 0.294267701252	3
-171 76.5 0.22425 0.110532521609	10
-168 76.5 0.155048275862 0.119791380028	29
-166.5 76.5 0.258724242424 0.119817170697	33
-165 76.5 0.309144578313 0.10259750657	83
-163.5 76.5 0.292766666667 0.126183584391	12
-162 76.5 0.1972 0.110034770262	16
-160.5 76.5 0.102 NaN	1
-159 76.5 0.2833 0.12461167682	3
-157.5 76.5 0.24672 0.0905056738553	5
-156 76.5 0.266270588235 0.119283840925	17
-154.5 76.5 0.238914285714 0.0839448912198	7
-153 76.5 0.201425 0.108102006751	12
-151.5 76.5 0.146133333333 0.151270374035	12
-150 76.5 0.304733333333 0.0560501858457	3
-148.5 76.5 0.340125 0.055981924166	4
-147 76.5 0.2879125 0.0599336177167	24
-145.5 76.5 0.3323 NaN	1
-144 76.5 0.265584 0.102222619317	25
-142.5 76.5 0.296995 0.0981608265472	20
-141 76.5 0.253128571429 0.081414477477	21
-139.5 76.5 0.2741 0.0879381032318	23
-138 76.5 0.2506725 0.0932305798503	40
-136.5 76.5 0.241306666667 0.152830360983	15
-135 76.5 0.318711111111 0.0355132526124	9
-133.5 76.5 0.245453333333 0.119090439023	15
-132 76.5 0.23194 0.110659327066	25
-130.5 76.5 0.275025 0.105630782175	8
-129 76.5 0.26704 0.135686229957	5
-127.5 76.5 0.2365 0.105057990554	30
-126 76.5 0.310837931034 0.149332585165	58
-124.5 76.5 0.303242857143 0.130511726682	42
-123 76.5 0.1124 NaN	1
-15 76.5 0.2853875 0.118932158783	8
-13.5 76.5 0.23338 0.0958303795623	35
-12 76.5 0.206925 0.0947014821124	8
-9 76.5 -0.183 NaN	1
36 76.5 0.13315 0.0773983957629	10
42 76.5 0.0095 NaN	1
52.5 76.5 -0.098 NaN	1
55.5 76.5 0.29075 0.0532451406233	2
57 76.5 0.122475 0.13951753474	4
58.5 76.5 0.2175 0.0599901182339	8
70.5 76.5 0.1434 0.0303197405442	4
72 76.5 0.114733333333 0.0851354998419	3
73.5 76.5 0.0566625 0.161885232164	8
75 76.5 0.171895918367 0.115744443638	49
76.5 76.5 0.138720689655 0.164116011623	29
78 76.5 0.205461904762 0.13904767699	21
79.5 76.5 0.21597027027 0.0944838459587	37
81 76.5 0.2361125 0.127031024426	16
82.5 76.5 0.115333333333 0.14185456872	6
84 76.5 0.17498 0.187727187695	5
85.5 76.5 0.194866666667 0.0794468597832	18
87 76.5 0.1701 NaN	1
90 76.5 0.1991 0.0659227578307	3
115.5 76.5 0.14615 0.0787356971138	4
118.5 76.5 0.2484 NaN	1
120 76.5 0.3315 NaN	1
121.5 76.5 0.225491666667 0.0814352889593	12
124.5 76.5 0.277036842105 0.132167529255	19
127.5 76.5 0.2779 0.0609538185842	6
129 76.5 0.2287 0.0497379533154	6
132 76.5 0.4704 NaN	1
135 76.5 0.143066666667 0.107227564864	6
136.5 76.5 0.37345 0.0830187930531	8
141 76.5 0.24845 0.085671202863	14
142.5 76.5 0.422 NaN	1
147 76.5 0.06715 0.0853622574678	6
151.5 76.5 0.237267567568 0.0982070094072	37
154.5 76.5 0.31255 0.0376887914372	2
156 76.5 0.3174 NaN	1
157.5 76.5 0.255468965517 0.10461578037	29
159 76.5 0.26052 0.0740520357586	10
160.5 76.5 0.25130625 0.0719927539757	16
162 76.5 0.19824 0.074565353885	20
163.5 76.5 0.282620930233 0.0849790093338	86
165 76.5 0.235125 0.0704999113475	28
166.5 76.5 0.19605 0.0837969569853	4
168 76.5 0.269544444444 0.0615878866156	9
169.5 76.5 0.20577 0.124760241619	10
171 76.5 0.274476315789 0.135416758982	38
172.5 76.5 0.165672 0.136605748171	25
174 76.5 0.0868 0.142041655862	6
175.5 76.5 0.2594875 0.0988612944267	8
177 76.5 0.1384 0.0871510347451	8
178.5 76.5 0.140021428571 0.126358380311	14
-180 76 0.143055 0.123421330047	20
-178.5 76 0.170181818182 0.0882199503308	11
-177 76 0.104235294118 0.082589738627	17
-175.5 76 0.162039285714 0.118967095791	28
-174 76 0.251154 0.118367260038	50
-172.5 76 0.1634525 0.0932470168286	40
-171 76 0.331534482759 0.170855541061	29
-169.5 76 0.224885714286 0.0781709793375	28
-168 76 0.3058 NaN	1
-166.5 76 0.231845 0.0983250970532	20
-165 76 0.215175 0.163766935511	4
-163.5 76 0.197303571429 0.0915564811798	28
-162 76 0.249910526316 0.126798334614	19
-160.5 76 0.268592857143 0.103740085452	14
-159 76 0.3462 0.116943105825	3
-157.5 76 0.0399666666667 0.115023881578	3
-156 76 0.274575 0.0679559845292	4
-154.5 76 0.239107142857 0.107975641586	14
-153 76 0.199414285714 0.131328765935	7
-151.5 76 0.2331 0.0840192438274	4
-150 76 0.2316 0.0828729147551	2
-148.5 76 0.2802 0.0990855800503	24
-147 76 0.280658139535 0.0903111057679	43
-145.5 76 0.283044680851 0.0817423385813	47
-144 76 0.253428571429 0.107609505687	7
-142.5 76 0.20555 0.149744414137	24
-141 76 0.331383333333 0.0764892258208	6
-139.5 76 0.293897222222 0.0928998830881	36
-138 76 0.1992 0.0861327034795	24
-136.5 76 0.231128571429 0.137030773796	14
-135 76 0.246647916667 0.113244377042	48
-133.5 76 0.240871428571 0.101934041336	28
-132 76 0.297525714286 0.0499822871146	35
-130.5 76 0.328766666667 0.0896594296956	3
-129 76 0.130441176471 0.176610167667	17
-127.5 76 0.2263625 0.12579696723	8
-126 76 0.237916666667 0.137470187402	12
-124.5 76 0.228441666667 0.127523000199	24
-15 76 0.192525 0.241690992454	4
39 76 0.0918 NaN	1
45 76 0.1811 NaN	1
69 76 0.0895333333333 0.043008991308	3
70.5 76 0.164654545455 0.122436777572	22
72 76 0.147920634921 0.112921658768	63
73.5 76 0.199307692308 0.0990858084485	13
75 76 0.118823529412 0.149890191179	17
76.5 76 0.159126086957 0.101082136797	23
78 76 0.1862 0.128998453479	21
79.5 76 -0.00305714285714 0.142589572517	7
81 76 0.11135 0.0818678813699	4
85.5 76 0.2953 0.0313955410847	2
88.5 76 0.0550114285714 0.108341561661	35
118.5 76 0.0384 NaN	1
120 76 0.1485 0.132620224702	16
121.5 76 0.237294736842 0.0691036538163	19
124.5 76 0.2855 NaN	1
126 76 0.28774 0.14398403731	5
127.5 76 0.2373 0.0943263483869	11
130.5 76 0.22144 0.0507997342513	5
135 76 0.0904 0.0281428498912	2
147 76 0.115275 0.0263162022336	4
148.5 76 0.11558 0.134583347162	10
150 76 0.2412 0.0482028007485	3
151.5 76 0.308692 0.0795534459761	25
154.5 76 0.342733333333 0.0814361136478	12
156 76 0.226238461538 0.125364332637	13
157.5 76 0.2879625 0.0562950882785	8
159 76 0.236877777778 0.0855861274176	36
162 76 0.193735483871 0.0723189396511	31
163.5 76 0.251498076923 0.110319721612	52
165 76 0.184916 0.0855669507851	25
166.5 76 0.173933333333 0.152668606247	3
169.5 76 0.227171428571 0.104534369972	14
171 76 0.233152380952 0.10349487726	21
172.5 76 0.297945 0.0887657503539	40
174 76 0.26935 0.0486025532438	12
175.5 76 0.24785 0.0566910171771	8
177 76 0.2154725 0.146883094954	40
178.5 76 0.18368 0.113396000321	10
-180 75.5 0.1179125 0.103924786104	16
-178.5 75.5 0.1995 0.116440051636	33
-177 75.5 0.1271625 0.076503350767	8
-175.5 75.5 0.149395121951 0.12338083107	41
-174 75.5 0.192776190476 0.120602532746	21
-172.5 75.5 0.224682608696 0.101833771199	23
-171 75.5 0.226083333333 0.0913816265267	6
-169.5 75.5 0.111715384615 0.129289860689	13
-168 75.5 0.13025 0.20032335111	2
-165 75.5 0.243664705882 0.097608394498	17
-163.5 75.5 0.2042 0.0296878763134	3
-162 75.5 0.224423076923 0.10900880816	13
-160.5 75.5 0.199627272727 0.166665695876	11
-159 75.5 0.2398 0.223763323626	5
-157.5 75.5 0.2306 NaN	1
-156 75.5 0.251242857143 0.153631527332	7
-154.5 75.5 0.180835 0.106028771046	20
-153 75.5 0.218666666667 0.0216973116614	3
-151.5 75.5 0.208225 0.0869895409074	12
-150 75.5 0.20555 0.160018264583	2
-148.5 75.5 0.145616666667 0.0943863425855	6
-147 75.5 0.130396153846 0.137658320434	26
-145.5 75.5 0.220716666667 0.161941108577	18
-144 75.5 0.2269 0.0854861041339	11
-142.5 75.5 0.207253846154 0.136995885677	13
-141 75.5 0.206085964912 0.104391586687	57
-139.5 75.5 0.2613 0.100729436352	93
-138 75.5 0.25248 0.106120862575	20
-136.5 75.5 0.254032352941 0.127124393197	34
-135 75.5 0.251328571429 0.140842772484	28
-133.5 75.5 0.263175 0.0741487838259	8
-132 75.5 0.243103846154 0.109838927456	26
-130.5 75.5 0.2221 0.169002891987	9
-129 75.5 0.0486 0.18619718043	3
-127.5 75.5 0.183407142857 0.190756177294	14
-126 75.5 0.240115 0.135500519614	20
-124.5 75.5 0.174613636364 0.128291590811	66
-123 75.5 0.133 0.275815717464	3
-64.5 75.5 0.155541176471 0.0877987760366	17
-63 75.5 0.1572 NaN	1
-61.5 75.5 0.183059090909 0.12342183437	22
-16.5 75.5 0.2969 0.0935386551111	3
55.5 75.5 0.1518 0.0779050062576	3
70.5 75.5 0.202645454545 0.141945618908	11
72 75.5 0.189507692308 0.0953977564645	26
73.5 75.5 0.148105555556 0.166203229502	18
75 75.5 0.1887 0.124684866764	6
76.5 75.5 0.224314285714 0.124191703772	21
78 75.5 0.164278571429 0.0972467059246	14
79.5 75.5 0.198125 0.0375568347087	4
81 75.5 0.0349 NaN	1
118.5 75.5 0.21052 0.100578959032	5
121.5 75.5 0.258171428571 0.167072256966	7
124.5 75.5 0.2304 0.0671751442127	2
126 75.5 0.3154375 0.0539515109679	8
127.5 75.5 0.204703846154 0.119185144983	26
129 75.5 0.1754 NaN	1
132 75.5 0.254071428571 0.133508014329	14
150 75.5 0.2668 NaN	1
153 75.5 0.191244444444 0.105344293997	9
156 75.5 0.3443 0.0401877261528	4
159 75.5 0.25985 0.078639195062	6
160.5 75.5 0.14390625 0.124227900617	16
162 75.5 0.2702 0.0550508401389	13
163.5 75.5 0.3333 0.0178190908859	2
165 75.5 0.2019 0.123528886153	8
166.5 75.5 0.1725 NaN	1
169.5 75.5 0.254677777778 0.143693108549	9
171 75.5 0.231681818182 0.12750202993	11
172.5 75.5 0.22413 0.131925593928	10
174 75.5 0.139308333333 0.160102276733	12
175.5 75.5 0.119257142857 0.165774514096	7
177 75.5 0.209270588235 0.0673756889084	17
178.5 75.5 0.216258823529 0.11323193045	17
-180 75 0.174376315789 0.101152807697	38
-178.5 75 0.13655625 0.107065811342	16
-177 75 0.234064 0.0996850422939	50
-175.5 75 0.2267 0.0915613280812	26
-174 75 0.203333333333 0.131988904656	15
-172.5 75 0.221886363636 0.112084905298	22
-171 75 0.197894736842 0.0876403349155	19
-169.5 75 0.05488 0.0815463181266	5
-168 75 0.1133 0.00905096679919	2
-166.5 75 0.20542 0.129657328141	55
-165 75 0.1738 0.0594642749893	5
-162 75 0.20307 0.119683880378	10
-160.5 75 0.249010526316 0.121575691534	19
-159 75 0.149533333333 0.143156441234	6
-157.5 75 0.3423 NaN	1
-156 75 0.116171428571 0.167395287263	14
-154.5 75 0.062 0.191824001366	9
-153 75 0.220166666667 0.0397180479547	3
-151.5 75 0.194725 0.26110861565	4
-150 75 0.129614285714 0.123352238577	7
-148.5 75 0.12211875 0.152200360134	16
-147 75 0.174678571429 0.171625978689	28
-145.5 75 0.16636 0.124839709227	5
-144 75 0.224746875 0.142840542687	32
-142.5 75 0.173083333333 0.101692466125	6
-141 75 0.242186206897 0.101919517008	87
-139.5 75 0.225361111111 0.106666868006	36
-138 75 0.243510294118 0.110863592586	68
-136.5 75 0.271153719008 0.0941731933207	121
-135 75 0.21132 0.114085040304	20
-133.5 75 0.173128571429 0.148591657435	14
-132 75 0.0071 0.126713535189	2
-130.5 75 0.253611764706 0.138611180109	34
-129 75 0.2119 0.146881516877	19
-127.5 75 0.25398 0.161931056317	5
-126 75 0.216438636364 0.139055993768	44
-124.5 75 0.284101449275 0.125799652217	69
-75 75 0.1265 0.008343860018	2
-60 75 0.06412 0.130048075726	5
-16.5 75 0.142975 0.14991253839	4
-15 75 0.120857142857 0.187506256404	7
-13.5 75 0.226333333333 0.13320369114	3
61.5 75 0.0478833333333 0.126479522717	6
63 75 0.291 NaN	1
64.5 75 0.22485 0.0567806745293	2
67.5 75 0.28124 0.0563999379432	5
69 75 0.09715 0.270841485006	4
70.5 75 0.122366666667 0.122684504059	24
72 75 0.146666666667 0.102757221968	6
73.5 75 0.0443666666667 0.157860871234	6
75 75 0.105072727273 0.159604179713	11
76.5 75 0.193885714286 0.119833988342	7
78 75 0.0985625 0.108073598434	8
79.5 75 0.0316375 0.168203897844	8
81 75 0.064625 0.112283413735	8
82.5 75 0.108977777778 0.0552138972039	9
114 75 -0.09935 0.0596429654975	4
117 75 0.266675 0.0960910462357	4
120 75 0.255825 0.113586192058	20
123 75 0.2654 0.0237829771055	3
126 75 0.2883 NaN	1
127.5 75 0.2376 0.0442960494853	5
151.5 75 0.0541666666667 0.152341929006	3
153 75 0.292 0.036345288553	2
154.5 75 0.04365 0.0217081781824	2
156 75 0.1543 NaN	1
157.5 75 0.305847058824 0.0838094722991	17
159 75 0.189 0.0600083327547	3
160.5 75 0.25612962963 0.121595023984	27
162 75 0.29945 0.115078473226	14
163.5 75 0.2332 NaN	1
165 75 0.315 0.0239002092041	2
166.5 75 0.2267 0.0298399061661	2
168 75 0.29626 0.0749665792203	5
169.5 75 0.239395 0.109257096482	20
171 75 0.260763157895 0.0698857020071	19
172.5 75 0.25557 0.0868379979553	10
174 75 0.0335333333333 0.167580866052	6
175.5 75 0.24902 0.0574854503331	5
177 75 0.1504 0.140406356694	5
178.5 75 0.194263636364 0.129510858794	11
-180 74.5 0.158 0.083318065268	7
-178.5 74.5 0.222823076923 0.133854990903	13
-177 74.5 0.160314285714 0.0956128989992	28
-175.5 74.5 0.211896296296 0.177366520736	27
-171 74.5 0.298852941176 0.17464843813	51
-169.5 74.5 0.153266666667 0.0986706812246	3
-168 74.5 0.161671428571 0.143892792433	7
-166.5 74.5 0.268566666667 0.0131306257784	3
-165 74.5 0.251741935484 0.0789857783579	31
-163.5 74.5 0.0121 NaN	1
-159 74.5 0.19875 0.0410829039869	2
-157.5 74.5 0.174827272727 0.0989524339358	11
-156 74.5 0.03994 0.0979358616647	5
-154.5 74.5 0.226376923077 0.103057210275	13
-153 74.5 0.1928 NaN	1
-150 74.5 0.22896 0.119623756002	5
-148.5 74.5 0.199704545455 0.128577671457	22
-147 74.5 0.111778571429 0.163955238632	14
-145.5 74.5 0.220775757576 0.140160017994	33
-144 74.5 0.1732 0.169606986884	9
-142.5 74.5 0.256494736842 0.108406138121	38
-141 74.5 0.249094936709 0.089362350672	79
-139.5 74.5 0.149672413793 0.16408847765	29
-138 74.5 0.237697916667 0.0926854426119	48
-136.5 74.5 0.197555 0.12678705546	60
-135 74.5 0.222367326733 0.11351287866	101
-133.5 74.5 0.263881818182 0.114858042027	66
-132 74.5 0.208473684211 0.155840812092	19
-130.5 74.5 0.255071428571 0.151965936381	28
-129 74.5 0.201441176471 0.114463640836	17
-127.5 74.5 0.182771428571 0.145398663778	14
-78 74.5 0.2589 NaN	1
-75 74.5 0.287254545455 0.0632666636332	11
-70.5 74.5 0.21845 0.117450436355	2
-67.5 74.5 0.200657142857 0.175675485457	7
-60 74.5 0.29005 0.046456915524	2
-58.5 74.5 0.19857 0.190809678592	10
60 74.5 0.191666666667 0.0560664189452	3
63 74.5 0.275633333333 0.0945794022678	3
66 74.5 0.1749 0.0677806019448	3
67.5 74.5 0.255463636364 0.0950423197605	11
69 74.5 0.149373913043 0.136577191685	23
70.5 74.5 0.133806666667 0.124589981635	15
73.5 74.5 0.209376470588 0.101180998274	17
75 74.5 0.0479 0.0373352380466	2
81 74.5 0.1237 0.059196987536	7
82.5 74.5 0.0876 NaN	1
124.5 74.5 0.1545 NaN	1
150 74.5 0.201485365854 0.0606369959718	41
154.5 74.5 0.30505 0.00629325035256	2
156 74.5 0.2835 0.0936179469974	3
157.5 74.5 0.2782 0.125108632796	11
159 74.5 0.0528333333333 0.139006743242	6
162 74.5 0.18456 0.133602107019	5
163.5 74.5 0.27575 0.089192918254	4
166.5 74.5 0.113766666667 0.214463291342	3
168 74.5 0.19235 0.0577706240229	2
169.5 74.5 0.0809285714286 0.130980033011	7
172.5 74.5 0.25818 0.110674887245	10
174 74.5 0.192945454545 0.124195300746	11
175.5 74.5 0.229881538462 0.0811992551003	65
177 74.5 0.126466666667 0.0501709411247	3
178.5 74.5 0.3799 0.0670150729314	4
-180 74 0.2756 NaN	1
-178.5 74 0.1374125 0.108621300693	8
-177 74 0.233630769231 0.073043347685	13
-175.5 74 0.233419047619 0.0936016539333	21
-174 74 0.224233333333 0.081219447589	6
-172.5 74 0.1936 NaN	1
-171 74 0.5205 0.322086334182	7
-169.5 74 0.24025 0.107466351323	4
-168 74 0.250525 0.107437766039	8
-166.5 74 0.207421428571 0.112713606977	14
-165 74 0.265516 0.0898550067238	25
-163.5 74 0.290235294118 0.0769927995105	17
-162 74 0.294982352941 0.0942906667342	68
-160.5 74 0.1541 0.147289669246	4
-157.5 74 0.23808 0.127215921435	10
-154.5 74 0.241675 0.0834460454425	4
-153 74 0.07698 0.0596040015435	5
-151.5 74 0.14546 0.192548443255	5
-150 74 0.0324666666667 0.148589714763	3
-148.5 74 0.230066666667 0.11892693963	12
-147 74 0.11664 0.129137232775	10
-145.5 74 0.14593 0.11882447515	20
-144 74 0.1592875 0.106281369563	32
-142.5 74 0.215 0.145592636604	25
-141 74 0.242588235294 0.0858783069404	17
-139.5 74 0.306528846154 0.102578339908	52
-138 74 0.18412195122 0.154374580991	41
-136.5 74 0.20666 0.110171313657	35
-135 74 0.17585 0.105136251734	8
-133.5 74 0.179439130435 0.120506260641	23
-130.5 74 -0.061 0.161466436141	3
-129 74 0.141818181818 0.119617440345	22
-127.5 74 0.122866666667 0.155016769491	18
-126 74 0.182831034483 0.13273449897	29
-84 74 -0.0502 NaN	1
-78 74 0.25485 0.0333047293939	2
-76.5 74 0.3438 NaN	1
-75 74 0.256522222222 0.0601793315387	9
-73.5 74 0.14765 0.129612672991	2
-67.5 74 0.14 0.099471972602	4
-66 74 0.24395 0.0255265548008	2
-60 74 0.162466666667 0.113485784719	3
60 74 0.121993333333 0.134951014746	15
61.5 74 0.201176470588 0.0786719099283	17
64.5 74 0.209325 0.106854336209	4
66 74 0.2633 NaN	1
67.5 74 0.0306333333333 0.0434921065635	3
69 74 0.178634615385 0.0870709593024	26
70.5 74 0.226614285714 0.119950565214	7
72 74 0.01793 0.123368580999	10
73.5 74 0.27075 0.0372645273685	2
75 74 0.207257142857 0.06140029471	7
76.5 74 0.127725 0.113220840907	20
78 74 0.1045 0.0818077420949	4
126 74 0.22375 0.038113055506	2
157.5 74 0.1503 0.0934795164729	2
159 74 0.260536363636 0.089718373511	11
160.5 74 0.284125 0.0525858266709	4
162 74 0.189785714286 0.132009314246	28
163.5 74 0.0276 NaN	1
165 74 0.219041666667 0.126485431848	12
166.5 74 0.1972 NaN	1
168 74 0.192477777778 0.104329047084	18
169.5 74 0.26504 0.205827277104	5
171 74 0.174485714286 0.124292201801	7
172.5 74 0.2569 0.0615090598566	10
174 74 0.284186666667 0.0906778904117	15
175.5 74 0.22780625 0.109904084694	48
177 74 0.202911320755 0.0889788818082	53
-180 73.5 0.200085714286 0.111934432976	21
-178.5 73.5 0.193711111111 0.0986930530379	27
-177 73.5 0.27425483871 0.114554571679	31
-175.5 73.5 0.170968181818 0.102118672265	22
-174 73.5 0.2846 0.0773180013537	7
-172.5 73.5 0.0528333333333 0.211050749031	6
-168 73.5 0.266164 0.0961790599178	25
-166.5 73.5 0.2367 0.110251817028	39
-165 73.5 0.30274 0.072210277431	25
-163.5 73.5 0.258232142857 0.0747511726828	28
-162 73.5 0.242866666667 0.0488323117072	6
-157.5 73.5 0.354566666667 0.0556918605663	3
-156 73.5 0.2142 0.0352336013866	4
-154.5 73.5 0.2045 0.0891560149401	5
-153 73.5 0.280166666667 0.152142838587	3
-151.5 73.5 0.1102 NaN	1
-150 73.5 0.13954 0.183318542434	5
-148.5 73.5 0.2566 0.0706880824468	5
-147 73.5 0.129666666667 0.164310827687	15
-145.5 73.5 0.138064705882 0.128549980266	17
-144 73.5 0.126577777778 0.139681689725	9
-142.5 73.5 0.21742 0.158444724852	25
-141 73.5 -0.0413666666667 0.0663570242451	6
-139.5 73.5 0.213326470588 0.162259584969	34
-138 73.5 0.202571052632 0.125721818416	38
-136.5 73.5 0.23062173913 0.16133261226	23
-135 73.5 0.0811142857143 0.127780624882	7
-133.5 73.5 0.17654137931 0.129206491758	29
-132 73.5 0.2852828125 0.150969182764	64
-130.5 73.5 0.204931818182 0.191217550964	22
-129 73.5 0.20778 0.17313805763	5
-127.5 73.5 0.248662135922 0.0994645834264	103
-126 73.5 0.154113333333 0.159798032648	15
-76.5 73.5 0.248466666667 0.0587567414572	6
-75 73.5 0.296469230769 0.0770316426825	13
-70.5 73.5 0.2633 0.0707321708984	3
-67.5 73.5 0.20915 0.0122329473145	2
-66 73.5 0.105866666667 0.225326792311	3
-64.5 73.5 0.03704 0.215606825031	5
-19.5 73.5 0.332633333333 0.0864585642567	3
58.5 73.5 0.1295 0.0694917980772	3
60 73.5 0.152563636364 0.0827211814036	22
61.5 73.5 0.21972173913 0.0749424625146	23
63 73.5 0.258713333333 0.102989221812	15
64.5 73.5 -0.157066666667 0.0127594409491	3
67.5 73.5 0.2354 NaN	1
72 73.5 0.0789666666667 0.131818107001	3
73.5 73.5 0.0790378378378 0.107764401851	37
75 73.5 0.177 0.117446498458	4
154.5 73.5 0.156971428571 0.0490488095094	7
156 73.5 0.2003 0.146023320055	3
157.5 73.5 0.248353846154 0.106924082222	13
159 73.5 0.137835714286 0.107945645917	14
160.5 73.5 0.203966666667 0.08457336066	3
163.5 73.5 0.225605555556 0.0976037334883	18
165 73.5 0.232818181818 0.0761930156666	11
166.5 73.5 0.251266666667 0.112489157996	6
171 73.5 0.246945454545 0.129480070773	11
172.5 73.5 0.31890625 0.101218321588	16
175.5 73.5 0.274572727273 0.101893458639	44
177 73.5 0.169385714286 0.107675722977	14
178.5 73.5 0.2618375 0.103902344375	16
-180 73 0.0678 0.0172345583059	3
-178.5 73 0.28688 0.103067511855	5
-177 73 0.0886653846154 0.149090074632	26
-175.5 73 0.16846875 0.134054440278	16
-174 73 0.209485714286 0.102594103918	28
-171 73 0.146358333333 0.115429213832	24
-169.5 73 0.1409 NaN	1
-168 73 0.2002 0.0427382063933	8
-166.5 73 0.27276984127 0.0957787666464	63
-165 73 0.231334782609 0.0995393280371	23
-162 73 0.34912 0.0715242585111	10
-160.5 73 0.236683333333 0.0679564983402	6
-159 73 0.343225 0.086386163051	4
-157.5 73 0.273 0.0743275633037	4
-154.5 73 0.07785 0.238784875289	4
-153 73 0.2913625 0.0803691306825	16
-151.5 73 0.225 0.058309904819	5
-150 73 0.26555 0.0454785993628	6
-148.5 73 0.231433333333 0.0983153491515	12
-147 73 0.210816666667 0.178542838421	12
-145.5 73 0.156011538462 0.158038302514	26
-144 73 0.104409090909 0.211429262187	11
-142.5 73 0.170055263158 0.123697046431	38
-141 73 0.175382142857 0.134311371388	28
-139.5 73 0.2111 0.0940491201447	21
-138 73 0.179177419355 0.117028326228	31
-136.5 73 0.128876190476 0.124199681492	42
-135 73 0.260683333333 0.140893682139	6
-133.5 73 0.203815 0.192736084282	20
-132 73 0.301110638298 0.152849967977	47
-130.5 73 0.194363636364 0.14145896289	44
-129 73 0.14691 0.138185571284	10
-127.5 73 0.29373125 0.0711865316733	16
-126 73 0.206517948718 0.0921742023007	78
-75 73 0.15775 0.00388908729653	2
-73.5 73 0.243033333333 0.0239368613927	3
-72 73 0.1358 0.206899444175	2
-63 73 0.221325 0.114071615976	8
57 73 0.170830769231 0.108296024739	13
58.5 73 0.140115 0.112266755988	20
60 73 0.127483333333 0.0767301092575	6
61.5 73 0.147633333333 0.154073186073	6
63 73 0.199757894737 0.0806525284841	19
64.5 73 0.113820833333 0.132706043174	24
66 73 0.23 0.0505310795452	3
151.5 73 0.085 NaN	1
153 73 0.292071428571 0.125623206017	14
154.5 73 0.2914 0.0602824831753	10
156 73 0.116175 0.151502253959	12
157.5 73 0.2108 0.113892809255	11
159 73 0.140433333333 0.095541840747	3
160.5 73 0.155284615385 0.103537729405	13
162 73 0.246115384615 0.0690633386363	13
163.5 73 0.193888888889 0.123100044865	18
165 73 0.212853125 0.0781274557679	32
166.5 73 0.127028571429 0.0864710108319	7
168 73 0.144253333333 0.138275211427	15
169.5 73 0.3323 NaN	1
171 73 0.2662 0.0808930157677	2
172.5 73 0.181181818182 0.102734705121	11
174 73 0.210622222222 0.124031001949	9
178.5 73 0.169726315789 0.152775895576	19
-180 72.5 0.126475 0.0825426505915	4
-178.5 72.5 0.265703571429 0.103457010153	28
-177 72.5 -0.0551 NaN	1
-175.5 72.5 0.25946 0.0703402081948	10
-174 72.5 0.179942857143 0.0997933674674	7
-172.5 72.5 0.238 0.0586094275693	5
-171 72.5 0.210422222222 0.125394335775	9
-169.5 72.5 0.297378378378 0.0869234874863	74
-168 72.5 0.227924 0.114646395786	25
-165 72.5 0.299933333333 0.0446289517391	3
-163.5 72.5 0.21888 0.125605951734	10
-162 72.5 0.2753 NaN	1
-159 72.5 0.18645 0.014919953083	2
-157.5 72.5 0.3156 0.02743574311	2
-156 72.5 0.1396 NaN	1
-154.5 72.5 0.0508333333333 0.167018990936	3
-153 72.5 0.244427272727 0.138205116337	11
-151.5 72.5 0.17275 0.0994891092389	8
-150 72.5 0.154225 0.137465447174	4
-148.5 72.5 0.163333333333 0.134506369118	3
-147 72.5 0.230975 0.15534802595	4
-145.5 72.5 0.264268181818 0.118576470808	44
-144 72.5 0.234414285714 0.108386798528	7
-142.5 72.5 0.2129875 0.119799554117	16
-141 72.5 0.218330434783 0.165966377851	23
-139.5 72.5 0.154864285714 0.156230601785	14
-138 72.5 0.20355 0.109731702803	26
-136.5 72.5 0.178059259259 0.169588885837	27
-135 72.5 0.240933333333 0.150676084145	21
-133.5 72.5 0.27824 0.0653625121916	5
-132 72.5 0.314855882353 0.100078236641	34
-130.5 72.5 0.2147 0.174231110884	2
-129 72.5 0.344658333333 0.0946108725093	12
-127.5 72.5 0.280975555556 0.0640733285724	45
-126 72.5 0.194863636364 0.0670811638648	11
-91.5 72.5 0.307723529412 0.118053491739	17
-73.5 72.5 0.110508695652 0.0785863214621	23
-72 72.5 0.23945 0.12159593332	6
-70.5 72.5 0.06504 0.121065172531	10
-69 72.5 0.21345 0.174160400206	2
-66 72.5 0.30832 0.0355892820945	5
-64.5 72.5 0.045 0.183740251442	7
-61.5 72.5 0.23872 0.158645003073	5
-21 72.5 0.0313916666667 0.124323072227	12
-19.5 72.5 0.181716666667 0.147189013403	6
57 72.5 0.2377 0.00843267454608	3
58.5 72.5 0.189230909091 0.10480322633	55
60 72.5 0.230061111111 0.134012282751	18
61.5 72.5 0.125768 0.129474314441	25
63 72.5 0.165683333333 0.15218348684	6
64.5 72.5 0.025375 0.0932663345836	4
66 72.5 0.2538 NaN	1
153 72.5 0.143283333333 0.188402138169	6
154.5 72.5 0.290906666667 0.0466841280257	15
156 72.5 0.07805 0.0873932300963	4
157.5 72.5 0.1384 NaN	1
159 72.5 0.197508333333 0.109340589306	12
160.5 72.5 0.157992857143 0.0788701607247	14
162 72.5 0.1972 0.109667512661	13
163.5 72.5 0.02758 0.062327979271	5
165 72.5 0.2456 0.0967582095282	19
166.5 72.5 0.1921125 0.109769812942	16
168 72.5 0.180529411765 0.132429385734	17
169.5 72.5 0.313566666667 0.0793569362648	3
171 72.5 0.0383 0.061376868607	2
172.5 72.5 0.207606896552 0.0929780155699	29
177 72.5 0.157016666667 0.133313936506	6
-178.5 72 -0.0550566666667 0.0426061407532	30
-177 72 0.166733333333 0.0281952714712	3
-172.5 72 0.0272 NaN	1
-171 72 0.252235294118 0.0641036212559	68
-169.5 72 0.246055 0.0860566716971	40
-168 72 0.2686 0.0199404112295	2
-166.5 72 0.184048648649 0.112377052871	37
-165 72 0.196705555556 0.0780476662214	18
-163.5 72 0.2231 0.0495200296177	7
-160.5 72 0.2246 NaN	1
-159 72 0.1844 NaN	1
-157.5 72 0.1698 0.135189841827	4
-154.5 72 0.19256 0.138826319951	10
-153 72 0.141385714286 0.117953386677	7
-151.5 72 0.289127272727 0.145300028155	11
-150 72 0.27275 0.0656053732555	18
-148.5 72 0.328525 0.0596394105078	8
-147 72 0.239175 0.121409742944	12
-145.5 72 0.232238461538 0.125737328974	13
-144 72 0.3378 NaN	1
-142.5 72 0.16896 0.126277345553	5
-141 72 0.29588 0.149380980494	10
-139.5 72 0.20429375 0.120612815392	48
-138 72 0.152972727273 0.1156648269	11
-136.5 72 0.206855555556 0.114483418898	18
-135 72 0.185659259259 0.146124000739	54
-133.5 72 0.223713333333 0.133879027839	15
-132 72 0.180108333333 0.0565364477505	12
-130.5 72 0.1573 0.112953707332	5
-129 72 0.186375 0.130503773021	12
-127.5 72 0.243616666667 0.111009375798	12
-91.5 72 0.2766 NaN	1
-70.5 72 0.249511111111 0.0983116705949	18
-69 72 0.19465 0.0721956023591	2
-67.5 72 0.0829222222222 0.11127429822	9
-64.5 72 0.182675 0.10140967656	4
-63 72 0.10955 0.189575328036	2
-58.5 72 0.15025 0.0248194480196	2
-21 72 0.49055 0.023263813101	2
-19.5 72 0.1081 0.143228754096	6
57 72 0.107866666667 0.136879155949	3
58.5 72 0.171518421053 0.0760117126652	38
60 72 0.0984875 0.149495346081	16
61.5 72 0.199185 0.103584556231	20
63 72 0.208524137931 0.10683594451	29
64.5 72 0.15925 0.0525380338422	2
153 72 0.157536363636 0.114032341049	22
154.5 72 0.25281875 0.064104947482	16
156 72 0.15635 0.211563727988	6
157.5 72 0.1406 0.163792633127	4
160.5 72 0.1555 0.102545477716	9
162 72 0.1562 0.0778783345996	5
163.5 72 0.19665 0.0992070814005	2
165 72 0.306225 0.0499126153058	4
166.5 72 0.258423684211 0.124549172823	38
168 72 0.25075 0.106271017965	28
169.5 72 0.06766 0.104543976393	5
171 72 0.253325925926 0.0927675531497	27
172.5 72 0.252747457627 0.118927937259	59
174 72 -0.093228125 0.055929409624	32
175.5 72 0.1135 NaN	1
-175.5 71.5 0.146725 0.07423136691	4
-172.5 71.5 0.163071428571 0.0763606729996	7
-171 71.5 0.23525 0.109433110936	14
-169.5 71.5 0.0787666666667 0.153598057713	3
-168 71.5 0.0940875 0.151687992156	8
-166.5 71.5 0.2515 0.103148744885	29
-162 71.5 0.12941 0.155175352066	10
-160.5 71.5 0.221781818182 0.139895524004	11
-159 71.5 0.2332 0.104880654397	13
-157.5 71.5 0.190775 0.0519582765303	4
-154.5 71.5 0.288133333333 0.137377666792	3
-153 71.5 0.1520125 0.0328672410724	8
-151.5 71.5 0.2295875 0.136904914213	8
-150 71.5 0.15696 0.0893735027847	5
-148.5 71.5 0.283996428571 0.103579064387	28
-147 71.5 0.0318 0.325551962058	2
-145.5 71.5 0.2876 0.0848303601313	9
-144 71.5 0.04875 0.00827314933988	2
-142.5 71.5 0.268 0.0951643315534	7
-141 71.5 0.2103 0.186087148043	13
-139.5 71.5 0.206492105263 0.150122637041	38
-138 71.5 0.19793 0.0582772692489	10
-136.5 71.5 0.2692375 0.0909194924488	8
-135 71.5 0.0395 NaN	1
-133.5 71.5 0.14225 0.131168844297	8
-132 71.5 -0.0837 0.052467323164	2
-130.5 71.5 0.20453125 0.234894273291	16
-127.5 71.5 0.108347826087 0.157992416014	23
-126 71.5 0.110333333333 0.0385778865846	3
-91.5 71.5 0.257235483871 0.107410075717	31
-69 71.5 0.205425 0.105805462209	4
-67.5 71.5 0.3683 NaN	1
-66 71.5 0.33675 0.0465983368802	2
-64.5 71.5 0.264 NaN	1
-63 71.5 0.19185 0.181372889374	2
-61.5 71.5 0.356525 0.0628534472669	4
-60 71.5 0.26705 0.0589019948728	2
-58.5 71.5 0.3078 NaN	1
-21 71.5 0.1841 NaN	1
57 71.5 0.211566666667 0.0665078441489	3
60 71.5 0.14178 0.123390870813	5
61.5 71.5 0.258066666667 0.071807029766	15
63 71.5 0.229010204082 0.0650616062055	49
64.5 71.5 0.303266666667 0.0389804908469	6
66 71.5 0.226233333333 0.0606769588339	3
67.5 71.5 0.2664 NaN	1
157.5 71.5 0.1609 0.0223631393145	3
162 71.5 0.342866666667 0.0339112763939	6
166.5 71.5 0.222707843137 0.116341101668	51
168 71.5 0.225 NaN	1
169.5 71.5 0.308015789474 0.127272202879	19
171 71.5 0.216108333333 0.102248235519	24
172.5 71.5 0.3303625 0.111107861847	8
174 71.5 0.195677777778 0.104811638081	18
175.5 71.5 0.13725 0.106522257902	8
177 71.5 0.0805166666667 0.172329526393	6
178.5 71.5 0.1899 0.100833426997	2
-175.5 71 0.279557142857 0.134310310564	7
-174 71 0.129166666667 0.155653761064	3
-172.5 71 0.248671428571 0.0582666085503	28
-171 71 0.199554545455 0.0947915845535	22
-169.5 71 0.267026315789 0.0741316421634	38
-168 71 0.1291 0.198082848828	5
-166.5 71 0.19704 0.209467868658	5
-165 71 0.27245 0.062340883169	8
-163.5 71 0.158466666667 0.0710573242765	3
-160.5 71 0.301333333333 0.0851676190423	3
-151.5 71 0.4069 NaN	1
-150 71 0.172790909091 0.112401125035	11
-148.5 71 0.259978787879 0.0672988983824	33
-147 71 0.277127272727 0.092558566226	11
-144 71 0.391261111111 0.0681645339807	18
-142.5 71 0.181725 0.16906343484	8
-141 71 0.1345 NaN	1
-139.5 71 0.02585 0.141835503313	4
-138 71 0.00786666666667 0.198926426936	3
-136.5 71 -0.1519 NaN	1
-135 71 0.2507125 0.117982207345	8
-133.5 71 0.182933333333 0.128297359677	9
-132 71 0.14715 0.16539227612	2
-129 71 0.2803 NaN	1
-127.5 71 0.0402 0.202201582585	3
-126 71 0.34255 0.0546311541156	6
-91.5 71 0.251688235294 0.0953341611472	34
-90 71 0.299211111111 0.0788837189229	9
-67.5 71 0.1386 NaN	1
-64.5 71 0.3133 0.0760370962097	3
-63 71 0.2116125 0.185487376833	8
-61.5 71 0.1884 NaN	1
-60 71 0.184933333333 0.0591237121072	3
-58.5 71 0.207144444444 0.120419185671	9
60 71 0.245266666667 0.143632354758	3
61.5 71 0.176330769231 0.125817893432	13
63 71 0.123694736842 0.123233605958	19
163.5 71 0.0761153846154 0.132969262401	13
165 71 0.228758333333 0.122245033053	12
166.5 71 0.12055 0.192490181568	4
168 71 0.2411625 0.0871036974367	8
169.5 71 0.2648 0.0928719987302	28
171 71 0.191380392157 0.105684786076	51
172.5 71 0.225025 0.135056639353	4
174 71 0.268177966102 0.103679566151	59
175.5 71 0.026775 0.137975103431	4
177 71 0.313237142857 0.136930465578	35
-175.5 70.5 -0.1031 NaN	1
-174 70.5 0.30675 0.0925602776573	2
-172.5 70.5 0.35545 0.0779938779649	2
-171 70.5 0.1112 NaN	1
-169.5 70.5 -0.0369 NaN	1
-168 70.5 0.326464 0.0728437880197	50
-165 70.5 0.180215789474 0.082581025956	19
-162 70.5 0.3362 0.0428506709399	2
-147 70.5 0.2245 0.0906483094161	6
-145.5 70.5 0.259133333333 0.11260613882	9
-144 70.5 0.348821428571 0.0671451032474	14
-142.5 70.5 0.296035714286 0.114172700544	14
-141 70.5 0.2055875 0.141319480383	8
-135 70.5 0.0846153846154 0.148219827803	26
-133.5 70.5 0.3038 0.0463730525198	4
-132 70.5 0.17232 0.130593365069	5
-91.5 70.5 0.253795238095 0.0914263992301	21
-90 70.5 0.377458333333 0.0698757528284	12
-66 70.5 0.17474 0.132088920807	5
-61.5 70.5 0.263177777778 0.0763292502547	9
-57 70.5 0.12315 0.111086475324	2
61.5 70.5 0.231538461538 0.0780863255043	13
63 70.5 0.217921052632 0.121243452112	38
64.5 70.5 0.187833333333 0.0661332035067	12
165 70.5 0.2799 NaN	1
166.5 70.5 0.185 0.11633011304	26
168 70.5 0.203964912281 0.117809905131	57
169.5 70.5 0.169495833333 0.159475096813	24
171 70.5 0.169186666667 0.0507160282732	15
172.5 70.5 -0.0875 NaN	1
175.5 70.5 0.0371 0.0610579779117	7
177 70.5 0.250269230769 0.121584232699	13
-178.5 70 -0.06 0.177483802078	2
-177 70 -0.0651 0.0516187950266	2
-174 70 0.195925 0.0741087172584	20
-172.5 70 0.05725 0.0903964443043	8
-168 70 0.1291 0.101472508592	3
-166.5 70 0.3342 NaN	1
-139.5 70 0.311654166667 0.0751151578472	24
-138 70 0.1879 0.0603083742112	7
-135 70 -0.0618666666667 0.0671912692741	15
-133.5 70 0.251716666667 0.0836399764865	6
-90 70 0.1661625 0.0954951208064	24
-66 70 0.276733333333 0.138230512792	6
-64.5 70 0.2426875 0.0750737815657	8
-63 70 0.19735 0.060174787079	2
-61.5 70 0.15545 0.182438747712	4
-60 70 0.293033333333 0.178921556369	3
57 70 -0.1971 NaN	1
58.5 70 0.07495 0.171183420147	4
61.5 70 0.248657142857 0.0736925563211	7
63 70 0.11875 0.149578641523	4
64.5 70 0.219718181818 0.104451039422	11
66 70 0.259733333333 0.0769196658859	9
177 70 0.22115 0.0337289934626	2
-178.5 69.5 0.126425 0.0400530793656	4
-172.5 69.5 0.2443 NaN	1
-169.5 69.5 0.168485714286 0.116895400944	7
-166.5 69.5 0.1968 NaN	1
-165 69.5 0.27427 0.0452491942353	20
-136.5 69.5 -0.03585 0.0257961791191	8
-63 69.5 0.3405 NaN	1
-61.5 69.5 0.0520666666667 0.0896602661904	3
-57 69.5 0.2257 0.122046630433	2
57 69.5 0.0211 NaN	1
-178.5 69 0.274564705882 0.106468974009	17
-177 69 0.2787 NaN	1
-175.5 69 0.22662 0.0849394313614	5
-169.5 69 0.1983625 0.0492350031554	8
-87 69 0.0818 0.124280006437	4
-64.5 69 0.2642 NaN	1
-63 69 0.3042 NaN	1
-57 69 0.2769 NaN	1
57 69 0.3506 0.0400222438152	2
-177 68.5 -0.130671428571 0.0498863697828	14
-175.5 68.5 0.2053 0.151174960134	8
-64.5 68.5 0.2711 NaN	1
-63 68.5 0.28915 0.0411005677171	4
-61.5 68.5 0.3385 NaN	1
-57 68.5 0.337133333333 0.0681817766465	6
-177 68 -0.1475 0.0467372442491	3
-174 68 0.4034625 0.0585210569551	8
-79.5 68 0.3408 NaN	1
-63 68 0.196356 0.089103638534	25
-61.5 68 0.28875 0.0376653244599	4
-60 68 0.22325 0.0977928678381	2
-58.5 68 0.1703 0.101146280208	3
-57 68 0.182 NaN	1
-174 67.5 -0.0224115384615 0.0743736046023	26
-63 67.5 0.3277 NaN	1
-61.5 67.5 0.166493333333 0.119223514379	15
-60 67.5 0.301166666667 0.0330165615008	3
-57 67.5 0.126766666667 0.155346365691	3
-81 67 -0.0048 NaN	1
-61.5 67 0.2671 0.0391827950582	8
-58.5 67 0.11 NaN	1
-81 66.5 0.2574 NaN	1
-58.5 66.5 0.229171428571 0.196004359767	7
-33 66.5 0.0073 0.150445139503	4
-81 66 0.0859333333333 0.156349235154	3
-78 66 -0.0773 0.0782060099992	2
-76.5 66 0.375533333333 0.0127911427689	3
-61.5 66 0.25892 0.0651466960022	5
-60 66 0.19474 0.113614844981	5
-58.5 66 0.0170133333333 0.134229062569	15
-81 65.5 0.127026315789 0.100009787533	19
-79.5 65.5 -0.1101 NaN	1
-61.5 65.5 0.10382 0.145499182128	5
-60 65.5 0.22615 0.0894490078201	2
-58.5 65.5 0.15254 0.194326112502	5
-79.5 65 0.360366666667 0.0200948583805	3
-61.5 65 0.2255 NaN	1
-60 65 0.271607407407 0.115672927243	27
-178.5 64.5 0.0695861111111 0.122899648152	36
-177 64.5 0.0057 NaN	1
-81 64.5 0.30415 0.0111015764646	2
-79.5 64.5 0.299466666667 0.0712353109336	15
-63 64.5 0.0841 NaN	1
-61.5 64.5 0.159271428571 0.170298235597	7
-60 64.5 0.1478 0.0882878813881	3
-58.5 64.5 0.127 0.123036579926	2
-78 64 -0.00215 0.259578899374	2
-63 64 0.1618 0.113072498867	7
-61.5 64 -0.02065 0.0906779833624	4
-58.5 64 0.1871 NaN	1
-63 63.5 0.110222222222 0.119213367306	9
-79.5 63 0.0331 0.0612354472508	2
-75 63 -0.0933333333333 0.0718042013627	3
-168 62.5 -0.0921 NaN	1
-87 62.5 0.390566666667 0.0818685735391	3
-88.5 62 0.162128571429 0.0587968172122	7
-85.5 62 0.25695 0.117591857711	2
-84 62 0.222985 0.0727340452753	20
-81 62 0.210633333333 0.0126433118024	3
-169.5 61.5 0.19605 0.0194454364826	2
-90 61.5 0.0352 0.0463862048458	2
-88.5 61.5 0.15702 0.118876730271	5
-87 61.5 0.234807692308 0.0762296908641	13
-85.5 61.5 0.0787 0.0124450793489	2
-84 61.5 0.194882608696 0.103449006552	23
-82.5 61.5 0.205455555556 0.0677970336945	9
-91.5 61 0.196108695652 0.0532711836912	23
-90 61 0.202004819277 0.0854909293486	83
-87 61 0.182008695652 0.0970117608289	23
-85.5 61 0.185864285714 0.122607193961	14
-84 61 0.136846666667 0.161879160693	15
-82.5 61 0.209725 0.0342926984454	4
-81 61 0.144654166667 0.133989785396	24
-79.5 61 -0.0472 NaN	1
-66 61 0.2804 NaN	1
-93 60.5 0.262356060606 0.0996755152849	66
-91.5 60.5 0.186885714286 0.0967236068754	91
-90 60.5 0.136728125 0.104429937733	64
-88.5 60.5 0.145621428571 0.158582461823	14
-87 60.5 0.260796153846 0.0702465514073	26
-85.5 60.5 0.24875625 0.099772380739	16
-84 60.5 0.199964705882 0.0963267510041	34
-82.5 60.5 0.236958823529 0.105397786993	68
-81 60.5 0.2347 0.119896614555	12
-79.5 60.5 0.17615 0.0795495128835	2
-78 60.5 -0.1414 NaN	1
-66 60.5 0.0068 NaN	1
-93 60 0.0907941176471 0.1210187768	17
-91.5 60 0.0955642857143 0.146333705078	14
-90 60 0.258707692308 0.0658846272097	13
-88.5 60 0.27535 0.0772867711837	2
-87 60 0.3070125 0.0649361320838	8
-85.5 60 0.1635 0.0794083119075	4
-84 60 0.229144736842 0.0689836944987	38
-82.5 60 0.185166666667 0.0967211111047	3
-81 60 0.106154545455 0.13613417913	11
-79.5 60 0.09284375 0.113719036729	32
-78 60 0.0790522727273 0.0840265669191	44
-66 60 0.085225 0.111762736038	4
