lon, lat, freeboard (m), standard deviation, count
-180 81.5 0.148513636364 0.116069766648	110
-178.5 81.5 0.174700952381 0.117203201662	105
-177 81.5 0.223520555556 0.125080207874	180
-175.5 81.5 0.232453562654 0.0918811653852	407
-174 81.5 0.224178888889 0.104477815661	180
-172.5 81.5 0.181619662921 0.0907686847484	178
-171 81.5 0.208989954338 0.0839506128817	219
-169.5 81.5 0.214226623377 0.0896521331193	154
-168 81.5 0.223301020408 0.0858754046695	196
-166.5 81.5 0.217593589744 0.0752316960308	156
-165 81.5 0.211577300613 0.104635072078	163
-163.5 81.5 0.221391056911 0.0851888403837	123
-162 81.5 0.202733770492 0.0741679544523	305
-160.5 81.5 0.199643495935 0.0847630831415	246
-159 81.5 0.216066225166 0.0853411118225	302
-157.5 81.5 0.215330516432 0.0873909981883	213
-156 81.5 0.21579159292 0.0923018794566	226
-154.5 81.5 0.231371597633 0.0933194725146	169
-153 81.5 0.214805454545 0.0812344285208	55
-151.5 81.5 0.219476119403 0.126550053685	67
-150 81.5 0.213642553191 0.0805409232861	47
-148.5 81.5 0.200046226415 0.0954423038625	106
-147 81.5 0.201979761905 0.0848021436132	84
-145.5 81.5 0.220094871795 0.124423057917	39
-144 81.5 0.26905 0.141209224203	2
-139.5 81.5 0.189391666667 0.10252224112	12
-138 81.5 0.269122222222 0.0882310004729	9
-136.5 81.5 0.1895125 0.111897936075	24
-135 81.5 0.155882051282 0.101072014118	39
-133.5 81.5 0.233725 0.0738252703294	52
-132 81.5 0.195865060241 0.0988255452728	83
-130.5 81.5 0.226814754098 0.0914843007225	61
-129 81.5 0.171463793103 0.117125622616	58
-127.5 81.5 0.178422058824 0.131411040048	68
-126 81.5 0.198292792793 0.147037345727	111
-124.5 81.5 0.200977083333 0.136046105889	192
-123 81.5 0.149232085561 0.141998300525	187
-121.5 81.5 0.149829813665 0.134954999835	161
-120 81.5 0.159285185185 0.128370949324	189
-118.5 81.5 0.198292682927 0.141811538135	205
-117 81.5 0.148638235294 0.129162409999	136
-115.5 81.5 0.157017391304 0.171390727456	69
-114 81.5 0.164934210526 0.160310846007	76
-112.5 81.5 0.137341860465 0.114622440736	43
-111 81.5 0.17445 0.12782295274	90
-109.5 81.5 0.1477825 0.133611595395	80
-108 81.5 0.18628358209 0.111266258052	67
-106.5 81.5 0.1856 0.0389138792721	3
-105 81.5 0.139524 0.165977718642	50
-103.5 81.5 0.179802898551 0.109660779051	69
-102 81.5 0.257756097561 0.141991983861	82
-100.5 81.5 0.225025595238 0.138966625898	168
-99 81.5 0.290321568627 0.156999736705	51
-97.5 81.5 0.235898181818 0.131065949601	55
-96 81.5 0.1720125 0.148281252427	8
-9 81.5 0.141275 0.111534517826	16
-7.5 81.5 0.211902631579 0.148887284569	38
-6 81.5 0.196719402985 0.144977947371	67
-4.5 81.5 0.245152654867 0.108366279368	226
-3 81.5 0.259396601942 0.127526112249	206
-1.5 81.5 0.291954273504 0.104085260543	234
0 81.5 0.286809693878 0.113371897472	196
1.5 81.5 0.306561450382 0.109217151626	262
3 81.5 0.222699342105 0.131014691809	152
4.5 81.5 0.244997986577 0.11021762592	149
6 81.5 0.194667307692 0.125936124541	104
7.5 81.5 0.160748484848 0.136487234481	99
9 81.5 0.209908080808 0.132550205873	99
10.5 81.5 0.170856338028 0.127852877204	71
12 81.5 0.184493181818 0.144523903933	132
13.5 81.5 0.148887301587 0.13539076718	126
15 81.5 0.0849367346939 0.127218144809	98
16.5 81.5 0.156094 0.158105205238	100
18 81.5 0.175156428571 0.130120054809	140
19.5 81.5 0.14673984375 0.137280731017	128
21 81.5 0.0900635294118 0.132211650167	85
22.5 81.5 0.128706451613 0.121878952839	124
24 81.5 0.207058695652 0.106239014874	138
25.5 81.5 0.155623076923 0.131292134667	156
27 81.5 0.100073684211 0.104895559213	95
28.5 81.5 0.180431132075 0.128548704398	106
30 81.5 0.175936585366 0.138608361501	41
31.5 81.5 0.119293333333 0.15645683096	30
33 81.5 0.180871559633 0.125576615312	109
34.5 81.5 0.147550515464 0.126290559594	97
36 81.5 0.1948 0.126857434907	92
37.5 81.5 0.194087640449 0.0978595187689	89
39 81.5 0.180495789474 0.122094252845	95
40.5 81.5 0.137027884615 0.111939709376	104
42 81.5 0.1713015625 0.106835450528	64
43.5 81.5 0.224245454545 0.0859269033963	11
45 81.5 0.14956875 0.154992083955	32
46.5 81.5 0.19415 0.198206522885	8
48 81.5 0.16165 0.191495140529	14
49.5 81.5 0.0697666666667 0.121284184185	3
52.5 81.5 0.2041 NaN	1
66 81.5 0.21353125 0.0802398599261	32
67.5 81.5 0.237966666667 0.131061575859	33
69 81.5 0.238813580247 0.137147367595	81
70.5 81.5 0.175822222222 0.134283972998	45
72 81.5 0.203753333333 0.132288112254	30
73.5 81.5 0.187077272727 0.0933796446251	22
75 81.5 0.167547368421 0.104515014171	19
76.5 81.5 0.174147368421 0.0965667550823	19
78 81.5 0.179561016949 0.132735491469	59
79.5 81.5 0.130398507463 0.10744721113	67
81 81.5 0.164206329114 0.107921315522	79
82.5 81.5 0.205144067797 0.125821833903	59
84 81.5 0.221068888889 0.122359837397	90
85.5 81.5 0.297869879518 0.100758837578	83
87 81.5 0.247009090909 0.0939032012879	55
88.5 81.5 0.220486206897 0.129458701976	29
90 81.5 0.253128571429 0.0936175680501	7
91.5 81.5 0.18284 0.067064394428	5
93 81.5 0.15383 0.118567854174	70
94.5 81.5 0.202117142857 0.114782790998	35
97.5 81.5 0.2561 0.100242530894	5
99 81.5 0.2414 NaN	1
100.5 81.5 0.262628571429 0.0811733887898	7
105 81.5 0.237216666667 0.091094180202	6
106.5 81.5 0.1865 0.16691707522	3
108 81.5 0.105275 0.15091322838	4
109.5 81.5 0.29336 0.0880445512227	5
111 81.5 0.22784 0.0567087559377	5
112.5 81.5 0.136028571429 0.181360880698	7
114 81.5 0.227833333333 0.031082524565	3
115.5 81.5 0.171744444444 0.137517608973	9
117 81.5 0.197376470588 0.136134177971	17
118.5 81.5 0.210252 0.138245042467	25
120 81.5 0.11668 0.166631008947	15
121.5 81.5 0.182569565217 0.140681479154	23
123 81.5 0.216635714286 0.128613963874	14
124.5 81.5 0.230925 0.210880730509	4
126 81.5 0.1811 0.10262668269	6
127.5 81.5 0.162492307692 0.120821627903	13
129 81.5 0.219025 0.122650115019	8
130.5 81.5 0.242766666667 0.054286560645	6
132 81.5 0.235147826087 0.0995324975234	23
133.5 81.5 0.226726923077 0.157076675691	26
135 81.5 0.21466 0.0834106519405	15
136.5 81.5 0.287407142857 0.0848170620876	28
138 81.5 0.236 0.125010210492	45
139.5 81.5 0.247967460317 0.10344569886	126
141 81.5 0.24054159292 0.104406611317	113
142.5 81.5 0.225753153153 0.120864891376	111
144 81.5 0.204173275862 0.116864168167	116
145.5 81.5 0.216537254902 0.124599097244	102
147 81.5 0.214973076923 0.112989668082	104
148.5 81.5 0.213568907563 0.114886594598	119
150 81.5 0.246562275449 0.104924949364	334
151.5 81.5 0.240306140351 0.0972347468623	228
153 81.5 0.205543965517 0.105892872272	116
154.5 81.5 0.212191089109 0.0997650631223	101
156 81.5 0.213987283237 0.108997150913	173
157.5 81.5 0.223248913043 0.132339238153	92
159 81.5 0.255020394737 0.101458911097	152
160.5 81.5 0.195373228346 0.114404197426	127
162 81.5 0.168872463768 0.12646219121	138
163.5 81.5 0.152248543689 0.120492660149	103
165 81.5 0.179397986577 0.105931161016	149
166.5 81.5 0.180684184915 0.0850757431137	411
168 81.5 0.173523954373 0.0976389845002	263
169.5 81.5 0.168274576271 0.116505777111	118
171 81.5 0.171425974026 0.104262172566	154
172.5 81.5 0.155895973154 0.112358007015	149
174 81.5 0.188481142857 0.129244932486	175
175.5 81.5 0.209665432099 0.108721674657	81
177 81.5 0.166711009174 0.108034140128	109
178.5 81.5 0.188199418605 0.118548430894	172
-180 81 0.220794047619 0.115900867852	84
-178.5 81 0.19686031746 0.132964258525	63
-177 81 0.221698924731 0.0873613935324	186
-175.5 81 0.197328571429 0.132822017485	154
-174 81 0.228372769953 0.0913022030068	213
-172.5 81 0.223260479042 0.117288440128	167
-171 81 0.215936781609 0.0798600547851	174
-169.5 81 0.244759401709 0.101330873584	234
-168 81 0.190538738739 0.0888758338881	111
-166.5 81 0.249374647887 0.0704597021978	71
-165 81 0.243402298851 0.0843656189989	87
-163.5 81 0.241943697479 0.0825492751035	119
-162 81 0.216955882353 0.0840029084522	102
-160.5 81 0.197110600707 0.0829489620957	283
-159 81 0.229858860759 0.0736531794599	158
-157.5 81 0.256882608696 0.0518513229419	46
-156 81 0.1860875 0.098924091948	32
-154.5 81 0.203148571429 0.0846399272053	35
-153 81 0.231607692308 0.0912229271395	13
-151.5 81 0.214996 0.116460753332	25
-150 81 0.242088 0.080092630331	25
-148.5 81 0.170114285714 0.091782643383	14
-147 81 0.172633333333 0.141942435515	9
-145.5 81 0.2175 0.138249900542	17
-144 81 0.263092 0.0895246749971	25
-139.5 81 0.302 0.128834855532	2
-138 81 0.251591428571 0.0723660278252	35
-136.5 81 0.234006666667 0.0703471033688	15
-135 81 0.2348 0.125255046472	13
-133.5 81 0.216721428571 0.0589525516975	14
-132 81 0.243244 0.116733910669	25
-130.5 81 0.191733928571 0.138687953566	56
-129 81 0.196318333333 0.139868242469	60
-127.5 81 0.15385 0.130021961803	128
-126 81 0.157882407407 0.156777751395	108
-124.5 81 0.202524615385 0.129600090356	130
-123 81 0.130008730159 0.131008438824	126
-121.5 81 0.162629591837 0.139525178757	98
-120 81 0.165737096774 0.167755514174	62
-118.5 81 0.179641904762 0.128070540357	210
-117 81 0.130251086957 0.120434034271	184
-115.5 81 0.16189389313 0.134218701985	131
-114 81 0.163950819672 0.108112397721	61
-112.5 81 0.100914285714 0.143727892894	28
-111 81 0.133757894737 0.147912312649	38
-109.5 81 0.163234210526 0.147437793161	38
-108 81 0.191004273504 0.135393628176	117
-106.5 81 0.172644736842 0.128623527118	38
-105 81 0.0914564102564 0.141660654187	39
-103.5 81 0.122568292683 0.142209773643	41
-102 81 0.227408163265 0.113509444335	98
-100.5 81 0.237626108374 0.119892786091	203
-99 81 0.272966523605 0.121670644656	233
-97.5 81 0.250991176471 0.133450728495	68
-12 81 0.0389263157895 0.150440024381	19
-10.5 81 0.122445454545 0.162974808825	22
-9 81 0.156716666667 0.148810126224	6
-7.5 81 0.184525 0.11936206265	16
-6 81 0.215307407407 0.106406354372	27
-4.5 81 0.304323809524 0.15447341994	42
-3 81 0.2304675 0.121635474063	80
-1.5 81 0.280256923077 0.12187433201	65
0 81 0.285805172414 0.136788115963	116
1.5 81 0.269860839161 0.121225422097	143
3 81 0.294315217391 0.115545294245	138
4.5 81 0.250823300971 0.108629783411	103
6 81 0.261670634921 0.126569966148	126
7.5 81 0.193088721805 0.137192013557	133
9 81 0.190712676056 0.130068241352	71
10.5 81 0.206855445545 0.126749954221	101
12 81 0.173881538462 0.153104852646	65
13.5 81 0.161860606061 0.114360760912	99
15 81 0.0703707317073 0.14260127146	41
16.5 81 0.219408 0.10299922702	25
18 81 0.1527125 0.0964296124709	32
19.5 81 0.185759722222 0.144511963206	72
21 81 0.211996 0.108334695427	25
22.5 81 0.219075609756 0.104752092534	41
24 81 0.2112703125 0.118240501051	64
25.5 81 0.140394545455 0.0894895926458	55
27 81 0.108344680851 0.116149747437	47
28.5 81 0.0897242424242 0.1471295943	33
30 81 0.178053191489 0.128337264321	47
31.5 81 0.126838028169 0.114980468361	71
33 81 0.138033333333 0.137248903491	54
34.5 81 0.140396078431 0.131663554503	51
36 81 0.244859259259 0.119322666272	54
37.5 81 0.113307017544 0.126528974462	57
39 81 0.098124137931 0.116973692571	29
40.5 81 0.166313793103 0.14184494735	29
42 81 0.11260952381 0.103043842929	42
43.5 81 0.18665 0.0330455291984	6
45 81 0.2325 NaN	1
49.5 81 0.34995 0.0577706240229	2
67.5 81 0.143245454545 0.182315667449	22
69 81 0.17756744186 0.122438480535	86
70.5 81 0.1387 0.123141250197	9
72 81 0.1757125 0.134117768522	16
73.5 81 0.21995 0.0859339447317	8
75 81 0.142123529412 0.126002681169	17
76.5 81 0.21495 0.0401715073155	4
78 81 0.207233333333 0.178918122801	6
79.5 81 0.04275 0.0977928678381	2
82.5 81 0.158676315789 0.0930030933348	38
84 81 0.201908641975 0.111987853356	81
85.5 81 0.252712244898 0.0813243599028	49
87 81 0.171362 0.106875156789	50
88.5 81 0.199286666667 0.100908592072	30
90 81 0.24556 0.100634352981	5
100.5 81 0.0778166666667 0.112914647706	6
102 81 0.16935 0.0161927452892	2
105 81 0.2322 NaN	1
106.5 81 0.1485 NaN	1
108 81 0.146833333333 0.102650198896	3
109.5 81 0.1255 0.198454236538	6
111 81 0.152625 0.0565425724565	4
112.5 81 0.17933125 0.108748963022	16
114 81 0.128325 0.105177385877	4
115.5 81 0.127691666667 0.127309875774	12
117 81 0.34945 0.116319065505	2
118.5 81 0.087 0.162100092535	3
120 81 0.19803 0.174500385546	10
123 81 0.281341666667 0.0709415951628	12
124.5 81 0.186925 0.123014670534	4
126 81 0.210422222222 0.0678791164088	9
127.5 81 0.09885 0.192958674332	4
129 81 0.263744444444 0.0547591798494	9
130.5 81 0.18102 0.134484454285	10
132 81 0.195091666667 0.102947598836	12
133.5 81 0.199814285714 0.139697881499	7
135 81 0.255003846154 0.0704461069515	26
136.5 81 0.3387 0.0655370887361	7
138 81 0.241885294118 0.103377868601	34
139.5 81 0.233003703704 0.118801125976	54
141 81 0.220254285714 0.0916722338532	70
142.5 81 0.286853225806 0.090428837555	62
144 81 0.262914606742 0.115207963691	89
145.5 81 0.223392307692 0.111982687402	78
147 81 0.228457627119 0.11265284208	59
148.5 81 0.250857142857 0.111898036941	84
150 81 0.24729375 0.0945816192363	96
151.5 81 0.216542696629 0.121342206634	89
153 81 0.238243529412 0.10860321122	85
154.5 81 0.215368421053 0.106767166252	76
156 81 0.227833 0.10226621336	100
157.5 81 0.244526724138 0.0909181412593	116
159 81 0.227345454545 0.0997156357591	99
160.5 81 0.246142553191 0.0999574225315	141
162 81 0.190463963964 0.118098063099	111
163.5 81 0.212752830189 0.0949531819935	53
165 81 0.184582962963 0.101185194142	135
166.5 81 0.19221626506 0.118460148166	166
168 81 0.189378205128 0.116938787569	156
169.5 81 0.178816216216 0.0922756136042	185
171 81 0.161485714286 0.102148609791	161
172.5 81 0.168646938776 0.121045905724	49
174 81 0.196276923077 0.128205361073	104
175.5 81 0.170235714286 0.136126713445	98
177 81 0.208220714286 0.0970723274784	140
178.5 81 0.220720740741 0.123026745725	135
-180 80.5 0.212957575758 0.136221636213	66
-178.5 80.5 0.169221111111 0.126070646767	90
-177 80.5 0.184450694444 0.114643180698	144
-175.5 80.5 0.238996938776 0.123764519131	196
-174 80.5 0.214919708029 0.0862347811291	137
-172.5 80.5 0.226079245283 0.112297798577	106
-171 80.5 0.199455725191 0.0748195122229	131
-169.5 80.5 0.232779411765 0.0903804753034	68
-168 80.5 0.251413114754 0.0624397135254	61
-166.5 80.5 0.246687179487 0.070844418788	39
-165 80.5 0.244721978022 0.0919290001423	91
-163.5 80.5 0.22694025974 0.0698717627246	77
-162 80.5 0.201716176471 0.0651167759532	68
-160.5 80.5 0.218252941176 0.06817991011	34
-159 80.5 0.1897625 0.0400838741177	8
-157.5 80.5 0.253757894737 0.0929203740115	19
-156 80.5 0.301971428571 0.069078209644	7
-154.5 80.5 0.32685 0.0191625937702	2
-153 80.5 0.2787 0.0731042543222	6
-151.5 80.5 0.2482 0.0525989226759	7
-150 80.5 0.208178787879 0.0698449701015	33
-148.5 80.5 0.204844444444 0.0992843153664	9
-147 80.5 0.227135714286 0.0497068731843	14
-145.5 80.5 0.183341666667 0.0845683635059	12
-144 80.5 0.203615384615 0.0920066245107	26
-142.5 80.5 0.0573 0.140696780347	6
-141 80.5 0.3244 NaN	1
-139.5 80.5 0.21188 0.0651110359309	5
-138 80.5 0.1545 0.00551543289325	2
-136.5 80.5 0.2234 0.055120867192	3
-135 80.5 0.2052 NaN	1
-133.5 80.5 0.227362962963 0.11676549842	54
-132 80.5 0.289029545455 0.10942103573	44
-130.5 80.5 0.235367741935 0.130404001214	62
-129 80.5 0.184705454545 0.120213234032	55
-127.5 80.5 0.242426415094 0.12104697777	53
-126 80.5 0.186224475524 0.136596488735	143
-124.5 80.5 0.161835443038 0.135933500103	237
-123 80.5 0.115163829787 0.127206434179	141
-121.5 80.5 0.0845696629213 0.112691818696	89
-120 80.5 0.154803571429 0.133933599076	196
-118.5 80.5 0.145541071429 0.122907489038	224
-117 80.5 0.14122601626 0.110623043161	123
-115.5 80.5 0.106820833333 0.104313118977	48
-114 80.5 0.130643333333 0.121504776927	30
-112.5 80.5 0.132316091954 0.0898375534902	87
-111 80.5 0.163690082645 0.126536990247	121
-109.5 80.5 0.141229824561 0.104592467574	57
-108 80.5 0.162740540541 0.146343407891	37
-106.5 80.5 0.160474324324 0.173742416853	74
-105 80.5 0.282029268293 0.160777938853	41
-103.5 80.5 0.121993333333 0.117043541755	15
-102 80.5 0.208768181818 0.143212942972	22
-100.5 80.5 0.229617241379 0.119376687928	29
-99 80.5 0.227330666667 0.163663001625	75
-13.5 80.5 0.124783333333 0.0397998199326	6
-12 80.5 0.17184 0.135996113915	5
-10.5 80.5 0.176007692308 0.147688016909	26
-9 80.5 0.2433875 0.222270430123	8
-7.5 80.5 0.261695238095 0.10684863	42
-6 80.5 0.250247826087 0.142268244938	23
-4.5 80.5 0.22899 0.115598068731	90
-3 80.5 0.203301960784 0.132460838726	51
-1.5 80.5 0.263049206349 0.109022183113	63
0 80.5 0.262125806452 0.110945274701	31
1.5 80.5 0.248933333333 0.119668339057	69
3 80.5 0.296687692308 0.0979688431143	65
4.5 80.5 0.189452 0.207490345229	50
6 80.5 0.235716666667 0.113314919356	66
7.5 80.5 0.204325 0.13673623984	8
9 80.5 0.135008333333 0.0838586631111	12
10.5 80.5 0.158582608696 0.149894358715	23
12 80.5 0.15793 0.143122068253	20
16.5 80.5 0.329466666667 0.133085591507	6
27 80.5 0.17056 0.0980536230845	5
28.5 80.5 0.18918 0.0786238322648	5
30 80.5 0.07535 0.188219868771	6
31.5 80.5 0.0632 NaN	1
33 80.5 0.0289 NaN	1
34.5 80.5 0.143488888889 0.0724838851822	9
36 80.5 0.0907041666667 0.119219561713	24
37.5 80.5 0.247390909091 0.0873233468729	11
39 80.5 0.168873684211 0.0955877133092	19
40.5 80.5 0.121466666667 0.0842823441871	33
42 80.5 0.138353333333 0.118261270465	30
43.5 80.5 0.147470588235 0.178429579123	17
63 80.5 0.207765384615 0.132102811302	26
64.5 80.5 0.173836708861 0.0942520940082	79
66 80.5 0.087090625 0.104169449439	64
67.5 80.5 0.160476699029 0.114851738362	103
69 80.5 0.157 0.0742704732717	26
70.5 80.5 0.221676923077 0.100498989662	13
72 80.5 0.231375 0.0663785294102	4
73.5 80.5 0.0719 0.140064770731	4
75 80.5 0.16895 0.0600333657227	2
76.5 80.5 0.234666666667 0.0108859236325	3
78 80.5 0.1338 0.126261197523	3
79.5 80.5 0.313125 0.0658884600417	4
81 80.5 0.247530769231 0.0690359011024	13
82.5 80.5 0.142922857143 0.113198599778	35
84 80.5 0.231181481481 0.0943292720578	27
85.5 80.5 0.198309090909 0.0906660298969	33
87 80.5 0.18825 0.0679225253097	10
88.5 80.5 0.212035714286 0.118281057767	14
90 80.5 0.186933333333 0.0848953080761	3
91.5 80.5 0.24725 0.0976514464819	2
100.5 80.5 0.13856 0.0862144593441	5
102 80.5 0.2574 0.067316565569	2
103.5 80.5 0.2588 0.0362038671968	2
105 80.5 0.0188666666667 0.176772245182	6
106.5 80.5 0.106725 0.111197867254	12
108 80.5 0.2196 0.0349310749906	2
109.5 80.5 0.214266666667 0.0826365738238	3
111 80.5 0.157584210526 0.130945210184	19
112.5 80.5 0.1476875 0.122950552633	8
114 80.5 0.219266666667 0.121049604157	6
115.5 80.5 0.203533333333 0.180822583398	6
117 80.5 0.0998857142857 0.112319357616	7
118.5 80.5 0.2954 NaN	1
120 80.5 0.1395 NaN	1
121.5 80.5 0.191525 0.0697283956984	4
123 80.5 0.154 0.0951765727477	2
126 80.5 0.1386 0.264882200232	2
127.5 80.5 0.18935 0.220062523583	8
129 80.5 0.09425 0.149270241508	2
130.5 80.5 0.1501 NaN	1
132 80.5 0.0822375 0.0806204500377	8
133.5 80.5 0.0902 0.0951592540763	12
135 80.5 0.1863 0.0977419817683	21
136.5 80.5 0.242314285714 0.0986962072153	14
138 80.5 0.202255555556 0.129698474853	18
139.5 80.5 0.211566666667 0.127389947751	12
141 80.5 0.234001754386 0.101210042365	57
142.5 80.5 0.226175 0.117766796396	40
144 80.5 0.226013333333 0.109802545094	45
145.5 80.5 0.237587058824 0.0998247891108	85
147 80.5 0.222668 0.0767832556151	50
148.5 80.5 0.208337931034 0.115606205181	58
150 80.5 0.260653448276 0.105853160815	58
151.5 80.5 0.277089090909 0.095627560092	55
153 80.5 0.227036923077 0.104157443279	65
154.5 80.5 0.249136 0.124152248201	25
156 80.5 0.205419047619 0.0938946215388	63
157.5 80.5 0.264144642857 0.10264664706	56
159 80.5 0.2648 0.0790505534452	35
160.5 80.5 0.226759722222 0.0916716486802	72
162 80.5 0.15031025641 0.111855839541	39
163.5 80.5 0.198459322034 0.104465688343	59
165 80.5 0.189714285714 0.11270923083	77
166.5 80.5 0.196758 0.120240385232	50
168 80.5 0.149510526316 0.118264705646	57
169.5 80.5 0.129004 0.126249338708	75
171 80.5 0.169799047619 0.0885201655592	105
172.5 80.5 0.191227272727 0.0851480625388	22
174 80.5 0.180889583333 0.107800902455	48
175.5 80.5 0.198774683544 0.121184276365	79
177 80.5 0.216213333333 0.106782498882	90
178.5 80.5 0.206226744186 0.0950003683267	86
-180 80 0.184092857143 0.143216858907	56
-178.5 80 0.239494736842 0.0901620376799	76
-177 80 0.178763529412 0.106889530031	85
-175.5 80 0.178880379747 0.0883559214103	158
-174 80 0.217680612245 0.07298233739	196
-172.5 80 0.216589108911 0.0846189634786	101
-171 80 0.226605882353 0.0759228341244	153
-169.5 80 0.234273684211 0.0767798539	76
-168 80 0.223865384615 0.0862309315376	26
-166.5 80 0.226131818182 0.0718195177224	66
-165 80 0.24137761194 0.0681174894573	67
-163.5 80 0.201496428571 0.0837811898015	28
-162 80 0.193407142857 0.132894014823	14
-160.5 80 0.241127272727 0.0475420885303	11
-159 80 0.223746428571 0.057850359211	28
-157.5 80 0.190972222222 0.0894094073584	18
-156 80 0.231123076923 0.0681863885958	13
-154.5 80 0.286825 0.0494326056364	4
-153 80 0.1277 NaN	1
-151.5 80 0.3117 NaN	1
-150 80 0.19461 0.0779983112353	10
-148.5 80 0.238614285714 0.0913476040294	7
-147 80 0.170183333333 0.0852405173442	24
-145.5 80 0.1852 0.0407293505963	2
-144 80 0.25238 0.0582048709302	5
-142.5 80 0.194733333333 0.0454991575014	3
-141 80 0.289575 0.0743504483286	4
-139.5 80 0.323733333333 0.0493177790795	3
-133.5 80 0.130429787234 0.12129645845	47
-132 80 0.159116666667 0.114382125378	12
-130.5 80 0.25571 0.101874535243	30
-129 80 0.208553846154 0.116250531292	13
-127.5 80 0.186888157895 0.124528519857	76
-126 80 0.16719127907 0.12779839791	172
-124.5 80 0.123397709924 0.128176219123	131
-123 80 0.153312087912 0.125671345479	91
-121.5 80 0.137154081633 0.129676215473	98
-120 80 0.160499242424 0.117292445561	132
-118.5 80 0.160027071823 0.111438980247	181
-117 80 0.168476023392 0.115694664875	171
-115.5 80 0.16463875969 0.0997266782809	129
-114 80 0.155666666667 0.116856282541	27
-112.5 80 0.214975925926 0.137240206628	54
-111 80 0.165358333333 0.098292341867	12
-109.5 80 0.185257142857 0.103207709257	49
-108 80 0.134259793814 0.1146063495	97
-106.5 80 0.182083076923 0.137737013418	65
-105 80 0.362783333333 0.0734670924065	6
-103.5 80 0.177033333333 0.18947415431	12
-102 80 0.323625 0.115176150664	12
-12 80 0.198366666667 0.133804377108	21
-10.5 80 0.172811764706 0.116635362289	34
-9 80 0.198966666667 0.144983490439	9
-7.5 80 0.218816666667 0.172922640788	12
-6 80 0.236863157895 0.129371116519	19
-4.5 80 0.206612962963 0.111827397403	54
-3 80 0.191690277778 0.126288202877	72
-1.5 80 0.245801162791 0.115683689932	86
0 80 0.152785714286 0.193001255856	7
1.5 80 0.293252631579 0.13529856437	19
3 80 0.04116 0.186454586964	5
4.5 80 0.220533333333 0.0785117029493	9
28.5 80 0.18975 0.0535279833358	2
30 80 0.162986666667 0.133398992643	15
31.5 80 0.06442 0.181078110218	5
33 80 0.114666666667 0.0840706102036	9
34.5 80 0.13486 0.120373306842	5
36 80 0.08595 0.113207795668	2
37.5 80 0.178566666667 0.211605204725	6
39 80 0.0586222222222 0.17694233367	9
40.5 80 0.125978947368 0.0999444433392	19
42 80 0.154940740741 0.11388029903	27
43.5 80 0.10747 0.112593806361	40
45 80 0.131128571429 0.145926063621	14
48 80 0.0499 NaN	1
49.5 80 0.1922 0.0947116073743	8
55.5 80 0.0871333333333 0.134294815611	9
57 80 0.28525 0.0501937911167	4
61.5 80 0.161230434783 0.128281960054	46
63 80 0.205783505155 0.134914362252	97
64.5 80 0.100133333333 0.0934757567578	24
66 80 0.168588709677 0.112803998163	62
67.5 80 0.12429 0.155885858884	10
69 80 -0.03512 0.0835218953329	5
70.5 80 0.063575 0.159310522251	4
72 80 0.0963222222222 0.0658975298812	9
73.5 80 0.135975 0.198808490345	4
75 80 0.3215 0.0302641702348	2
76.5 80 0.0134 NaN	1
78 80 0.198183333333 0.107490124987	12
79.5 80 0.1474 0.0774657896844	8
81 80 0.0762 0.116242490797	7
82.5 80 0.21457 0.0472821801058	10
84 80 0.198382352941 0.0718059948143	34
85.5 80 0.112766666667 0.112837227899	9
87 80 0.142489655172 0.139936172554	29
88.5 80 0.194031578947 0.101835308506	19
90 80 0.3667 0.0514773736704	2
102 80 0.140433333333 0.104361024014	3
103.5 80 0.2829 NaN	1
105 80 0.088 NaN	1
106.5 80 0.0554 0.0309704698059	3
108 80 0.292033333333 0.017258717604	3
109.5 80 0.1727 0.0785188049277	23
111 80 0.25345 0.0463154941677	2
114 80 0.201790909091 0.138140417363	11
117 80 0.1568 NaN	1
120 80 0.1858 NaN	1
130.5 80 0.343866666667 0.0031895663237	3
132 80 0.229116666667 0.0780498772154	12
133.5 80 0.23325 0.134924972417	12
135 80 0.2511 0.0973075879193	4
136.5 80 0.2028375 0.10793633849	16
138 80 0.3621 0.0523259018078	2
139.5 80 0.27015 0.119006071274	2
141 80 0.215684 0.124017739591	25
142.5 80 0.242070454545 0.0931540124579	44
144 80 0.255619444444 0.106055580629	36
145.5 80 0.220733333333 0.102777208887	6
147 80 0.233331578947 0.0973180961698	57
148.5 80 0.24761754386 0.0844942963477	57
150 80 0.190713333333 0.0965590630996	15
151.5 80 0.279725 0.0441553022217	8
153 80 0.229196 0.0810492056305	25
154.5 80 0.21966 0.076057500178	25
156 80 0.246244444444 0.0903419158586	54
157.5 80 0.293989285714 0.0572587650692	28
159 80 0.245632 0.0964900112274	25
160.5 80 0.224927659574 0.113326100647	47
162 80 0.270375862069 0.0880954581899	29
163.5 80 0.184211764706 0.0975880428277	17
165 80 0.157359322034 0.0962865248542	59
166.5 80 0.219363157895 0.0671393344763	19
168 80 0.183631081081 0.115591920282	74
169.5 80 0.139214035088 0.113824252749	57
171 80 0.220955 0.107327255649	60
172.5 80 0.147327272727 0.104270013884	33
174 80 0.142553658537 0.128290206363	41
175.5 80 0.185612244898 0.135286082113	49
177 80 0.156219444444 0.13004279256	36
178.5 80 0.19334375 0.149933218864	64
-180 79.5 0.176110204082 0.115217600733	49
-178.5 79.5 0.202009944751 0.0974461943302	181
-177 79.5 0.221244827586 0.102304676539	290
-175.5 79.5 0.219869201521 0.0919937095537	263
-174 79.5 0.235716521739 0.0768811659121	115
-172.5 79.5 0.226003703704 0.0937017774206	162
-171 79.5 0.217936024845 0.0842831593149	161
-169.5 79.5 0.231663043478 0.0999867465855	46
-168 79.5 0.226076744186 0.0710605336758	43
-166.5 79.5 0.258185714286 0.0510677323338	21
-165 79.5 0.219533333333 0.058879566348	3
-163.5 79.5 0.185083333333 0.0876862675403	12
-162 79.5 0.215376923077 0.0736472012802	13
-160.5 79.5 0.205442857143 0.059596724103	7
-159 79.5 0.2278 NaN	1
-157.5 79.5 0.1931 0.0780923555798	6
-156 79.5 0.226922222222 0.081670324748	9
-154.5 79.5 0.1520375 0.0804706501509	8
-153 79.5 0.2042 NaN	1
-150 79.5 0.2178 0.100002133311	10
-148.5 79.5 0.25258 0.0645330371894	10
-147 79.5 0.22325 0.0402343758495	2
-144 79.5 0.2221 0.0209351379265	3
-142.5 79.5 0.235866666667 0.0212888077011	3
-135 79.5 0.0807235294118 0.171850929331	17
-133.5 79.5 0.141154545455 0.0840187265253	22
-132 79.5 0.309614285714 0.0613285803024	7
-130.5 79.5 0.19871 0.0979049136209	10
-129 79.5 0.152309090909 0.128814564211	55
-127.5 79.5 0.186354878049 0.127489519446	82
-126 79.5 0.210591566265 0.132515841665	166
-124.5 79.5 0.151026732673 0.127729277686	101
-123 79.5 0.153274444444 0.106415513803	180
-121.5 79.5 0.164853205128 0.134131507169	156
-120 79.5 0.170883221477 0.124511957747	149
-118.5 79.5 0.200819607843 0.124662108612	153
-117 79.5 0.186149450549 0.141084202103	91
-115.5 79.5 0.0975435897436 0.125751624024	39
-114 79.5 0.215536893204 0.134620591023	103
-112.5 79.5 0.206058571429 0.138454755329	70
-111 79.5 0.236901724138 0.162813661106	58
-109.5 79.5 0.206551578947 0.112452427637	95
-108 79.5 0.210190909091 0.180600805394	11
-106.5 79.5 0.310283333333 0.102484941983	12
-105 79.5 0.47975 0.000353553390539	2
-103.5 79.5 0.257164285714 0.132474657124	14
-102 79.5 -0.0603 NaN	1
-72 79.5 0.0265 NaN	1
-12 79.5 0.09046 0.0797199347717	5
-10.5 79.5 0.166842857143 0.136048580259	7
-9 79.5 0.340812903226 0.136004251752	31
-7.5 79.5 0.290065584416 0.106690951512	154
-6 79.5 0.2646 0.116050531379	25
-4.5 79.5 0.241648314607 0.100205330234	89
-3 79.5 0.240290909091 0.11585036973	121
-1.5 79.5 0.189592857143 0.114951292745	42
0 79.5 0.133171428571 0.115128489296	7
28.5 79.5 0.170492857143 0.128788875055	42
30 79.5 0.171606349206 0.125661951632	63
31.5 79.5 0.153876190476 0.105900803729	63
33 79.5 0.197618055556 0.118742830564	72
34.5 79.5 0.163104166667 0.10745267728	48
36 79.5 0.191430434783 0.0879302793787	23
37.5 79.5 0.119523913043 0.0943242402797	46
39 79.5 0.159911111111 0.130021265519	27
40.5 79.5 0.140766666667 0.0998099527435	6
42 79.5 0.129976923077 0.106237784818	13
43.5 79.5 0.1045 0.140857014971	16
45 79.5 0.0249714285714 0.115848503289	7
46.5 79.5 0.13458 0.0917374968774	25
48 79.5 0.128592307692 0.134436501122	39
49.5 79.5 0.1596675 0.12317288327	40
51 79.5 0.134936363636 0.11153872218	11
52.5 79.5 0.1889 0.13081320652	9
54 79.5 0.26692 0.0908435578343	5
55.5 79.5 0.165137931034 0.132361578407	29
57 79.5 0.166588888889 0.140281393945	27
58.5 79.5 0.153704761905 0.15449201428	21
60 79.5 0.154126315789 0.154813679564	19
61.5 79.5 0.175322857143 0.0938695843921	35
63 79.5 0.190677272727 0.11065940804	44
64.5 79.5 0.183779069767 0.0826635480157	43
66 79.5 0.177697368421 0.148008941452	38
67.5 79.5 0.169796969697 0.0970109932071	33
69 79.5 0.110905 0.129813402418	20
70.5 79.5 0.0775 0.146165625234	3
72 79.5 0.0945111111111 0.105443437971	9
73.5 79.5 0.2392 NaN	1
75 79.5 0.0678 0.206899444175	2
79.5 79.5 -0.00626666666667 0.0572727974988	3
81 79.5 0.169364 0.0927529149587	25
82.5 79.5 0.149474074074 0.0915742556726	27
84 79.5 0.129945833333 0.12343413304	24
85.5 79.5 0.1813 0.0473997362862	5
87 79.5 0.186601960784 0.0709321182264	51
88.5 79.5 0.2186875 0.0925198528591	40
90 79.5 0.254613333333 0.0712399052164	15
105 79.5 0.1683 NaN	1
114 79.5 0.15584 0.108141449038	5
115.5 79.5 0.20052 0.109955544264	15
117 79.5 0.23344 0.0335779391863	5
120 79.5 0.3165 NaN	1
132 79.5 0.39775 0.0270821897194	2
133.5 79.5 0.2166 0.0733571400751	7
138 79.5 0.233914285714 0.151249147971	7
139.5 79.5 0.235505882353 0.128241995221	17
141 79.5 0.233785714286 0.0581858352915	7
142.5 79.5 0.259192857143 0.141366498394	14
144 79.5 0.224122033898 0.0908974736339	59
145.5 79.5 0.241915584416 0.0738729493703	77
147 79.5 0.222918421053 0.0646709335907	38
148.5 79.5 0.243896226415 0.0700369571733	53
150 79.5 0.1753 0.0751423316114	3
151.5 79.5 0.29132 0.0750261671999	35
153 79.5 0.24374 0.0752467164289	25
154.5 79.5 0.230884210526 0.0920856313235	57
156 79.5 0.231624242424 0.0834142974492	33
157.5 79.5 0.29812 0.0610600387597	25
159 79.5 0.241795 0.0903917583283	20
160.5 79.5 0.236090243902 0.0923289710895	41
162 79.5 0.1694675 0.0776228963958	40
163.5 79.5 0.219188461538 0.100619422884	26
165 79.5 0.209732 0.095325734196	25
166.5 79.5 0.201272413793 0.114877605032	58
168 79.5 0.208458666667 0.103691763979	75
169.5 79.5 0.20265106383 0.106058695546	47
171 79.5 0.228685 0.0863407962817	40
172.5 79.5 0.1936525 0.0811975558161	40
174 79.5 0.19156097561 0.129088129295	82
175.5 79.5 0.15583 0.106881658017	40
177 79.5 0.211182352941 0.104543622685	17
178.5 79.5 0.164171641791 0.119625577236	67
-180 79 0.142316393443 0.120828895799	61
-178.5 79 0.170488235294 0.101084823017	102
-177 79 0.224557746479 0.0844179784253	142
-175.5 79 0.23053853211 0.086051540228	109
-174 79 0.231065771812 0.0928424171843	149
-172.5 79 0.228051315789 0.0899018044054	152
-171 79 0.2123125 0.0833426981769	152
-169.5 79 0.235608196721 0.1052495357	61
-168 79 0.22048 0.0550969876788	40
-166.5 79 0.230172727273 0.0408990486664	11
-165 79 0.22395 0.0685320959976	12
-163.5 79 0.207681481481 0.0781403522124	27
-162 79 0.24956 0.0712951174891	10
-160.5 79 0.252572727273 0.0628531795681	11
-159 79 0.190964 0.128472746397	25
-157.5 79 0.19186 0.0849351281862	10
-156 79 0.23932 0.0519653260464	10
-154.5 79 0.270375 0.170231986321	4
-151.5 79 0.0795888888889 0.11419476175	9
-150 79 0.202038888889 0.100864365181	18
-148.5 79 0.177553333333 0.0911102226244	15
-147 79 0.22167 0.0919248491372	10
-145.5 79 0.2887 NaN	1
-144 79 0.287 NaN	1
-142.5 79 0.166242857143 0.155079193287	7
-141 79 0.19105 0.040517218562	2
-139.5 79 0.21145 0.0480508659057	8
-136.5 79 0.2526 0.0941223140387	3
-135 79 0.241790625 0.095677483647	32
-133.5 79 0.201781481481 0.134783658668	27
-132 79 0.181547826087 0.140182085711	23
-130.5 79 0.243066666667 0.133174334364	3
-129 79 0.184403296703 0.112194700262	91
-127.5 79 0.196268148148 0.118092516636	135
-126 79 0.18268 0.134049938989	85
-124.5 79 0.140832291667 0.118089458948	96
-123 79 0.174796330275 0.106131407826	109
-121.5 79 0.19132020202 0.12822497049	99
-120 79 0.178736567164 0.12834833157	134
-118.5 79 0.126587254902 0.130154989613	102
-117 79 0.213262162162 0.113423611502	111
-115.5 79 0.157608490566 0.136604267603	106
-114 79 0.188235 0.141522069585	40
-112.5 79 0.269784090909 0.0977585158205	44
-111 79 0.253185714286 0.0852863370401	21
-109.5 79 0.250921428571 0.116714366518	14
-70.5 79 0.107525 0.172583571543	4
-13.5 79 0.389780434783 0.132461777497	46
-12 79 0.252 0.161618322933	53
-10.5 79 -0.1729 NaN	1
-9 79 0.161166666667 0.106184935872	12
-7.5 79 0.287338636364 0.097831153111	44
-6 79 0.21945 0.10561939914	100
-4.5 79 0.239605882353 0.11945395901	68
-3 79 0.264891549296 0.127453259496	71
-1.5 79 0.325997916667 0.093968021925	48
24 79 0.198325 0.17234437946	20
25.5 79 0.212407692308 0.112538707871	13
27 79 0.23335 0.0908630379564	10
31.5 79 0.0648263157895 0.092818831629	38
33 79 0.155558181818 0.136762023225	55
34.5 79 0.184543478261 0.11148166513	23
36 79 0.119070149254 0.131629717119	67
37.5 79 0.138685106383 0.137946681538	47
39 79 0.1335675 0.142233986323	40
40.5 79 0.183091666667 0.112841582103	12
42 79 0.1525125 0.0726239526603	16
43.5 79 0.216847916667 0.0795679717174	48
45 79 0.121577272727 0.106327839529	22
46.5 79 0.174888888889 0.145035482249	9
48 79 0.112339583333 0.137702393773	48
49.5 79 0.119828 0.0835119229013	25
51 79 0.14619 0.146019043279	10
52.5 79 0.096 0.0843125138992	27
54 79 0.107255555556 0.123699851264	18
55.5 79 0.14531627907 0.133513321843	43
57 79 0.133278688525 0.138224228598	61
58.5 79 0.161507692308 0.106758797007	26
60 79 0.198441666667 0.140857886806	24
61.5 79 0.20502 0.0780529145752	20
63 79 0.1010875 0.169502890304	8
64.5 79 -0.0633333333333 0.140533317521	3
66 79 0.1531 0.154008538724	3
67.5 79 0.100777272727 0.136760638767	22
69 79 0.109783333333 0.0624584475205	6
70.5 79 0.157129166667 0.102754978634	24
72 79 0.104533333333 0.0894673720787	6
73.5 79 0.2509 NaN	1
75 79 0.00943333333333 0.213522114389	3
76.5 79 0.086325 0.13840511491	4
78 79 0.0839818181818 0.13592146128	11
79.5 79 0.16127 0.120351938082	10
81 79 0.17678 0.0843416682311	5
82.5 79 0.133106666667 0.101552185506	15
84 79 0.138472727273 0.0651083725938	11
85.5 79 0.201835 0.136877264557	20
87 79 0.198502222222 0.0777266202465	45
88.5 79 0.19295483871 0.122840351239	31
90 79 0.150924 0.0982321496931	25
91.5 79 0.256214285714 0.116252909846	28
111 79 0.2054 0.0159806132548	2
112.5 79 0.254 0.00961665222414	2
114 79 0.0023 0.0796391235512	3
115.5 79 0.234616666667 0.109644834378	18
117 79 0.1402625 0.165906109677	24
118.5 79 0.190055555556 0.12091812603	18
124.5 79 0.3118 NaN	1
126 79 0.2712 NaN	1
127.5 79 0.264 NaN	1
133.5 79 0.3403 0.0603930459573	3
136.5 79 0.06254 0.14674564048	5
138 79 0.239558333333 0.0792936482419	12
139.5 79 0.17725625 0.0722913823241	16
141 79 0.2915 0.0677313073844	5
142.5 79 0.25644 0.0476217507328	15
144 79 0.208531578947 0.103599244166	19
145.5 79 0.270885714286 0.0761818969872	7
147 79 0.268178947368 0.0773453767845	19
148.5 79 0.293157142857 0.062022845844	14
150 79 0.271435714286 0.0859288489851	14
151.5 79 0.306316666667 0.0554520240361	12
153 79 0.253208695652 0.0684239519005	23
154.5 79 0.242455 0.0598478815085	20
156 79 0.241938095238 0.1366578043	21
157.5 79 0.26028 0.0952855707859	25
159 79 0.257683333333 0.0783228405572	18
160.5 79 0.247503846154 0.0775577022907	26
162 79 0.2616 0.0890804797046	60
163.5 79 0.234815789474 0.0775935168257	57
165 79 0.24454 0.0701136776205	20
166.5 79 0.212182692308 0.107864089721	52
168 79 0.209608928571 0.0917432945814	56
169.5 79 0.206983962264 0.105131344732	106
171 79 0.207525 0.0943769107903	32
172.5 79 0.220573076923 0.0988294432148	26
174 79 0.18917 0.136037236662	30
175.5 79 0.191284 0.0938790652915	25
177 79 0.212022413793 0.134686224101	58
178.5 79 0.202417307692 0.0753978642261	52
-180 78.5 0.235344680851 0.0890110027603	47
-178.5 78.5 0.179692307692 0.0846140530815	52
-177 78.5 0.223 0.0855505698403	76
-175.5 78.5 0.161636363636 0.0767696890613	44
-174 78.5 0.187908163265 0.0641295915729	49
-172.5 78.5 0.203974193548 0.098925055149	62
-171 78.5 0.129141860465 0.115645180314	43
-169.5 78.5 0.201991666667 0.0664354409702	72
-168 78.5 0.275488888889 0.0325739330003	9
-166.5 78.5 0.215075 0.0647905021332	4
-165 78.5 0.177983333333 0.100281950852	6
-163.5 78.5 0.0630375 0.144598250706	8
-162 78.5 0.20967037037 0.0864844664346	27
-160.5 78.5 0.249261904762 0.108907495041	21
-159 78.5 0.211327272727 0.0599430244634	11
-157.5 78.5 0.18135 0.0290639123313	6
-156 78.5 0.21605 0.0545661590575	8
-154.5 78.5 0.18035862069 0.090527744434	29
-153 78.5 0.2168125 0.0556502711455	8
-151.5 78.5 0.111633333333 0.0200020832248	3
-150 78.5 0.168041176471 0.143038539644	17
-148.5 78.5 0.1783 0.0768401153912	7
-147 78.5 0.1703 NaN	1
-142.5 78.5 0.194 0.0445424890788	4
-141 78.5 0.1224 NaN	1
-139.5 78.5 0.219481818182 0.0424278167758	11
-136.5 78.5 0.158233333333 0.092171646942	9
-135 78.5 0.157568421053 0.136086079999	19
-133.5 78.5 0.1616 0.17635257488	16
-132 78.5 0.1638 0.131430456896	5
-130.5 78.5 0.168977777778 0.147230291441	27
-129 78.5 0.063252173913 0.125268028532	23
-127.5 78.5 0.170027272727 0.130900943089	99
-126 78.5 0.19390952381 0.145452956514	84
-124.5 78.5 0.166183076923 0.114631824455	65
-123 78.5 0.140784146341 0.13135334635	82
-121.5 78.5 0.191513533835 0.118322371525	133
-120 78.5 0.170418965517 0.102785151113	116
-118.5 78.5 0.255181730769 0.151658716096	104
-117 78.5 0.294771111111 0.136282119854	45
-115.5 78.5 0.191382524272 0.116767668963	103
-114 78.5 0.166842857143 0.117492118978	14
-15 78.5 0.12943 0.159766622889	20
-13.5 78.5 0.129697435897 0.144471116194	39
-12 78.5 -2.5e-05 0.169974024976	4
-10.5 78.5 0.217533333333 0.17965192271	3
-9 78.5 0.223680952381 0.122492128804	21
-7.5 78.5 0.236941964286 0.110437335081	112
-6 78.5 0.308243846154 0.102131466428	130
-4.5 78.5 0.28244 0.0881159983582	25
-3 78.5 0.291427272727 0.0862810534348	11
24 78.5 0.105092063492 0.110626012372	63
25.5 78.5 0.142132291667 0.128145771842	96
27 78.5 0.200958823529 0.131322894324	17
28.5 78.5 0.168945 0.0672815723188	20
30 78.5 0.189383333333 0.139043006536	6
31.5 78.5 0.108630769231 0.189844543353	13
33 78.5 0.126205882353 0.0966746054465	17
34.5 78.5 0.182076190476 0.136402030428	21
36 78.5 0.170891666667 0.0939214237572	24
37.5 78.5 0.0748125 0.123799428512	16
40.5 78.5 0.171646153846 0.150932941044	13
42 78.5 0.181828571429 0.146846192796	28
43.5 78.5 0.189742857143 0.140811439639	42
45 78.5 0.1739 0.095588036528	12
46.5 78.5 0.0889 0.0360624458405	2
48 78.5 0.127251851852 0.0967417194643	27
49.5 78.5 0.144341025641 0.0888856974995	39
51 78.5 0.145082352941 0.0785170526569	34
52.5 78.5 0.167804545455 0.100789457486	22
54 78.5 0.155591304348 0.113118569784	23
55.5 78.5 0.0146090909091 0.118847334464	11
57 78.5 0.231416666667 0.0595985483858	12
58.5 78.5 0.13415 0.0908256969267	10
60 78.5 0.1656125 0.0429975892181	8
61.5 78.5 0.0886363636364 0.172311121363	11
66 78.5 0.229972727273 0.0889903151012	11
69 78.5 -0.008 0.174655374953	2
70.5 78.5 0.0547666666667 0.103341972757	3
72 78.5 0.139113793103 0.0787228943108	29
73.5 78.5 0.1801 0.0439591477018	4
76.5 78.5 0.131191666667 0.139632038902	12
78 78.5 0.02264 0.131089029967	10
79.5 78.5 0.0965461538462 0.150905166774	13
81 78.5 0.143866666667 0.140496813724	6
82.5 78.5 -0.0386428571429 0.113216972478	7
84 78.5 0.08352 0.139450045217	10
85.5 78.5 0.1523 NaN	1
87 78.5 0.18225 0.0745997654152	2
88.5 78.5 0.166965 0.0730475567876	20
90 78.5 0.170638709677 0.126921402654	31
91.5 78.5 0.172894444444 0.084759051204	54
93 78.5 0.108386363636 0.0923833694344	22
94.5 78.5 0.0582846153846 0.136841434065	13
97.5 78.5 0.112214285714 0.117697372225	7
111 78.5 0.184295652174 0.101718177862	23
112.5 78.5 0.190233333333 0.144244579332	6
114 78.5 0.187571428571 0.129988996153	14
115.5 78.5 0.145760869565 0.100901836812	23
117 78.5 0.1347125 0.160710693373	8
118.5 78.5 0.00678571428571 0.130656157255	7
120 78.5 0.173777777778 0.0837376524895	9
123 78.5 0.21585 0.0514774708003	4
124.5 78.5 0.327 NaN	1
130.5 78.5 0.3196 NaN	1
132 78.5 0.2935 NaN	1
138 78.5 0.3524 NaN	1
139.5 78.5 0.16385 0.177695934112	2
141 78.5 0.32655 0.035074877049	6
144 78.5 0.275233333333 0.022007801647	3
145.5 78.5 0.302033333333 0.0411917872073	3
147 78.5 0.25742 0.0558811864584	5
148.5 78.5 0.345 NaN	1
150 78.5 0.284457142857 0.0135572683019	7
151.5 78.5 0.279036363636 0.069659935009	11
153 78.5 0.245651724138 0.0678922024804	29
154.5 78.5 0.209166666667 0.099132377331	18
156 78.5 0.1906 0.0563463574688	6
157.5 78.5 0.237 0.0148986576577	3
159 78.5 0.2385 0.0705103361217	9
160.5 78.5 0.204296153846 0.0933935650065	26
162 78.5 0.238056603774 0.0887254267377	53
163.5 78.5 0.268480597015 0.0928265378702	67
165 78.5 0.24887704918 0.105687898067	61
166.5 78.5 0.234557446809 0.102426276233	47
168 78.5 0.2111 0.0849084832412	39
169.5 78.5 0.173847169811 0.0929417778955	53
171 78.5 0.193675555556 0.0964556849627	45
172.5 78.5 0.210316666667 0.0736352544034	42
174 78.5 0.236292957746 0.0814080468538	71
175.5 78.5 0.256078723404 0.0723664405051	47
177 78.5 0.203734146341 0.110693833635	41
178.5 78.5 0.219346938776 0.0966404401959	98
-180 78 0.225125423729 0.0782036501336	59
-178.5 78 0.20052 0.0905243951786	50
-177 78 0.221447619048 0.07792819784	42
-175.5 78 0.225757692308 0.081061695877	26
-174 78 0.13265 0.0187383297014	2
-172.5 78 0.13578 0.0530997834271	5
-171 78 0.17442 0.101595004021	20
-169.5 78 0.198491666667 0.0870616026243	12
-168 78 0.2012 0.122365644688	21
-166.5 78 0.216325 0.033648910334	4
-165 78 0.1712 0.0592555482634	2
-163.5 78 0.077 0.0783196016333	3
-162 78 0.16235 0.0981571698859	4
-160.5 78 0.22102 0.0363763934441	5
-157.5 78 0.287944444444 0.131993627792	9
-156 78 0.1771 0.0695931749527	3
-154.5 78 0.268054545455 0.109668895897	11
-153 78 0.136188888889 0.11762555189	18
-151.5 78 0.283225 0.0820236297254	4
-150 78 0.20395 0.0668215908221	2
-148.5 78 0.1409 0.0800444876303	2
-147 78 0.2633 0.0622253967444	2
-145.5 78 0.2083 0.0566629508586	3
-144 78 0.180944444444 0.121634062983	9
-142.5 78 0.206536 0.0812778766537	25
-141 78 0.1309 0.0761078769653	48
-139.5 78 0.2461 0.0497728841841	12
-136.5 78 0.0107166666667 0.105548309634	6
-135 78 0.221285714286 0.103562564481	7
-133.5 78 0.198120833333 0.0732467062869	24
-132 78 0.232375 0.0825536372688	20
-130.5 78 0.27449 0.067120131936	10
-129 78 0.0893388888889 0.138267073784	18
-127.5 78 0.194043103448 0.127547180279	58
-126 78 0.12587721519 0.146236888038	79
-124.5 78 0.23739047619 0.125972779592	63
-123 78 0.2057 0.103095973113	62
-121.5 78 0.134919117647 0.112591418339	136
-120 78 0.213198058252 0.11129331497	103
-118.5 78 0.235923809524 0.144736428183	84
-117 78 0.16913 0.129725197158	10
-15 78 0.1666 NaN	1
-13.5 78 0.224342857143 0.13973522411	7
-12 78 0.265187179487 0.138707350353	39
-10.5 78 0.168566666667 0.156943974126	24
-9 78 0.220457142857 0.123411341956	77
-7.5 78 0.262959770115 0.114443856917	87
-6 78 0.177309375 0.129629535064	32
25.5 78 0.218413333333 0.0736761045452	15
27 78 0.184091780822 0.0891894998077	73
28.5 78 0.13730952381 0.120001320429	21
30 78 0.197679166667 0.11109024134	24
31.5 78 0.172513333333 0.176819427127	15
33 78 0.126311764706 0.145704001671	17
34.5 78 0.0308333333333 0.0878593800722	6
36 78 0.1793 0.138699585436	5
37.5 78 -0.10625 0.0666801694659	2
39 78 0.09126 0.209956014441	5
42 78 0.12455 0.338916280223	2
45 78 0.2181 NaN	1
48 78 0.1472 NaN	1
49.5 78 0.175314285714 0.233294345042	7
51 78 0.183577777778 0.0939731723642	18
58.5 78 0.027525 0.0784901851614	4
60 78 0.0954571428571 0.195040251035	7
66 78 0.247391666667 0.0568851387899	12
67.5 78 0.152266666667 0.233854149703	3
72 78 0.1433 0.201525432638	2
73.5 78 0.0800428571429 0.0800226396537	7
75 78 0.331 NaN	1
76.5 78 0.17987 0.131994680448	10
78 78 0.159466666667 0.0893679733835	6
79.5 78 0.214945 0.0774940233689	20
81 78 0.181981818182 0.147280839339	11
82.5 78 0.2313 0.0595383909759	2
84 78 0.1174625 0.0555572842509	16
85.5 78 0.20105 0.0748943032992	4
87 78 0.007 0.16574582951	2
88.5 78 0.192352173913 0.104553161204	23
90 78 0.138759375 0.13871228487	32
91.5 78 0.01524 0.152746679178	5
97.5 78 0.08105 0.136768882507	10
99 78 0.2435 NaN	1
109.5 78 0.2581 0.0838628642487	2
111 78 0.1638 NaN	1
114 78 0.0854 0.16435828749	7
115.5 78 0.175728571429 0.133130333562	7
117 78 0.17575 0.0600991125836	4
118.5 78 0.1822 NaN	1
120 78 0.1706 0.136800310672	5
124.5 78 0.1147 NaN	1
129 78 0.2628 NaN	1
138 78 0.227 0.00678822509939	2
141 78 0.2868 NaN	1
147 78 0.215733333333 0.0142780717652	3
151.5 78 0.21776 0.0819155540786	5
153 78 0.171933333333 0.0920759304579	12
154.5 78 0.216833333333 0.0880723394131	12
156 78 0.22941875 0.0687647411469	16
157.5 78 0.228147368421 0.0755554716632	19
159 78 0.205375 0.111078004242	20
160.5 78 0.2167 0.0912224022193	7
162 78 0.296125 0.070748402304	8
163.5 78 0.255 0.0758336696629	23
165 78 0.235892682927 0.073384441097	41
166.5 78 0.198335087719 0.112130258264	57
168 78 0.21907 0.0830865778197	30
169.5 78 0.155836363636 0.0879728511841	11
171 78 0.226075 0.163685071097	4
172.5 78 0.196655319149 0.117367156743	47
174 78 0.200541666667 0.108853063566	84
175.5 78 0.176156 0.0788941868477	50
177 78 0.25298125 0.0802537184521	64
178.5 78 0.179256818182 0.0731944412609	44
-180 77.5 0.245873333333 0.0757292212582	15
-178.5 77.5 0.242482352941 0.0706957940341	17
-177 77.5 0.228633333333 0.132742256522	6
-175.5 77.5 0.243161290323 0.0488747151904	31
-174 77.5 0.211783333333 0.0419166991385	6
-172.5 77.5 0.2469 NaN	1
-171 77.5 0.164283333333 0.0773753815284	6
-169.5 77.5 0.1828 0.044123463146	2
-168 77.5 0.1538 0.064076750854	3
-166.5 77.5 0.2023625 0.07408479577	8
-165 77.5 0.18952173913 0.0713320465819	23
-163.5 77.5 0.222446153846 0.0745408839806	26
-162 77.5 0.176866666667 0.0640123685965	3
-160.5 77.5 0.14183 0.0911265182772	10
-159 77.5 0.1709 0.105242728965	6
-157.5 77.5 0.0861 0.250174379184	2
-156 77.5 0.234366666667 0.111574847823	6
-153 77.5 0.2292 0.0886167591373	3
-151.5 77.5 0.19152 0.0531517356255	5
-150 77.5 0.2007 0.0888411128551	7
-148.5 77.5 0.27855 0.0403757972058	2
-147 77.5 0.3232 NaN	1
-145.5 77.5 0.204033333333 0.15228198624	3
-144 77.5 0.216875 0.187699003283	4
-142.5 77.5 0.169993333333 0.10960759769	30
-141 77.5 0.147008 0.107092354691	25
-139.5 77.5 0.0285135135135 0.0960175046604	37
-138 77.5 0.21046 0.0932898065171	5
-136.5 77.5 0.203078571429 0.119790902304	14
-135 77.5 0.23099 0.0866425665209	10
-132 77.5 0.241452 0.0972225801962	25
-130.5 77.5 0.210066666667 0.142806678765	9
-129 77.5 0.181747619048 0.102572041118	21
-127.5 77.5 0.1600275 0.167343889729	40
-126 77.5 0.175958878505 0.142773390149	107
-124.5 77.5 0.14805 0.113734276456	40
-123 77.5 0.153887301587 0.140147219244	63
-121.5 77.5 0.16308089172 0.11529273563	157
-120 77.5 0.222268421053 0.111471830286	19
-118.5 77.5 0.238125 0.080552209213	12
-76.5 77.5 0.3107 0.170522344577	3
-75 77.5 0.075275 0.163392077949	12
-16.5 77.5 0.07365 0.0810059977203	10
-15 77.5 0.104996296296 0.120427394282	27
-13.5 77.5 0.186115 0.152595130898	20
-12 77.5 0.162555555556 0.162195962582	9
-10.5 77.5 0.2167 0.12212962458	51
-9 77.5 0.190711458333 0.10941242003	96
-7.5 77.5 0.278294285714 0.12222927135	105
-6 77.5 0.289464705882 0.113766531443	17
-4.5 77.5 -0.1335 0.0153795318524	3
28.5 77.5 0.0853333333333 0.0964286955907	3
30 77.5 0.205166666667 0.063410277821	3
31.5 77.5 0.3218 NaN	1
33 77.5 0.200414285714 0.0652401826221	7
34.5 77.5 0.0781 0.0875398195109	2
36 77.5 0.179566666667 0.0481426906879	6
39 77.5 0.0911 NaN	1
40.5 77.5 0.245133333333 0.0787475375276	6
48 77.5 0.02786 0.112688037421	10
49.5 77.5 0.24905 0.004171930009	2
72 77.5 0.20215 0.129046987567	2
73.5 77.5 0.102445833333 0.089765535069	24
76.5 77.5 0.2846 NaN	1
78 77.5 0.217325 0.0846737808691	4
79.5 77.5 0.1684 0.158327998156	5
84 77.5 0.1734 NaN	1
85.5 77.5 0.34195 0.125794296373	2
87 77.5 0.183471428571 0.0661171111056	7
88.5 77.5 0.149783333333 0.0715386725252	6
90 77.5 0.0505 0.151280126476	7
93 77.5 0.160157142857 0.0928488823037	14
97.5 77.5 0.188314285714 0.0741036082921	7
99 77.5 0.144472222222 0.0871763782262	36
100.5 77.5 0.302981818182 0.0542502685372	11
108 77.5 0.2211 NaN	1
111 77.5 0.0261 NaN	1
112.5 77.5 -0.0227 NaN	1
114 77.5 0.0911 NaN	1
115.5 77.5 0.21785 0.143330544547	2
117 77.5 0.08995 0.290833019102	2
118.5 77.5 0.16155 0.0378152746916	6
120 77.5 0.0616 0.0254558441227	2
124.5 77.5 0.318033333333 0.0271072561011	3
126 77.5 0.1712 NaN	1
133.5 77.5 0.0582142857143 0.166665057611	7
135 77.5 0.18345 0.12891445484	4
136.5 77.5 0.190963636364 0.0755863780416	11
139.5 77.5 0.26995 0.127915616717	2
141 77.5 0.276110526316 0.0525676801291	19
142.5 77.5 0.2778 0.0213936906587	3
144 77.5 0.2942 NaN	1
145.5 77.5 0.24835 0.0372645273685	2
147 77.5 0.1913 NaN	1
153 77.5 0.308 0.10978636831	4
154.5 77.5 0.217944444444 0.0963125006309	9
156 77.5 0.1799 NaN	1
157.5 77.5 0.279266666667 0.117429445484	6
159 77.5 0.3174 0.0994192134348	2
160.5 77.5 0.24425 0.0884828740492	6
162 77.5 0.242633333333 0.0248729438011	3
163.5 77.5 0.0896 0.0298399061661	2
165 77.5 0.19288 0.0720264852081	15
166.5 77.5 0.1863125 0.0884931383539	8
168 77.5 0.231115789474 0.129098822024	19
169.5 77.5 0.227416129032 0.0999059994754	31
171 77.5 0.193614285714 0.102502666811	14
172.5 77.5 0.213695238095 0.0918334061014	21
174 77.5 0.179638202247 0.128200970165	89
175.5 77.5 0.236466666667 0.0880912379138	72
177 77.5 0.203040322581 0.0995144761851	62
178.5 77.5 0.204511290323 0.0994909240524	62
-180 77 0.206980952381 0.107728410181	42
-178.5 77 0.150585714286 0.10792221456	14
-175.5 77 0.2352 0.0534315262743	6
-174 77 0.164725 0.11660033999	8
-172.5 77 0.2192 0.0675198612755	13
-171 77 0.1519 0.11200571414	2
-169.5 77 0.181181818182 0.0646421506168	11
-168 77 0.280433333333 0.102684484385	3
-166.5 77 0.2134625 0.0851599660723	8
-165 77 0.145666666667 0.0718685652192	6
-163.5 77 0.169952941176 0.107709030016	17
-162 77 0.197525 0.0393906352177	8
-157.5 77 0.19975 0.103642168059	6
-156 77 0.0566666666667 0.128043443149	3
-153 77 0.180416666667 0.102715979401	12
-150 77 0.140272727273 0.11303204051	11
-148.5 77 0.1993 0.11663099931	11
-145.5 77 0.156725 0.116374607053	4
-144 77 0.166003448276 0.0872737666474	29
-142.5 77 0.191652380952 0.110577970767	21
-141 77 0.184821428571 0.0602246330713	14
-139.5 77 0.2677 0.0469518902708	2
-136.5 77 0.0913842105263 0.151272811919	19
-135 77 0.213071428571 0.117021333016	7
-133.5 77 0.227 0.0944001396378	23
-132 77 0.173653846154 0.101453718437	26
-130.5 77 0.136205405405 0.135482518237	37
-129 77 0.118590909091 0.17078780082	11
-127.5 77 0.164447619048 0.166065952573	42
-126 77 0.207731034483 0.1505213795	58
-124.5 77 0.174841071429 0.123927303877	56
-123 77 0.176145918367 0.11516754641	98
-121.5 77 0.0949170731707 0.118531546228	41
-78 77 0.1379 0.0729734198185	2
-76.5 77 0.23006 0.139493155547	10
-75 77 0.285833333333 0.0976901393864	3
-16.5 77 0.285540540541 0.161018198522	37
-15 77 0.200447368421 0.14727452208	19
-13.5 77 0.247619298246 0.137418541376	57
-12 77 0.20785 0.13380181749	12
-10.5 77 0.222959259259 0.105799164819	27
-9 77 0.309544444444 0.0931656320754	81
-7.5 77 0.240675471698 0.121168928338	53
19.5 77 0.16095625 0.0947664214002	16
28.5 77 0.0451 0.145381154212	2
70.5 77 0.0503 NaN	1
72 77 0.1985375 0.121538541065	8
73.5 77 0.110683333333 0.134770952607	6
75 77 0.194866666667 0.197691767659	9
76.5 77 0.15215 0.0419314321244	2
78 77 0.206345 0.0804747915744	20
79.5 77 0.153975 0.110645789411	8
84 77 0.1367 0.236394437329	3
85.5 77 0.0954764705882 0.13749559779	17
87 77 0.1859425 0.120884517656	40
88.5 77 0.20102 0.149939211016	5
91.5 77 0.124426086957 0.121295728837	23
93 77 0.05445 0.105433418394	8
94.5 77 0.10765 0.183172538881	6
109.5 77 0.1919 0.0989949493661	2
118.5 77 0.109775 0.111730878304	4
123 77 0.12845 0.00898025612107	2
129 77 0.3331 0.0436991990773	2
135 77 0.3229 NaN	1
142.5 77 0.255427272727 0.0709564668076	11
144 77 0.236742857143 0.0770763227185	7
150 77 0.2217 0.0394110390627	3
151.5 77 0.33635 0.0535279833358	2
153 77 0.181066666667 0.0837039027366	3
159 77 0.206733333333 0.175169685353	6
160.5 77 0.20435 0.18142226067	4
162 77 0.211635897436 0.127232289611	39
163.5 77 0.24445 0.115494532338	6
165 77 0.1351875 0.119638098029	16
166.5 77 0.20582 0.0825303251625	15
168 77 0.19225 0.107049612207	20
169.5 77 0.278638461538 0.0635270223142	13
171 77 0.196520512821 0.0978794483549	39
172.5 77 0.194925 0.103591192224	48
174 77 0.163353571429 0.130672152612	28
175.5 77 0.179918181818 0.0932785507704	44
177 77 0.201141304348 0.131928146396	46
178.5 77 0.215352 0.0805073708841	25
-180 76.5 0.215615151515 0.0868110812383	33
-178.5 76.5 0.111808333333 0.126679272923	24
-177 76.5 0.17494 0.0631433527776	5
-175.5 76.5 0.1857 0.0979866657595	7
-174 76.5 0.0876 0.0939239304218	18
-172.5 76.5 0.251771428571 0.0346281539736	7
-171 76.5 0.25985 0.065394562818	14
-169.5 76.5 0.184965 0.0957584047326	40
-168 76.5 0.231866666667 0.094775736504	30
-166.5 76.5 0.152936842105 0.0907979760575	19
-165 76.5 0.157575 0.0600523313453	4
-163.5 76.5 0.20636 0.166092302651	5
-160.5 76.5 0.00993333333333 0.122764381371	3
-159 76.5 0.221983333333 0.0703416069383	6
-157.5 76.5 0.180085714286 0.0670340318687	7
-156 76.5 0.18135 0.165816540188	2
-154.5 76.5 0.2472 0.0379009234716	2
-153 76.5 0.0922 0.174894282354	3
-151.5 76.5 0.241083333333 0.0684570059721	6
-150 76.5 0.1353 0.0837782489671	9
-148.5 76.5 0.16188 0.141139314154	15
-147 76.5 0.18055 0.0504177548092	4
-145.5 76.5 0.168534615385 0.0847044411696	26
-144 76.5 0.141167857143 0.105037527874	28
-142.5 76.5 0.204742857143 0.0877288810565	21
-141 76.5 0.14759047619 0.079542403187	21
-139.5 76.5 0.203866666667 0.0421516705877	3
-138 76.5 0.275533333333 0.0533329479153	3
-136.5 76.5 0.03165 0.151850765556	14
-135 76.5 0.226775 0.0753853670909	8
-133.5 76.5 0.245477777778 0.0834853396977	9
-132 76.5 0.152360714286 0.120126674927	28
-130.5 76.5 0.130638461538 0.202313583077	13
-129 76.5 0.192845454545 0.167333358083	11
-127.5 76.5 0.184674285714 0.147380458723	35
-126 76.5 0.178137142857 0.136229369913	35
-124.5 76.5 0.14914122807 0.111154949501	114
-123 76.5 0.012 NaN	1
-78 76.5 0.367633333333 0.14581050488	3
-76.5 76.5 0.16665 0.20258609281	2
-75 76.5 -0.06415 0.132158257404	2
-18 76.5 0.122561538462 0.0936523831066	26
-16.5 76.5 0.146725925926 0.149762572588	27
-15 76.5 0.21515 0.149585374388	14
-13.5 76.5 -0.03285 0.129754094348	2
-12 76.5 0.189490243902 0.13866488886	41
-10.5 76.5 0.206236764706 0.113671210738	68
-9 76.5 0.253205128205 0.0968706542624	39
-7.5 76.5 0.113 0.0295831596239	7
70.5 76.5 0.0829142857143 0.213397160467	7
72 76.5 0.3833 NaN	1
73.5 76.5 0.227 0.0176776695297	2
75 76.5 0.0827333333333 0.219145028083	3
76.5 76.5 0.184166666667 0.120151626428	3
78 76.5 0.1032 0.127703484682	2
79.5 76.5 0.2212 0.0712531636725	7
81 76.5 0.166292307692 0.16493780374	13
84 76.5 0.183413333333 0.103021252084	15
85.5 76.5 0.172425 0.109471777185	16
87 76.5 0.1872125 0.0785753766865	8
88.5 76.5 0.179823076923 0.0795678866739	13
90 76.5 0.208011764706 0.148703332521	17
91.5 76.5 0.161964285714 0.0894271220874	14
117 76.5 -0.0021 NaN	1
118.5 76.5 0.094 0.00311126983722	2
120 76.5 0.1847 0.0649433291416	6
121.5 76.5 0.0238 NaN	1
127.5 76.5 0.2953 0.0644881384442	2
135 76.5 0.18535 0.00685893577751	2
136.5 76.5 0.2656 0.0570588585001	7
141 76.5 0.28615 0.103166879375	2
156 76.5 0.2709 0.0742462120246	2
159 76.5 0.2476 NaN	1
160.5 76.5 0.118283333333 0.0875302785707	6
162 76.5 0.122755555556 0.158350940249	9
163.5 76.5 0.29605 0.0919921162081	10
165 76.5 0.253357692308 0.0896190166118	26
166.5 76.5 0.23324 0.0918658950137	10
168 76.5 0.141372 0.109631745403	25
169.5 76.5 0.194466666667 0.0962718940743	48
171 76.5 0.193757692308 0.125261624365	26
172.5 76.5 0.194605660377 0.123145040212	53
174 76.5 0.201796825397 0.097213043344	63
175.5 76.5 0.200814285714 0.0892209744719	21
177 76.5 0.186989473684 0.0777745166401	19
178.5 76.5 0.167417647059 0.108829147362	34
-180 76 0.18243875 0.112754810157	80
-178.5 76 0.202788888889 0.0473441771616	9
-177 76 0.212007142857 0.093080985948	14
-175.5 76 0.1629 0.109460129728	2
-174 76 0.296 NaN	1
-172.5 76 0.211603571429 0.0835907955333	28
-171 76 0.21645 0.0696469656739	30
-169.5 76 0.293191304348 0.0654346996703	23
-168 76 0.178392682927 0.0955577087164	41
-166.5 76 0.27186 0.0322019098812	5
-163.5 76 0.09939 0.154919119475	20
-162 76 0.194966666667 0.138582115248	6
-160.5 76 0.18027 0.0689065558887	10
-159 76 0.234242857143 0.0851106898328	7
-157.5 76 0.110928571429 0.180318585789	7
-156 76 0.079475 0.140297526113	4
-153 76 0.211785714286 0.102051441456	14
-148.5 76 0.170566666667 0.185559864554	3
-147 76 0.237361538462 0.133471604586	13
-145.5 76 0.159745945946 0.104143521681	37
-144 76 0.194557142857 0.0795970892292	28
-142.5 76 0.123566666667 0.106484291059	12
-141 76 0.147591666667 0.0799894064544	24
-139.5 76 0.114261538462 0.115335536143	13
-138 76 0.0672578947368 0.139661739435	19
-136.5 76 0.110658823529 0.0912341771132	17
-135 76 0.124366666667 0.107252727238	9
-133.5 76 0.212255 0.109533991239	20
-132 76 0.159385714286 0.109456593835	14
-129 76 0.105564285714 0.192380326865	14
-127.5 76 0.107804444444 0.159009083439	45
-126 76 0.129146666667 0.106852688092	15
-124.5 76 0.128210869565 0.136966372561	46
-78 76 0.270025 0.0916972691342	4
-76.5 76 0.2985 NaN	1
-63 76 0.1168 NaN	1
-18 76 0.162386666667 0.0818498782816	30
-16.5 76 0.178936781609 0.153578658064	87
-15 76 0.0783 NaN	1
-13.5 76 0.23882 0.105414477184	5
-12 76 0.225374 0.116938061495	100
-10.5 76 0.243804761905 0.150923690904	21
-9 76 0.298 0.0141702740505	7
57 76 0.234533333333 0.109315384706	3
67.5 76 0.0341 NaN	1
69 76 -0.1511 NaN	1
70.5 76 0.13793125 0.165054082929	16
72 76 0.14234 0.170301623598	5
73.5 76 0.200993333333 0.155479679272	15
75 76 0.156483333333 0.163128788589	6
76.5 76 0.239323076923 0.0873061200017	13
78 76 0.24 0.0585081760668	4
79.5 76 0.299628571429 0.0552419440367	7
81 76 -0.1058 0.0533585981825	4
84 76 0.1538 NaN	1
85.5 76 0.21236 0.170870047112	5
88.5 76 0.107946428571 0.108176472701	28
90 76 0.146905555556 0.112811938627	18
91.5 76 0.17013125 0.120514462306	16
120 76 0.3298 NaN	1
121.5 76 0.102975 0.0896579565162	4
124.5 76 0.2135 NaN	1
126 76 0.156316666667 0.127620271378	6
130.5 76 0.0447 NaN	1
133.5 76 0.205961538462 0.0908989323229	13
135 76 0.19685 0.0152027957955	2
147 76 0.346533333333 0.0218197922385	3
148.5 76 0.257271428571 0.0430997956022	7
156 76 -0.0331 NaN	1
160.5 76 0.267175 0.0667418596784	4
162 76 0.194114285714 0.0948645425255	7
163.5 76 0.210685714286 0.0839107547452	7
165 76 0.245132142857 0.091097054689	28
166.5 76 0.197152173913 0.0712011419058	23
168 76 0.129216129032 0.109079338394	31
169.5 76 0.18055 0.0975794657849	22
171 76 0.2322203125 0.0788665261434	64
172.5 76 0.240661764706 0.127089727416	68
174 76 0.141471111111 0.0805054702326	45
175.5 76 0.217408695652 0.10037669235	46
177 76 0.215083333333 0.107388954442	24
178.5 76 0.1345359375 0.0920750080135	64
-180 75.5 0.201033333333 0.0634802379175	12
-178.5 75.5 0.150983050847 0.088211667757	59
-177 75.5 0.220276923077 0.0882604116034	13
-175.5 75.5 0.215388888889 0.0721659622752	9
-174 75.5 0.21017037037 0.0688861927374	27
-172.5 75.5 0.2375 0.100519813967	21
-171 75.5 0.210474 0.0695454918212	50
-169.5 75.5 0.210442105263 0.0710183725508	19
-168 75.5 0.199425 0.0973820782622	4
-166.5 75.5 0.199380769231 0.125261537654	26
-165 75.5 0.17605 0.111623333454	8
-163.5 75.5 0.1501 0.0434119223256	5
-162 75.5 0.1693 0.0871395223973	12
-160.5 75.5 0.143215384615 0.13270109172	13
-159 75.5 0.162825806452 0.0905244238415	31
-157.5 75.5 0.1873 0.111091313792	12
-156 75.5 0.110961538462 0.11687882285	13
-154.5 75.5 0.328 NaN	1
-153 75.5 0.291575 0.0587630481964	4
-151.5 75.5 0.08854 0.161892303708	5
-148.5 75.5 0.1764 NaN	1
-147 75.5 0.18525 0.0671107585492	24
-145.5 75.5 0.2303875 0.0607610175195	8
-144 75.5 0.1648 0.0840629050176	6
-142.5 75.5 0.154296774194 0.109835678732	31
-141 75.5 0.0832681818182 0.148202992664	22
-139.5 75.5 0.12889047619 0.110766962154	21
-138 75.5 0.120216666667 0.113165814251	12
-136.5 75.5 0.121804 0.110847351795	25
-135 75.5 0.113 NaN	1
-133.5 75.5 0.124735714286 0.122529246789	14
-132 75.5 0.1669 NaN	1
-130.5 75.5 0.181425 0.0895760896296	4
-129 75.5 0.162133333333 0.151496261015	24
-127.5 75.5 0.143854347826 0.168058820003	46
-126 75.5 0.09286 0.175913240791	15
-124.5 75.5 0.147789473684 0.187549359117	19
-123 75.5 0.1837 0.113154849653	4
-121.5 75.5 0.34685 0.122683026536	2
-78 75.5 0.101423529412 0.125131813148	17
-73.5 75.5 0.057 0.226739872982	3
-69 75.5 0.047 NaN	1
-64.5 75.5 0.1101 0.0877663769508	14
-63 75.5 0.138124 0.0905779879441	25
-61.5 75.5 0.182709090909 0.094707364598	11
-18 75.5 0.0657736842105 0.0904358694945	19
-16.5 75.5 -0.1737 NaN	1
-15 75.5 0.25074 0.126241624631	20
-13.5 75.5 0.11986 0.148836011174	10
-12 75.5 0.284095652174 0.105460020336	23
-10.5 75.5 0.18582 0.0708879891096	5
-9 75.5 0.234685714286 0.0724994121487	7
67.5 75.5 0.130066666667 0.0331669011717	3
70.5 75.5 0.1977 0.137303277455	3
72 75.5 0.08015 0.220530031968	6
73.5 75.5 0.0519 0.0144249783362	2
75 75.5 0.0477333333333 0.193273183172	3
76.5 75.5 0.136745454545 0.10511407483	11
78 75.5 0.05715 0.174862260079	4
79.5 75.5 0.150366666667 0.110877289529	3
81 75.5 0.0861 NaN	1
85.5 75.5 0.19829375 0.0896265769271	16
87 75.5 0.264136363636 0.0863014399964	11
115.5 75.5 0.1939 NaN	1
120 75.5 0.3615 NaN	1
126 75.5 0.3257 0.0110308657865	2
127.5 75.5 0.194427272727 0.0928566647141	11
129 75.5 0.1997 0.0939037805416	2
130.5 75.5 0.0907333333333 0.14768564814	6
132 75.5 0.193245 0.176508131541	20
133.5 75.5 0.3786 NaN	1
148.5 75.5 0.2646 NaN	1
153 75.5 0.307766666667 0.106321506134	6
154.5 75.5 0.1654 NaN	1
160.5 75.5 -0.058 NaN	1
162 75.5 0.21435 0.039951533137	2
163.5 75.5 0.238631578947 0.11541307962	19
165 75.5 0.12767 0.142710871124	20
166.5 75.5 0.189972413793 0.0599522005825	29
168 75.5 0.159114285714 0.0690786129124	7
169.5 75.5 0.2207 0.0740514610854	37
171 75.5 0.235108 0.0760174116467	50
172.5 75.5 0.177071428571 0.161468263578	21
174 75.5 0.181749056604 0.125348973827	53
175.5 75.5 0.213211764706 0.0907552878991	34
177 75.5 0.219075 0.109499880656	12
178.5 75.5 0.197756666667 0.111175985634	30
-180 75 0.149262857143 0.102748310665	35
-178.5 75 0.178336 0.0792298653707	25
-177 75 0.29179 0.0744192246667	10
-175.5 75 0.236952631579 0.0894853642187	19
-174 75 0.249393548387 0.069599013094	31
-172.5 75 0.228604444444 0.0760815559884	45
-171 75 0.191165217391 0.141474461585	23
-169.5 75 0.2244 0.127170231156	14
-168 75 0.160725531915 0.11914853074	47
-166.5 75 0.135064285714 0.0848353573526	14
-165 75 0.1387 0.121851935424	25
-163.5 75 0.134233333333 0.125854927066	6
-162 75 0.0649588235294 0.0968206980636	17
-160.5 75 0.173391176471 0.115320615959	34
-159 75 0.15068 0.126132232201	25
-157.5 75 0.15952 0.0832062470945	10
-156 75 0.13245 0.114837837612	20
-154.5 75 0.167166666667 0.151506780757	27
-153 75 0.207609090909 0.0721012961679	11
-150 75 0.0162142857143 0.044741048586	7
-148.5 75 0.1964 0.0402392842879	8
-147 75 0.187647368421 0.111825813798	19
-145.5 75 0.142536842105 0.130722327475	19
-144 75 0.173866666667 0.148618056328	6
-142.5 75 0.1431625 0.124755394244	8
-141 75 0.145706666667 0.107014481441	15
-139.5 75 0.116823404255 0.11637006042	47
-138 75 0.0666470588235 0.101523280074	17
-136.5 75 0.155716666667 0.0817387171345	12
-135 75 0.0805588235294 0.114937744338	17
-133.5 75 0.121807142857 0.125135566267	14
-132 75 0.160669047619 0.159387944411	42
-130.5 75 0.108382926829 0.146219487249	41
-129 75 0.206488571429 0.1588496825	35
-127.5 75 0.14705 0.163610787167	32
-126 75 0.19270952381 0.170942838121	21
-124.5 75 0.255725806452 0.106549227958	31
-123 75 0.23335 0.175462266599	6
-121.5 75 0.239395 0.0790093097446	20
-78 75 -0.0637 0.182009285477	2
-76.5 75 0.1314 0.0983112913149	3
-75 75 0.0369875 0.0656777509076	8
-73.5 75 0.20745 0.0649757108464	6
-72 75 0.2453 NaN	1
-70.5 75 -0.1114 NaN	1
-67.5 75 0.2681 NaN	1
-64.5 75 0.07288 0.159875926893	5
-63 75 0.3511 0.0244658946291	2
-60 75 0.1894 0.103185431788	7
-16.5 75 0.3955 NaN	1
-15 75 0.101233333333 0.129483499592	15
-13.5 75 0.162947368421 0.142964289128	38
-10.5 75 0.16484137931 0.0888723945459	29
-9 75 0.17645 0.0682671443668	6
63 75 0.1831 NaN	1
69 75 0.05396 0.169253443096	5
72 75 0.0232 NaN	1
73.5 75 0.228175 0.0582918733616	4
75 75 -0.0193 NaN	1
76.5 75 0.155990909091 0.102247478742	11
78 75 0.2867 NaN	1
79.5 75 0.0825428571429 0.159863012786	7
81 75 0.1236 NaN	1
118.5 75 0.4239 0.0442648845023	2
120 75 0.128033333333 0.103695435451	3
126 75 0.2507 NaN	1
127.5 75 0.204661904762 0.076273052097	21
130.5 75 0.0420333333333 0.157206785265	3
132 75 -0.10085 0.00841457069612	2
133.5 75 0.0784 NaN	1
136.5 75 0.234383333333 0.0565410794615	6
160.5 75 0.181866666667 0.0873512640626	3
162 75 0.3943 NaN	1
163.5 75 0.0061 NaN	1
165 75 0.18705 0.10542234899	10
166.5 75 0.253249333333 0.0850971104622	75
168 75 0.2613 0.101416985757	17
169.5 75 0.2097125 0.100442578502	24
171 75 0.1918 0.115824090758	2
172.5 75 0.212639130435 0.114245850289	23
174 75 0.269621428571 0.0789863882553	42
175.5 75 0.248480952381 0.0754713099068	21
177 75 0.1989925 0.0827894313443	40
178.5 75 0.236544186047 0.0914385854324	43
-180 74.5 0.230392307692 0.0814553199601	39
-178.5 74.5 0.2338125 0.100085742408	16
-177 74.5 0.258677272727 0.0544840556128	22
-175.5 74.5 0.227288888889 0.0690899487326	36
-174 74.5 0.212262222222 0.108183991609	45
-172.5 74.5 0.215253846154 0.0727803958882	13
-171 74.5 0.205684375 0.0798042731064	32
-169.5 74.5 0.176442105263 0.101929566651	38
-168 74.5 0.149460869565 0.0895743824446	46
-166.5 74.5 0.165373170732 0.115277719062	41
-165 74.5 0.174507142857 0.13264167528	28
-163.5 74.5 0.153746428571 0.12946655021	56
-162 74.5 0.201580952381 0.0886724400197	21
-160.5 74.5 0.171385714286 0.100895298794	14
-159 74.5 0.0774222222222 0.137239988504	9
-157.5 74.5 0.187497435897 0.142495875263	39
-156 74.5 0.178591666667 0.163507444692	12
-154.5 74.5 0.1961 0.0787572565199	12
-153 74.5 0.029925 0.107188163992	4
-151.5 74.5 0.0289666666667 0.121616391439	6
-150 74.5 0.189386666667 0.138317542874	15
-148.5 74.5 0.16955 0.119662489647	8
-147 74.5 0.19289 0.0745428728635	20
-144 74.5 0.181647058824 0.0703892580374	17
-142.5 74.5 0.157873684211 0.0918032972181	19
-141 74.5 0.157584210526 0.0759224694381	38
-139.5 74.5 0.175 0.0994408138268	67
-138 74.5 0.174597058824 0.0727399622787	34
-136.5 74.5 0.1065 0.102538347127	20
-135 74.5 0.114237037037 0.115758140263	27
-133.5 74.5 0.174245454545 0.0849193895837	11
-132 74.5 0.133197727273 0.127702432984	44
-130.5 74.5 0.154741176471 0.123139585729	17
-129 74.5 0.223785964912 0.138941774083	57
-127.5 74.5 0.162108333333 0.168162596956	12
-126 74.5 0.162707936508 0.111923565943	63
-124.5 74.5 0.0359 NaN	1
-81 74.5 0.3118 NaN	1
-78 74.5 0.2551 0.122188051789	2
-76.5 74.5 0.26495 0.0079903066274	2
-75 74.5 0.233784615385 0.0888967270316	13
-73.5 74.5 0.1887 0.136279125327	5
-72 74.5 0.341425 0.0521362557791	4
-69 74.5 0.1911 NaN	1
-61.5 74.5 -0.02305 0.157531171519	4
-60 74.5 0.187766666667 0.105111480502	3
-16.5 74.5 0.0805 NaN	1
-15 74.5 0.222741463415 0.163474374101	41
-13.5 74.5 0.267157142857 0.171958956066	21
-12 74.5 0.247159090909 0.142574073176	22
-10.5 74.5 0.179472222222 0.12692782945	18
63 74.5 0.0122 NaN	1
66 74.5 0.194677777778 0.132784136645	9
69 74.5 0.191333333333 0.0947430138146	6
72 74.5 0.1449 NaN	1
75 74.5 0.3174 NaN	1
76.5 74.5 -0.198 NaN	1
79.5 74.5 0.125857142857 0.161339867538	7
82.5 74.5 0.123633333333 0.0712787719685	3
121.5 74.5 0.22225 0.161123679203	8
126 74.5 0.2311 NaN	1
127.5 74.5 0.194833333333 0.0866789911109	9
145.5 74.5 0.3488 NaN	1
148.5 74.5 0.1337 NaN	1
150 74.5 0.2766 0.078075860546	6
151.5 74.5 0.240275757576 0.10816127146	33
157.5 74.5 0.258466666667 0.0989977945882	3
160.5 74.5 0.263657142857 0.0715005094887	7
162 74.5 0.212185714286 0.0751854025852	7
163.5 74.5 0.11456 0.0605129986036	5
165 74.5 0.293266666667 0.0292643696897	3
166.5 74.5 0.2219 0.0869081249798	65
168 74.5 0.224146456693 0.0895822923929	127
169.5 74.5 0.17635625 0.0975720375584	48
171 74.5 0.176480645161 0.0957426157555	62
172.5 74.5 0.184158333333 0.0918478321756	24
175.5 74.5 0.279748571429 0.0820442720208	35
177 74.5 0.203623684211 0.0970856115236	76
178.5 74.5 0.2017 0.110229461968	43
-180 74 0.163476 0.102493887135	25
-178.5 74 0.2206 0.132585005976	22
-177 74 0.207671428571 0.0597150375893	7
-175.5 74 0.234975 0.0877278138231	12
-174 74 0.29981875 0.0640259969986	16
-172.5 74 0.200428 0.121883744199	25
-171 74 0.194113559322 0.0952049086999	59
-169.5 74 0.166535514019 0.0887229323617	107
-168 74 0.201258181818 0.114068266907	55
-166.5 74 0.172312903226 0.132328184808	31
-165 74 0.204099186992 0.0889337241681	123
-163.5 74 0.165010227273 0.124968146783	88
-162 74 0.1199 0.134357661273	36
-160.5 74 0.12630625 0.117869201342	16
-159 74 0.152494117647 0.109609879063	17
-157.5 74 0.149761290323 0.0830260267523	31
-156 74 0.129730769231 0.127638670533	26
-154.5 74 0.182385714286 0.0975361886442	7
-153 74 0.0930318181818 0.115337295774	22
-151.5 74 0.0348375 0.104544084174	8
-150 74 0.18983 0.126796136026	10
-148.5 74 0.0004 0.0777817459305	2
-147 74 0.159333333333 0.0659868421228	3
-145.5 74 0.174385714286 0.0947206488506	14
-142.5 74 0.124205263158 0.0920328170557	19
-141 74 0.0544578947368 0.11424180163	19
-139.5 74 0.162304347826 0.112923829832	23
-138 74 0.133848648649 0.125884882646	37
-136.5 74 0.156655555556 0.13845144556	9
-135 74 0.128308108108 0.101744883514	37
-133.5 74 0.135855 0.102478642062	20
-132 74 0.130496 0.128482860336	25
-130.5 74 0.0367130434783 0.131234108317	23
-129 74 0.108314285714 0.154325878789	42
-127.5 74 0.209125714286 0.102716672977	35
-126 74 0.164084615385 0.0950504125985	52
-79.5 74 0.2412 NaN	1
-76.5 74 0.29502 0.0492000711382	5
-75 74 0.074475 0.073388617419	4
-73.5 74 0.177505263158 0.141341491406	19
-72 74 0.2208 0.103906207707	10
-69 74 -0.0189666666667 0.116734156669	3
-67.5 74 -0.1698 NaN	1
-66 74 0.2916 0.0624812771957	3
-64.5 74 0.22635 0.00982878425849	2
-63 74 0.198371428571 0.107354719106	7
-60 74 0.2729 NaN	1
-19.5 74 0.2745 0.0197374432657	4
-16.5 74 0.182718181818 0.135416873529	11
-15 74 0.164791304348 0.127352723899	23
-13.5 74 0.0589166666667 0.165265645755	6
-12 74 0.26048 0.0807266658015	15
60 74 0.17 0.032281418804	3
61.5 74 0.2714 NaN	1
63 74 0.289611111111 0.0570936608663	9
66 74 0.100466666667 0.145001114938	3
76.5 74 0.2449 0.0857641727841	4
118.5 74 0.25746 0.148651263029	5
120 74 0.20865 0.012515790027	2
126 74 0.109933333333 0.0566985302573	3
129 74 0.2403875 0.0949693399772	8
130.5 74 0.173685714286 0.183309769048	7
133.5 74 0.226563636364 0.0502597109567	11
148.5 74 0.281475 0.074194895377	4
150 74 0.2594 NaN	1
151.5 74 0.1967 NaN	1
153 74 0.15322 0.0471043203963	5
157.5 74 0.2841 NaN	1
159 74 0.1658875 0.147209398356	8
160.5 74 0.18082 0.0501444535539	10
162 74 0.258657142857 0.117118171905	7
163.5 74 0.127671428571 0.0882945584259	7
166.5 74 0.167251111111 0.0972575064227	45
168 74 0.223520833333 0.0792256189984	48
169.5 74 0.216129411765 0.078214694928	34
171 74 0.155728571429 0.153129636956	7
172.5 74 0.146231578947 0.10660038072	19
174 74 0.206872413793 0.0810125110396	58
175.5 74 0.189110526316 0.113959705514	38
177 74 0.21775 0.0960903762703	86
178.5 74 0.235237878788 0.123210140398	66
-180 73.5 0.191012727273 0.0797015429344	55
-178.5 73.5 0.229611111111 0.0816790891912	9
-177 73.5 0.175291666667 0.0973154333115	12
-175.5 73.5 0.2200875 0.0687171726822	8
-174 73.5 0.207794444444 0.0941708426976	18
-172.5 73.5 0.257295 0.0782743116764	20
-171 73.5 0.13526744186 0.11428620031	43
-169.5 73.5 0.166166666667 0.0803837589353	60
-168 73.5 0.225406956522 0.101273338416	115
-166.5 73.5 0.171802884615 0.0885237990673	104
-165 73.5 0.225521052632 0.100491221361	114
-163.5 73.5 0.167747058824 0.104072880161	34
-162 73.5 0.179470212766 0.11516838507	47
-160.5 73.5 0.120456097561 0.128308160397	41
-159 73.5 0.103166666667 0.108578174602	9
-157.5 73.5 0.0943782608696 0.140184002318	23
-156 73.5 0.12392 0.1113672169	5
-154.5 73.5 0.1012 0.0872822032261	21
-153 73.5 0.105275 0.177340969	8
-151.5 73.5 0.160804347826 0.137384379416	23
-150 73.5 0.04732 0.151377267118	5
-148.5 73.5 0.240825 0.0653839111199	4
-147 73.5 0.16649 0.138039056067	10
-145.5 73.5 0.0337 0.141580754342	3
-144 73.5 0.230288888889 0.0941158255083	9
-142.5 73.5 0.11155 0.015485638508	2
-141 73.5 0.110380769231 0.0797963508902	26
-139.5 73.5 0.168667857143 0.101325712629	28
-138 73.5 0.198728571429 0.120128732537	7
-136.5 73.5 0.137087096774 0.10894720355	31
-135 73.5 0.155723809524 0.116931868645	21
-133.5 73.5 0.17095 0.141544821659	14
-132 73.5 0.118416666667 0.146289780776	42
-130.5 73.5 0.156193548387 0.143127129819	31
-129 73.5 0.099988 0.0960586336567	25
-127.5 73.5 0.131513636364 0.112535198816	44
-126 73.5 0.119901785714 0.144342821078	56
-76.5 73.5 0.212875 0.117184320624	8
-75 73.5 0.32205 0.0296277741317	2
-73.5 73.5 0.220433333333 0.129810949718	6
-72 73.5 0.161483333333 0.112897248806	12
-70.5 73.5 0.108833333333 0.07874479877	3
-69 73.5 0.08275 0.20598020536	2
-67.5 73.5 0.177666666667 0.127941700265	6
-63 73.5 0.0746333333333 0.148924958732	3
-61.5 73.5 -0.0866333333333 0.0556194510341	3
-19.5 73.5 0.217633333333 0.0875460069525	3
-18 73.5 0.170714285714 0.114009173491	28
-16.5 73.5 0.16776875 0.13494494541	16
-15 73.5 0.3187 NaN	1
-13.5 73.5 0.250172727273 0.156438991884	11
58.5 73.5 0.157633333333 0.0703088964466	30
60 73.5 0.173116666667 0.0463407560002	6
63 73.5 0.216 NaN	1
64.5 73.5 0.128733333333 0.0903507793731	3
73.5 73.5 0.0140473684211 0.0555430200477	19
148.5 73.5 0.2272 NaN	1
154.5 73.5 0.2765 NaN	1
156 73.5 0.1771375 0.064429894071	8
157.5 73.5 0.154470588235 0.0923052596328	17
159 73.5 0.17866 0.0995089593956	5
160.5 73.5 0.2191 0.0758961825543	20
162 73.5 0.187384615385 0.069745774617	13
165 73.5 0.1699375 0.0915972413316	24
166.5 73.5 0.165033333333 0.118642369683	24
168 73.5 0.136917647059 0.111543888421	17
169.5 73.5 0.231123809524 0.0805379594028	21
171 73.5 0.188496551724 0.0869613480755	29
172.5 73.5 0.230774074074 0.0666030872038	27
174 73.5 0.222225581395 0.0709606366168	43
175.5 73.5 0.147180487805 0.0824276659245	41
177 73.5 0.182254545455 0.127812849519	22
178.5 73.5 0.205169047619 0.108274545999	42
-180 73 0.236675925926 0.087183043044	54
-178.5 73 0.209 0.0921708090926	42
-177 73 0.19085 0.0807636926324	22
-175.5 73 0.203 0.138825574013	5
-174 73 0.27983 0.136411078485	10
-172.5 73 0.239533333333 0.0980710848941	27
-171 73 0.198338392857 0.0955893198127	112
-169.5 73 0.163206976744 0.107729695679	43
-168 73 0.188864347826 0.099967167585	115
-166.5 73 0.196313492063 0.0943644766663	126
-165 73 0.165730952381 0.123920079157	84
-163.5 73 0.212444680851 0.110674392797	47
-162 73 0.251528571429 0.109597358139	70
-160.5 73 0.185816901408 0.0922669062881	71
-159 73 0.139423076923 0.138109770073	13
-157.5 73 0.17994375 0.0902114402852	16
-156 73 0.189125 0.0670013585344	12
-154.5 73 0.120185714286 0.101879263816	14
-153 73 0.119116666667 0.0617446812824	6
-151.5 73 0.147961111111 0.136196256055	18
-150 73 0.08762 0.15114985059	10
-148.5 73 0.249666666667 0.143927354361	3
-147 73 0.0875 0.249608693759	2
-145.5 73 0.12467 0.10545324451	10
-144 73 0.1287 0.0350724963469	2
-141 73 0.08505 0.0960474014918	4
-139.5 73 0.110966666667 0.138241033465	3
-138 73 0.115833333333 0.114503182591	18
-136.5 73 0.199389473684 0.100243464152	19
-135 73 0.143695 0.133908643151	20
-133.5 73 0.108055 0.160192809731	20
-132 73 0.140637837838 0.149601591924	37
-130.5 73 0.179979104478 0.141468811786	67
-129 73 0.213131914894 0.141905259434	47
-127.5 73 0.149729323308 0.115120557218	133
-126 73 0.182740983607 0.10526633108	61
-70.5 73 0.2627 NaN	1
-69 73 0.026475 0.0773153876448	4
-67.5 73 0.0351428571429 0.192367754203	7
-61.5 73 0.1833 NaN	1
-19.5 73 0.25561875 0.100813400027	16
-18 73 0.0318 0.173915864716	16
-16.5 73 0.211965217391 0.135880521076	23
-15 73 0.28454375 0.144706106917	32
57 73 0.119042857143 0.0399065391651	14
58.5 73 0.0915418604651 0.102769252008	43
60 73 0.0548 0.0922674102812	5
63 73 0.2508 0.0605283404696	2
64.5 73 0.18813 0.127636280544	10
67.5 73 0.3651 NaN	1
151.5 73 0.253993333333 0.0937050270543	15
156 73 0.2221 NaN	1
157.5 73 0.19184 0.050620004829	10
159 73 0.145719230769 0.092404419891	26
162 73 0.160592857143 0.13609165726	14
163.5 73 0.25578 0.063835233218	5
165 73 0.0626428571429 0.0589599258577	7
166.5 73 0.21823 0.0708317732749	20
168 73 0.15965 0.0789838274585	2
169.5 73 0.32495 0.0440527524679	2
171 73 0.228377272727 0.0798073688674	22
172.5 73 0.226557894737 0.0623012869119	19
174 73 0.211905882353 0.0838558754241	34
175.5 73 0.227387179487 0.0808252023814	78
177 73 0.173021621622 0.083116297824	37
178.5 73 0.220523529412 0.0976568371149	51
-180 72.5 0.235340625 0.119928324991	32
-178.5 72.5 0.278356862745 0.09692212184	51
-177 72.5 0.207409375 0.0942739055312	32
-175.5 72.5 0.282734285714 0.0767765832464	70
-174 72.5 0.224033333333 0.0997401801152	18
-172.5 72.5 0.185307142857 0.0677150515699	70
-171 72.5 0.233302564103 0.0818831016206	78
-169.5 72.5 0.18380462963 0.0837266038005	108
-168 72.5 0.206608928571 0.0857420093759	112
-166.5 72.5 0.254626271186 0.0776484268534	118
-165 72.5 0.174996551724 0.0718038572519	29
-163.5 72.5 0.153273846154 0.0778295197791	65
-162 72.5 0.172026315789 0.0622443914663	19
-160.5 72.5 0.259532727273 0.100968080865	55
-159 72.5 0.13130212766 0.131884007814	47
-157.5 72.5 0.17598 0.15409298167	5
-156 72.5 0.20755 0.0279307178569	2
-154.5 72.5 0.222566666667 0.0644702515377	3
-153 72.5 0.18004 0.129643135458	15
-151.5 72.5 0.150525 0.0908639288796	8
-147 72.5 0.133333333333 0.0434110968916	3
-145.5 72.5 0.186133333333 0.207706459537	3
-144 72.5 0.105716666667 0.121970773822	6
-142.5 72.5 -0.0821 NaN	1
-141 72.5 0.0513 0.107723024466	3
-139.5 72.5 0.2406 NaN	1
-138 72.5 0.0152125 0.13509939661	8
-136.5 72.5 0.0751266666667 0.173379943916	15
-135 72.5 0.0794083333333 0.144923427808	24
-132 72.5 0.170116666667 0.0466273489131	6
-130.5 72.5 0.232364285714 0.122239378952	42
-129 72.5 0.166034920635 0.132444465731	63
-127.5 72.5 0.144913793103 0.104770686017	58
-126 72.5 0.237333333333 0.0523534507891	15
-73.5 72.5 0.337633333333 0.0411105521734	9
-72 72.5 0.262466666667 0.0632073307985	6
-70.5 72.5 0.04695 0.040517218562	2
-67.5 72.5 0.0421 NaN	1
-66 72.5 -0.05195 0.0139300035894	2
-63 72.5 0.127 NaN	1
-60 72.5 0.1873 0.00311126983722	2
-58.5 72.5 0.04965 0.023829498526	2
-57 72.5 0.09709 0.102405234784	10
-21 72.5 0.4016 NaN	1
-19.5 72.5 0.231453658537 0.157861084656	41
-18 72.5 0.282826 0.133365334984	50
-16.5 72.5 0.251142222222 0.111045431916	45
-15 72.5 0.42366 0.038422818741	5
57 72.5 0.102282051282 0.101728640256	39
58.5 72.5 0.18174 0.130114288224	5
60 72.5 0.16615 0.115107518908	12
61.5 72.5 0.179233333333 0.145467877325	3
63 72.5 0.194233333333 0.0725954773614	3
64.5 72.5 0.25915 0.169210652738	2
66 72.5 -0.01275 0.150136176282	8
156 72.5 0.181966666667 0.0602981204793	3
157.5 72.5 -0.00756666666667 0.0694040584788	3
159 72.5 0.1638 0.0843474955171	4
160.5 72.5 0.14788 0.141559517518	5
163.5 72.5 0.199131578947 0.0925724644243	19
165 72.5 0.2167 0.0618218408008	4
166.5 72.5 0.193583333333 0.0969943844048	12
168 72.5 0.229646666667 0.0888511103449	15
171 72.5 0.163238 0.105262214648	50
172.5 72.5 0.197059259259 0.108793520944	27
174 72.5 0.218464516129 0.107628910454	31
175.5 72.5 0.197430612245 0.0788963962107	49
177 72.5 0.196119444444 0.0730408489211	36
178.5 72.5 0.182989230769 0.084459189707	65
-180 72 0.129983333333 0.142483726875	12
-178.5 72 0.210914285714 0.160125824839	14
-177 72 0.15925 0.161547146541	10
-175.5 72 0.192392105263 0.109486692716	38
-174 72 0.220589041096 0.0554736938699	73
-172.5 72 0.211037179487 0.094844201856	78
-171 72 0.217501515152 0.097658219234	132
-169.5 72 0.214741525424 0.080406483693	118
-168 72 0.200253797468 0.0889330812874	158
-166.5 72 0.193573728814 0.0868508677881	118
-165 72 0.1503125 0.0944766426723	48
-163.5 72 0.186436538462 0.087234376721	52
-162 72 0.23688875 0.111820196987	80
-160.5 72 0.222205555556 0.0866196586315	18
-159 72 0.2583 0.130136807939	42
-157.5 72 0.2332 0.100905748102	9
-156 72 0.2776 0.0880543392836	4
-151.5 72 0.1255 0.0392447873396	7
-150 72 0.223575 0.119636088081	8
-148.5 72 -0.0391 0.0912804469752	3
-147 72 0.109836363636 0.0953972774531	11
-145.5 72 0.1002 0.12796527654	11
-144 72 0.0739 0.118829836321	3
-142.5 72 0.176015 0.164364502747	20
-141 72 0.07025 0.122397619555	12
-139.5 72 0.0818333333333 0.113069292914	9
-136.5 72 0.130535714286 0.0935711050661	14
-135 72 0.113208 0.171130578604	25
-132 72 0.221015 0.109830459178	20
-130.5 72 0.177453846154 0.149677773987	13
-129 72 0.1853625 0.156541682947	16
-127.5 72 0.23383902439 0.114657712078	41
-91.5 72 0.22035 0.106433093224	4
-72 72 0.1922 0.0625874588077	3
-70.5 72 0.18445 0.202799843853	4
-69 72 0.4734 NaN	1
-67.5 72 0.1572 0.173562928069	3
-66 72 0.2173 NaN	1
-63 72 0.1601 0.196312811604	5
-58.5 72 0.2537 0.0322274727523	3
-57 72 0.1392 0.148492424049	2
-21 72 0.21715 0.141774909628	2
-19.5 72 0.218096551724 0.131535971405	29
-18 72 0.196512 0.128894958267	25
-16.5 72 0.254771428571 0.0797612195422	21
58.5 72 0.124518181818 0.0521181507381	11
61.5 72 0.18076875 0.112346545526	16
64.5 72 0.19555 0.116471823928	14
66 72 0.3439 0.00919238815543	2
154.5 72 0.0164 NaN	1
157.5 72 0.1925 0.039315137034	2
160.5 72 0.19245625 0.0975520850196	16
162 72 0.206725 0.0319256819295	4
163.5 72 0.2907 NaN	1
165 72 0.148725 0.0456452534955	4
166.5 72 0.18555 0.0839557423091	16
168 72 0.1011 0.0810085180706	4
169.5 72 0.21545 0.0594676802978	2
171 72 0.198409375 0.133085925092	32
172.5 72 0.228224193548 0.0997911420319	62
174 72 0.196292045455 0.0884991203562	88
175.5 72 0.161266666667 0.108536871615	9
177 72 0.188448837209 0.102529211568	43
178.5 72 0.19615 0.080045437989	22
-177 71.5 0.14694 0.209020030141	5
-175.5 71.5 0.197133333333 0.0572521324203	6
-174 71.5 0.274986885246 0.0778420312244	61
-172.5 71.5 0.2508109375 0.0797637386627	64
-171 71.5 0.187494520548 0.111455345929	73
-169.5 71.5 0.27021875 0.0728067149245	64
-168 71.5 0.232186075949 0.0773910909439	79
-166.5 71.5 0.195331690141 0.0788277396271	142
-165 71.5 0.207451219512 0.0982728366874	82
-163.5 71.5 0.222885245902 0.103884411465	61
-162 71.5 0.247595302013 0.104127413723	149
-160.5 71.5 0.154439189189 0.119367206916	74
-159 71.5 0.381935714286 0.16016989178	28
-157.5 71.5 0.192395238095 0.100140264011	21
-153 71.5 0.11755 0.172547471729	4
-150 71.5 0.300233333333 0.0377439178323	3
-147 71.5 -0.1563 NaN	1
-145.5 71.5 0.1843875 0.105295868073	16
-144 71.5 0.190828571429 0.161823666525	7
-142.5 71.5 0.12007 0.183374474475	10
-141 71.5 0.207111111111 0.114785696457	9
-139.5 71.5 0.18535 0.0934790350827	4
-138 71.5 -0.0509666666667 0.0901448464047	3
-136.5 71.5 0.10185 0.0287792459943	2
-135 71.5 0.243114285714 0.132998902609	7
-133.5 71.5 0.121745454545 0.101620698713	22
-132 71.5 0.18201875 0.118094607378	16
-130.5 71.5 0.1486 0.168101189764	5
-129 71.5 0.0993875 0.155095311134	8
-127.5 71.5 0.1519 0.111659111627	44
-91.5 71.5 0.22633125 0.180267248712	16
-69 71.5 0.2357 0.0632965046428	9
-67.5 71.5 0.140925 0.109249084664	4
-64.5 71.5 0.20715 0.0608818938602	2
-63 71.5 0.0948 NaN	1
-57 71.5 0.21985 0.0775353575259	10
-21 71.5 0.0931 NaN	1
-19.5 71.5 0.1349 NaN	1
-18 71.5 0.191472222222 0.132692035337	18
-16.5 71.5 0.2994 NaN	1
57 71.5 0.02115 0.0952472834258	2
60 71.5 0.14612 0.145635777045	10
61.5 71.5 0.23132 0.100868587776	5
63 71.5 0.19865 0.125370032304	2
162 71.5 0.158507692308 0.0956063584142	13
163.5 71.5 0.09755 0.00374766594029	2
165 71.5 0.08775 0.296348451995	2
166.5 71.5 0.117118181818 0.109981342219	11
168 71.5 0.181457142857 0.0782743863626	14
169.5 71.5 0.08599 0.169056456382	10
171 71.5 0.0875 0.11519374983	8
172.5 71.5 0.204882142857 0.11395087978	28
174 71.5 0.168723255814 0.110031309045	43
175.5 71.5 0.200756756757 0.081953301542	37
177 71.5 0.199096428571 0.114937382251	28
178.5 71.5 0.2617 0.11658520237	18
-177 71 0.2423 NaN	1
-175.5 71 0.194051515152 0.120333079724	33
-174 71 0.218503508772 0.106629607529	57
-172.5 71 0.190248333333 0.11045971655	60
-171 71 0.183994594595 0.10339828052	37
-169.5 71 0.276286170213 0.0859323071934	94
-168 71 0.272151282051 0.0761250675364	78
-166.5 71 0.236045283019 0.08575110577	53
-165 71 0.207576744186 0.130131881525	43
-163.5 71 0.155836363636 0.163763354635	44
-162 71 0.261489473684 0.107083533825	19
-160.5 71 0.1601 0.0678822509939	2
-151.5 71 0.03965 0.116483597864	8
-150 71 0.2258 NaN	1
-142.5 71 -0.0474 NaN	1
-136.5 71 0.07405 0.140599585111	4
-135 71 0.171688888889 0.0623505903028	9
-133.5 71 0.03226 0.165772443428	5
-132 71 0.111725 0.170183574903	4
-130.5 71 0.129385714286 0.158931583064	7
-129 71 0.0417 NaN	1
-127.5 71 0.1938875 0.0812694185586	8
-126 71 0.118364705882 0.121525897143	17
-91.5 71 0.2901 NaN	1
-67.5 71 0.12957 0.208210662818	10
-66 71 0.19165 0.0886284566792	4
-64.5 71 0.137033333333 0.122630597052	3
-61.5 71 -0.1782 NaN	1
-58.5 71 0.19415 0.0740598020907	8
-57 71 0.2568 NaN	1
-55.5 71 0.2181 0.0461033621334	2
-19.5 71 0.202007692308 0.176847544802	13
-18 71 0.259807142857 0.106482048317	28
61.5 71 0.19556 0.0702529216474	5
63 71 0.20665625 0.0851113151017	16
64.5 71 0.144075 0.0828993516259	4
66 71 0.2728 0.123707746995	4
165 71 0.1694 NaN	1
168 71 0.31015 0.0550836182544	2
169.5 71 0.202783333333 0.135500751535	6
171 71 0.2092625 0.116762444274	8
172.5 71 0.147428571429 0.110668044367	14
174 71 0.197421428571 0.115647837042	42
175.5 71 0.230040625 0.0918035977205	32
177 71 0.040125 0.173911210584	4
-180 70.5 0.17276 0.0942264718643	5
-177 70.5 0.180820689655 0.134865489548	29
-175.5 70.5 0.20405 0.0939693342879	90
-174 70.5 0.183554285714 0.0837805945601	70
-172.5 70.5 0.161969387755 0.124618414577	49
-171 70.5 0.198587272727 0.0983774214809	55
-169.5 70.5 0.248532258065 0.0936716263945	31
-168 70.5 0.229754166667 0.0983268517217	48
-166.5 70.5 0.198631818182 0.0988968002697	44
-165 70.5 0.20278 0.139244853554	30
-163.5 70.5 0.0513666666667 0.13525743356	3
-162 70.5 0.184325 0.0559857571173	8
-144 70.5 0.1795 0.211798725209	4
-142.5 70.5 0.1362 0.0367695526217	2
-139.5 70.5 0.0802 NaN	1
-136.5 70.5 0.232416666667 0.122261595224	6
-133.5 70.5 0.251264285714 0.132394838426	14
-132 70.5 0.229142857143 0.157547398763	7
-130.5 70.5 0.20488 0.100106728046	5
-127.5 70.5 0.18435 0.0498510280737	2
-126 70.5 0.0592 0.0392279237279	3
-123 70.5 0.2652 NaN	1
-120 70.5 0.1599 0.119218203308	2
-67.5 70.5 0.3036 0.0181019335984	2
-66 70.5 0.16535 0.0511238202798	2
-64.5 70.5 0.0793333333333 0.203701260019	3
-63 70.5 0.264633333333 0.0742637417138	3
-60 70.5 0.213766666667 0.160212494311	3
-58.5 70.5 0.19192 0.0796082407795	5
-57 70.5 0.169889655172 0.0741515790451	29
-19.5 70.5 0.135868421053 0.149220452324	19
-18 70.5 0.129523529412 0.140274403088	17
52.5 70.5 0.1847 0.186342149463	7
61.5 70.5 0.05675 0.0654666072641	4
63 70.5 0.1894 0.157111107182	6
64.5 70.5 0.214175 0.155876711431	4
162 70.5 0.169333333333 0.109268949539	3
168 70.5 0.138585714286 0.0529421202375	7
169.5 70.5 0.133416666667 0.0919856383718	6
171 70.5 0.219042857143 0.0966625031944	7
172.5 70.5 0.1876 0.00692964645563	2
174 70.5 0.228917647059 0.0776423469771	17
175.5 70.5 0.158788888889 0.125446585253	18
177 70.5 0.2108 0.164411959723	17
178.5 70.5 0.0422 NaN	1
-180 70 0.1649 0.147355982961	8
-177 70 0.206449122807 0.0896085116114	114
-175.5 70 0.284006451613 0.0772488702635	31
-174 70 0.194103125 0.105358450267	96
-172.5 70 0.224496666667 0.0790454059095	30
-171 70 0.1475546875 0.134862504855	64
-169.5 70 0.0904 0.107974782631	20
-168 70 0.252148333333 0.073731607857	60
-166.5 70 0.16026557377 0.0938439127581	61
-165 70 0.147963333333 0.121246291044	30
-163.5 70 -0.01755 0.0252437120884	2
-138 70 0.03005 0.264811489554	2
-135 70 0.21071875 0.14411942834	16
-120 70 0.1677 NaN	1
-90 70 0.151692857143 0.139949669328	14
-88.5 70 0.291772727273 0.0657105941369	11
-66 70 0.199928571429 0.140459872256	7
-64.5 70 0.229033333333 0.0629262820266	12
-63 70 0.1191 0.0972061383521	4
-60 70 0.0723666666667 0.135010271214	3
-58.5 70 0.1387625 0.0673886793693	8
-57 70 0.048025 0.0538670817847	4
-19.5 70 0.113763636364 0.0557039724387	11
52.5 70 0.0685333333333 0.103624916566	3
55.5 70 0.0811363636364 0.117850466887	11
57 70 0.2704 NaN	1
64.5 70 0.19804 0.134837060929	5
66 70 0.2209 0.105744676777	13
175.5 70 0.1994 0.00692964645563	2
177 70 0.126583333333 0.0727933902677	6
178.5 70 0.16845 0.116939706687	6
-178.5 69.5 0.2881 NaN	1
-177 69.5 0.119190909091 0.147611296685	11
-175.5 69.5 0.198058252427 0.0834011385217	103
-174 69.5 0.166593203883 0.118050190607	103
-172.5 69.5 0.192091891892 0.099632265991	74
-171 69.5 0.164173913043 0.11609677847	46
-169.5 69.5 0.239942028986 0.105817382101	69
-168 69.5 0.194857692308 0.0972909622651	26
-166.5 69.5 0.196823333333 0.126950573285	30
-165 69.5 0.12389 0.113745260909	30
-163.5 69.5 0.11725 0.0480125504426	2
-88.5 69.5 0.267088888889 0.0798551155981	27
-87 69.5 0.16274 0.123054345718	45
-66 69.5 0.116691666667 0.116425539672	12
-64.5 69.5 0.173357142857 0.086460547017	7
-60 69.5 0.298 0.0462447834896	2
-58.5 69.5 0.174681818182 0.0526026200523	11
-57 69.5 0.0788266666667 0.109991106567	15
-55.5 69.5 0.1854 NaN	1
-19.5 69.5 0.1736 0.0431335136524	2
55.5 69.5 0.129433333333 0.133507284445	9
178.5 69.5 0.0782833333333 0.151738701941	6
-177 69 0.236166666667 0.162803693652	6
-175.5 69 0.170374 0.0733850282512	50
-174 69 0.226762686567 0.0834329976794	67
-172.5 69 0.187782926829 0.124509449098	82
-171 69 0.165823333333 0.135051769597	30
-169.5 69 0.19877254902 0.0937659875813	102
-168 69 0.265241666667 0.0574953983666	12
-166.5 69 0.33878 0.0373877921252	5
-165 69 0.0289666666667 0.0380406799799	3
-87 69 0.238852631579 0.103586691383	19
-66 69 0.194483333333 0.0944177402116	6
-64.5 69 0.144766666667 0.0501598777245	3
-63 69 0.0656 NaN	1
-61.5 69 0.0828 0.183847763109	2
-60 69 0.0043 NaN	1
-57 69 0.143163157895 0.0903276148899	19
-55.5 69 0.2534 NaN	1
-24 69 0.1247 NaN	1
-175.5 68.5 0.219980645161 0.0666778394939	31
-174 68.5 0.212368148148 0.0935741247018	135
-172.5 68.5 0.205453608247 0.0817949953413	97
-171 68.5 0.208014012739 0.0985555917956	157
-169.5 68.5 0.194938333333 0.10035761495	60
-168 68.5 0.0948923076923 0.121516764698	13
-166.5 68.5 0.161578571429 0.0558667945766	14
-78 68.5 0.2393 0.0241830519166	2
-64.5 68.5 0.163718181818 0.176431453081	11
-63 68.5 0.0635166666667 0.165625063522	6
-61.5 68.5 0.2198 0.0383097898715	3
-57 68.5 0.186254545455 0.0825207048399	11
-55.5 68.5 0.135721428571 0.130298882329	14
-54 68.5 0.206 NaN	1
-25.5 68.5 0.03425 0.326046936805	2
-24 68.5 0.245075 0.0925175073522	4
-174 68 0.173422058824 0.0981199552871	68
-172.5 68 0.238324590164 0.107278966027	61
-171 68 0.207515757576 0.0951609630916	165
-169.5 68 0.217371428571 0.131210298113	77
-168 68 0.226785714286 0.150514046173	7
-166.5 68 0.44795 0.0505581348548	2
-81 68 0.2985 0.118011694336	3
-63 68 0.129325 0.11043675307	8
-61.5 68 0.163085714286 0.143694414512	7
-60 68 0.1818 NaN	1
-57 68 0.162870588235 0.105508967419	17
-55.5 68 0.181557142857 0.0658970878755	7
-28.5 68 0.242737837838 0.116896778663	37
-27 68 0.12025 0.110379368543	2
-174 67.5 0.208370833333 0.102370497105	24
-172.5 67.5 0.115163636364 0.118156677955	11
-171 67.5 0.178425925926 0.0728017676909	27
-169.5 67.5 0.194507563025 0.105267844946	119
-168 67.5 0.175384705882 0.10588446928	85
-166.5 67.5 0.182357142857 0.0857392417241	21
-79.5 67.5 0.1426 0.123728331436	9
-63 67.5 0.2993 0.00155563491861	2
-60 67.5 0.30494 0.118909978555	5
-57 67.5 0.0609875 0.0802247278854	8
-31.5 67.5 0.230066666667 0.00220075744537	3
-30 67.5 0.244644444444 0.135333254129	18
-28.5 67.5 0.291675 0.0911534616536	8
-171 67 0.165357352941 0.107369871696	68
-169.5 67 0.206182539683 0.114909787252	63
-168 67 0.183544736842 0.0995809545308	76
-166.5 67 0.11456 0.124163211138	5
-79.5 67 0.195537037037 0.14674934713	27
-78 67 0.20168 0.104821548357	5
-75 67 0.3977 NaN	1
-61.5 67 0.18745 0.13343104961	2
-60 67 0.217875 0.0602060005315	4
-58.5 67 0.2157375 0.0903794510199	16
-28.5 67 0.210426315789 0.0777073201336	19
-169.5 66.5 0.3029375 0.0775474773929	8
-168 66.5 0.134076923077 0.110539888312	52
-166.5 66.5 0.112490322581 0.110499231837	31
-82.5 66.5 0.263516666667 0.0605899139021	6
-79.5 66.5 0.0862 NaN	1
-75 66.5 0.2818 NaN	1
-58.5 66.5 0.20875 0.0333047293939	2
-57 66.5 0.190444444444 0.0329759424092	9
-31.5 66.5 0.242816666667 0.0312358394583	6
-169.5 66 0.14495 0.109813683118	2
-168 66 0.132988888889 0.0808448892084	9
-81 66 0.3173 0.112214363311	7
-79.5 66 0.3958 NaN	1
-78 66 0.2268 0.0789131167804	2
-61.5 66 0.21594 0.0367149560806	5
-60 66 0.21826875 0.157031205896	16
-58.5 66 0.1871 NaN	1
-57 66 0.19965 0.090904031028	8
-171 65.5 0.149066666667 0.0550686359616	6
-169.5 65.5 0.179403448276 0.13277655904	29
-81 65.5 0.2632 0.0232096962496	3
-79.5 65.5 0.3366 0.0594006313098	5
-60 65.5 0.1216 0.115518079393	7
-57 65.5 0.211407142857 0.0588703459932	14
22.5 65.5 -0.1561 NaN	1
24 65.5 0.00345 0.00700035713375	2
37.5 65.5 0.20615 0.174443242919	2
39 65.5 0.242457142857 0.110252647091	7
-178.5 65 0.101635714286 0.135467677707	14
-177 65 0.11715 0.129686817629	16
-171 65 0.0817378378378 0.0998088070912	37
-169.5 65 0.229644 0.0799179427079	25
-168 65 0.2743 0.105778195611	10
-82.5 65 0.305508333333 0.0805024952559	12
-61.5 65 0.175033333333 0.0965127154443	12
-60 65 0.167 0.139489258846	7
-58.5 65 0.2865 NaN	1
-57 65 0.0701454545455 0.112289824683	11
-55.5 65 0.3446 NaN	1
-180 64.5 0.178458333333 0.167604678055	12
-178.5 64.5 0.145836363636 0.13114206962	22
-177 64.5 0.143018181818 0.0460056478746	11
-171 64.5 0.1858 0.146954981769	10
-169.5 64.5 0.186225581395 0.111172268924	43
-168 64.5 0.197054545455 0.0767341681184	33
-166.5 64.5 0.182776923077 0.134803623553	13
-81 64.5 0.261 NaN	1
-79.5 64.5 0.32395 0.0778524566086	2
-63 64.5 0.211754545455 0.153979066998	22
-61.5 64.5 0.229083333333 0.103659064566	6
-60 64.5 0.0938428571429 0.169428793865	7
-58.5 64.5 0.011 0.135340237919	2
-57 64.5 0.133310344828 0.09649852088	29
-178.5 64 0.18345 0.004171930009	2
-177 64 0.1701 0.10332637611	5
-175.5 64 0.091975 0.115038207421	4
-169.5 64 0.19345 0.12232669328	46
-168 64 0.0562588235294 0.0737548986409	17
-166.5 64 0.1638 0.178332330215	2
-165 64 0.1506 0.101890944717	14
-79.5 64 0.2949 NaN	1
-75 64 0.0808 0.00537401153702	2
-63 64 0.3023 NaN	1
-61.5 64 0.3837 0.0516187950266	2
-60 64 0.218833333333 0.131472242951	6
-58.5 64 0.1967 0.0732562625309	2
-57 64 0.3251 NaN	1
-178.5 63.5 0.171619047619 0.139650462294	21
-177 63.5 0.15188 0.137723534663	5
-175.5 63.5 -0.0175 NaN	1
-174 63.5 0.0614029411765 0.111541266953	34
-172.5 63.5 0.101227777778 0.0684977313956	36
-165 63.5 -0.0167 0.13510373792	4
-75 63.5 -0.0580333333333 0.120768351263	6
-63 63.5 0.1771 0.0230516810667	2
-60 63.5 0.275816666667 0.0762193260707	6
-58.5 63.5 0.217833333333 0.0429764431598	6
-178.5 63 0.2538 NaN	1
-175.5 63 0.11796 0.118993184679	5
-174 63 0.108579518072 0.0823625547748	83
-172.5 63 0.112066666667 0.0648301260071	15
-81 63 0.1769625 0.144020642742	8
-79.5 63 0.3544 0.0627126249916	4
-76.5 63 0.2955 0.0247487373415	2
-75 63 0.228675 0.0739342017216	20
-72 63 0.0533 0.153623891371	6
-63 63 0.199133333333 0.186073435324	3
-60 63 0.20855 0.33113810563	2
-178.5 62.5 0.190044444444 0.0616844613965	9
-177 62.5 0.165466666667 0.115223481403	6
-172.5 62.5 0.0929545454545 0.130473180107	11
-171 62.5 0.08516 0.23255043109	5
-168 62.5 0.1844 NaN	1
-166.5 62.5 0.1228 0.0364016483143	3
-81 62.5 0.2942 0.0297832167504	5
-63 62.5 0.124077777778 0.202266444188	9
-61.5 62.5 0.0052 NaN	1
-180 62 0.27435 0.168503545957	2
-178.5 62 0.275766666667 0.0565844737244	6
-174 62 0.152666666667 0.0768113446482	6
-172.5 62 0.17775 0.0622634456697	4
-171 62 0.244966666667 0.0306522973582	3
-169.5 62 0.0835 0.0709935208311	2
-91.5 62 0.2129 NaN	1
-82.5 62 0.2946 0.0100409162929	2
-70.5 62 0.108281081081 0.14112644023	37
-63 62 0.2639 0.0483661038332	2
-177 61.5 -0.03515 0.147007499809	2
-174 61.5 0.2437 0.243668996797	2
-172.5 61.5 0.08746 0.12423861316	5
-93 61.5 0.179733333333 0.0158275287606	6
-84 61.5 0.258531818182 0.0645500498791	22
-66 61.5 0.275733333333 0.0468030269676	3
-63 61.5 0.275066666667 0.116127917976	3
-61.5 61.5 0.002525 0.0916107117099	4
-174 61 0.1392 0.179746543778	2
-172.5 61 -0.0166 NaN	1
-93 61 0.16603 0.10172034703	10
-90 61 0.3274 0.0680236723501	2
-79.5 61 0.262 NaN	1
-66 61 0.177233333333 0.0778077331204	3
-64.5 61 0.16775 0.0690654978987	6
-63 61 0.105583333333 0.117188078176	6
-61.5 61 0.12574 0.0790402618923	5
157.5 61 0.113633333333 0.0313544786806	3
-178.5 60.5 -0.1723 NaN	1
-177 60.5 0.16214 0.14603760817	5
-175.5 60.5 0.1608 0.167460681953	3
-93 60.5 0.172214285714 0.0487742564806	7
-91.5 60.5 0.159359375 0.0618298542536	32
-90 60.5 0.2829 0.106560593091	3
-85.5 60.5 0.2357 NaN	1
-82.5 60.5 0.283 NaN	1
-79.5 60.5 0.28747 0.0729633705666	10
-63 60.5 -0.0487 NaN	1
-61.5 60.5 0.0403 0.114209665494	14
156 60.5 0.178233333333 0.0915200706585	3
-169.5 60 0.2731 NaN	1
-168 60 0.1164 0.000282842712468	2
-93 60 0.164683333333 0.0533108400484	6
-91.5 60 0.244875 0.042742435978	4
-90 60 0.3425 NaN	1
-88.5 60 0.2608 NaN	1
-85.5 60 0.16424 0.0872650158998	5
-84 60 0.3045 NaN	1
-82.5 60 0.2023 NaN	1
-79.5 60 0.15548 0.100716785261	25
-78 60 0.154188888889 0.0960984904631	18
156 60 0.2199 0.0103237590053	2
160.5 60 0.0514285714286 0.0595164156873	14
