lon, lat, freeboard (m), standard deviation, count
-180 81.5 0.18789 0.169014704748	20
-178.5 81.5 0.27825 0.0799431991982	52
-177 81.5 0.296006896552 0.0628094563572	29
-175.5 81.5 0.3209875 0.073271577758	8
-174 81.5 0.323827083333 0.0956847477554	48
-172.5 81.5 0.268604347826 0.10906307382	23
-171 81.5 0.242865384615 0.105955917368	52
-169.5 81.5 0.2830875 0.128134167965	32
-168 81.5 0.256012328767 0.0995008206906	73
-166.5 81.5 0.270421428571 0.116098155942	14
-165 81.5 0.248846153846 0.137327883885	13
-163.5 81.5 0.278393333333 0.106390881786	45
-162 81.5 0.266536956522 0.0847049424209	46
-160.5 81.5 0.215155263158 0.116084684134	38
-159 81.5 0.248341935484 0.0977436168522	93
-157.5 81.5 0.2654224 0.0905816730591	125
-156 81.5 0.244750505051 0.10752150556	99
-154.5 81.5 0.235482539683 0.0736708077601	63
-153 81.5 0.249728571429 0.0754475205136	14
-151.5 81.5 0.24213 0.11315691669	40
-150 81.5 0.275316666667 0.0620196302813	30
-148.5 81.5 0.294169565217 0.0708563519291	46
-147 81.5 0.210647826087 0.0946342666632	23
-145.5 81.5 0.274086956522 0.101659768141	23
-144 81.5 0.2881625 0.0781297371897	16
-142.5 81.5 0.348164285714 0.0552666488266	14
-141 81.5 0.1458 0.0963583243247	7
-139.5 81.5 0.291875 0.0505900540762	8
-138 81.5 0.2491 NaN	1
-136.5 81.5 0.23624 0.064981443505	5
-135 81.5 0.3515 0.0285671139599	2
-133.5 81.5 0.266963636364 0.0737182104059	11
-132 81.5 0.30175 0.121268812973	2
-130.5 81.5 0.25355 0.0927541863794	12
-129 81.5 0.27856 0.0991455142707	5
-127.5 81.5 0.304784375 0.0668015602936	32
-126 81.5 0.3741 NaN	1
-124.5 81.5 0.394266666667 0.110891726472	9
-123 81.5 0.184825 0.145539625188	4
-121.5 81.5 0.288222222222 0.125816481212	9
-120 81.5 0.1411 0.111134130671	5
-118.5 81.5 0.354669230769 0.115383334907	13
-117 81.5 0.295646666667 0.0690369245577	15
-115.5 81.5 0.4166 NaN	1
-114 81.5 0.231533333333 0.0980184846513	3
-112.5 81.5 0.220220833333 0.121309141486	24
-111 81.5 0.177971428571 0.0820106642311	7
-109.5 81.5 0.227538095238 0.122001924068	21
-108 81.5 0.166014285714 0.13379121083	7
-106.5 81.5 0.294952380952 0.131791794063	84
-105 81.5 0.267213333333 0.133627714277	30
-103.5 81.5 0.166688888889 0.0723573328082	9
-102 81.5 0.307243333333 0.143391270074	30
-100.5 81.5 0.370310344828 0.176404270569	29
-99 81.5 0.485718518519 0.142255636323	54
-97.5 81.5 0.428591489362 0.174982842426	47
-96 81.5 0.42965 0.122363438167	6
-10.5 81.5 -0.1545 NaN	1
-9 81.5 0.5225 NaN	1
-4.5 81.5 0.308826666667 0.173292038671	15
-3 81.5 0.20179375 0.0709499304087	16
-1.5 81.5 0.127083333333 0.143125531149	6
0 81.5 0.2089625 0.160759003377	16
1.5 81.5 0.32452 0.0963429654931	5
3 81.5 0.2626 0.152059878557	4
4.5 81.5 0.292866666667 0.156970358136	3
6 81.5 0.307645 0.100605270737	20
7.5 81.5 0.3716 0.0518142837449	4
9 81.5 0.279284 0.14633154046	25
10.5 81.5 0.189361538462 0.0936427211841	13
12 81.5 0.046 NaN	1
16.5 81.5 0.267546666667 0.184361007911	15
18 81.5 0.0114384615385 0.0829415209496	13
19.5 81.5 0.0864 0.0860341211381	3
21 81.5 0.3516 0.0863116942913	8
22.5 81.5 0.295954054054 0.122670037532	37
24 81.5 0.29302238806 0.15766514557	67
25.5 81.5 0.275417567568 0.140224838269	148
27 81.5 0.250744927536 0.135289913689	69
28.5 81.5 0.233857142857 0.152070153454	21
30 81.5 0.322939130435 0.217771301513	23
31.5 81.5 0.152184210526 0.176610668053	19
33 81.5 0.321622222222 0.133782626831	18
34.5 81.5 0.215614285714 0.123029020073	14
36 81.5 0.0989071428571 0.140402747422	14
37.5 81.5 0.204541071429 0.117985239103	56
39 81.5 0.211590740741 0.113614725109	54
40.5 81.5 0.143060869565 0.119799095987	23
42 81.5 0.193275 0.137295903658	32
43.5 81.5 0.160595833333 0.115636256836	24
45 81.5 -0.1745 NaN	1
46.5 81.5 -0.1037 NaN	1
48 81.5 -0.052 NaN	1
52.5 81.5 0.20262 0.0388810622283	5
66 81.5 0.13938 0.0771338576761	5
70.5 81.5 0.0903 NaN	1
72 81.5 0.18475 0.0395272690683	2
73.5 81.5 0.268233333333 0.061767229715	6
75 81.5 0.169283333333 0.0808698563537	6
76.5 81.5 0.1316 NaN	1
79.5 81.5 0.0370666666667 0.0905444826223	3
81 81.5 0.0912 0.200835492381	5
82.5 81.5 0.0961625 0.170576778104	24
84 81.5 0.155405 0.14004778651	80
85.5 81.5 0.236676190476 0.128814098238	21
87 81.5 0.276375 0.085400092701	4
97.5 81.5 0.346675 0.0446107143334	4
99 81.5 0.308135294118 0.065934152201	17
100.5 81.5 0.220282432432 0.0724942460789	74
102 81.5 0.190161666667 0.0897224875761	60
103.5 81.5 0.246669767442 0.106212250515	43
105 81.5 0.268851830986 0.0851316930354	355
106.5 81.5 0.248588888889 0.0885887381395	414
108 81.5 0.244662195122 0.0936159261531	164
109.5 81.5 0.312977380952 0.0798738528793	84
111 81.5 0.267373913043 0.109593400472	69
112.5 81.5 0.341833333333 0.100606200107	9
115.5 81.5 0.365666666667 0.0473161001492	3
117 81.5 0.185128571429 0.17073354205	7
118.5 81.5 0.302457894737 0.103605353335	19
120 81.5 0.3234 0.126353138289	10
121.5 81.5 0.280439285714 0.112916889592	28
123 81.5 0.30843 0.0898461407073	10
124.5 81.5 0.259325 0.167824856621	4
126 81.5 0.336209090909 0.0502723431406	22
127.5 81.5 0.3407875 0.0597355705828	8
129 81.5 0.3506 0.0712735905219	18
130.5 81.5 0.3289 0.103064963332	16
132 81.5 0.0459 NaN	1
133.5 81.5 0.358334482759 0.0931304970606	29
135 81.5 0.331971428571 0.141707230047	7
136.5 81.5 0.33635 0.00388908729652	2
138 81.5 0.260292105263 0.131834526466	38
139.5 81.5 0.276335294118 0.142645517548	17
141 81.5 0.236765714286 0.152435444278	35
142.5 81.5 0.075675 0.0641696904049	4
144 81.5 0.29064 0.0248860000804	5
145.5 81.5 0.187111111111 0.208991545549	9
147 81.5 0.244352941176 0.0846384008418	17
148.5 81.5 0.267321428571 0.119433967457	14
150 81.5 0.361216326531 0.100714582995	49
151.5 81.5 0.306376923077 0.0785700765118	13
153 81.5 0.245846666667 0.139105806938	15
154.5 81.5 0.294959090909 0.0847434540756	22
156 81.5 0.15422 0.159666289492	10
157.5 81.5 0.3525 0.0490352594229	7
159 81.5 0.315895652174 0.0850526333207	23
160.5 81.5 0.311 0.14844166531	6
163.5 81.5 0.350825 0.128261539442	4
165 81.5 0.261683333333 0.168314722073	6
166.5 81.5 0.267684210526 0.103080514718	19
168 81.5 0.08625 0.0896973243748	4
169.5 81.5 0.206258333333 0.0916367379517	12
172.5 81.5 0.317126666667 0.0598583860537	15
174 81.5 0.350444736842 0.0997538042284	38
175.5 81.5 0.273583333333 0.0980855224071	18
177 81.5 0.264613636364 0.122059857663	22
178.5 81.5 0.303829411765 0.0684802231004	17
-180 81 0.222588888889 0.0558651153325	9
-178.5 81 0.290868421053 0.0902452341163	19
-177 81 0.215528571429 0.131600996884	7
-175.5 81 0.229375 0.130599614599	16
-174 81 0.258456 0.0731808381113	25
-172.5 81 0.260224137931 0.0952968394588	29
-171 81 0.215776923077 0.0812253177658	26
-169.5 81 0.237264705882 0.133254518105	34
-168 81 0.216322222222 0.147041446349	9
-166.5 81 0.240968421053 0.0740313000819	19
-165 81 0.269233333333 0.103019855862	39
-163.5 81 0.322 0.119620134871	13
-162 81 0.236764 0.0812649723641	25
-160.5 81 0.293183636364 0.0871633837572	55
-159 81 0.25408125 0.0980419516142	96
-157.5 81 0.294880536913 0.0656205067217	149
-156 81 0.292165151515 0.0936085589322	66
-154.5 81 0.2491625 0.0950964549138	40
-153 81 0.248584444444 0.0950770260835	45
-151.5 81 0.290460869565 0.0658984669371	23
-150 81 0.269697297297 0.0962510244866	37
-148.5 81 0.236771428571 0.0984122013556	28
-147 81 0.250631578947 0.0969924971476	19
-145.5 81 0.231308333333 0.108327571059	12
-144 81 0.291038095238 0.104745990263	21
-142.5 81 0.35535 0.0311834090503	2
-139.5 81 0.282763636364 0.0525661061081	33
-136.5 81 0.255875 0.0653565987487	8
-135 81 0.0715 NaN	1
-132 81 0.367425 0.0195632947123	4
-130.5 81 0.176114285714 0.116558903972	7
-129 81 0.246025 0.0775713293451	12
-127.5 81 0.27475 0.0803475462091	12
-126 81 0.19595 0.0481539717988	2
-124.5 81 0.407225 0.088685826564	4
-123 81 0.27058 0.165078206213	25
-121.5 81 0.331093333333 0.0642135885337	15
-120 81 0.30625 0.0847653407945	6
-118.5 81 0.172530769231 0.147130816988	13
-117 81 0.280647368421 0.0836662043043	19
-115.5 81 0.293079545455 0.0827300108072	44
-114 81 0.269791428571 0.119643053365	35
-112.5 81 0.178088 0.117644915317	25
-111 81 0.224004761905 0.105736144113	42
-109.5 81 0.258190789474 0.129373291605	76
-108 81 0.25597 0.185965761138	20
-106.5 81 0.251914285714 0.121199328735	21
-105 81 0.208230434783 0.150440615902	69
-103.5 81 0.234538888889 0.136076409791	36
-102 81 0.271233333333 0.0896616138601	9
-100.5 81 0.426793333333 0.189663838615	30
-99 81 0.473306976744 0.151758894609	43
-97.5 81 0.346508571429 0.122799138652	35
-10.5 81 0.2116 0.0556536431871	6
-9 81 -0.1775 0.0249691810038	4
-7.5 81 0.104026666667 0.0847397905074	15
-6 81 0.353586666667 0.066788042842	15
-4.5 81 0.22686 0.153546274184	20
-3 81 0.262374074074 0.11201012177	27
-1.5 81 0.176354545455 0.12072340588	11
0 81 0.312128571429 0.107192936868	7
1.5 81 0.097525 0.113393387053	12
3 81 0.0761 0.199360042804	4
7.5 81 0.17245 0.107034402569	4
9 81 0.0915555555556 0.1458480983	9
16.5 81 -0.100466666667 0.0419352278321	3
24 81 0.4213 NaN	1
27 81 0.225124137931 0.165722090206	29
28.5 81 0.076175 0.124121267987	4
30 81 0.207466666667 0.139142670187	6
33 81 0.1589 NaN	1
34.5 81 0.28682 0.141424206635	10
36 81 0.302795833333 0.117459578539	24
37.5 81 0.354790909091 0.191927962812	11
39 81 0.149718918919 0.136953215527	37
40.5 81 0.143665 0.111549268204	20
42 81 0.0553555555556 0.13294414345	9
43.5 81 0.0608428571429 0.0963558830092	7
72 81 -0.1202 NaN	1
73.5 81 0.19085 0.158745472376	2
76.5 81 0.1387 0.122529139391	3
82.5 81 0.276881818182 0.180601857435	33
84 81 0.189410204082 0.159105535545	98
85.5 81 0.182190243902 0.136206893741	41
87 81 0.172913333333 0.0798843706032	15
88.5 81 0.02498 0.105066892978	5
100.5 81 0.0541615384615 0.141036836432	13
102 81 0.198084615385 0.0876256987243	13
103.5 81 0.260489189189 0.0954112845172	37
105 81 0.270680327869 0.0864611713734	122
106.5 81 0.18774453125 0.0996129745278	128
108 81 0.0700285714286 0.128815031658	7
109.5 81 0.277441860465 0.129706425351	43
111 81 0.253761111111 0.0818302573372	36
112.5 81 0.290370909091 0.0933636948092	55
114 81 0.302463888889 0.0569360852324	36
115.5 81 0.2922875 0.0558276141349	16
117 81 0.1494 0.312541197284	2
118.5 81 0.31002 0.0220914463085	5
120 81 0.345065714286 0.0624631888906	35
121.5 81 0.250875 0.144792227577	4
123 81 0.36595 0.0547071423908	8
124.5 81 0.32755 0.110684502077	6
126 81 0.3081 NaN	1
127.5 81 0.28691 0.0851036812104	10
132 81 0.342045454545 0.0741633379281	22
133.5 81 0.3444 0.0623005938977	6
135 81 0.2621 0.084004285605	2
136.5 81 0.309 0.13029630335	4
138 81 0.341983333333 0.087714637699	6
139.5 81 0.193325 0.152765274741	4
141 81 0.4424 NaN	1
142.5 81 0.293160714286 0.127601260702	28
144 81 0.252478571429 0.124273186529	14
145.5 81 0.256935714286 0.150412390074	14
147 81 0.1477 NaN	1
148.5 81 0.296356521739 0.0690475187237	23
150 81 0.257766666667 0.0458466865397	6
151.5 81 0.254246666667 0.0610237760065	15
153 81 0.267014634146 0.1138359951	41
154.5 81 0.311816666667 0.0602628158129	12
156 81 0.1898625 0.10103965187	8
157.5 81 0.21127 0.135265451366	10
159 81 0.306514285714 0.0747810454721	7
160.5 81 0.250968421053 0.150678834511	19
163.5 81 0.284648780488 0.0655686019446	41
165 81 0.26969 0.0572197994093	10
166.5 81 0.325466666667 0.0680729510648	15
168 81 0.0812333333333 0.205492635716	3
169.5 81 0.39795 0.0116058893096	4
171 81 0.205475 0.120039002185	12
172.5 81 0.301675 0.110583128412	20
174 81 0.294225 0.0274707571792	4
175.5 81 0.3596 0.116459492242	4
177 81 0.2299 0.0403050865276	2
178.5 81 0.13025 0.105571042431	2
-178.5 80.5 0.291263636364 0.0564337181608	11
-177 80.5 0.285522222222 0.102226412656	9
-175.5 80.5 0.281525 0.068824603159	16
-174 80.5 0.234738461538 0.0906501842107	13
-172.5 80.5 0.307172727273 0.0918648255962	11
-171 80.5 0.258845833333 0.106842692083	24
-169.5 80.5 0.28854516129 0.0846337278659	31
-168 80.5 0.278522222222 0.0647290270624	9
-166.5 80.5 0.0447 0.161078924754	2
-165 80.5 0.236517647059 0.0848196117895	17
-163.5 80.5 0.211157142857 0.161068975737	14
-162 80.5 0.286003703704 0.100405380186	27
-160.5 80.5 0.21015 0.105814275358	24
-159 80.5 0.23798627451 0.11310803158	51
-157.5 80.5 0.240165 0.0708861620795	40
-156 80.5 0.240275 0.0557746597181	16
-154.5 80.5 0.279725 0.0809901352018	16
-153 80.5 0.20768 0.105419481122	5
-151.5 80.5 0.285664 0.10570653906	25
-150 80.5 0.167728571429 0.0648735620081	7
-148.5 80.5 0.255981818182 0.0845048142792	11
-147 80.5 0.244769565217 0.0818692051928	23
-145.5 80.5 0.25274 0.0824753592832	10
-144 80.5 0.3105 NaN	1
-142.5 80.5 0.246815 0.0989212992604	20
-141 80.5 0.3422 0.0661635851507	10
-139.5 80.5 0.282806666667 0.0795242143417	15
-136.5 80.5 0.3875 0.0718420489686	2
-135 80.5 0.2409 0.0725884977114	3
-133.5 80.5 0.31215 0.0499924494299	2
-132 80.5 0.309166666667 0.116196435036	12
-130.5 80.5 0.18005 0.115770764876	4
-129 80.5 0.2451 0.132252637025	3
-124.5 80.5 0.244566666667 0.136335114088	3
-123 80.5 0.18735 0.0389615836434	2
-120 80.5 0.18644 0.0873329720094	5
-118.5 80.5 0.152215789474 0.0810016204444	19
-117 80.5 0.30682 0.113505532905	15
-115.5 80.5 0.191688235294 0.127238476307	17
-114 80.5 0.201522222222 0.161375329417	9
-112.5 80.5 0.248585333333 0.130512146782	75
-111 80.5 0.208733333333 0.131031789883	84
-109.5 80.5 0.210602272727 0.116216947266	44
-108 80.5 0.265114035088 0.119301936038	57
-106.5 80.5 0.220665454545 0.149646207731	55
-105 80.5 0.253957142857 0.10423888704	21
-103.5 80.5 0.155511764706 0.174491478597	17
-102 80.5 0.330694594595 0.174902833256	37
-100.5 80.5 0.441914285714 0.102737258508	21
-99 80.5 0.314283333333 0.10924499836	6
-7.5 80.5 0.400966666667 0.0187788001037	3
-6 80.5 0.302471428571 0.125189465203	14
-4.5 80.5 -0.0911 NaN	1
-3 80.5 -0.0323 NaN	1
-1.5 80.5 0.137664285714 0.131104547871	14
0 80.5 0.175157894737 0.100957957783	19
1.5 80.5 0.186875 0.139056196129	12
3 80.5 0.21496 0.150634434974	5
6 80.5 0.35058 0.0576273979978	5
7.5 80.5 0.210594736842 0.185445393201	19
9 80.5 0.2368 0.193374010663	6
10.5 80.5 0.02245 0.0994899241129	2
30 80.5 0.2338875 0.157699578841	16
31.5 80.5 0.1412 NaN	1
36 80.5 0.237645454545 0.171983332702	11
40.5 80.5 0.187815 0.0759698989905	20
42 80.5 0.0571 NaN	1
43.5 80.5 0.04775 0.163836641201	2
66 80.5 0.1707 0.1433734564	6
70.5 80.5 0.27565 0.0881104663801	8
76.5 80.5 0.06501 0.134554701392	10
78 80.5 0.0573833333333 0.162140191398	6
81 80.5 0.154066666667 0.122666569746	21
82.5 80.5 0.204983333333 0.131270767545	18
84 80.5 0.227888095238 0.111658067336	42
85.5 80.5 0.255733333333 0.126726787487	6
87 80.5 0.174854545455 0.127862608793	11
88.5 80.5 0.0448 0.241884662598	3
100.5 80.5 0.210942857143 0.122245570569	7
103.5 80.5 0.186675 0.0351357723695	4
105 80.5 0.1808025 0.0868898904966	40
106.5 80.5 0.182785057471 0.11721285203	87
108 80.5 0.219870588235 0.0827482308323	17
109.5 80.5 0.262166666667 0.0652780463351	3
111 80.5 0.180881818182 0.104892896024	11
112.5 80.5 0.270980769231 0.126941829258	26
114 80.5 0.186945454545 0.105386145865	22
115.5 80.5 0.33292 0.0544747372642	5
117 80.5 0.313066666667 0.0571686394217	3
118.5 80.5 0.300475 0.0789696618962	12
120 80.5 0.2404 0.0834875240181	4
123 80.5 0.2719 0.0439594130989	3
124.5 80.5 0.35314 0.0173917509182	5
126 80.5 0.364066666667 0.0335944439851	6
127.5 80.5 0.3272 0.0872801237396	17
129 80.5 0.383626315789 0.0596152091156	19
130.5 80.5 0.345873913043 0.0680090249184	23
132 80.5 0.293581818182 0.0566235078069	11
133.5 80.5 0.42785 0.0693671752344	2
136.5 80.5 0.2409 0.140289985387	2
138 80.5 0.3597 NaN	1
139.5 80.5 0.2191 0.0872885330384	6
142.5 80.5 0.231723529412 0.166977590298	17
144 80.5 0.25336 0.207344877492	10
145.5 80.5 0.292825 0.0852193004352	4
147 80.5 0.1512 0.0438406204336	2
148.5 80.5 0.299835 0.0721028598236	20
150 80.5 0.191692857143 0.11273958737	14
151.5 80.5 0.270492307692 0.0821306729298	13
153 80.5 0.35421875 0.0682564987748	16
154.5 80.5 0.317166666667 0.0579789846985	6
156 80.5 0.1622 NaN	1
157.5 80.5 0.3075625 0.0737193507742	8
160.5 80.5 0.235833333333 0.164137513486	3
162 80.5 0.1545 0.075725755196	3
163.5 80.5 0.1866 NaN	1
165 80.5 0.339047058824 0.0476398483106	17
166.5 80.5 0.269863157895 0.0658515688713	19
168 80.5 0.2247 0.146991564384	3
169.5 80.5 0.315518181818 0.0891751032188	33
172.5 80.5 0.3504725 0.0565306678171	40
174 80.5 0.225793333333 0.130785371979	15
175.5 80.5 0.306905128205 0.101736509383	39
177 80.5 0.212166666667 0.0662142985565	3
178.5 80.5 0.3202 NaN	1
-178.5 80 0.3139 0.0697491696486	19
-177 80 0.2509625 0.0577525494181	8
-175.5 80 0.24305 0.132559081168	4
-174 80 0.211965 0.0726297407185	20
-172.5 80 0.269125 0.100865041471	12
-171 80 0.319485714286 0.0747184958787	14
-169.5 80 0.3241 0.0403050865276	2
-168 80 0.313631578947 0.105389774186	19
-166.5 80 0.2376 0.108198040648	11
-165 80 0.235820967742 0.0810938883855	62
-163.5 80 0.331918181818 0.0872902035532	11
-162 80 0.232776470588 0.0740923286297	17
-160.5 80 0.276533333333 0.0871103591237	6
-159 80 0.133583333333 0.112331267538	6
-157.5 80 0.375173333333 0.0885085102177	15
-156 80 0.275791666667 0.05823459544	12
-154.5 80 0.265671428571 0.115846273344	7
-153 80 0.2812125 0.0913790776564	16
-151.5 80 0.307881818182 0.12440142136	11
-150 80 0.341422222222 0.0487922836568	9
-148.5 80 0.30455 0.0803013299376	40
-147 80 0.318485714286 0.0508258918831	21
-145.5 80 0.3376375 0.0853179086459	8
-144 80 0.3355 0.0478225888049	3
-142.5 80 0.285876923077 0.076816406167	13
-141 80 0.320725 0.0617422262313	4
-139.5 80 0.3403 NaN	1
-135 80 0.30088 0.073613565326	5
-132 80 0.401561538462 0.0494286613626	13
-130.5 80 0.13045 0.0826388467974	6
-124.5 80 0.1226 NaN	1
-121.5 80 0.3954 NaN	1
-120 80 0.222666666667 0.0360073140718	6
-118.5 80 0.343016666667 0.0511712191243	6
-117 80 0.347945454545 0.129186095181	44
-115.5 80 0.363837777778 0.101881662307	135
-114 80 0.346184615385 0.1056971337	52
-112.5 80 0.366526388889 0.14298008725	72
-111 80 0.331196178344 0.143615344461	157
-109.5 80 0.30792745098 0.121423819868	51
-108 80 0.267577777778 0.15907751858	63
-106.5 80 0.364181690141 0.181814937552	71
-105 80 0.620676923077 0.192261413954	39
-103.5 80 0.499620833333 0.21427100877	24
-102 80 0.396771428571 0.0783004196303	7
-16.5 80 0.915272727273 0.0505413314211	11
-15 80 0.572375 0.237910243525	40
-6 80 0.165833333333 0.129243965688	6
-4.5 80 0.0683090909091 0.0606780332818	22
-3 80 0.247233333333 0.0929254396456	21
0 80 0.16012 0.220157323294	5
4.5 80 -0.1079 NaN	1
42 80 0.11344 0.140241391893	5
63 80 0.11305 0.0164755880016	2
67.5 80 0.27486 0.094485968388	10
69 80 0.2553 NaN	1
72 80 0.0725 NaN	1
76.5 80 0.1757 0.0617240633789	6
79.5 80 0.1869 NaN	1
81 80 0.1329375 0.134529082756	8
82.5 80 0.157625 0.116856918005	8
84 80 0.0859857142857 0.178562019371	7
85.5 80 0.227733333333 0.14802304658	24
87 80 0.158523404255 0.115212580859	47
88.5 80 0.200920930233 0.0923794801946	43
106.5 80 0.230790909091 0.0677310712204	22
108 80 0.224453947368 0.0780917792358	76
109.5 80 0.277716455696 0.103739543718	79
111 80 0.292887804878 0.0930331532173	41
112.5 80 0.26542 0.0859485623406	20
114 80 0.2198 0.0761474638448	17
115.5 80 0.0014 NaN	1
117 80 0.339511627907 0.0739297646396	43
118.5 80 0.300404166667 0.0892896504887	48
120 80 0.253132 0.0591727113344	25
121.5 80 0.2884 0.062146654509	4
123 80 0.19872 0.110021915999	5
124.5 80 0.28022 0.0976135082865	5
126 80 0.244316666667 0.0676403971997	12
127.5 80 0.411475 0.0742217566935	4
129 80 0.229454545455 0.0941290589577	22
130.5 80 0.320835 0.146426123909	20
132 80 0.317807692308 0.0628118945946	13
133.5 80 0.195 0.110591500578	2
135 80 0.343733333333 0.0219092065884	3
139.5 80 0.190763636364 0.114246035141	11
142.5 80 0.317375 0.0412863476224	4
144 80 0.2344 0.161804975202	7
145.5 80 0.08125 0.191413805667	2
147 80 0.376827272727 0.0753906902861	11
148.5 80 0.22665 0.00176776695297	2
150 80 0.267729411765 0.0700758270231	34
151.5 80 0.151183333333 0.106853234236	6
153 80 0.3067 NaN	1
154.5 80 0.2658 NaN	1
156 80 0.19388 0.0560963189523	5
157.5 80 0.206233333333 0.125369706601	3
159 80 0.2633 NaN	1
160.5 80 0.147233333333 0.158519067202	6
162 80 0.19278 0.0971252127275	20
163.5 80 0.325666666667 0.0752500846385	15
165 80 0.24418 0.0506862604657	5
169.5 80 0.312666666667 0.0078704087145	3
171 80 0.314615 0.103731248274	20
172.5 80 0.26496 0.0857554041057	10
177 80 0.356625 0.0476487408018	4
-180 79.5 0.16095 0.214324065378	2
-178.5 79.5 0.29915 0.0795434872484	12
-177 79.5 0.1848 NaN	1
-174 79.5 0.278677777778 0.115598689199	9
-172.5 79.5 0.19725 0.039951533137	2
-171 79.5 0.29715 0.0514706712604	4
-169.5 79.5 0.206825 0.0236041486467	4
-168 79.5 0.273888888889 0.105630647121	9
-166.5 79.5 0.30868 0.0910463453413	5
-165 79.5 0.248675 0.0818072030952	24
-163.5 79.5 0.288211111111 0.0847370704657	9
-162 79.5 0.283111111111 0.0675755585335	9
-160.5 79.5 0.1946375 0.1042731158	8
-156 79.5 0.31414 0.103234989224	5
-154.5 79.5 0.300719047619 0.100479876687	21
-153 79.5 0.2694 0.0795709003457	23
-151.5 79.5 0.26912 0.0765463664861	10
-148.5 79.5 0.1831 NaN	1
-147 79.5 0.311094444444 0.0631972400014	18
-145.5 79.5 0.28452 0.0593368940879	5
-144 79.5 0.320832258065 0.0763562238768	31
-142.5 79.5 0.307891666667 0.0773916069954	12
-141 79.5 0.3062 0.0805024637304	4
-139.5 79.5 0.331183333333 0.0500124551154	6
-138 79.5 0.322933333333 0.0829390941193	3
-136.5 79.5 0.3211 NaN	1
-133.5 79.5 0.321633333333 0.0574181446351	3
-132 79.5 0.33278 0.0872936824747	5
-130.5 79.5 0.34013125 0.121656262854	16
-129 79.5 0.2332375 0.154971932405	16
-123 79.5 0.372786363636 0.114007398655	22
-120 79.5 0.351014285714 0.0873759201873	7
-118.5 79.5 0.327575 0.0646177717704	8
-117 79.5 0.478663333333 0.112409913305	30
-115.5 79.5 0.396401639344 0.101056526248	61
-114 79.5 0.358552380952 0.0943153732503	63
-112.5 79.5 0.382601265823 0.0859803204879	79
-111 79.5 0.399403773585 0.110357619657	53
-109.5 79.5 0.356603636364 0.15453912601	55
-108 79.5 0.299405769231 0.0942679398092	52
-106.5 79.5 0.281922222222 0.110786375632	27
-105 79.5 0.343914285714 0.0883974439406	7
-99 79.5 0.2245 0.132652539554	17
-16.5 79.5 0.205683333333 0.0488372838528	18
-15 79.5 0.49405 0.278704524975	30
-13.5 79.5 0.1327 NaN	1
-4.5 79.5 0.20336 0.150425090992	5
-3 79.5 -0.01525 0.0385373195747	2
0 79.5 0.0952 0.0772587859081	3
1.5 79.5 0.2449 NaN	1
60 79.5 0.182466666667 0.160400731503	6
61.5 79.5 -0.1991 NaN	1
63 79.5 0.0805416666667 0.0737519239605	12
64.5 79.5 0.13046 0.11975607709	5
66 79.5 0.239675 0.052641832225	4
67.5 79.5 0.2442 NaN	1
79.5 79.5 -0.0387428571429 0.115097666602	7
81 79.5 0.172657142857 0.132454808106	7
82.5 79.5 0.21192 0.0643882632507	10
84 79.5 0.195566666667 0.0958659964501	24
85.5 79.5 0.1052 0.138497958268	10
87 79.5 0.226315789474 0.103328114186	19
88.5 79.5 0.0332111111111 0.116648365231	9
90 79.5 -0.0675 NaN	1
109.5 79.5 0.242401282051 0.0838311452112	78
111 79.5 0.196295238095 0.134841156463	21
114 79.5 0.100814285714 0.189953366458	7
117 79.5 0.2578 NaN	1
118.5 79.5 0.333207142857 0.073616380538	14
120 79.5 0.1931 0.192741917254	4
121.5 79.5 0.1998 0.0389460524315	5
123 79.5 0.4613 NaN	1
124.5 79.5 0.335858333333 0.0910591461966	12
126 79.5 0.3469 NaN	1
127.5 79.5 0.26924 0.117500814779	20
129 79.5 0.302375 0.0838667345654	4
130.5 79.5 0.286566666667 0.141151844952	3
132 79.5 0.361 0.0977509420244	4
135 79.5 0.331357142857 0.0930187219723	14
138 79.5 0.4306 0.120394711955	4
141 79.5 0.0695 NaN	1
142.5 79.5 0.38258 0.0632496007893	5
144 79.5 0.1618 NaN	1
147 79.5 0.343825 0.0906892299481	8
148.5 79.5 0.326 NaN	1
151.5 79.5 0.263438461538 0.0537684160461	13
153 79.5 0.3109 NaN	1
156 79.5 0.274025 0.0679956554985	4
159 79.5 0.1773 NaN	1
163.5 79.5 0.22635 0.101828423806	20
166.5 79.5 0.334725 0.052230942298	16
168 79.5 0.243507142857 0.0563309924845	14
169.5 79.5 0.28075 0.0750240294839	2
172.5 79.5 0.316964285714 0.0689048910527	14
175.5 79.5 0.2873 0.0681264021262	4
-180 79 0.289514285714 0.105650200009	7
-178.5 79 0.326455555556 0.0509777429647	9
-175.5 79 0.2746 0.122470894502	2
-174 79 0.345375 0.053007758866	4
-172.5 79 0.288390909091 0.0547684298578	11
-166.5 79 0.292625 0.0503365803718	52
-165 79 0.226072727273 0.0955598031763	44
-163.5 79 0.251075 0.119940982511	8
-162 79 0.1643 0.115574954034	3
-159 79 0.28606875 0.100177407425	16
-157.5 79 0.3104 NaN	1
-156 79 0.2679 NaN	1
-154.5 79 0.3297625 0.0597842773765	8
-153 79 0.4416 NaN	1
-151.5 79 0.21802 0.159881227791	5
-150 79 0.1877 0.0738734052281	3
-148.5 79 0.24367 0.0856284097456	10
-147 79 0.24432 0.13076571756	10
-145.5 79 0.3363 NaN	1
-144 79 0.3289 NaN	1
-141 79 0.2691125 0.093471178713	8
-139.5 79 0.281466666667 0.0924612678942	12
-138 79 0.3134 0.0536603826549	7
-135 79 0.294033333333 0.0587734917572	3
-132 79 0.285088888889 0.0590194373654	18
-130.5 79 0.351716666667 0.0499155453408	6
-127.5 79 0.3847 NaN	1
-126 79 0.3104 NaN	1
-124.5 79 0.215333333333 0.105471726069	9
-123 79 0.362781818182 0.0961542227125	44
-121.5 79 0.345292982456 0.0955276079385	57
-120 79 0.213708333333 0.132537181461	12
-118.5 79 0.1846 0.101821510498	6
-117 79 0.2586 0.266010225367	5
-115.5 79 0.325709836066 0.129115740978	61
-114 79 0.37959047619 0.118386913778	84
-112.5 79 0.26442 0.107231912894	15
-111 79 0.278336111111 0.118961247358	36
-109.5 79 0.156333333333 0.103574723429	3
-108 79 0.618154545455 0.0971513392974	11
-16.5 79 -0.113975 0.102777008963	8
-15 79 -0.149725 0.0457869977905	4
-13.5 79 0.399254545455 0.0902871700387	22
-12 79 0.132542857143 0.155764895183	21
-10.5 79 0.044296 0.0818984558259	25
60 79 0.1511 0.0392015305824	4
63 79 0.1592 0.0972921374007	7
76.5 79 0.0944111111111 0.0754452524094	9
78 79 0.036875 0.167989431711	4
79.5 79 0.2273 NaN	1
82.5 79 0.16448 0.133266500988	15
84 79 0.04385 0.152519823848	4
85.5 79 0.181922222222 0.0992315572005	9
93 79 -0.1214 NaN	1
94.5 79 0.2618 0.0471338165935	7
114 79 0.3073 0.0261629509039	2
115.5 79 0.202246153846 0.162490782382	13
124.5 79 0.184181818182 0.168527130268	11
126 79 0.176625 0.0462986230897	4
127.5 79 0.352208333333 0.0833476449832	12
129 79 0.348711111111 0.0367660320284	9
130.5 79 0.328155555556 0.108403218484	9
132 79 0.1785 NaN	1
133.5 79 0.268428301887 0.0939778173035	53
135 79 0.4827 NaN	1
136.5 79 0.34756 0.0787632718975	5
138 79 0.1992 NaN	1
139.5 79 0.12505 0.156199887964	2
141 79 0.3591 0.075377594935	23
145.5 79 0.313917647059 0.0735340332371	17
147 79 0.3157 0.173900249185	7
150 79 0.1891 NaN	1
151.5 79 0.0159 0.0499048093875	3
153 79 0.304266666667 0.0681747998408	3
154.5 79 0.3781125 0.0647561014776	8
156 79 0.2839 0.0814794759433	5
159 79 0.2724 0.0205060966544	2
160.5 79 -0.1554 NaN	1
162 79 0.2885 NaN	1
163.5 79 0.27072 0.132365737426	10
165 79 0.1589 NaN	1
166.5 79 0.252325 0.0601212871341	4
168 79 0.311419047619 0.0455658382897	21
169.5 79 0.34177 0.0800559021789	20
171 79 0.301266666667 0.0941137786582	3
172.5 79 0.076475 0.0575128029225	4
174 79 0.227033333333 0.0460652074057	3
175.5 79 0.3784 NaN	1
177 79 0.22024 0.177688401422	5
-177 78.5 0.33314 0.0840705834403	5
-171 78.5 0.26725 0.0249608693759	2
-168 78.5 0.265185714286 0.111278979532	21
-166.5 78.5 0.279311538462 0.100748758114	26
-165 78.5 0.259421428571 0.0845478271712	28
-163.5 78.5 0.207266666667 0.0833728073175	9
-162 78.5 0.1539 NaN	1
-159 78.5 0.3252 0.0775500313889	20
-156 78.5 0.2788625 0.0990724689666	8
-153 78.5 0.152475 0.0758932748448	4
-151.5 78.5 0.272689473684 0.062733288122	19
-150 78.5 0.2157 0.0476507082843	3
-148.5 78.5 0.22485 0.0954796679927	6
-147 78.5 0.2323 0.175442967941	5
-145.5 78.5 0.2933 0.0477682949246	3
-144 78.5 0.277788888889 0.0456448366314	9
-142.5 78.5 0.1064 0.120250322245	5
-141 78.5 0.305875 0.0525556451139	4
-139.5 78.5 0.38345 0.0778049034444	6
-138 78.5 0.292716666667 0.0996427043461	18
-136.5 78.5 0.4169 NaN	1
-135 78.5 0.2592 0.101207954233	5
-133.5 78.5 0.3472 0.0728319984622	2
-130.5 78.5 0.368833333333 0.0836500049811	3
-129 78.5 0.360425 0.100562826844	8
-124.5 78.5 0.253661111111 0.100479088482	18
-123 78.5 0.386535714286 0.107250541618	28
-121.5 78.5 0.45444 0.0538099711949	5
-120 78.5 0.054225 0.158661492388	4
-118.5 78.5 0.320305882353 0.149437756569	17
-117 78.5 0.271861538462 0.119656130898	26
-115.5 78.5 0.211855555556 0.15075034918	9
-114 78.5 0.22175 0.170342023588	2
-108 78.5 0.29836 0.126879901219	10
-106.5 78.5 0.343889285714 0.218470688498	28
-18 78.5 1.00768333333 0.0393464822655	6
-16.5 78.5 0.7444 0.228796896832	8
-15 78.5 0.380831147541 0.0962105980666	61
-13.5 78.5 0.310002040816 0.100158269524	49
-12 78.5 0.153455555556 0.164953357886	9
-10.5 78.5 0.115628571429 0.156285238312	7
-9 78.5 -0.0158 0.0285220382628	7
57 78.5 0.1513 NaN	1
60 78.5 0.1543 NaN	1
70.5 78.5 0.1166 NaN	1
76.5 78.5 0.19696 0.0801534964927	5
78 78.5 0.17005 0.0745338422219	12
79.5 78.5 0.30538 0.117872529722	20
81 78.5 -0.0664090909091 0.101383494264	11
82.5 78.5 0.25685 0.11658330498	6
84 78.5 0.1563 NaN	1
85.5 78.5 0.099 0.189200647462	5
87 78.5 0.168253333333 0.129296413975	15
93 78.5 0.216304444444 0.0998515396967	45
94.5 78.5 0.2276875 0.11432736107	24
96 78.5 0.287291428571 0.124928811191	35
97.5 78.5 0.33095 0.100714202268	66
99 78.5 0.288427777778 0.108988346952	18
114 78.5 0.2656 0.0919963405069	7
115.5 78.5 0.297225 0.0846600888977	24
117 78.5 0.27490625 0.0995695366314	16
124.5 78.5 0.280788888889 0.0735299849912	18
126 78.5 0.2256 NaN	1
127.5 78.5 0.298666666667 0.0275888866515	6
129 78.5 0.130325 0.0359667786529	4
132 78.5 0.12554 0.18752389981	5
135 78.5 0.401 0.0271618605156	4
136.5 78.5 -0.0639 NaN	1
142.5 78.5 0.0917 0.234052344573	2
144 78.5 0.344539130435 0.123306947895	23
145.5 78.5 0.236528571429 0.0434655309522	7
147 78.5 -0.0323 NaN	1
148.5 78.5 0.35156 0.0388099600618	5
150 78.5 0.11136 0.115249785249	5
153 78.5 0.277228571429 0.0233247875507	7
156 78.5 0.242777777778 0.128437988712	9
157.5 78.5 0.249766666667 0.0563251571976	3
162 78.5 0.18715 0.0711307950188	4
163.5 78.5 0.291843478261 0.0916458987134	23
165 78.5 0.3392 0.0871251111907	9
166.5 78.5 0.3175 0.0192333044483	2
169.5 78.5 0.238571428571 0.0869449004501	7
171 78.5 0.270105555556 0.071933240882	18
172.5 78.5 0.3059875 0.0563631661637	16
174 78.5 0.25255 0.0492853426487	2
177 78.5 0.3012 0.0659125481225	6
178.5 78.5 0.242942857143 0.089776107756	7
-178.5 78 0.228833333333 0.0568697928019	3
-177 78 0.21122 0.173076246204	5
-168 78 0.43648 0.0856070499433	5
-166.5 78 0.389 NaN	1
-162 78 -0.0959 NaN	1
-154.5 78 0.226366666667 0.161040626344	3
-153 78 0.1715 NaN	1
-151.5 78 0.24065 0.125479846263	12
-148.5 78 0.200333333333 0.0585500071164	3
-147 78 0.2635 0.125248206907	4
-145.5 78 0.235292307692 0.0483954967178	13
-144 78 0.303633333333 0.0475389804967	6
-142.5 78 0.331592307692 0.0514659994809	13
-139.5 78 0.305161538462 0.142095065235	13
-138 78 0.193875 0.0896172369953	4
-136.5 78 0.227106896552 0.105549842427	29
-135 78 0.2173 NaN	1
-132 78 0.4077 0.0669617428089	9
-130.5 78 0.29178125 0.1055579665	16
-129 78 0.265614285714 0.0973016174681	7
-127.5 78 0.3697 0.0875933384521	18
-126 78 0.12436 0.0662115020219	5
-123 78 0.358738888889 0.0738305702577	18
-121.5 78 -0.0574 0.158581267688	14
-120 78 0.107405 0.168617774332	40
-118.5 78 0.314245238095 0.0948915997783	42
-117 78 0.43679 0.138142080241	10
-106.5 78 -0.0046 0.173759834254	7
-15 78 0.1618 0.162284617703	8
-13.5 78 0.281430769231 0.0721181020343	13
70.5 78 0.0449 0.136330187413	2
72 78 -0.0358333333333 0.102891269471	3
79.5 78 -0.11825 0.0765796644025	2
81 78 0.210666666667 0.103675085403	3
82.5 78 0.02055 0.197494923985	2
85.5 78 0.245821621622 0.101745093071	37
87 78 0.130625 0.179155098076	4
90 78 0.0588 0.164755880016	2
91.5 78 0.11238 0.140315405936	15
93 78 0.209342105263 0.0799831601428	19
94.5 78 0.22908372093 0.0952288894997	43
96 78 0.191675 0.0312551195806	4
97.5 78 0.44988 0.0705733802506	5
115.5 78 0.1294 0.114975562621	2
124.5 78 0.2744 0.266720677864	2
126 78 0.159409090909 0.0399218349915	11
127.5 78 0.272529787234 0.0879173448656	47
129 78 0.2354 NaN	1
130.5 78 0.30825 0.0917830891534	12
133.5 78 0.18725625 0.160103378972	16
136.5 78 0.342085714286 0.107358316377	7
139.5 78 0.2757 0.0737257756826	3
141 78 0.3226 NaN	1
144 78 0.235483333333 0.175360855571	6
145.5 78 0.299847058824 0.0970195735254	17
147 78 0.251861111111 0.0588295157902	18
148.5 78 0.282975 0.0294032169442	4
150 78 0.2485375 0.0520985038858	8
151.5 78 0.263133333333 0.120982670935	6
153 78 0.292175 0.0789711920048	4
156 78 0.303 0.0196594336982	4
157.5 78 0.290671428571 0.163113505616	7
160.5 78 0.2667 0.0576646338755	3
162 78 0.269659459459 0.0671434221957	37
163.5 78 0.2985 0.0122853571377	3
166.5 78 0.1675 0.0526886135707	3
168 78 0.241533333333 0.0245571713898	6
169.5 78 0.2695 NaN	1
171 78 0.2476 NaN	1
172.5 78 0.28755 0.0968352036538	4
175.5 78 0.291304347826 0.0958076314965	23
177 78 0.3477 NaN	1
-169.5 77.5 0.4167 0.0746704760933	2
-168 77.5 0.172183333333 0.11295677787	6
-166.5 77.5 0.275442105263 0.0911883722838	19
-165 77.5 0.2729 0.135202625714	3
-160.5 77.5 0.2813 0.134664601882	9
-159 77.5 0.165375 0.133187496285	4
-153 77.5 0.31715 0.109199221609	4
-151.5 77.5 0.29095 0.0720389015278	4
-148.5 77.5 0.2761375 0.0513071127762	8
-147 77.5 0.231666666667 0.0570154657381	3
-145.5 77.5 0.303066666667 0.106935981982	12
-144 77.5 0.108866666667 0.171245856398	3
-142.5 77.5 0.0605333333333 0.13207014298	6
-141 77.5 0.387725 0.0416323091681	4
-139.5 77.5 0.242066666667 0.133305143098	18
-138 77.5 0.4057 NaN	1
-136.5 77.5 0.287478571429 0.089137915429	14
-133.5 77.5 0.3769 NaN	1
-132 77.5 0.2413 0.136735554996	6
-130.5 77.5 0.2601 0.118078702567	9
-129 77.5 0.3003 NaN	1
-127.5 77.5 0.254754545455 0.107772717917	11
-126 77.5 0.2745 NaN	1
-123 77.5 0.334214285714 0.147854708285	7
-121.5 77.5 0.0508 0.240602391736	12
-120 77.5 0.35032 0.198436616245	10
-118.5 77.5 0.3971 NaN	1
-108 77.5 0.2782 0.0371915889109	8
-16.5 77.5 0.102733333333 0.0827739250408	6
-15 77.5 0.05102 0.114942128434	10
-12 77.5 0.22 NaN	1
-10.5 77.5 0.2756 0.0100409162928	2
-9 77.5 -0.07145 0.129895515704	2
72 77.5 0.174233333333 0.130784453714	3
84 77.5 0.178066666667 0.136563257626	3
85.5 77.5 0.169295454545 0.13657034469	44
88.5 77.5 0.122471428571 0.155389528972	7
90 77.5 -0.08285 0.0389615836434	2
93 77.5 0.142628205128 0.0992435360449	39
94.5 77.5 0.144427118644 0.135864407344	59
96 77.5 0.0363983870968 0.0576523938961	62
115.5 77.5 0.1987 NaN	1
117 77.5 0.218484615385 0.170445552627	13
120 77.5 0.1049 0.143172029391	3
124.5 77.5 0.300541666667 0.0595319491619	24
126 77.5 0.177114285714 0.0444810232411	7
127.5 77.5 0.240862962963 0.0798869496811	27
129 77.5 0.327266666667 0.0884605750226	12
130.5 77.5 0.117557142857 0.0817948624536	7
133.5 77.5 0.27995 0.0366988419436	2
135 77.5 0.19285 0.156058466608	2
136.5 77.5 0.3156 NaN	1
138 77.5 0.2109 0.113382714732	3
142.5 77.5 0.31005 0.0590897537649	6
144 77.5 0.286355555556 0.155450016976	9
145.5 77.5 0.32712 0.0368390753641	20
148.5 77.5 0.4464 0.0506432621382	6
150 77.5 0.38305 0.050363904308	8
156 77.5 0.228833333333 0.0505974367539	12
157.5 77.5 0.296466666667 0.0867131879802	12
159 77.5 0.270814285714 0.0849647265746	7
160.5 77.5 0.268322222222 0.0883911021791	9
162 77.5 0.32414375 0.0484605127054	16
166.5 77.5 0.293906666667 0.11826572059	15
169.5 77.5 0.242271428571 0.039372694188	7
171 77.5 0.2083875 0.170607573417	8
172.5 77.5 0.26754516129 0.120838164056	31
174 77.5 0.2878 0.00780832888651	3
177 77.5 0.284107692308 0.0442897718061	39
-171 77 0.0488 NaN	1
-166.5 77 0.161881818182 0.154002622174	11
-165 77 -0.1337 NaN	1
-159 77 0.152966666667 0.0670646205785	3
-156 77 0.1484 0.095821083275	6
-150 77 0.2288 0.102781973128	11
-145.5 77 0.315375 0.130183905175	4
-144 77 0.270617647059 0.046172018519	17
-142.5 77 0.269621428571 0.0925559305216	14
-141 77 0.274754545455 0.0733225253744	11
-138 77 0.317716666667 0.0946058602195	12
-136.5 77 0.211 NaN	1
-135 77 0.327264285714 0.0862183069599	28
-133.5 77 0.3394 NaN	1
-132 77 0.178011111111 0.107289776359	9
-130.5 77 0.33765 0.0506995562111	2
-127.5 77 0.3376 NaN	1
-124.5 77 0.3394 NaN	1
-12 77 0.018025 0.109832004291	4
-10.5 77 0.194306666667 0.0616387803099	15
-9 77 0.283533333333 0.0959604223973	6
81 77 0.02245 0.0556493036794	2
82.5 77 0.2036 NaN	1
90 77 0.19125625 0.0673480706851	16
91.5 77 0.187570588235 0.112887265473	17
93 77 0.1504 0.121313210328	5
115.5 77 0.351525 0.0791789271208	4
117 77 0.3686 0.00424264068712	2
120 77 0.1929 NaN	1
121.5 77 0.3145 NaN	1
123 77 0.1425 NaN	1
124.5 77 0.225954545455 0.0866784674949	11
132 77 0.28565 0.0319848401591	4
133.5 77 0.0608571428571 0.186271968343	7
135 77 0.2346 NaN	1
136.5 77 0.085 NaN	1
138 77 0.2266 NaN	1
139.5 77 0.317272727273 0.0704273397327	11
144 77 0.31615 0.0528208765546	2
145.5 77 0.2861 0.0825813538276	8
151.5 77 0.254292857143 0.0606675995682	14
154.5 77 0.1798 NaN	1
159 77 0.350333333333 0.109296088677	9
160.5 77 0.2219 NaN	1
162 77 0.1045 0.130355552241	3
163.5 77 0.2597 NaN	1
165 77 0.162733333333 0.1493173801	9
166.5 77 0.362918181818 0.0580582262592	11
169.5 77 0.1756 0.0532142211569	4
171 77 0.355061290323 0.105135045465	31
172.5 77 0.1982 NaN	1
178.5 77 0.187 NaN	1
-180 76.5 0.28386 0.101793115267	20
-177 76.5 0.240877777778 0.0982805903749	9
-171 76.5 0.62958 0.179567857281	20
-168 76.5 -0.05225 0.193676547367	2
-162 76.5 0.221316666667 0.17381481429	6
-159 76.5 0.2469 NaN	1
-156 76.5 0.227833333333 0.074586209628	6
-151.5 76.5 0.1966 0.00692964645563	2
-150 76.5 0.412516666667 0.0800352526495	6
-147 76.5 0.280885714286 0.0710239731492	7
-139.5 76.5 0.2881625 0.18919699437	8
-138 76.5 0.242536842105 0.101855536099	19
-136.5 76.5 0.287237837838 0.0970193117985	37
-135 76.5 0.247117391304 0.12492365906	23
-133.5 76.5 0.1959 0.10954998859	10
-132 76.5 0.32605 0.0287755104212	4
-130.5 76.5 0.1246 0.061376868607	2
-124.5 76.5 0.196066666667 0.083866699788	3
-123 76.5 -0.1309125 0.0595650289899	8
-106.5 76.5 0.0451666666667 0.110337775516	18
-12 76.5 -0.0831 NaN	1
-10.5 76.5 0.16055 0.160390171145	6
-9 76.5 0.2716 0.123036579926	2
75 76.5 -0.0806 0.0920302124305	5
79.5 76.5 -0.03445 0.0600333657227	2
81 76.5 -0.023575 0.112197396732	4
84 76.5 -0.05865 0.0365574205873	2
90 76.5 0.147325925926 0.111062236819	54
91.5 76.5 0.0965395522388 0.0762310881452	134
93 76.5 0.17882 0.0971418123893	15
117 76.5 0.173566666667 0.0906807770883	3
118.5 76.5 0.2844 NaN	1
120 76.5 0.4043375 0.04319024154	8
121.5 76.5 0.272680952381 0.0567168283585	21
124.5 76.5 0.223866666667 0.108221177841	3
127.5 76.5 0.2219375 0.0973195141446	16
129 76.5 0.18145 0.0590636803233	10
130.5 76.5 0.089525 0.119463081566	8
132 76.5 0.124983333333 0.0722913664739	6
133.5 76.5 -0.0067 0.252437120884	2
147 76.5 0.282636363636 0.0446694139815	11
156 76.5 0.3476 0.0660950597479	14
157.5 76.5 0.23205 0.04993404221	8
159 76.5 0.24908125 0.0862248241034	16
160.5 76.5 0.22015 0.09812387215	8
162 76.5 0.458 0.102813325985	2
163.5 76.5 0.326892 0.0723473330538	25
166.5 76.5 0.3019 NaN	1
168 76.5 0.24555 0.0136471608769	2
169.5 76.5 0.227117857143 0.0798911855036	28
171 76.5 0.4326 0.0583743094178	3
177 76.5 0.0483 NaN	1
-178.5 76 0.211436842105 0.0945636834832	19
-177 76 0.06618 0.189411739341	5
-171 76 0.1947 0.0472347329833	2
-169.5 76 0.3401 NaN	1
-162 76 0.239756521739 0.101992454383	23
-160.5 76 0.225069230769 0.1324106893	13
-147 76 0.136473333333 0.144251904997	15
-145.5 76 0.0837333333333 0.175552506391	9
-144 76 0.126866666667 0.0350776757117	3
-141 76 0.2963 0.100799437829	4
-139.5 76 0.163733333333 0.0461092543134	3
-138 76 0.235441176471 0.102436511184	17
-136.5 76 0.2922125 0.0748291279707	8
-135 76 0.287451851852 0.104018087815	27
-132 76 0.276971428571 0.0655612109479	7
-130.5 76 0.27175 0.0800094369434	4
-129 76 0.255633333333 0.12914990773	6
-127.5 76 0.0165125 0.150893580641	8
-126 76 0.3331 NaN	1
-15 76 0.4088 NaN	1
-13.5 76 0.1211 NaN	1
73.5 76 0.138415384615 0.128669167805	13
79.5 76 0.195878651685 0.124469942951	89
90 76 0.107825 0.0981405660265	76
91.5 76 0.140196 0.101986679722	50
115.5 76 0.31925 0.0873798794536	4
117 76 0.3952 NaN	1
118.5 76 0.227233333333 0.00977053393287	3
121.5 76 0.224875 0.232264340491	12
123 76 0.3088 NaN	1
124.5 76 0.2616 NaN	1
130.5 76 0.3171 NaN	1
148.5 76 0.368 NaN	1
154.5 76 0.2904 NaN	1
159 76 0.3411 0.0660876690465	4
160.5 76 0.30315 0.0705431711791	6
165 76 0.0606 NaN	1
168 76 0.14515 0.110379368543	2
169.5 76 0.0619333333333 0.0764370547139	3
171 76 0.1665 0.111274120981	3
172.5 76 0.163566666667 0.0900746542227	3
-175.5 75.5 0.277433333333 0.171168743253	6
-171 75.5 0.2155 NaN	1
-162 75.5 0.12785 0.00431335136524	2
-160.5 75.5 0.218775 0.103129768577	4
-159 75.5 0.19315 0.0901367294725	4
-145.5 75.5 0.284614285714 0.118151134355	14
-144 75.5 0.183116666667 0.146837398733	6
-141 75.5 0.2825 0.0731877679329	33
-139.5 75.5 0.21274 0.0432477513866	5
-138 75.5 0.15292 0.0837406153946	10
-136.5 75.5 0.13925 0.134060593976	8
-135 75.5 0.243365 0.0827774649921	20
-133.5 75.5 0.302935714286 0.1277703144	14
-132 75.5 -0.1727 NaN	1
-130.5 75.5 0.17555 0.185130340571	6
-129 75.5 -0.0845 NaN	1
-126 75.5 0.359933333333 0.0686411926858	3
-15 75.5 0.2067 0.0421121122719	3
66 75.5 0.19294 0.129310007347	5
67.5 75.5 0.183485 0.125039434937	20
69 75.5 -0.01585 0.135661895903	4
70.5 75.5 0.182788235294 0.0716006536488	17
73.5 75.5 0.0907052631579 0.125263444493	19
75 75.5 0.114096 0.100296620415	25
76.5 75.5 0.162366666667 0.065001717926	3
78 75.5 -0.0156 NaN	1
79.5 75.5 0.1907 NaN	1
153 75.5 0.3688 0.0855478813297	5
156 75.5 0.367657142857 0.0330947557348	7
157.5 75.5 0.30844 0.0725963757896	10
165 75.5 0.25155 0.0803751889578	6
166.5 75.5 0.25832 0.167518407944	5
171 75.5 0.36985 0.0331633080376	2
172.5 75.5 0.43545 0.0581948880917	2
175.5 75.5 0.2389 NaN	1
-168 75 0.253614285714 0.0853728963347	7
-166.5 75 0.23785 0.0345775216	2
-157.5 75 0.216476190476 0.136902406497	21
-156 75 0.319055555556 0.068156421398	9
-153 75 0.1054 NaN	1
-144 75 -0.0177 NaN	1
-142.5 75 0.2243 0.121871757259	24
-141 75 0.249978571429 0.0866887325948	42
-139.5 75 0.21519375 0.147900797693	16
-138 75 0.258955172414 0.105039159235	58
-136.5 75 0.262944444444 0.0760077412638	18
-135 75 0.2073375 0.174512938018	8
-133.5 75 0.3963 0.0162634559673	2
-132 75 0.2105 0.118425807998	6
-130.5 75 0.235947826087 0.132469917235	23
-124.5 75 0.309642857143 0.0516179509196	7
-118.5 75 0.4360875 0.0819335521278	8
-117 75 0.4284875 0.060737634723	24
64.5 75 0.225975 0.0629220350911	4
66 75 0.0867 NaN	1
69 75 0.0380666666667 0.129943539021	3
70.5 75 0.192222222222 0.122785715555	9
72 75 0.00225 0.012515790027	2
75 75 0.245333333333 0.0582019186396	3
76.5 75 0.232971428571 0.113013344977	21
162 75 0.2404 NaN	1
168 75 0.317857142857 0.0740988046944	7
171 75 0.22925 0.163270955776	2
172.5 75 0.30445 0.139087903859	2
174 75 0.2184 NaN	1
175.5 75 0.170423076923 0.0922187088199	13
-174 74.5 0.2895 NaN	1
-166.5 74.5 0.22845 0.0531553518338	8
-165 74.5 0.201385714286 0.031521919811	7
-157.5 74.5 0.152985 0.0821553552408	20
-156 74.5 0.145025 0.129178522651	8
-150 74.5 0.25235 0.0648416918348	2
-148.5 74.5 0.3367 NaN	1
-145.5 74.5 0.244190909091 0.146965774618	11
-142.5 74.5 0.238422413793 0.109542280619	58
-141 74.5 0.216517021277 0.0922510924152	47
-139.5 74.5 0.217821052632 0.103849664735	19
-136.5 74.5 0.102666666667 0.212318267388	6
-135 74.5 0.215315 0.125435423835	20
-133.5 74.5 0.227728571429 0.129431720473	28
-132 74.5 0.28042962963 0.119757206629	54
-130.5 74.5 0.3953 0.0427092495837	2
-126 74.5 0.144433333333 0.189292375265	3
-117 74.5 0.318337878788 0.0968668233514	66
64.5 74.5 0.0932 0.174796796309	2
66 74.5 0.323825 0.167069254602	4
67.5 74.5 0.171131818182 0.0913120363753	22
69 74.5 0.247373684211 0.115337532882	19
70.5 74.5 0.103116666667 0.13108022607	6
150 74.5 0.291847368421 0.0530440840603	19
151.5 74.5 0.3302 0.0761132626419	17
153 74.5 -0.114645454545 0.0435846845494	11
160.5 74.5 0.273996296296 0.0909629361608	27
162 74.5 0.0257 NaN	1
163.5 74.5 0.1425 0.130152679573	6
169.5 74.5 0.0817 NaN	1
171 74.5 0.268911111111 0.127456997105	9
-174 74 0.3094 NaN	1
-154.5 74 0.230066666667 0.0543057777773	9
-151.5 74 0.13696 0.198303537538	5
-150 74 0.174416666667 0.123769983388	12
-145.5 74 0.21315 0.16426090527	2
-144 74 0.274767741935 0.0851960538487	31
-141 74 0.201187096774 0.12740287475	31
-139.5 74 0.264988888889 0.147028929504	9
-136.5 74 0.1485375 0.164537472393	8
-135 74 0.316603225806 0.11010453967	31
-133.5 74 0.3036 0.013717871555	2
-132 74 0.230533333333 0.17939858788	3
-130.5 74 0.1499 NaN	1
-127.5 74 0.301533333333 0.0821467183358	3
-115.5 74 0.277494444444 0.0712720262938	18
60 74 0.234266666667 0.0637997910132	3
61.5 74 0.291085714286 0.0559369268035	14
64.5 74 0.184765 0.0477119898315	20
66 74 0.18725 0.054800775542	2
69 74 0.0375333333333 0.13170978197	6
70.5 74 -0.06055 0.085389831557	4
117 74 0.1964 NaN	1
120 74 0.131412280702 0.0753380620702	57
150 74 0.3217 NaN	1
151.5 74 0.297938095238 0.0551685551396	21
160.5 74 0.245325 0.116589432769	4
162 74 0.22615 0.0414974296393	4
163.5 74 0.3008 0.0391812455136	3
169.5 74 0.2441 NaN	1
177 74 0.2945 0.0847113923861	2
178.5 74 0.263475 0.100665531175	4
-180 73.5 0.16565 0.15634130932	2
-175.5 73.5 0.404 NaN	1
-156 73.5 0.4143 NaN	1
-154.5 73.5 0.176425 0.0896850564035	20
-153 73.5 0.316016666667 0.103081742645	6
-150 73.5 0.07175 0.189292485324	2
-147 73.5 0.2343 0.109762252163	16
-144 73.5 0.2922 NaN	1
-142.5 73.5 0.26465 0.131273887869	12
-141 73.5 0.183253333333 0.0987740774746	15
-139.5 73.5 0.192715789474 0.181509302679	19
-138 73.5 0.257647826087 0.0862742238424	23
-135 73.5 0.316157142857 0.103181169551	49
-133.5 73.5 -0.02555 0.19169664838	2
-132 73.5 0.132842857143 0.187137159548	14
-130.5 73.5 0.1986 0.0257386868352	2
-129 73.5 0.217925 0.0870349498765	4
-127.5 73.5 0.271933333333 0.0451725949369	3
61.5 73.5 0.285430769231 0.0841417294868	13
63 73.5 0.11325 0.0430271619639	4
64.5 73.5 0.178066666667 0.0628487337449	3
66 73.5 0.1973 0.00664680374315	2
73.5 73.5 -0.0806 NaN	1
120 73.5 0.05626 0.106027848378	20
121.5 73.5 0.0169071428571 0.0898511299734	42
135 73.5 0.11018 0.106929322452	25
136.5 73.5 0.0894210526316 0.0865712709287	38
159 73.5 0.23318 0.170419679028	5
165 73.5 0.3921 NaN	1
-178.5 73 0.26675 0.0202939646201	2
-177 73 0.21758 0.113532559207	5
-154.5 73 0.341327777778 0.0561879284247	18
-147 73 0.277725 0.0592748611695	4
-145.5 73 0.157405555556 0.139804584088	18
-144 73 0.276722222222 0.0718499961339	9
-142.5 73 0.157675 0.102198185731	4
-139.5 73 -0.1493 NaN	1
-138 73 0.0713222222222 0.174316914085	18
-136.5 73 0.2057 NaN	1
-132 73 0.05205 0.0193040151264	2
-130.5 73 0.0499666666667 0.103869982831	3
-129 73 0.0772666666667 0.203169149561	3
-127.5 73 0.30494 0.0852508274385	20
-63 73 -0.1883 NaN	1
58.5 73 0.165466666667 0.134188092774	12
61.5 73 0.164 0.148653030017	7
64.5 73 0.185342857143 0.0421164598521	7
136.5 73 0.0978166666667 0.0859129668839	12
157.5 73 0.28775 0.0484368145113	2
165 73 0.2248 0.11368170966	10
166.5 73 0.265869230769 0.100587568687	13
-160.5 72.5 0.3412 NaN	1
-153 72.5 0.244430434783 0.074450742928	23
-151.5 72.5 0.3255 0.0811758584802	2
-145.5 72.5 0.306358333333 0.064675068378	12
-144 72.5 0.1998 NaN	1
-138 72.5 0.0416034482759 0.195707681948	29
-136.5 72.5 0.16996875 0.195402209877	16
-130.5 72.5 0.0340333333333 0.174059338541	3
-73.5 72.5 0.1533 NaN	1
-72 72.5 0.4488 NaN	1
57 72.5 0.232807692308 0.0704901820769	13
60 72.5 0.322825 0.080100119642	4
61.5 72.5 0.1582 0.117961442853	11
63 72.5 0.2178 0.0151320851174	2
64.5 72.5 0.0538428571429 0.0582877876615	7
66 72.5 0.2236 0.129117698245	2
156 72.5 0.29255 0.0614819106188	16
163.5 72.5 0.39742 0.099713420472	10
165 72.5 0.288757142857 0.0814689626062	14
166.5 72.5 0.2147 NaN	1
174 72.5 -0.0341 0.141932572019	5
-169.5 72 0.299 NaN	1
-162 72 0.0491 NaN	1
-153 72 0.1661 NaN	1
-150 72 -0.1929 NaN	1
-142.5 72 0.1723375 0.116504615942	8
-138 72 0.2919625 0.133265502315	8
-136.5 72 0.26888125 0.109105974286	16
-130.5 72 0.4246 0.0341082101553	3
-127.5 72 0.265314285714 0.0938950909006	7
-72 72 0.376733333333 0.0648822266367	3
-69 72 0.3202 0.0755015893872	3
-63 72 0.3141 NaN	1
58.5 72 0.1983 0.0689929706564	7
63 72 0.3941 0.0545886435076	2
66 72 0.3046 0.00537401153702	2
153 72 0.343466666667 0.054363107895	9
154.5 72 0.312478125 0.0554929680775	32
156 72 -0.11715 0.0256679761571	2
160.5 72 -0.02745 0.124662925523	2
163.5 72 0.174963157895 0.0587318029552	19
165 72 0.310633333333 0.203514061758	3
166.5 72 0.3589 0.0580397277733	9
-139.5 71.5 0.268822222222 0.109137685721	9
-138 71.5 0.1087 NaN	1
-130.5 71.5 0.2427 NaN	1
-129 71.5 0.225707692308 0.0526219133939	13
-127.5 71.5 0.1668 NaN	1
-91.5 71.5 0.34808 0.0784034884428	5
-69 71.5 0.104144444444 0.201060942945	9
60 71.5 0.15475 0.113632059737	2
63 71.5 0.199271428571 0.104706545447	14
153 71.5 0.189917460317 0.0856286440989	63
154.5 71.5 -0.0244 0.225567063199	2
156 71.5 0.129816666667 0.166940832378	12
157.5 71.5 0.2106 NaN	1
159 71.5 0.0865666666667 0.0926148116304	3
162 71.5 0.284688888889 0.0537481369186	18
163.5 71.5 0.170928571429 0.0626520111848	14
172.5 71.5 0.2941 NaN	1
-147 71 0.0697 NaN	1
-145.5 71 0.2144 0.0395979797464	2
-91.5 71 0.294121428571 0.0645033711531	14
-90 71 0.3686 0.061930961562	6
-67.5 71 0.0430666666667 0.119388539372	3
-66 71 -0.04835 0.160007114425	4
61.5 71 0.2103 NaN	1
63 71 0.1216 0.00212132034356	2
162 71 0.154996153846 0.0688815823324	26
166.5 71 -0.1739 NaN	1
168 71 0.1589 0.153495895711	3
-90 70.5 0.262 0.0316783837972	2
163.5 70.5 -0.0379 NaN	1
-90 70 0.26374 0.0692811694795	10
162 70 -0.0337538461538 0.0454176290183	13
-66 68.5 0.08918 0.0808151409081	5
-76.5 66.5 0.1925 NaN	1
-79.5 66 -0.0479333333333 0.0386846653512	3
-81 64.5 0.29902 0.101316696003	10
-63 64.5 0.231471428571 0.103536526796	7
-84 61.5 0.146 NaN	1
-81 61.5 -0.0205 NaN	1
-90 61 0.2362 0.0767513300645	4
-88.5 61 0.15095 0.0680943830283	2
-82.5 61 0.0652 0.0429817015329	4
-67.5 61 -0.1031 0.0108894444303	2
-87 60.5 0.298053846154 0.0475416416661	13
-82.5 60.5 0.1952625 0.10348074959	8
-87 60 0.23172 0.0337761191113	10
