lon, lat, freeboard (m), standard deviation, count
-180 81.5 0.156638848921 0.115872412662	139
-178.5 81.5 0.168791954023 0.120237932933	87
-177 81.5 0.179869512195 0.121370466122	82
-175.5 81.5 0.235048360656 0.0814076429835	122
-174 81.5 0.244159756098 0.0849344443844	164
-172.5 81.5 0.195263436123 0.0777801782914	227
-171 81.5 0.175258169935 0.0790635758628	153
-169.5 81.5 0.183748387097 0.0802679705098	93
-168 81.5 0.208313043478 0.0662149756774	23
-166.5 81.5 0.255865671642 0.0811388252024	67
-165 81.5 0.272692727273 0.0769678308332	55
-163.5 81.5 0.286724489796 0.077583295374	49
-162 81.5 0.312533333333 0.0870234670047	15
-160.5 81.5 0.233979310345 0.0724458782191	29
-159 81.5 0.21465 0.0266579256507	2
-157.5 81.5 0.268264285714 0.0807954733848	56
-156 81.5 0.229806521739 0.0571309855689	46
-154.5 81.5 0.255584 0.0651747757955	25
-153 81.5 0.142497222222 0.103187265233	36
-151.5 81.5 0.200576470588 0.106470879818	85
-150 81.5 0.154717241379 0.126596047865	29
-148.5 81.5 0.1461 0.0796172248951	9
-147 81.5 0.104847619048 0.145836633323	21
-144 81.5 0.145027272727 0.0953546442593	11
-142.5 81.5 0.175662837838 0.0838482621082	148
-141 81.5 0.176779545455 0.100763080706	132
-139.5 81.5 0.179935416667 0.12226450146	144
-138 81.5 0.153841791045 0.102800614827	67
-136.5 81.5 0.206805479452 0.0776394227797	73
-135 81.5 0.18814625 0.0888632058439	80
-133.5 81.5 0.19735826087 0.100471699762	115
-132 81.5 0.162415384615 0.122457419565	130
-130.5 81.5 0.179012209302 0.119076168173	172
-129 81.5 0.141476056338 0.126830072442	71
-127.5 81.5 0.17171 0.125023307148	110
-126 81.5 0.154846902655 0.120950317479	113
-124.5 81.5 0.19463377193 0.13354264428	228
-123 81.5 0.149796039604 0.141398633601	101
-121.5 81.5 0.181014609572 0.127457736462	397
-120 81.5 0.150175316456 0.141617710346	158
-118.5 81.5 0.161889808917 0.125496821997	157
-117 81.5 0.14518 0.134366579083	95
-115.5 81.5 0.156826027397 0.130937943346	73
-114 81.5 0.19467979798 0.124399277325	198
-112.5 81.5 0.157443654822 0.130843704951	197
-111 81.5 0.0951312820513 0.132500564075	195
-109.5 81.5 0.154448387097 0.138080563889	155
-108 81.5 0.18484375 0.131230948033	160
-106.5 81.5 0.155412 0.131672471386	150
-105 81.5 0.153997701149 0.115996546638	87
-103.5 81.5 0.159773728814 0.136143542541	118
-102 81.5 0.206741791045 0.13071273117	134
-100.5 81.5 0.210442941176 0.130824051779	170
-99 81.5 0.272325806452 0.11359480324	62
-97.5 81.5 0.234876923077 0.148417328506	39
-96 81.5 0.3949 0.0369109739779	2
-9 81.5 0.3252125 0.116575347206	24
-7.5 81.5 0.235873076923 0.178423681293	26
-6 81.5 0.228629896907 0.130236912462	97
-4.5 81.5 0.264600746269 0.108932779504	134
-3 81.5 0.286476377953 0.117197173741	127
-1.5 81.5 0.271382679739 0.0958778635318	306
0 81.5 0.249813774105 0.0959420570867	363
1.5 81.5 0.270848619958 0.107760835824	471
3 81.5 0.263747325103 0.0951792712372	486
4.5 81.5 0.345869273743 0.10482850417	179
6 81.5 0.270430769231 0.13346763627	91
7.5 81.5 0.256778767123 0.115380808306	146
9 81.5 0.212145783133 0.141377670384	83
10.5 81.5 0.210002840909 0.123234183305	176
12 81.5 0.196716129032 0.12534870736	124
13.5 81.5 0.234854444444 0.111212264057	90
15 81.5 0.108844680851 0.138783517391	47
16.5 81.5 0.22495 0.0255265548008	2
18 81.5 0.226698666667 0.118521338589	75
19.5 81.5 0.17625 0.132324972962	50
21 81.5 0.115686206897 0.146281347615	29
22.5 81.5 0.1059 0.107585500882	13
24 81.5 0.1748575 0.15406020283	40
25.5 81.5 0.124598305085 0.124126815702	59
27 81.5 0.136956756757 0.114850991725	37
28.5 81.5 0.211663333333 0.155300348565	30
30 81.5 0.179231818182 0.0993724709717	22
31.5 81.5 0.21061875 0.0976018423858	32
33 81.5 0.077425 0.125609062837	16
34.5 81.5 0.15757962963 0.117177981671	54
36 81.5 0.174803508772 0.136329549471	57
37.5 81.5 0.18517962963 0.0937998700157	54
39 81.5 0.1143609375 0.124150564782	64
40.5 81.5 0.133377108434 0.107447354466	83
42 81.5 0.129558333333 0.0968137113747	24
43.5 81.5 0.1687 0.111310489173	5
45 81.5 0.18215 0.038450630684	6
46.5 81.5 0.0163666666667 0.0614558649222	3
66 81.5 0.204330769231 0.14494112819	13
67.5 81.5 0.161565853659 0.118653625334	41
69 81.5 0.140718518519 0.160564590495	27
70.5 81.5 0.180336585366 0.127418652002	41
72 81.5 0.190026666667 0.105859894178	30
73.5 81.5 0.155711111111 0.1274172713	27
75 81.5 0.0722375 0.148539508333	8
76.5 81.5 -0.1009 NaN	1
78 81.5 0.153125 0.0852106387404	12
79.5 81.5 0.25495 0.111480433261	6
81 81.5 0.168130612245 0.125135495238	49
82.5 81.5 0.16976 0.0895475551402	20
84 81.5 0.219152941176 0.111405250061	51
85.5 81.5 0.241497826087 0.114078891784	46
87 81.5 0.24542 0.12396815144	85
88.5 81.5 0.122985185185 0.163885726378	27
90 81.5 0.21445 0.0474944558168	4
93 81.5 0.174692857143 0.15389040788	14
94.5 81.5 0.136966666667 0.100021252504	15
97.5 81.5 0.342333333333 0.11060538263	6
99 81.5 0.324833333333 0.0726620487829	3
100.5 81.5 -0.0068 NaN	1
103.5 81.5 0.25405 0.120561706192	2
105 81.5 0.2248 0.0399545992346	3
106.5 81.5 0.009975 0.0869757964417	4
108 81.5 0.2666 NaN	1
109.5 81.5 0.1048 0.102801702321	3
111 81.5 0.06052 0.128713080143	5
112.5 81.5 0.3026 NaN	1
114 81.5 0.3269 0.0782060099992	2
117 81.5 0.196125 0.168258340556	4
118.5 81.5 0.202019047619 0.134670630128	21
120 81.5 0.179896 0.157104374753	25
121.5 81.5 0.148001886792 0.132817806803	53
123 81.5 0.162885 0.123620937057	20
124.5 81.5 0.04054 0.172164435933	5
126 81.5 0.160226315789 0.141173714275	19
127.5 81.5 0.1923875 0.113005013901	16
129 81.5 0.223011111111 0.0683516906236	9
130.5 81.5 0.21248 0.0823417113532	15
132 81.5 0.1814 0.108646321419	20
133.5 81.5 0.229990909091 0.106241715452	33
135 81.5 0.19986875 0.110563969041	32
136.5 81.5 0.223339726027 0.1049076429	73
138 81.5 0.210520325203 0.116259355315	123
139.5 81.5 0.173528571429 0.109149974746	56
141 81.5 0.159834090909 0.128278946129	88
142.5 81.5 0.170931578947 0.127008988879	76
144 81.5 0.1880375 0.104860162288	88
145.5 81.5 0.19577739726 0.118630666949	146
147 81.5 0.197108176101 0.100285787809	159
148.5 81.5 0.182072535211 0.124033868713	142
150 81.5 0.186048837209 0.119644035513	86
151.5 81.5 0.168590740741 0.141312999667	54
153 81.5 0.217702158273 0.108520076596	139
154.5 81.5 0.213637349398 0.104846351822	83
156 81.5 0.27021875 0.101678304593	16
157.5 81.5 0.235803571429 0.129818712576	28
159 81.5 0.202463265306 0.139304577416	49
160.5 81.5 0.186586363636 0.126644364792	110
162 81.5 0.179824210526 0.127572727456	95
163.5 81.5 0.192144285714 0.101457015437	70
165 81.5 0.192746568627 0.0950359788649	204
166.5 81.5 0.192846285714 0.0871325913623	175
168 81.5 0.147358163265 0.135229230296	98
169.5 81.5 0.15985 0.090663163761	96
171 81.5 0.175119 0.127172896464	100
172.5 81.5 0.164332432432 0.112369746952	37
174 81.5 0.202863265306 0.107083586571	98
175.5 81.5 0.176858333333 0.116258134899	156
177 81.5 0.18125751634 0.121023926893	153
178.5 81.5 0.18540859375 0.131404467875	128
-180 81 0.174027272727 0.144398418429	66
-178.5 81 0.18789527027 0.101779602713	148
-177 81 0.190705785124 0.0993054339714	121
-175.5 81 0.200207228916 0.0815041717216	166
-174 81 0.217703731343 0.0908635285086	134
-172.5 81 0.208905769231 0.0738811340364	156
-171 81 0.183723076923 0.0863573749457	130
-169.5 81 0.252261290323 0.0625100881321	31
-168 81 0.19917826087 0.102160916452	46
-166.5 81 0.1809 0.0750776982148	27
-165 81 0.254687755102 0.0728875521856	49
-163.5 81 0.281769090909 0.0666451572877	55
-162 81 0.238256818182 0.0652019274852	44
-160.5 81 0.215168292683 0.0790517660746	41
-159 81 0.242494871795 0.0872426137688	39
-157.5 81 0.210704545455 0.0690783333099	66
-156 81 0.1826 0.106078054146	29
-154.5 81 0.164213333333 0.0829566140587	30
-153 81 0.214594117647 0.0828402262686	17
-151.5 81 0.201403225806 0.0803219126759	31
-150 81 0.155741176471 0.124019872696	17
-148.5 81 0.226 0.0217788888605	2
-144 81 0.22765 0.0471640223051	2
-142.5 81 0.1061 0.10929043874	7
-141 81 0.21170625 0.0543172041747	32
-139.5 81 0.131797777778 0.119901396021	45
-138 81 0.22493 0.0783829355908	50
-136.5 81 0.201221917808 0.101427093749	73
-135 81 0.171680769231 0.0852346311368	104
-133.5 81 0.18772 0.0979440233867	100
-132 81 0.160990833333 0.132093960063	120
-130.5 81 0.154618691589 0.116817034919	107
-129 81 0.145175675676 0.13791632194	111
-127.5 81 0.157832467532 0.122891978071	77
-126 81 0.136885507246 0.127814191409	138
-124.5 81 0.155164705882 0.126560882471	170
-123 81 0.0959291262136 0.113692970303	103
-121.5 81 0.16353877551 0.126358117027	98
-120 81 0.14991183432 0.115046629685	169
-118.5 81 0.149382278481 0.103357276498	79
-117 81 0.127665322581 0.121560400219	124
-115.5 81 0.15663081761 0.120435516624	159
-114 81 0.147632692308 0.139259977901	104
-112.5 81 0.135128965517 0.121243270671	145
-111 81 0.150523214286 0.131136609179	112
-109.5 81 0.18448375 0.127877347824	160
-108 81 0.206737623762 0.119855043992	101
-106.5 81 0.17166462585 0.142912219826	147
-105 81 0.143825595238 0.126373177532	168
-103.5 81 0.183085826772 0.123107905775	127
-102 81 0.2084875 0.142181959956	96
-100.5 81 0.300417582418 0.121146265677	91
-99 81 0.288945454545 0.154898042434	22
-10.5 81 0.2725 0.0869173553824	4
-7.5 81 0.287102631579 0.108024152672	38
-6 81 0.274479310345 0.122140216747	58
-4.5 81 0.285001428571 0.123196366177	210
-3 81 0.276558301158 0.109755090462	259
-1.5 81 0.278418376068 0.103872827722	234
0 81 0.264837864078 0.104389501434	309
1.5 81 0.2547344 0.10753212431	125
3 81 0.302091780822 0.0854356105065	73
4.5 81 0.270186805556 0.104666093953	144
6 81 0.238410828025 0.113944000854	157
7.5 81 0.219059482759 0.115756385853	116
9 81 0.26909375 0.137234597571	80
10.5 81 0.191867924528 0.12766625175	53
12 81 0.12395 0.137387528295	30
22.5 81 0.189568181818 0.0724850026285	22
24 81 0.223583333333 0.113745846811	6
25.5 81 0.170877777778 0.0495437124613	9
27 81 0.154655555556 0.12204389693	9
28.5 81 0.183528571429 0.202904186866	7
30 81 0.241705882353 0.0760039593589	17
31.5 81 0.1242 0.14300635184	7
33 81 0.1771 0.13139729606	18
34.5 81 0.119776470588 0.111327723015	17
36 81 0.13362 0.185631320094	5
37.5 81 0.166907692308 0.114887565639	26
39 81 0.0603625 0.136354348639	8
40.5 81 0.0991041666667 0.126001630352	24
42 81 0.129045454545 0.0833246465775	11
43.5 81 0.240185714286 0.0385168114192	7
48 81 0.2206 NaN	1
67.5 81 0.0872555555556 0.131710763713	9
69 81 0.194116666667 0.144447853286	24
70.5 81 0.157146511628 0.108216848765	43
72 81 0.212426470588 0.114962110514	34
73.5 81 0.144775 0.205428076885	12
75 81 0.0665 NaN	1
76.5 81 0.134275 0.0592888058574	4
78 81 -0.05425 0.00855599205236	2
81 81 0.25076 0.0732438598109	5
82.5 81 0.1983875 0.0764525269103	32
84 81 0.20485625 0.106733378109	48
85.5 81 0.301894594595 0.0874884022344	37
87 81 0.226625 0.0819844179446	36
88.5 81 0.216818181818 0.140243939302	22
90 81 0.23715 0.07060016525	4
102 81 0.298333333333 0.0612668208195	3
106.5 81 0.11682 0.147295390288	5
108 81 0.1871 0.156853323204	5
111 81 0.133514285714 0.114481722392	7
112.5 81 0.131933333333 0.245282578536	3
114 81 0.077 0.0520430590953	2
115.5 81 0.1872 NaN	1
117 81 0.0920111111111 0.131674925901	9
118.5 81 0.20529375 0.120193430041	16
120 81 0.1468 0.1564252182	10
121.5 81 0.27405 0.0217081781824	2
123 81 0.16144 0.0996992611139	10
124.5 81 0.1538 NaN	1
126 81 0.172266666667 0.126791534944	3
127.5 81 0.282 NaN	1
129 81 0.147646666667 0.103621866602	15
130.5 81 0.20586 0.0824683151277	5
132 81 0.20785 0.112974215915	14
133.5 81 0.171475 0.116381793922	24
135 81 0.207485714286 0.0975829354227	21
136.5 81 0.191514285714 0.0976865369219	35
138 81 0.192361904762 0.111504257659	21
139.5 81 0.192773529412 0.104271020143	34
141 81 0.226014285714 0.0742719901408	56
142.5 81 0.177873076923 0.0915599602433	52
144 81 0.213741269841 0.124576744885	63
145.5 81 0.20912037037 0.108967685992	108
147 81 0.196820253165 0.10320749374	79
148.5 81 0.199359821429 0.105457727716	112
150 81 0.210037179487 0.109093854635	78
151.5 81 0.19131 0.130960862817	40
153 81 0.191606896552 0.104414902583	58
154.5 81 0.207230555556 0.107016057058	36
156 81 0.194594444444 0.0979076151845	36
157.5 81 0.169687719298 0.105179020977	57
159 81 0.210007317073 0.0826043866579	41
160.5 81 0.183095384615 0.103131194406	65
162 81 0.193363333333 0.135162490929	30
163.5 81 0.245486363636 0.105328289554	66
165 81 0.226687573964 0.0955929018306	169
166.5 81 0.218555555556 0.106856169443	144
168 81 0.17224213198 0.0951146622827	197
169.5 81 0.136739534884 0.128655544933	86
171 81 0.180904651163 0.11054179764	43
172.5 81 0.223972 0.113120685995	25
174 81 0.178772368421 0.112557880339	76
175.5 81 0.194257894737 0.111020029999	114
177 81 0.186201298701 0.129805333494	77
178.5 81 0.202855737705 0.140835236505	61
-180 80.5 0.216865822785 0.0899850099854	79
-178.5 80.5 0.216192592593 0.0759507756277	108
-177 80.5 0.212054464286 0.087119401226	112
-175.5 80.5 0.257621875 0.0772635361744	32
-174 80.5 0.178638 0.0960200933266	50
-172.5 80.5 0.148164 0.0869899126336	25
-171 80.5 0.189833962264 0.0732248353818	53
-169.5 80.5 0.191086666667 0.0845926455323	30
-168 80.5 0.216571428571 0.0638333412077	28
-166.5 80.5 0.195259375 0.0885635724262	32
-165 80.5 0.255634545455 0.090052927273	55
-163.5 80.5 0.244841818182 0.0561058579199	55
-162 80.5 0.225674285714 0.0640648354627	35
-160.5 80.5 0.12306 0.113096419041	25
-159 80.5 0.170151282051 0.0820128259282	39
-157.5 80.5 0.194341176471 0.0719255088514	17
-156 80.5 0.24004 0.119843472914	5
-154.5 80.5 0.12716 0.0771514938287	5
-153 80.5 0.125353846154 0.0828310893263	13
-150 80.5 0.23332 0.121874964615	5
-148.5 80.5 0.0946666666667 0.0655336809079	3
-147 80.5 0.2132 NaN	1
-144 80.5 0.05925 0.0468811795927	2
-142.5 80.5 0.1586 0.037300938326	8
-141 80.5 0.20448 0.0835518521638	5
-139.5 80.5 0.136136363636 0.0931652432265	11
-136.5 80.5 0.169866666667 0.0529205694099	6
-135 80.5 0.149302631579 0.129660685006	38
-133.5 80.5 0.149816129032 0.136099210672	62
-132 80.5 0.170372619048 0.130129364134	84
-130.5 80.5 0.152146153846 0.141544356951	26
-129 80.5 0.182648387097 0.133847973141	31
-127.5 80.5 0.133872131148 0.120408298678	122
-126 80.5 0.154960576923 0.130385050679	104
-124.5 80.5 0.143339252336 0.125914580777	107
-123 80.5 0.099140625 0.141347000846	96
-121.5 80.5 0.16831 0.105200599479	200
-120 80.5 0.190579230769 0.118251014147	260
-118.5 80.5 0.121158361775 0.119017260058	293
-117 80.5 0.0895901785714 0.115415384519	112
-115.5 80.5 0.118812053571 0.115635516707	224
-114 80.5 0.135049438202 0.120888899476	178
-112.5 80.5 0.128986757991 0.119086542265	219
-111 80.5 0.135693023256 0.127075722484	86
-109.5 80.5 0.177914754098 0.13382350919	61
-108 80.5 0.219008571429 0.132600950269	140
-106.5 80.5 0.209894240838 0.120713451561	191
-105 80.5 0.194402564103 0.144887316694	78
-103.5 80.5 0.1786515625 0.151687590385	64
-102 80.5 0.212840625 0.114465180712	96
-100.5 80.5 0.144304 0.120639664843	25
-15 80.5 0.2425 0.0278600071787	2
-13.5 80.5 0.126702857143 0.12886608527	35
-12 80.5 0.157617647059 0.153839637428	17
-10.5 80.5 0.334754716981 0.14204169562	53
-9 80.5 0.25906 0.0507917611429	5
-7.5 80.5 0.27498 0.0365369265265	5
-6 80.5 0.238978125 0.0875830243142	96
-4.5 80.5 0.234820467836 0.104680546492	171
-3 80.5 0.276957407407 0.137365717073	54
-1.5 80.5 0.307114782609 0.100441361302	115
0 80.5 0.263192307692 0.0994855232527	117
1.5 80.5 0.1012 NaN	1
3 80.5 0.21775 0.0621975615814	4
4.5 80.5 0.178 0.121622366364	2
6 80.5 0.24097826087 0.083186449708	23
7.5 80.5 0.240175 0.0411797179042	4
28.5 80.5 0.196133333333 0.0997033767399	3
30 80.5 0.2541 0.121934695637	3
31.5 80.5 0.2759 0.0318198051534	2
33 80.5 0.10322 0.0561471459649	5
37.5 80.5 0.18042 0.0686208204556	5
39 80.5 0.1988 0.0905332719686	4
40.5 80.5 0.132415789474 0.123890225886	19
42 80.5 0.126252941176 0.140342327532	17
63 80.5 0.169922580645 0.0841779373695	31
64.5 80.5 0.0747769230769 0.139568484706	13
66 80.5 0.206030769231 0.0805636744509	13
67.5 80.5 0.126747619048 0.162676755005	21
69 80.5 0.117539285714 0.0979358117048	28
70.5 80.5 -0.0274454545455 0.126192189644	11
72 80.5 0.149155555556 0.158347648476	9
73.5 80.5 0.1894 NaN	1
76.5 80.5 0.210107142857 0.0908112960128	14
78 80.5 0.147077777778 0.100605787331	9
79.5 80.5 0.26385 0.0941445696788	8
81 80.5 0.151211363636 0.0893997248211	44
82.5 80.5 0.192011904762 0.105134687605	42
84 80.5 0.179290909091 0.081787347599	33
85.5 80.5 0.214833333333 0.0743167705229	15
87 80.5 0.20258 0.0867017980078	10
88.5 80.5 0.2356 0.0773842038145	5
90 80.5 0.216981818182 0.158564755341	11
100.5 80.5 0.093 NaN	1
102 80.5 0.2106 0.00183847763108	2
103.5 80.5 0.0888666666667 0.0767434904949	3
105 80.5 0.00416 0.124939877541	5
106.5 80.5 0.0078 NaN	1
108 80.5 0.29152 0.0794921820055	5
109.5 80.5 0.0718 0.101399112422	2
111 80.5 0.17085 0.0553664609669	2
112.5 80.5 0.01835 0.0533865619796	2
114 80.5 0.1072 NaN	1
117 80.5 0.2428 NaN	1
118.5 80.5 0.2211 0.0797616449178	2
121.5 80.5 0.172233333333 0.11000656041	3
123 80.5 0.121153333333 0.104374852381	15
124.5 80.5 0.2991 0.0493149064685	3
126 80.5 0.209 0.0545886435076	2
127.5 80.5 0.369 NaN	1
130.5 80.5 0.2322 0.0534174284917	13
133.5 80.5 0.185384615385 0.105189042888	13
135 80.5 0.206406666667 0.0707126425014	15
136.5 80.5 0.284592982456 0.0934258622416	57
138 80.5 0.30291 0.0793571315846	10
139.5 80.5 0.212816666667 0.0676048938071	6
141 80.5 0.209756756757 0.115674763263	37
142.5 80.5 0.195145 0.100428568356	20
144 80.5 0.163025 0.0676999630724	8
145.5 80.5 0.203664285714 0.107822237843	28
147 80.5 0.219074074074 0.100671891244	27
148.5 80.5 0.187862068966 0.113540337117	29
150 80.5 0.187743939394 0.0952069488879	66
151.5 80.5 0.199305952381 0.100191382347	84
153 80.5 0.202506666667 0.0957343084245	15
154.5 80.5 0.23951025641 0.0774990689074	39
156 80.5 0.185545454545 0.0651786156022	33
157.5 80.5 0.193165 0.119528434777	60
159 80.5 0.2217125 0.115129138658	56
160.5 80.5 0.243971084337 0.0937093073053	83
162 80.5 0.2227 0.0828547936175	64
163.5 80.5 0.17526875 0.0824112757638	64
165 80.5 0.162383636364 0.105883154964	55
166.5 80.5 0.163975 0.115503194208	48
168 80.5 0.160392682927 0.094113594635	41
169.5 80.5 0.130903571429 0.10606350842	84
171 80.5 0.165505263158 0.142937701318	38
172.5 80.5 0.1889 0.106657738233	33
174 80.5 0.192524561404 0.107029242134	57
175.5 80.5 0.168704411765 0.109450381907	68
177 80.5 0.206985263158 0.113786984606	95
178.5 80.5 0.198276712329 0.0852952690504	73
-180 80 0.167652272727 0.101002699684	44
-178.5 80 0.19375 0.0846276742968	110
-177 80 0.191882692308 0.0873269389172	104
-175.5 80 0.163265151515 0.0726304608537	66
-174 80 0.215774074074 0.0624569109888	54
-172.5 80 0.25497826087 0.0440647143572	23
-171 80 0.20525 0.0183140656327	2
-169.5 80 0.19261875 0.0882204981377	16
-168 80 0.23627761194 0.0624072301097	67
-166.5 80 0.19358030303 0.0581918239557	66
-165 80 0.203351923077 0.0668914675247	52
-163.5 80 0.24016 0.0938061144655	10
-162 80 0.151675 0.0447514897331	4
-160.5 80 0.280125 0.046662017355	12
-156 80 0.2331 NaN	1
-153 80 0.197133333333 0.118777130234	6
-150 80 0.2266 0.120360749416	3
-148.5 80 0.2571 0.0562349535431	3
-136.5 80 0.132954545455 0.101760516544	11
-135 80 0.131445 0.131829050121	80
-133.5 80 0.174184615385 0.126838472688	26
-132 80 0.262333333333 0.101272971057	6
-130.5 80 0.232533333333 0.133720024678	9
-129 80 0.164340350877 0.124244075541	57
-127.5 80 0.176241605839 0.132909037139	137
-126 80 0.165219047619 0.123326026914	126
-124.5 80 0.127777777778 0.108889021378	153
-123 80 0.133690555556 0.118551361095	180
-121.5 80 0.0988571428571 0.105232818048	154
-120 80 0.123222666667 0.121100130596	150
-118.5 80 0.13246372549 0.132005739907	306
-117 80 0.128070860927 0.124049296432	151
-115.5 80 0.161757142857 0.119140117781	105
-114 80 0.1304 0.110898724712	85
-112.5 80 0.180413253012 0.113710685268	83
-111 80 0.208829787234 0.109735587238	141
-109.5 80 0.125970731707 0.135051557084	123
-108 80 0.0969638418079 0.12187410346	177
-106.5 80 0.125384883721 0.106758251939	86
-105 80 0.325244736842 0.117759802937	38
-103.5 80 0.230492592593 0.156878377502	27
-102 80 0.290892307692 0.124429394046	13
-13.5 80 0.2392 0.0257386868352	2
-12 80 0.163030769231 0.14631581929	13
-10.5 80 0.333507692308 0.136805460792	13
-9 80 0.3014225 0.118279418171	40
-7.5 80 0.1955 0.106582581441	4
-6 80 0.251013461538 0.0879387242743	52
-4.5 80 0.267206666667 0.106867685325	105
-3 80 0.235405882353 0.105712358489	102
-1.5 80 0.249066666667 0.122441301276	63
0 80 0.1464 0.142143466259	5
31.5 80 0.29 NaN	1
37.5 80 0.186071428571 0.158931502167	7
39 80 0.180385714286 0.0686665718908	7
40.5 80 0.0258823529412 0.107156452415	17
42 80 0.11535 0.173714708646	8
43.5 80 0.163576190476 0.103323428634	21
45 80 0.3382 NaN	1
48 80 0.19065 0.0607404725039	2
61.5 80 0.107372727273 0.111403878666	11
63 80 0.0615375 0.097820353588	24
64.5 80 0.152070930233 0.109423926694	86
66 80 0.13596 0.0989373193462	70
67.5 80 0.137755555556 0.0830917431384	9
69 80 0.24274 0.138601165219	5
70.5 80 0.08315 0.182787102937	2
72 80 0.0640166666667 0.144582245337	6
73.5 80 -0.0023 NaN	1
75 80 0.15025 0.235961532882	2
76.5 80 0.197154545455 0.110618132188	22
78 80 0.2379 0.128060740796	4
79.5 80 0.1825625 0.161418541487	8
81 80 0.169980645161 0.0929443360991	31
82.5 80 0.128633333333 0.0942645703898	27
84 80 0.145 0.107123371244	13
85.5 80 0.178134615385 0.0874025443214	26
87 80 0.15669375 0.0936626640714	48
88.5 80 0.179768 0.125380197533	25
90 80 0.2694 NaN	1
102 80 0.11333 0.173752736509	10
103.5 80 0.08222 0.21419560453	5
105 80 0.2501 0.033941125497	2
106.5 80 0.18718 0.0238521906751	5
108 80 0.206418181818 0.0662788096307	22
109.5 80 0.138825 0.151321211886	4
112.5 80 0.265183333333 0.0539050059518	6
115.5 80 0.3922 NaN	1
118.5 80 -0.00375 0.112783531599	2
121.5 80 0.0962 0.125440742982	2
126 80 0.154466666667 0.0544765392929	3
129 80 0.1093 NaN	1
132 80 0.2269 NaN	1
133.5 80 0.079 NaN	1
135 80 0.2803 0.0754545392935	9
138 80 0.21022 0.0399937120058	5
139.5 80 0.105783333333 0.139397251288	6
141 80 0.150866666667 0.100166528009	3
142.5 80 0.01396 0.0923687880185	5
144 80 0.237583333333 0.0937144901638	6
145.5 80 0.140375675676 0.106600626445	37
147 80 0.217821428571 0.0900635688199	14
148.5 80 0.1128 0.0444063058585	2
150 80 0.14662 0.102237258375	5
151.5 80 0.356166666667 0.028800925911	3
153 80 0.317075 0.0354029542082	4
154.5 80 0.2488 0.103590588376	3
156 80 0.221827906977 0.0841115651568	43
157.5 80 0.242625 0.1173651875	20
159 80 0.235144117647 0.0755158790894	34
160.5 80 0.275221052632 0.0786658939153	19
162 80 0.26782 0.110805854238	10
163.5 80 0.171496666667 0.112166174394	30
165 80 0.185236734694 0.128225620967	49
166.5 80 0.172865420561 0.121396366318	107
168 80 0.19870862069 0.0918089650564	58
169.5 80 0.160708695652 0.115849325784	23
171 80 0.16075 0.119358454725	22
172.5 80 0.206747619048 0.141652781897	21
174 80 0.171494366197 0.106657525201	71
175.5 80 0.228663829787 0.101345160167	47
177 80 0.184291666667 0.121709114037	48
178.5 80 0.258027777778 0.139159408405	18
-180 79.5 0.196376595745 0.0967329960239	141
-178.5 79.5 0.205003597122 0.0899443196602	139
-177 79.5 0.207066666667 0.0757623708457	60
-175.5 79.5 0.170453658537 0.0551799651031	41
-174 79.5 0.205158823529 0.0769878972536	17
-172.5 79.5 0.199462162162 0.0711523145222	37
-171 79.5 0.201766666667 0.0831056355891	6
-169.5 79.5 0.3838 NaN	1
-168 79.5 0.134265789474 0.0724938628393	38
-166.5 79.5 0.1659125 0.0559318975779	16
-165 79.5 0.212431578947 0.123033428396	19
-163.5 79.5 0.0836 0.0889540330733	2
-162 79.5 0.16495 0.065789791508	4
-160.5 79.5 0.23892 0.042664187428	10
-159 79.5 0.3405 NaN	1
-151.5 79.5 0.213022222222 0.0570394770702	9
-150 79.5 0.16128 0.08666349866	5
-148.5 79.5 0.2186 NaN	1
-145.5 79.5 0.2345 NaN	1
-138 79.5 0.190114285714 0.114578161815	14
-136.5 79.5 0.170964285714 0.128922055207	14
-133.5 79.5 0.13725 0.153654303552	2
-132 79.5 0.205686666667 0.117966973929	60
-130.5 79.5 0.15014 0.0942565279046	20
-129 79.5 0.115891111111 0.112571726271	45
-127.5 79.5 0.13891875 0.136530793968	32
-126 79.5 0.174313888889 0.0873903334072	36
-124.5 79.5 0.171444919786 0.114249461604	187
-123 79.5 0.131564705882 0.122041206477	136
-121.5 79.5 0.118706179775 0.1186757745	178
-120 79.5 0.140326993865 0.121317475592	163
-118.5 79.5 0.0850175438596 0.115603032466	57
-117 79.5 0.130539534884 0.138579648178	86
-115.5 79.5 0.16666043956 0.119519524095	91
-114 79.5 0.171504511278 0.125489202641	133
-112.5 79.5 0.140534883721 0.153888819775	129
-111 79.5 0.172120833333 0.120511604959	96
-109.5 79.5 0.16132 0.116855277008	35
-108 79.5 0.0895737704918 0.150881775906	61
-106.5 79.5 0.276807692308 0.119368319789	13
-105 79.5 0.364847826087 0.0773393341625	23
-103.5 79.5 0.190375 0.145242380753	4
-102 79.5 0.260089473684 0.124244163264	19
-70.5 79.5 0.139273684211 0.193794842387	19
-69 79.5 0.227053333333 0.103863150805	15
-12 79.5 0.137058333333 0.163583975979	12
-10.5 79.5 0.2385375 0.132532615258	8
-9 79.5 0.314475 0.0876122660743	4
-7.5 79.5 0.310592 0.0837647545212	25
-6 79.5 0.232845112782 0.108820802425	133
-4.5 79.5 0.167144578313 0.122499010701	83
-3 79.5 0.258888636364 0.107453923529	44
0 79.5 0.247395 0.116268661094	20
27 79.5 0.255985714286 0.0858673284506	7
28.5 79.5 0.272275 0.029272555406	4
30 79.5 0.243396153846 0.116825896036	26
31.5 79.5 0.185393103448 0.110498551804	29
33 79.5 0.228266666667 0.0611618399549	6
34.5 79.5 0.142005882353 0.109133060128	34
36 79.5 0.156717777778 0.0898036692248	90
37.5 79.5 0.148284210526 0.115026834769	38
39 79.5 0.148196153846 0.126086225991	26
40.5 79.5 0.117035294118 0.0963877063036	17
42 79.5 0.2748 NaN	1
43.5 79.5 0.263 0.0759488424314	4
45 79.5 0.21307 0.0922280874306	10
46.5 79.5 0.128866666667 0.0870208174328	6
48 79.5 0.2086 NaN	1
49.5 79.5 0.179466666667 0.0967726028722	15
51 79.5 0.164555555556 0.0867350001811	27
52.5 79.5 0.211147058824 0.0642800913741	17
54 79.5 0.208455555556 0.090406423654	18
55.5 79.5 0.1086 0.0467088856643	3
60 79.5 0.1792625 0.154984883479	8
61.5 79.5 0.158647916667 0.131848841545	48
63 79.5 0.244661538462 0.12868738308	13
64.5 79.5 0.144659183673 0.0836789572273	49
66 79.5 0.04785 0.114654615562	24
67.5 79.5 -0.0320333333333 0.0588347119763	3
69 79.5 -0.1592 NaN	1
73.5 79.5 0.0721 NaN	1
79.5 79.5 0.158585714286 0.100465928837	14
81 79.5 0.185446153846 0.0792628297793	26
82.5 79.5 0.151163636364 0.077550705658	22
84 79.5 0.187822222222 0.0763982947745	9
85.5 79.5 0.202857142857 0.0580438011948	7
87 79.5 0.12733030303 0.124878647306	33
88.5 79.5 0.200175 0.0729697540081	8
90 79.5 0.166291666667 0.116048430357	24
108 79.5 0.0838 NaN	1
111 79.5 0.214466666667 0.157777575508	3
112.5 79.5 0.140627272727 0.149616550494	11
114 79.5 0.0411833333333 0.159737752791	6
118.5 79.5 -0.01165 0.111227896681	2
124.5 79.5 0.146 0.0568108557701	4
127.5 79.5 0.3128 NaN	1
130.5 79.5 0.0622666666667 0.0569501068187	6
135 79.5 0.0967125 0.0806176591342	8
136.5 79.5 0.2420375 0.0750115026893	8
138 79.5 0.197666666667 0.0070691819423	3
139.5 79.5 0.1894 NaN	1
141 79.5 0.245225 0.109626741719	4
142.5 79.5 0.256521428571 0.112507204409	14
144 79.5 0.30019 0.156249170309	10
145.5 79.5 0.23555 0.127132521712	14
147 79.5 0.19464 0.100731359252	20
148.5 79.5 0.266675 0.071723770716	8
150 79.5 0.21259 0.0813701753989	10
151.5 79.5 0.2398 NaN	1
153 79.5 0.169071428571 0.10734169296	7
154.5 79.5 0.238345 0.0519707962022	20
156 79.5 0.1613 0.0117379725677	2
159 79.5 0.1744 NaN	1
160.5 79.5 0.219828571429 0.148333326378	7
162 79.5 0.1709 0.0282510176808	3
163.5 79.5 0.204278846154 0.0971556247785	52
165 79.5 0.271011428571 0.0872398319192	70
166.5 79.5 0.261058333333 0.0713612739407	48
168 79.5 0.173966666667 0.115526014386	27
169.5 79.5 0.204889285714 0.102873699404	28
171 79.5 0.170930769231 0.112767530213	39
172.5 79.5 0.235243333333 0.107215733802	30
174 79.5 0.0483307692308 0.132534142674	13
175.5 79.5 0.2396125 0.12304650773	32
177 79.5 0.180645454545 0.115197764982	33
178.5 79.5 0.203670512821 0.112852571461	78
-180 79 0.193612 0.0704356193674	75
-178.5 79 0.182320634921 0.0858769865878	63
-177 79 0.227122666667 0.0840471720749	150
-175.5 79 0.201131578947 0.0792383225347	95
-174 79 0.284213043478 0.0938131609073	46
-172.5 79 0.335166666667 0.0588072248705	12
-171 79 0.26268 0.0560667102655	15
-169.5 79 0.288523529412 0.0653286741161	17
-166.5 79 0.3306 NaN	1
-165 79 0.236333333333 0.037898856623	3
-159 79 0.286825 0.104555388033	4
-157.5 79 0.0842461538462 0.0420046151311	13
-153 79 0.28592 0.0416501740693	5
-151.5 79 0.126188888889 0.0553925636806	9
-150 79 0.2462 0.103970256736	8
-148.5 79 0.1795 NaN	1
-147 79 0.145171428571 0.124095658187	7
-144 79 0.18825 0.0253851334446	2
-138 79 0.21146 0.0549247940369	5
-136.5 79 0.0572666666667 0.172360503983	3
-135 79 0.19957 0.11954736904	10
-133.5 79 0.187611428571 0.0902172272952	35
-132 79 0.171476666667 0.131492319648	30
-130.5 79 0.135127906977 0.120628438417	43
-129 79 0.154743373494 0.128877326047	83
-127.5 79 0.1014 0.0960716659583	13
-126 79 0.110275 0.11590571766	124
-124.5 79 0.0975054347826 0.121165414465	92
-123 79 0.131813 0.138133084456	100
-121.5 79 0.147425252525 0.140422285387	99
-120 79 0.175205208333 0.115225035081	96
-118.5 79 0.127361904762 0.139123940098	42
-117 79 0.148846590909 0.129019577904	88
-115.5 79 0.146569306931 0.106921343746	101
-114 79 0.114295 0.16835304532	20
-112.5 79 0.241426506024 0.138148372062	83
-111 79 0.274461904762 0.135684883005	21
-109.5 79 0.193193103448 0.159141993944	29
-108 79 0.30112 0.125129319037	30
-73.5 79 0.234066666667 0.0249143198449	3
-12 79 0.31072 0.112540012066	20
-10.5 79 0.258529268293 0.125296744259	41
-9 79 0.234366666667 0.106188621487	3
-7.5 79 0.25006 0.129465487679	25
-6 79 0.213811764706 0.116767990489	17
-4.5 79 0.27978 0.05148783184	30
-3 79 0.247006666667 0.0891260824603	30
-1.5 79 0.134475 0.118314901147	4
24 79 0.2634 0.0609423908294	5
25.5 79 0.04245 0.121785807876	6
31.5 79 0.186889655172 0.0958287026225	29
33 79 0.211358333333 0.0775087311585	24
34.5 79 0.160223636364 0.0721858120964	55
36 79 0.128911428571 0.088028607554	35
37.5 79 0.17398125 0.0835618909851	16
39 79 0.0498882352941 0.103753704044	17
40.5 79 0.09115 0.0941008855785	4
42 79 0.111608333333 0.115554894144	12
43.5 79 0.0324428571429 0.130424867991	7
45 79 0.0942 0.0950608949569	17
46.5 79 0.0796 0.196544218943	3
48 79 0.182083333333 0.136223191413	12
49.5 79 0.132851428571 0.128957298841	35
51 79 0.178563333333 0.115141500602	30
52.5 79 0.148645454545 0.114839709107	22
54 79 0.189665714286 0.122082418985	35
55.5 79 0.19885 0.104226704627	48
57 79 0.14515625 0.126192688477	16
58.5 79 0.0867347826087 0.149807906117	23
60 79 0.06985625 0.0623915696095	16
61.5 79 0.160566666667 0.149036782932	6
63 79 0.295977777778 0.0944447692805	9
64.5 79 0.05908 0.206356831726	5
67.5 79 0.14555 0.088176215614	2
69 79 -0.1756 NaN	1
70.5 79 0.1357 0.163704510221	7
73.5 79 0.05036 0.0982732822287	5
75 79 0.1992 0.0828381856392	5
78 79 0.0429666666667 0.204159014823	3
79.5 79 0.19424 0.115004752076	5
81 79 0.1192 0.147543616682	18
82.5 79 0.155394117647 0.0898520205017	17
84 79 0.17672173913 0.0940209597354	23
85.5 79 0.131827777778 0.0890616627469	18
87 79 0.212476190476 0.0711923725181	21
88.5 79 0.211366666667 0.107020512053	9
90 79 0.130066666667 0.157325490624	9
91.5 79 0.187614285714 0.0980020352215	35
93 79 0.120553333333 0.135998939482	30
94.5 79 0.10325 0.0818122545833	2
112.5 79 -0.0482 NaN	1
114 79 0.09835 0.13220210718	8
115.5 79 0.1026 0.141351710827	14
117 79 0.238328571429 0.0928748358968	21
118.5 79 0.203 NaN	1
123 79 0.2352 0.0613687216748	3
124.5 79 0.280485714286 0.10051478214	7
132 79 0.2816 NaN	1
133.5 79 0.1927 NaN	1
135 79 0.1327 0.0725371628891	7
136.5 79 0.283966666667 0.0419786056621	3
138 79 0.202575 0.136937553547	8
139.5 79 0.149575 0.0769289444878	4
141 79 0.2793 0.144108362006	2
142.5 79 0.3849 NaN	1
144 79 0.1769 0.0331130387209	4
145.5 79 0.4031 NaN	1
147 79 0.2741 0.0206475180106	2
150 79 0.2588 NaN	1
151.5 79 0.271766666667 0.0425706315042	6
154.5 79 0.2894 0.0408707719526	2
156 79 0.23616 0.0879299607642	5
159 79 0.32795 0.0675286976033	2
160.5 79 0.181686666667 0.13011313685	15
162 79 0.2143125 0.107346574069	8
163.5 79 0.202502702703 0.0869868300584	37
165 79 0.18409382716 0.100526249489	81
166.5 79 0.199631481481 0.0870255367486	108
168 79 0.22736626506 0.0869695899713	83
169.5 79 0.220045 0.0857573528282	40
171 79 0.193846153846 0.110058708692	13
172.5 79 0.156211764706 0.11269203281	51
174 79 0.18148 0.127886842027	45
175.5 79 0.112914814815 0.115655974283	27
177 79 0.134113513514 0.114057369001	37
178.5 79 0.141147297297 0.108321610466	74
-180 78.5 0.213565979381 0.093908891892	97
-178.5 78.5 0.183911711712 0.0867433295719	111
-177 78.5 0.229911627907 0.0897638960812	86
-175.5 78.5 0.176319672131 0.0841008914334	61
-174 78.5 0.155726315789 0.0558675799657	19
-172.5 78.5 0.235419047619 0.0739043004097	21
-171 78.5 0.201026666667 0.0466579417014	15
-169.5 78.5 0.231590909091 0.0834106162853	11
-168 78.5 0.212966666667 0.0128593675324	3
-166.5 78.5 0.18915 0.0634274782724	2
-163.5 78.5 0.129475 0.139246959871	4
-162 78.5 0.118 0.0562969803808	11
-160.5 78.5 0.07635 0.0657088781419	4
-159 78.5 0.2125 0.0567860546261	11
-157.5 78.5 0.2105 0.0312541197284	2
-154.5 78.5 0.2237 NaN	1
-153 78.5 0.196614285714 0.112952705264	14
-151.5 78.5 0.21746 0.0375245652873	5
-150 78.5 0.233766666667 0.0404964607507	3
-148.5 78.5 0.038 NaN	1
-145.5 78.5 0.24155 0.0757311362651	2
-142.5 78.5 0.255 NaN	1
-138 78.5 0.09336 0.11643852169	10
-136.5 78.5 0.132937037037 0.135798318071	27
-135 78.5 0.133481481481 0.122810971187	27
-133.5 78.5 0.203911111111 0.149971742709	9
-132 78.5 0.177634782609 0.154624020857	23
-130.5 78.5 0.145005 0.121415740436	40
-129 78.5 0.192787096774 0.106789646009	31
-127.5 78.5 0.0760148148148 0.134200804491	27
-126 78.5 0.133095652174 0.164712533364	46
-124.5 78.5 0.14771369863 0.13343915521	73
-123 78.5 0.124461538462 0.13659095445	91
-121.5 78.5 0.176491111111 0.0990080982324	90
-120 78.5 0.147153271028 0.106122566481	107
-118.5 78.5 0.253881944444 0.105709565341	72
-117 78.5 0.202735353535 0.114048534341	198
-115.5 78.5 0.216835087719 0.107620965473	114
-114 78.5 0.11915 0.0839335749268	2
-15 78.5 0.120114285714 0.0681529033993	14
-13.5 78.5 0.187390909091 0.128096163496	33
-12 78.5 0.30506875 0.127341052395	16
-10.5 78.5 0.225916666667 0.186000789919	30
-9 78.5 0.270969491525 0.108656677365	59
-7.5 78.5 0.292157692308 0.0842400245635	26
-6 78.5 0.28506 0.0672937441372	5
-4.5 78.5 0.268661904762 0.0768518560716	42
-3 78.5 0.21205 0.10413460258	12
24 78.5 0.0783666666667 0.137228821768	15
27 78.5 0.32165 0.0108187337522	2
28.5 78.5 0.273275 0.054478520232	4
30 78.5 0.172281944444 0.0760564603592	72
31.5 78.5 0.131724358974 0.11260309468	78
33 78.5 0.137340145985 0.0877939109672	137
34.5 78.5 0.0791268292683 0.0918792577908	41
36 78.5 0.0986166666667 0.046722389351	6
39 78.5 0.157535 0.137762256213	20
40.5 78.5 0.069966 0.131951590706	50
42 78.5 0.150125 0.0902419848703	4
43.5 78.5 0.230375 0.148750291316	4
45 78.5 0.0751285714286 0.0995425489307	7
46.5 78.5 0.132658333333 0.133095737643	12
48 78.5 0.0920333333333 0.11555781104	27
49.5 78.5 0.138997674419 0.139471858381	43
51 78.5 0.086225 0.139994802284	16
57 78.5 0.0581 0.200661730283	3
58.5 78.5 0.0302655172414 0.128106123072	29
61.5 78.5 0.282366666667 0.00467047463684	3
63 78.5 0.170633333333 0.118846183338	18
64.5 78.5 0.30625 0.061289558654	4
66 78.5 0.2121 0.0817411768939	4
67.5 78.5 0.3554 NaN	1
70.5 78.5 0.149966666667 0.101926264198	3
72 78.5 0.1923 0.109743367301	4
73.5 78.5 0.18445 0.186181215486	2
75 78.5 -0.0698 NaN	1
76.5 78.5 0.2371875 0.0430604371785	8
78 78.5 0.121364285714 0.106744004387	14
79.5 78.5 0.10065 0.0916549585597	8
81 78.5 0.121742857143 0.0884438954217	14
82.5 78.5 0.14365 0.14398123972	24
84 78.5 0.1339 0.0789049038156	27
85.5 78.5 0.172411111111 0.0954048333274	18
87 78.5 0.133011764706 0.144733366412	17
88.5 78.5 0.2187 NaN	1
90 78.5 0.209244444444 0.0681049027441	9
91.5 78.5 0.202009090909 0.134313208616	22
93 78.5 0.116840298507 0.124556723186	67
94.5 78.5 0.10313 0.110690774113	20
96 78.5 0.161274712644 0.113124790344	87
97.5 78.5 0.117091666667 0.102724507639	12
109.5 78.5 0.3134 NaN	1
111 78.5 0.2238 0.242679047303	2
112.5 78.5 0.146941666667 0.131186691802	12
114 78.5 0.0752333333333 0.0782782696538	9
115.5 78.5 0.138711111111 0.0849384401264	9
117 78.5 0.130533333333 0.103018641904	24
121.5 78.5 0.0256 0.10111626971	2
123 78.5 0.2175 NaN	1
124.5 78.5 0.191533333333 0.113991988023	3
132 78.5 0.2104 0.0214960461481	2
135 78.5 0.11855 0.084640681708	2
136.5 78.5 0.3112 NaN	1
138 78.5 -0.0824 NaN	1
141 78.5 0.3114 NaN	1
142.5 78.5 0.2325 0.0940452018978	2
144 78.5 0.2137 0.00480832611207	2
147 78.5 0.2605 NaN	1
148.5 78.5 0.3166 NaN	1
154.5 78.5 0.2325 NaN	1
156 78.5 0.271275 0.0408269824993	4
157.5 78.5 0.17805 0.0622635527416	4
159 78.5 0.205013333333 0.0721457044228	15
160.5 78.5 0.2651 0.0797089392728	5
162 78.5 0.192566666667 0.0230911960135	3
163.5 78.5 0.260096491228 0.0916829980439	57
165 78.5 0.237178125 0.115464433428	64
166.5 78.5 0.159117460317 0.111536051657	63
168 78.5 0.190357142857 0.107646685929	35
169.5 78.5 0.202666666667 0.0692431272161	6
171 78.5 0.154333333333 0.0718057664484	15
172.5 78.5 0.128985714286 0.136861771125	14
174 78.5 0.195524137931 0.110952556319	29
175.5 78.5 0.148658695652 0.123230868384	46
177 78.5 0.195344117647 0.107284835245	34
178.5 78.5 0.220206944444 0.100032247373	72
-180 78 0.186205479452 0.0717979222278	73
-178.5 78 0.212763414634 0.086761253957	82
-177 78 0.1909875 0.0644743245999	24
-175.5 78 0.168473333333 0.098405673138	30
-174 78 0.20696 0.0393914076925	5
-172.5 78 0.21549375 0.135788990564	16
-171 78 0.164166666667 0.128189488366	24
-169.5 78 0.3431 NaN	1
-165 78 0.1886 0.0635815126432	17
-163.5 78 0.260990909091 0.043799119958	11
-162 78 0.177272727273 0.0657066068354	11
-160.5 78 0.1846 NaN	1
-156 78 0.2483 0.00848528137424	2
-154.5 78 0.194466666667 0.0691361217695	3
-153 78 0.234966666667 0.0727220370085	6
-150 78 0.1676 NaN	1
-148.5 78 0.073 NaN	1
-147 78 0.176066666667 0.136474515326	3
-145.5 78 0.1725 0.0648786559663	4
-144 78 0.179742857143 0.11566693358	7
-142.5 78 0.263428571429 0.126268440426	7
-141 78 0.207925 0.0641696904049	4
-139.5 78 0.1716 0.104130025556	10
-138 78 0.179514814815 0.139773439492	27
-135 78 0.140658823529 0.126887342054	17
-133.5 78 0.279357142857 0.101576373042	14
-132 78 0.0805961538462 0.154002811613	26
-130.5 78 0.0954969230769 0.127503231539	65
-129 78 0.114578125 0.128950359877	32
-127.5 78 0.117891666667 0.121937432141	36
-126 78 0.10329375 0.161539800224	32
-124.5 78 0.145234482759 0.127917139128	29
-123 78 0.129268786127 0.11727206966	173
-121.5 78 0.141936216216 0.115648352574	185
-120 78 0.195038518519 0.117130748468	135
-118.5 78 0.209235384615 0.0886759980751	65
-117 78 0.197641818182 0.12777505218	55
-15 78 0.068975 0.166108044658	4
-13.5 78 0.0920058823529 0.143099198419	17
-12 78 0.190836842105 0.114560684783	38
-10.5 78 0.228218181818 0.135377677169	44
-9 78 0.167591666667 0.126377576106	12
-7.5 78 0.146305405405 0.107312101797	37
-6 78 0.241512121212 0.138738654396	33
-4.5 78 0.225657142857 0.106861230441	21
27 78 0.272593150685 0.0936265176835	73
28.5 78 0.16164 0.13333044235	15
30 78 0.194330769231 0.117362035206	13
31.5 78 0.0957 0.0429920922961	2
36 78 -0.00665 0.0311834090503	2
43.5 78 0.2839 NaN	1
51 78 0.1723 NaN	1
52.5 78 0.134675 0.164716956727	4
54 78 0.0055 NaN	1
60 78 -0.028 NaN	1
61.5 78 0.0678333333333 0.102697043125	6
67.5 78 -0.117 NaN	1
70.5 78 0.109525 0.115016995121	4
73.5 78 0.3439 NaN	1
75 78 -0.007175 0.192522334202	4
76.5 78 -0.0313 0.108696151419	7
78 78 0.11873125 0.0753082883331	16
79.5 78 0.173275 0.112633544441	16
81 78 0.132016666667 0.143473868751	24
82.5 78 0.1806 0.0936389164112	4
84 78 0.110442857143 0.151837587103	7
85.5 78 0.211926666667 0.118642129753	15
87 78 0.15017 0.0744156054422	10
88.5 78 0.105 0.158661478045	14
90 78 0.2443 0.0248901586978	2
91.5 78 0.0384 0.0506899069507	4
93 78 0.197385714286 0.11916718548	7
94.5 78 0.175762162162 0.107967503731	37
96 78 0.260265384615 0.0822998223197	26
97.5 78 0.180926666667 0.120610072586	30
109.5 78 0.138357142857 0.171478063292	7
112.5 78 0.0131 0.169915822296	7
114 78 0.1302 0.206954407217	4
115.5 78 0.192816666667 0.117875568574	6
117 78 0.2894 NaN	1
118.5 78 0.0628333333333 0.161029479703	3
120 78 0.1876 NaN	1
136.5 78 0.28245 0.0280721392131	2
147 78 0.306525 0.0301285440516	4
153 78 -0.00735 0.115547205361	4
154.5 78 0.26698 0.0659723477426	10
156 78 0.3335 NaN	1
157.5 78 0.318442857143 0.0530962602934	7
160.5 78 0.160254166667 0.0895648124771	24
162 78 0.239318421053 0.0723214777088	38
163.5 78 0.297379487179 0.0567599802469	39
165 78 0.229723684211 0.0983504831305	38
166.5 78 0.239452631579 0.125861292119	19
168 78 0.237831818182 0.0825485334089	22
169.5 78 0.227307317073 0.0829693840831	41
171 78 0.174316666667 0.102735714188	12
172.5 78 0.195867346939 0.110990811151	98
174 78 0.176713793103 0.104025325639	29
175.5 78 0.0924 0.0456790980647	2
177 78 0.175206896552 0.0870011959195	87
178.5 78 0.208681437126 0.0830333694154	167
-180 77.5 0.215047761194 0.085045925843	67
-178.5 77.5 0.212482352941 0.0660757071327	34
-177 77.5 0.103066666667 0.104600174333	18
-175.5 77.5 0.213876923077 0.0952495304248	26
-174 77.5 0.31364375 0.0551665837109	16
-172.5 77.5 0.10988 0.101522989655	15
-171 77.5 0.2314 NaN	1
-169.5 77.5 0.0398 NaN	1
-166.5 77.5 0.3003 0.0745290547371	2
-165 77.5 0.3187 NaN	1
-162 77.5 0.1901875 0.0910411435639	8
-160.5 77.5 0.154628571429 0.0717025967518	7
-157.5 77.5 0.2388 0.113002079627	3
-156 77.5 0.28529 0.0847751594907	10
-154.5 77.5 0.156385714286 0.134458028502	7
-153 77.5 0.0796 0.110591500578	2
-151.5 77.5 0.2391 0.0298399061661	2
-148.5 77.5 0.19534 0.0885250134143	5
-147 77.5 0.238009090909 0.0479917587622	11
-145.5 77.5 0.189734210526 0.119951247476	38
-144 77.5 0.1729625 0.0803010076732	16
-142.5 77.5 0.227128571429 0.0677503681241	7
-141 77.5 0.286 NaN	1
-139.5 77.5 0.141418181818 0.137480462744	11
-138 77.5 0.144745454545 0.139355497657	11
-136.5 77.5 0.226994444444 0.129967572753	18
-135 77.5 0.08496 0.174127049402	10
-133.5 77.5 0.17856 0.0649466935263	5
-132 77.5 0.16644 0.10415231963	20
-130.5 77.5 0.043 0.0378435595577	5
-129 77.5 0.138258333333 0.157105369727	12
-127.5 77.5 0.101626086957 0.130777491157	46
-126 77.5 0.140182539683 0.11880544755	63
-124.5 77.5 0.0932958333333 0.156633580938	24
-123 77.5 0.178207777778 0.113695314528	90
-121.5 77.5 0.129256578947 0.1242164036	152
-120 77.5 0.17477027027 0.0881821437734	37
-118.5 77.5 0.16892 0.114926491839	20
-76.5 77.5 -0.0839 NaN	1
-75 77.5 0.04645 0.10033845225	2
-16.5 77.5 0.0041 0.177978144726	4
-15 77.5 0.161337931034 0.109089433866	29
-13.5 77.5 0.2143 0.0910328544441	35
-12 77.5 0.240613953488 0.0970936479247	43
-10.5 77.5 0.266866666667 0.0708251474367	54
-9 77.5 0.217122352941 0.0921707387929	85
-7.5 77.5 0.288034 0.0826266167769	50
-6 77.5 0.242252941176 0.0949420979376	34
27 77.5 0.114130769231 0.11896363159	13
28.5 77.5 0.0387 0.092348145623	2
40.5 77.5 0.186 NaN	1
42 77.5 0.1208 NaN	1
67.5 77.5 0.225766666667 0.0570019590307	3
72 77.5 -0.03265 0.0597505230103	2
73.5 77.5 -0.0413 NaN	1
75 77.5 0.3654 0.00565685424949	2
76.5 77.5 0.12778 0.134992118288	5
78 77.5 0.227416666667 0.146391754094	6
79.5 77.5 0.15606 0.106713649549	5
84 77.5 0.181166666667 0.123106633994	3
85.5 77.5 0.1194 0.198504722866	5
88.5 77.5 0.254525 0.0697082192667	4
90 77.5 0.061 0.0644881384442	2
91.5 77.5 0.271166666667 0.122518202729	9
93 77.5 0.1957625 0.0718139647681	8
94.5 77.5 0.192595348837 0.0931836051222	43
96 77.5 0.19347826087 0.135509694241	23
97.5 77.5 0.0722133333333 0.149210014345	15
99 77.5 0.25498 0.0705105453106	5
100.5 77.5 0.173454545455 0.137701996138	22
102 77.5 0.0581 NaN	1
115.5 77.5 0.13666 0.0767021055774	5
117 77.5 0.23515 0.000212132034366	2
121.5 77.5 0.07075 0.249113719012	2
153 77.5 0.2432 0.23603224356	2
154.5 77.5 0.27075 0.0230125328173	4
156 77.5 0.160533333333 0.142072230456	6
157.5 77.5 0.11205 0.104108496291	6
159 77.5 0.1934 0.0374381489927	5
160.5 77.5 0.197307142857 0.119147597311	14
162 77.5 0.285428571429 0.0677827346813	14
163.5 77.5 0.253258536585 0.0898893374534	41
165 77.5 0.166736363636 0.1369322188	11
166.5 77.5 0.2149 0.0942036320198	15
168 77.5 0.2335375 0.107001749986	16
169.5 77.5 0.266825 0.0601765913197	8
171 77.5 0.172346153846 0.0878025568228	26
172.5 77.5 0.216680645161 0.0801942450942	31
174 77.5 0.239518181818 0.0619827367392	22
175.5 77.5 0.195305681818 0.0951487865216	88
177 77.5 0.190542741935 0.103989363256	124
178.5 77.5 0.218201785714 0.0924007821515	56
-180 77 0.156523076923 0.137617138915	13
-178.5 77 0.2361234375 0.0945415399457	64
-177 77 0.196231578947 0.0865608395718	19
-175.5 77 0.1998 0.0544390546085	16
-174 77 0.24195 0.0908632213825	2
-172.5 77 0.173333333333 0.00765266837994	3
-171 77 0.13205 0.00898025612107	2
-169.5 77 0.2674 NaN	1
-168 77 0.2514 0.0284690475195	4
-165 77 0.251 0.0368016303987	3
-162 77 0.20185 0.207677261634	2
-160.5 77 0.11285 0.172883345063	6
-159 77 0.1184 0.111015764646	2
-157.5 77 0.1647 NaN	1
-156 77 0.17168 0.0857610750865	5
-154.5 77 0.3591 NaN	1
-153 77 0.220681818182 0.065659802287	11
-150 77 0.07075 0.0546593541857	2
-148.5 77 0.138372727273 0.130198648925	11
-147 77 0.1681875 0.12802531488	8
-145.5 77 0.154053333333 0.128351931738	15
-144 77 0.206070588235 0.0899348011388	17
-142.5 77 0.161483606557 0.0814414026163	61
-141 77 0.203293023256 0.0611094116177	43
-139.5 77 0.127444444444 0.16015440293	9
-138 77 0.123747826087 0.126944847973	23
-136.5 77 0.129162857143 0.124305958131	35
-135 77 0.17878125 0.115577231371	32
-133.5 77 0.180645714286 0.0882714541256	35
-132 77 0.136042857143 0.133858908007	14
-130.5 77 0.194 0.0901911303843	8
-129 77 0.13855 0.415990919372	2
-127.5 77 0.20865625 0.124109435412	16
-126 77 0.139876119403 0.140900566798	67
-124.5 77 0.168867883212 0.113327234367	137
-123 77 0.125687168142 0.101200811872	226
-121.5 77 0.101585555556 0.109298818893	90
-76.5 77 0.195425 0.0810657089445	4
-75 77 0.0418 NaN	1
-16.5 77 0.223693181818 0.147479047621	44
-15 77 0.16095 0.156858205608	4
-13.5 77 0.193775925926 0.113364311604	54
-12 77 0.25822037037 0.0932747298983	54
-10.5 77 0.223045652174 0.109281196322	46
-9 77 0.2463546875 0.12316743402	64
-7.5 77 0.243466666667 0.13600779512	21
-6 77 0.076 NaN	1
-4.5 77 0.204475 0.116199178855	4
21 77 0.1549 NaN	1
25.5 77 0.20253 0.112677633095	10
27 77 0.265916666667 0.113456289674	6
37.5 77 0.1491 NaN	1
40.5 77 0.33575 0.0811051478021	2
73.5 77 0.201854545455 0.0932240780446	11
75 77 0.239645454545 0.132946992171	11
76.5 77 0.220416666667 0.0676637903861	18
78 77 0.34115 0.0276478751444	2
81 77 0.070625 0.120810716274	4
82.5 77 0.136233333333 0.111910601226	6
85.5 77 0.11595 0.222385082683	2
88.5 77 0.2081 NaN	1
90 77 0.2097 NaN	1
91.5 77 0.188012244898 0.10616953744	49
93 77 0.102634782609 0.137440336175	23
94.5 77 0.259644444444 0.0662605484265	9
109.5 77 0.3118 NaN	1
115.5 77 0.131613333333 0.0729572660306	15
118.5 77 0.2541 NaN	1
120 77 0.0785 NaN	1
141 77 0.22905 0.0915703281637	2
157.5 77 0.321175 0.0792861641986	4
159 77 0.18981 0.0778914551012	10
160.5 77 0.23238 0.115716774929	5
162 77 0.174 0.238860670685	2
163.5 77 -0.03245 0.209232896553	2
165 77 0.145211111111 0.158276652393	18
166.5 77 0.209853333333 0.107675623098	15
168 77 0.230786666667 0.0587771805413	15
169.5 77 0.0187666666667 0.197726444025	6
172.5 77 0.2249125 0.0432378056027	16
174 77 0.2044625 0.105790232254	104
175.5 77 0.18641754386 0.108091936931	57
177 77 0.197503703704 0.0831005777583	54
178.5 77 0.207081818182 0.0572973440603	11
-180 76.5 0.2056825 0.0698559833074	40
-178.5 76.5 0.22262 0.0834757948949	25
-177 76.5 0.131416666667 0.0922410363552	12
-175.5 76.5 0.204044444444 0.0956342134269	9
-174 76.5 0.1102 0.017253405461	2
-171 76.5 0.2688 0.0822318064985	3
-169.5 76.5 0.21275 0.0663500565184	4
-168 76.5 0.256233333333 0.0124540488731	3
-166.5 76.5 0.226061538462 0.0758773960463	13
-163.5 76.5 0.233033333333 0.0637534574226	3
-162 76.5 0.1034 NaN	1
-159 76.5 0.19595 0.0263750829383	2
-157.5 76.5 0.1123 NaN	1
-154.5 76.5 0.2396 0.0995606347911	2
-153 76.5 0.12135 0.0350017856687	2
-151.5 76.5 0.18494 0.0700681668092	5
-150 76.5 0.2045 0.114641920779	3
-148.5 76.5 0.194373333333 0.0845488317624	15
-147 76.5 0.171444230769 0.120778532396	52
-145.5 76.5 0.126578571429 0.146683432962	14
-144 76.5 0.151651923077 0.102975054071	52
-142.5 76.5 0.188647297297 0.058091774871	74
-141 76.5 0.168148181818 0.0734213986904	110
-139.5 76.5 0.115527368421 0.114927817719	95
-138 76.5 0.15965 0.112207868571	14
-136.5 76.5 0.1913 NaN	1
-135 76.5 0.212308695652 0.0842688172298	23
-133.5 76.5 0.140344444444 0.0879284668226	9
-132 76.5 0.14992173913 0.131258855828	23
-130.5 76.5 0.136416666667 0.133844272479	24
-129 76.5 0.110755555556 0.111251327671	18
-127.5 76.5 0.143546153846 0.131613990839	26
-126 76.5 0.110000980392 0.15115763164	102
-124.5 76.5 0.162199047619 0.111164167836	105
-123 76.5 0.132078082192 0.115446331021	73
-76.5 76.5 0.220814285714 0.0870918562701	7
-18 76.5 0.161022222222 0.111916776543	27
-16.5 76.5 0.0718684210526 0.11919511107	19
-15 76.5 0.0953944444444 0.124049755066	18
-13.5 76.5 0.208022857143 0.11731774372	35
-12 76.5 0.17475 0.143490161877	46
-10.5 76.5 0.119744444444 0.133864820912	9
-9 76.5 0.171645 0.103692797674	20
-7.5 76.5 0.25748 0.0538498096561	5
-6 76.5 0.182076470588 0.081701044435	17
73.5 76.5 -0.1693 0.0233345237792	2
75 76.5 0.136333333333 0.144847655602	3
76.5 76.5 0.0409636363636 0.1351057902	11
78 76.5 0.16505862069 0.11466565533	29
79.5 76.5 0.14702 0.114207596556	10
81 76.5 0.16575 0.0303348809129	2
82.5 76.5 0.3195 NaN	1
84 76.5 0.0219 NaN	1
85.5 76.5 0.25935 0.0523966124859	2
87 76.5 0.176875 0.165043941119	4
88.5 76.5 0.120695833333 0.174334719232	24
90 76.5 0.212377777778 0.15948796032	27
91.5 76.5 0.172533333333 0.0716207697995	6
93 76.5 -0.0532 NaN	1
115.5 76.5 0.1249 NaN	1
117 76.5 0.2475 0.0212501764699	3
156 76.5 0.0638 NaN	1
157.5 76.5 0.20835 0.0772279094628	4
159 76.5 0.22945 0.0833322797369	14
163.5 76.5 0.2585 NaN	1
165 76.5 0.16104 0.0833667079835	5
166.5 76.5 0.191546666667 0.0897432915652	15
168 76.5 0.188171428571 0.0938825989252	7
169.5 76.5 0.203418918919 0.0852935090595	37
171 76.5 0.219035294118 0.0681877641258	17
172.5 76.5 0.156564864865 0.100765371632	37
174 76.5 0.192880357143 0.115170514566	56
175.5 76.5 0.186524 0.0912288846802	25
177 76.5 0.231241071429 0.0944250598032	56
178.5 76.5 0.21621 0.0783850051284	70
-180 76 0.192776315789 0.0864689897053	38
-178.5 76 0.18225 0.0934706511777	20
-177 76 0.268614285714 0.0788981501383	7
-175.5 76 0.23311 0.134975153681	10
-174 76 0.21148 0.0841548097259	5
-172.5 76 0.19845 0.0579335299191	10
-171 76 0.26395 0.0490024999362	2
-169.5 76 0.1818 NaN	1
-166.5 76 0.214070833333 0.0877449390547	24
-165 76 0.208633333333 0.0810302577231	6
-163.5 76 0.2501 NaN	1
-160.5 76 0.00845 0.0215667568262	2
-157.5 76 0.06795 0.015485638508	2
-153 76 0.2079625 0.0603143654412	8
-151.5 76 0.157946153846 0.0991931332921	13
-150 76 0.115383333333 0.114651822027	18
-148.5 76 0.21565 0.0774334488448	6
-147 76 0.175825806452 0.112034988486	31
-145.5 76 0.180342307692 0.110528324598	26
-144 76 0.146101315789 0.0935933195528	76
-142.5 76 0.157596907216 0.0740414600264	97
-141 76 0.177864035088 0.0771804025371	114
-139.5 76 0.1455140625 0.0895888153223	64
-138 76 0.192784615385 0.0740643734211	13
-135 76 0.161423076923 0.0611066711285	13
-133.5 76 0.139140540541 0.123440314996	37
-132 76 0.21113125 0.104409167661	16
-130.5 76 0.1182 0.0586406002698	3
-129 76 0.127435416667 0.14452600221	48
-127.5 76 0.0989189189189 0.140056424816	37
-126 76 0.0740818181818 0.128244724762	44
-124.5 76 0.0524708333333 0.103366493107	48
-73.5 76 0.183371428571 0.152761706745	7
-63 76 0.3548 NaN	1
-16.5 76 0.044462962963 0.0928016294127	27
-15 76 0.1379 0.18976975523	21
-13.5 76 0.1223 0.137886771444	24
-12 76 0.11307037037 0.143181409448	27
-10.5 76 0.203458333333 0.107962202631	12
-9 76 0.123766666667 0.13697762591	9
-7.5 76 0.09789 0.143990782498	10
69 76 0.0324 NaN	1
72 76 0.05935 0.139370746572	2
73.5 76 0.1842 0.000282842712474	2
75 76 -0.0719 0.000848528137424	2
76.5 76 0.177058333333 0.102435047787	12
78 76 0.158605263158 0.0739079417901	19
79.5 76 0.10466 0.190175111411	5
84 76 0.210963636364 0.0717768106386	11
85.5 76 0.16104 0.112054303162	15
87 76 0.165055555556 0.0595887177054	9
88.5 76 0.193273684211 0.117288456579	19
90 76 0.191918181818 0.163431097519	11
91.5 76 -0.1619 NaN	1
118.5 76 -0.163 NaN	1
123 76 0.2697 0.0630571962586	3
133.5 76 0.1704 NaN	1
135 76 0.24955 0.0525377641955	4
157.5 76 0.2353 NaN	1
159 76 0.0847 0.190867367562	6
160.5 76 0.0421 0.108431960233	3
162 76 0.0961 0.0751423316114	3
163.5 76 0.0794 0.162782656734	10
165 76 0.280025 0.062952223948	4
166.5 76 0.179828571429 0.061110029572	7
168 76 0.211722857143 0.0763954459904	35
169.5 76 0.223521875 0.0953429285379	32
171 76 0.1942 0.0826513944955	84
172.5 76 0.1347 0.126812312584	62
174 76 0.192657142857 0.0835607358239	21
175.5 76 0.10423255814 0.131213188436	43
177 76 0.118055555556 0.148564540782	9
178.5 76 0.177636363636 0.0552524799937	11
-180 75.5 0.161366666667 0.11774324872	57
-178.5 75.5 0.128012903226 0.0895629415251	31
-177 75.5 0.1153 0.0328097546471	2
-175.5 75.5 0.1181 0.0224859956417	2
-171 75.5 0.153653846154 0.0695059543659	13
-168 75.5 0.212830769231 0.0965364709081	26
-166.5 75.5 0.227785714286 0.0824749947675	7
-165 75.5 0.23748 0.0769909540141	5
-163.5 75.5 0.292 NaN	1
-162 75.5 0.126371428571 0.126367608116	7
-159 75.5 0.169276190476 0.108342710437	21
-157.5 75.5 0.219622222222 0.117359338974	9
-156 75.5 0.3315 0.0461090735828	4
-154.5 75.5 0.08735 0.157500985888	10
-153 75.5 0.0974 0.148412290596	11
-151.5 75.5 0.146747761194 0.116510656761	67
-150 75.5 0.142630769231 0.0599128448194	13
-148.5 75.5 0.169275 0.0951054259517	12
-147 75.5 0.139523076923 0.0856616226191	13
-145.5 75.5 0.187668421053 0.0863875448982	57
-144 75.5 0.163877631579 0.105117425893	76
-142.5 75.5 0.154795652174 0.135353783096	69
-141 75.5 0.140434693878 0.120893411302	49
-139.5 75.5 0.190934615385 0.079679590923	52
-138 75.5 0.187587179487 0.0883504033872	39
-136.5 75.5 0.167833333333 0.076236911445	24
-135 75.5 0.203690909091 0.0988933591161	33
-133.5 75.5 0.1345 0.0857768267075	6
-132 75.5 0.194928571429 0.0755879557047	7
-130.5 75.5 0.104924193548 0.160238537029	62
-129 75.5 0.144644827586 0.166815825701	29
-127.5 75.5 0.103887179487 0.134402555543	39
-126 75.5 0.0261833333333 0.104916652911	24
-124.5 75.5 0.103311363636 0.113078721737	44
-123 75.5 0.20928 0.114373393509	15
-121.5 75.5 0.3906 0.0658778161953	4
-120 75.5 0.0962 NaN	1
-78 75.5 0.038 0.147219631843	2
-76.5 75.5 0.2745 NaN	1
-73.5 75.5 0.114475 0.177935548123	8
-72 75.5 0.2136 0.0809139790148	6
-66 75.5 0.211525 0.0864368121809	4
-64.5 75.5 0.071585 0.135232272989	20
-63 75.5 0.110753333333 0.104915856535	15
-61.5 75.5 0.20975 0.00502045814643	2
-16.5 75.5 0.0694357142857 0.108571193283	14
-15 75.5 0.111785365854 0.145559629638	41
-13.5 75.5 0.11565 0.185865573543	8
-12 75.5 0.1951625 0.139443961863	16
-10.5 75.5 0.19275 0.0193040151264	2
-9 75.5 0.23075 0.0687384275975	8
64.5 75.5 0.3108 NaN	1
69 75.5 -0.00255 0.1014698231	2
72 75.5 0.0847 NaN	1
73.5 75.5 0.18905 0.13485129217	6
75 75.5 0.238325 0.0325801959274	4
76.5 75.5 0.0650125 0.145393391847	8
78 75.5 0.172454545455 0.1260281426	11
79.5 75.5 0.188075 0.0870818129282	8
81 75.5 0.1709 0.0808930157677	2
84 75.5 0.182366666667 0.124632189528	6
85.5 75.5 0.127136842105 0.146635785425	19
87 75.5 0.10555 0.118051730186	6
88.5 75.5 -0.0614 NaN	1
129 75.5 0.23396 0.128265731979	5
133.5 75.5 0.23795 0.0786076120148	4
135 75.5 0.274 0.0124450793489	2
150 75.5 0.2025 NaN	1
153 75.5 0.0851 NaN	1
160.5 75.5 0.0883 NaN	1
168 75.5 0.1411875 0.0886270754341	16
169.5 75.5 0.131255 0.0870382642713	20
171 75.5 0.156901612903 0.113782964947	62
172.5 75.5 0.128672727273 0.116907517951	88
174 75.5 0.14282962963 0.106970420227	54
175.5 75.5 0.200675 0.0952105517612	4
177 75.5 0.168807407407 0.105813031501	27
178.5 75.5 0.180673684211 0.0943167684045	38
-180 75 0.0913727272727 0.133996970793	11
-178.5 75 0.123523529412 0.117560923192	17
-177 75 0.199435294118 0.12422380479	17
-175.5 75 0.0488 0.0786118947743	3
-169.5 75 0.193 0.109805221491	4
-168 75 0.2357375 0.0792667857	24
-166.5 75 0.16824 0.0981334958106	5
-165 75 0.289966666667 0.144152985863	3
-163.5 75 0.173008333333 0.129866032079	12
-162 75 0.1871 NaN	1
-160.5 75 0.232028571429 0.0779606677388	7
-159 75 0.161272727273 0.12947484768	11
-157.5 75 0.178971428571 0.0997246935593	14
-156 75 0.149725 0.100593617259	4
-154.5 75 0.07180625 0.11537169088	32
-153 75 0.1652 NaN	1
-151.5 75 0.150353658537 0.117192423171	41
-150 75 0.132687301587 0.126785341185	63
-148.5 75 0.14775952381 0.114972355234	42
-147 75 0.150036956522 0.0761911466385	46
-145.5 75 0.21594 0.055605079704	10
-144 75 0.160134482759 0.114644733549	58
-142.5 75 0.208923076923 0.107432189107	13
-141 75 0.14534516129 0.11320466374	31
-139.5 75 0.186438235294 0.0761872534265	34
-138 75 0.178252173913 0.0994230953253	46
-136.5 75 0.179186885246 0.0987720430679	61
-135 75 0.178623076923 0.0890449367973	39
-133.5 75 0.1369 NaN	1
-132 75 0.145595 0.144137867025	20
-130.5 75 0.126574545455 0.137051920708	55
-129 75 0.0881909090909 0.18391214494	22
-127.5 75 0.118373333333 0.175540559673	60
-126 75 0.1108625 0.141541799936	32
-124.5 75 0.205764285714 0.144223270325	14
-123 75 0.213394444444 0.104178029027	18
-121.5 75 0.0521333333333 0.128233106868	12
-78 75 0.170266666667 0.0809380833312	3
-76.5 75 0.06235 0.236527218307	2
-75 75 0.1107 0.119487991028	6
-73.5 75 -0.1182 NaN	1
-67.5 75 -0.0413 0.0219203102168	2
-64.5 75 0.034825 0.135595387704	4
-63 75 0.248 NaN	1
-61.5 75 0.0368125 0.0973774752115	8
-16.5 75 0.15385 0.104512212909	18
-15 75 0.237008695652 0.174171589501	46
-13.5 75 0.13785 0.0941804466886	14
-12 75 0.0972636363636 0.0910879275506	11
63 75 0.19395 0.0255265548008	2
78 75 0.17038 0.104844513447	5
84 75 0.159985714286 0.0974398007074	7
123 75 0.187233333333 0.0907307187965	3
124.5 75 0.3003 NaN	1
127.5 75 0.195272222222 0.0834402978222	18
135 75 0.3431 NaN	1
136.5 75 0.306666666667 0.087710964727	3
165 75 0.178357142857 0.0705822890236	7
166.5 75 0.01474 0.191178301593	5
168 75 0.252045 0.0536212789164	20
169.5 75 0.1952375 0.0382837875981	8
171 75 0.169766666667 0.190563226603	3
172.5 75 0.200625714286 0.0998101207231	70
174 75 0.153787878788 0.128393350094	33
175.5 75 0.145066666667 0.129701331536	30
177 75 0.210566666667 0.121624198855	30
178.5 75 0.26985 0.0906514386722	4
-180 74.5 0.1325 0.126374957962	3
-178.5 74.5 0.16932 0.0865245894034	15
-177 74.5 0.20779 0.0803444354998	20
-175.5 74.5 0.231975 0.0782816845939	8
-174 74.5 0.0989666666667 0.143361163965	3
-169.5 74.5 0.207257142857 0.0960046697497	28
-168 74.5 0.3113 NaN	1
-166.5 74.5 0.06274 0.139701979227	5
-163.5 74.5 0.1772 0.137798227233	8
-162 74.5 0.0983777777778 0.146346034946	9
-160.5 74.5 0.200051612903 0.108595429219	31
-159 74.5 0.0881038461538 0.103156062278	26
-157.5 74.5 0.0951 0.141796297554	3
-156 74.5 0.162477777778 0.12546349624	18
-154.5 74.5 0.0913444444444 0.137810423328	9
-153 74.5 0.048984 0.118448721957	25
-151.5 74.5 0.1067375 0.143557064634	32
-150 74.5 0.150952272727 0.130844981044	44
-148.5 74.5 0.102082352941 0.107278901906	17
-147 74.5 0.130654166667 0.110412759105	24
-145.5 74.5 0.141333333333 0.126784403329	24
-144 74.5 0.122283333333 0.111391100627	30
-142.5 74.5 0.159973333333 0.080100992001	30
-141 74.5 0.186922727273 0.0940810359845	44
-139.5 74.5 0.159017391304 0.0940748031075	46
-138 74.5 0.142871428571 0.101920244262	28
-136.5 74.5 0.183139130435 0.092146179708	46
-135 74.5 0.125350877193 0.163956763816	57
-133.5 74.5 0.155536842105 0.130100883427	57
-132 74.5 0.116215384615 0.147913468467	26
-130.5 74.5 0.0465351351351 0.126412157064	37
-129 74.5 0.105290277778 0.173558031176	72
-127.5 74.5 0.0734385245902 0.148480728887	122
-126 74.5 0.1444875 0.126531433842	24
-124.5 74.5 0.178734615385 0.103349182647	26
-78 74.5 0.1722 0.00975807358037	2
-76.5 74.5 0.0974 NaN	1
-75 74.5 0.0732 0.146619171098	16
-73.5 74.5 -0.0153666666667 0.159176327805	3
-72 74.5 0.15965 0.109857193015	8
-70.5 74.5 0.07424 0.119342502907	5
-69 74.5 0.07645 0.0064346717088	2
-67.5 74.5 0.2029 0.0897071903473	4
-66 74.5 0.2394 0.0995606347911	2
-63 74.5 0.16585 0.0712056528655	2
-61.5 74.5 -0.0475 NaN	1
-18 74.5 0.24914 0.0648315740978	5
-16.5 74.5 0.160922222222 0.103484267325	72
-15 74.5 0.14342 0.106932468824	10
-13.5 74.5 0.0672222222222 0.163147492915	9
-12 74.5 0.1869 0.118333701877	5
66 74.5 0.1063 NaN	1
67.5 74.5 -0.0522666666667 0.111969832247	3
72 74.5 0.122 0.107621652097	2
75 74.5 0.0355 0.31607673119	2
79.5 74.5 0.120566666667 0.234553625709	3
81 74.5 0.275666666667 0.120728717931	3
118.5 74.5 0.2697 NaN	1
121.5 74.5 0.05208 0.0870431042645	5
126 74.5 0.20848 0.0626878138078	5
127.5 74.5 0.0198333333333 0.103113561992	15
132 74.5 0.203816666667 0.061326712505	6
145.5 74.5 0.092 0.0958069151993	5
147 74.5 0.159 NaN	1
148.5 74.5 0.181 NaN	1
151.5 74.5 0.185435714286 0.115939318393	14
165 74.5 0.216564705882 0.155259838421	17
166.5 74.5 0.189953333333 0.0630944062119	15
168 74.5 0.188021052632 0.0628911897994	19
169.5 74.5 0.265975 0.0466464986182	4
171 74.5 0.129075 0.0743253061639	12
172.5 74.5 0.127742857143 0.138014601871	14
174 74.5 0.177758695652 0.101167213785	46
175.5 74.5 0.196408571429 0.111780192877	70
177 74.5 0.163628571429 0.116579201159	21
178.5 74.5 0.118848148148 0.118872311489	27
-180 74 0.1046 0.240180780871	9
-178.5 74 0.22488 0.0892142282728	20
-177 74 0.137891666667 0.106203467219	24
-175.5 74 0.197373809524 0.0742480452548	42
-174 74 0.1632 0.0894905358125	6
-172.5 74 0.247783333333 0.0477151303746	6
-171 74 0.271557627119 0.059888981208	59
-169.5 74 0.245377142857 0.0678802495997	35
-168 74 0.288016666667 0.0370019143649	6
-166.5 74 0.19930625 0.0877724517811	16
-165 74 0.15168 0.148399422862	35
-163.5 74 0.168158823529 0.118847907317	17
-162 74 0.114876595745 0.121045004589	47
-160.5 74 0.170585483871 0.137170745396	62
-159 74 -0.0002 0.0984472701501	9
-157.5 74 7.69230769231e-06 0.138481674248	13
-156 74 0.14895 0.0403502522562	8
-154.5 74 0.07798125 0.108721566206	16
-153 74 0.129752 0.108455386834	25
-151.5 74 0.155383333333 0.0971415341997	6
-150 74 0.238866666667 0.0783386409549	6
-148.5 74 0.13848 0.112122910237	5
-147 74 0.07455 0.0701532404302	8
-145.5 74 0.078025 0.154712212403	16
-144 74 0.0548833333333 0.099073029385	12
-142.5 74 0.15969375 0.0954713043712	16
-141 74 0.160857142857 0.0948942778682	42
-139.5 74 0.150860869565 0.0804971978006	23
-138 74 0.122732258065 0.107796692024	62
-136.5 74 0.14475 0.0995128606987	10
-135 74 0.186546875 0.118310655062	64
-133.5 74 0.15781875 0.130657729993	48
-132 74 0.100856666667 0.137923186226	30
-130.5 74 0.120888 0.132195452897	25
-129 74 0.0723038167939 0.138510809578	131
-127.5 74 0.130232394366 0.0974967908258	71
-126 74 0.1074875 0.0952573817433	48
-109.5 74 0.116916666667 0.0603239725703	6
-76.5 74 0.2813 NaN	1
-75 74 0.17186 0.170540385246	5
-73.5 74 0.1617 0.171735527567	8
-70.5 74 0.100907692308 0.122631347688	13
-69 74 0.066475 0.0651246003552	8
-67.5 74 0.1412 NaN	1
-66 74 0.18265 0.0753068721964	2
-64.5 74 -0.01572 0.133321656155	10
-61.5 74 0.27525 0.0249608693759	2
-60 74 0.03255 0.175291771056	2
-18 74 0.148357575758 0.121669752893	33
-16.5 74 0.207965517241 0.0916839107577	58
-15 74 0.262212903226 0.0827585312498	31
66 74 0.1446 NaN	1
67.5 74 0.3708 NaN	1
69 74 0.258325 0.0541733252318	4
73.5 74 0.2095 NaN	1
114 74 0.3442 NaN	1
117 74 0.1263 0.143056387484	3
118.5 74 0.279475 0.0625442443395	4
120 74 0.09125 0.137249426228	2
121.5 74 0.11675 0.124238661454	2
130.5 74 0.2933 0.0231467060292	3
133.5 74 0.17785 0.0517824970429	6
151.5 74 0.23132 0.124716947525	5
156 74 0.2371 NaN	1
157.5 74 0.19325 0.0404651702085	4
159 74 0.1705 0.10307089793	3
165 74 0.036475 0.0563067417515	4
166.5 74 0.221412820513 0.0786655484664	39
168 74 0.213475 0.065939234001	32
169.5 74 0.174614285714 0.125725487055	7
171 74 0.150966666667 0.0769650786613	3
172.5 74 0.136526086957 0.0812117334637	23
174 74 0.1716 0.119084709346	41
175.5 74 0.185553846154 0.160575323008	13
177 74 0.17575 0.0487464243703	10
178.5 74 0.09038 0.102950598995	25
-180 73.5 0.152390909091 0.165676730138	11
-178.5 73.5 0.261842857143 0.0537686456287	14
-177 73.5 0.356566666667 0.0832878782697	6
-175.5 73.5 0.129228571429 0.0793246223709	7
-174 73.5 0.184871428571 0.0661636366382	14
-172.5 73.5 0.297055555556 0.0620672616386	18
-171 73.5 0.252333333333 0.0101942794416	3
-168 73.5 0.189311764706 0.0887264292719	34
-166.5 73.5 0.195758823529 0.0866408937546	51
-165 73.5 0.12409047619 0.0832003539942	21
-163.5 73.5 0.190071428571 0.106999061509	42
-162 73.5 0.195348148148 0.0906838895653	54
-160.5 73.5 0.148080555556 0.0923127504564	36
-159 73.5 0.1724 0.10491774329	15
-157.5 73.5 0.128862857143 0.075339623532	35
-156 73.5 0.177515384615 0.144892660535	13
-154.5 73.5 0.155293333333 0.111349876302	15
-153 73.5 0.101166666667 0.0858143033921	6
-151.5 73.5 0.03428 0.203832546469	5
-150 73.5 0.07509 0.1613297689	10
-148.5 73.5 0.18642 0.141466787622	5
-147 73.5 0.137872727273 0.101071401404	11
-145.5 73.5 0.0619272727273 0.138557569919	11
-144 73.5 0.082475 0.206974674377	4
-142.5 73.5 0.1151 0.130110535425	8
-141 73.5 0.0583 NaN	1
-139.5 73.5 0.168643478261 0.0950348061888	23
-138 73.5 0.105157142857 0.113395719524	28
-136.5 73.5 0.0191230769231 0.0945428135278	13
-135 73.5 0.123253658537 0.142722775158	41
-133.5 73.5 0.0690275862069 0.13889053474	29
-132 73.5 0.110738636364 0.127226557151	44
-130.5 73.5 0.077785 0.141332573075	60
-129 73.5 0.112457575758 0.159976959338	33
-127.5 73.5 0.162714159292 0.104314222995	113
-126 73.5 0.178512195122 0.074762893603	123
-75 73.5 0.172633333333 0.0479312354664	3
-72 73.5 0.06394 0.0862664361151	5
-69 73.5 0.152183333333 0.10174072067	12
-67.5 73.5 0.1743 NaN	1
-66 73.5 0.2704 NaN	1
-64.5 73.5 0.235766666667 0.0206887247875	3
-63 73.5 -0.0809 0.0374766594029	2
-61.5 73.5 0.140236363636 0.102586142073	11
-60 73.5 0.0969 NaN	1
-58.5 73.5 0.1766 NaN	1
-19.5 73.5 0.18973125 0.118724952271	16
-18 73.5 0.226622641509 0.132499572774	53
-16.5 73.5 0.231847368421 0.108993781122	57
-15 73.5 0.281757142857 0.100034616866	21
58.5 73.5 0.1275 0.172908906653	3
63 73.5 0.21858 0.114530223085	5
73.5 73.5 0.15005 0.0856600645964	16
130.5 73.5 0.164266666667 0.131523546688	3
135 73.5 0.2343 NaN	1
150 73.5 0.124911111111 0.128147097552	9
153 73.5 0.138 0.038071380327	9
154.5 73.5 0.2666 NaN	1
157.5 73.5 0.23045 0.101286409092	4
159 73.5 0.24625 0.00685893577751	2
160.5 73.5 0.1856 0.102228638084	19
162 73.5 0.14965 0.177978776825	2
165 73.5 0.1863 0.0928857998737	23
166.5 73.5 0.20566 0.0755318674468	5
168 73.5 0.230436363636 0.07446359208	11
169.5 73.5 0.210148275862 0.0943989657203	29
171 73.5 0.168872413793 0.0962600862862	29
172.5 73.5 0.2342125 0.0724742011819	24
174 73.5 0.16165 0.121921303913	24
175.5 73.5 0.234560869565 0.0958764533569	23
177 73.5 0.127551948052 0.0810029574028	77
178.5 73.5 0.220758823529 0.103385673928	17
-180 73 0.163346875 0.097405716148	32
-178.5 73 0.27216 0.0244496012237	5
-175.5 73 0.1595 NaN	1
-174 73 0.300333333333 0.0589245724473	15
-172.5 73 0.3017 NaN	1
-169.5 73 0.1174 0.0944811621436	3
-166.5 73 0.197125333333 0.0725550975975	75
-165 73 0.201858974359 0.132708268502	78
-163.5 73 0.140485833333 0.112773814155	120
-162 73 0.162467741935 0.0992128196928	31
-160.5 73 0.12048 0.122546827784	25
-159 73 0.102411111111 0.161550588251	27
-157.5 73 0.0901058823529 0.11628837502	51
-156 73 0.1229 0.103660375561	53
-154.5 73 0.126362857143 0.129744479846	35
-153 73 0.153 0.133268837606	14
-151.5 73 0.161271428571 0.12678085705	7
-150 73 0.164975 0.17468742493	8
-148.5 73 0.0940466666667 0.144283955482	15
-147 73 0.0742285714286 0.16052524946	7
-145.5 73 0.0927 0.120181737381	9
-144 73 0.126535 0.139951575366	20
-142.5 73 0.125192592593 0.139114631553	27
-141 73 0.142441666667 0.0905286238845	12
-139.5 73 0.05564 0.0763989070602	5
-138 73 0.0988666666667 0.140405764364	6
-136.5 73 0.0754866666667 0.134309628723	30
-135 73 0.131388888889 0.134810583165	27
-133.5 73 0.139068421053 0.120525253475	19
-132 73 0.125476 0.124036836867	25
-130.5 73 0.131297619048 0.135705075307	84
-129 73 0.23362 0.119743254507	105
-127.5 73 0.167527272727 0.117860579013	99
-126 73 0.154841860465 0.0878721791817	86
-72 73 0.0855125 0.12020320221	8
-70.5 73 0.02185 0.120906058574	6
-67.5 73 -0.10535 0.0428741180667	4
-66 73 -0.1223 NaN	1
-61.5 73 0.205075 0.0894306574951	4
-60 73 0.126575 0.0180163583076	4
-21 73 0.0980875 0.16329777741	8
-19.5 73 0.219613333333 0.145207122349	15
-18 73 0.167644736842 0.133979237394	38
-16.5 73 0.2596 0.102464286461	3
58.5 73 0.2219 NaN	1
151.5 73 0.13154 0.106995434482	5
153 73 0.16787804878 0.104931276348	41
156 73 0.2403 0.0746882587828	6
159 73 0.1133 NaN	1
162 73 0.176521428571 0.0608419791638	14
163.5 73 0.2133 0.0678521370334	9
165 73 0.248835714286 0.0851746405663	14
166.5 73 0.12129375 0.0775284332251	16
168 73 0.184428571429 0.112678860991	7
169.5 73 0.24124 0.0874298461625	5
171 73 0.2328 0.03850155841	3
172.5 73 0.192381481481 0.110646905609	27
174 73 0.18666 0.109096141087	5
175.5 73 0.276122222222 0.0790141724278	9
177 73 0.26074 0.08730574437	5
178.5 73 0.214130769231 0.0930768673671	39
-180 72.5 0.21535 0.083664159989	10
-175.5 72.5 0.175164864865 0.0989614661714	37
-174 72.5 0.16214375 0.144468713885	16
-172.5 72.5 0.29338125 0.0638049446229	16
-171 72.5 0.14895 0.0521137697734	2
-168 72.5 0.1077 0.149212238104	6
-166.5 72.5 0.200422222222 0.0868488379519	18
-165 72.5 0.193173611111 0.10264428113	72
-163.5 72.5 0.15904375 0.110071077435	48
-162 72.5 0.141260869565 0.10343119689	23
-160.5 72.5 0.205571153846 0.0510912499187	52
-159 72.5 0.2408 0.0963764955209	10
-156 72.5 0.157265116279 0.12684418241	43
-154.5 72.5 0.127357777778 0.10687547233	45
-153 72.5 0.21435 0.072218099455	10
-151.5 72.5 0.129864705882 0.122736088525	17
-150 72.5 0.1342 0.0441628156452	8
-148.5 72.5 0.02507 0.111909378517	10
-147 72.5 0.14594 0.0661077756395	5
-145.5 72.5 0.1004 0.121950953256	9
-144 72.5 -0.0191 0.144146210495	3
-142.5 72.5 0.2323 NaN	1
-141 72.5 0.0346285714286 0.136337787795	7
-139.5 72.5 0.150445 0.104727875317	20
-138 72.5 0.13075 0.108125461639	12
-136.5 72.5 0.169166666667 0.0942335326021	6
-135 72.5 0.08468125 0.123943687314	16
-133.5 72.5 0.1192 NaN	1
-132 72.5 0.14586744186 0.139410573352	43
-130.5 72.5 0.169414141414 0.129265115178	99
-129 72.5 0.148924358974 0.130857317147	78
-127.5 72.5 0.179212 0.103922370242	50
-126 72.5 0.2050625 0.0500018782981	16
-73.5 72.5 0.163925 0.158010229627	16
-72 72.5 0.161058823529 0.130190476125	17
-70.5 72.5 0.0787272727273 0.154466294646	11
-69 72.5 0.1833 NaN	1
-64.5 72.5 0.174016666667 0.129995006314	6
-63 72.5 0.1405 NaN	1
-61.5 72.5 0.2281 0.0418421637426	4
-21 72.5 0.349666666667 0.0998390006992	12
-19.5 72.5 0.0797666666667 0.134723415436	6
-18 72.5 0.0765166666667 0.142111958638	12
-16.5 72.5 0.208555555556 0.124699600151	9
63 72.5 0.2928 NaN	1
153 72.5 0.275566666667 0.0733929812514	12
156 72.5 0.18875 0.0119501046021	2
160.5 72.5 0.13225 0.112642110243	2
162 72.5 0.1776375 0.083765044491	8
163.5 72.5 0.133366666667 0.0283373134459	3
165 72.5 0.142473333333 0.102936384423	15
166.5 72.5 0.129691666667 0.0591904085955	12
168 72.5 0.12479 0.0947575320958	10
169.5 72.5 0.14787037037 0.0999843672966	27
171 72.5 0.13077037037 0.131919365858	27
172.5 72.5 0.158688888889 0.0850594965228	27
177 72.5 0.210267241379 0.0720365121552	58
178.5 72.5 0.139138297872 0.102832126923	47
-180 72 0.21155 0.16937357044	12
-178.5 72 0.235825 0.109716241147	8
-175.5 72 0.233091666667 0.0635070140483	12
-174 72 0.0788111111111 0.0972482961862	9
-172.5 72 0.20577 0.0532887115417	10
-169.5 72 0.2752 0.0425226998202	4
-168 72 0.3931 NaN	1
-166.5 72 0.154822727273 0.0851264601683	22
-165 72 0.124004545455 0.0853887718574	22
-163.5 72 0.168765789474 0.098971560972	114
-162 72 0.1591 0.094870395804	16
-160.5 72 0.159544 0.113778546162	25
-159 72 0.2087 0.0880834224036	44
-157.5 72 0.21841875 0.103041119422	16
-156 72 0.256277777778 0.101544076363	9
-154.5 72 0.19471025641 0.137290375702	39
-153 72 0.19921 0.131156881888	10
-151.5 72 0.165244444444 0.149273474796	9
-148.5 72 0.16185 0.0948633262471	16
-147 72 0.102925 0.0976487028417	4
-145.5 72 0.1909 NaN	1
-144 72 0.107144444444 0.0820629043952	9
-142.5 72 0.108726315789 0.109662248351	19
-141 72 0.08095 0.106450321747	6
-139.5 72 0.163388888889 0.137568450639	9
-138 72 0.150482352941 0.122969540107	17
-136.5 72 -0.1572 0.00226274169979	2
-135 72 0.022 NaN	1
-133.5 72 0.04285 0.0420728534806	2
-132 72 0.073462962963 0.138698916163	27
-130.5 72 0.153885245902 0.117411704181	61
-129 72 0.150569565217 0.0935161455908	23
-127.5 72 0.125535294118 0.092025064121	17
-91.5 72 -0.0375 NaN	1
-73.5 72 -0.0488 NaN	1
-72 72 0.0437076923077 0.145768923652	13
-70.5 72 0.22716 0.110610004068	5
-69 72 0.166618181818 0.143611251775	11
-67.5 72 -0.02392 0.129143493835	5
-66 72 -0.1311 NaN	1
-60 72 0.11005 0.169917759519	2
-57 72 0.0735 NaN	1
-21 72 0.245854285714 0.129376632909	35
-19.5 72 0.204394444444 0.126915852031	18
-18 72 0.226687037037 0.0905573122941	54
-16.5 72 0.194766666667 0.018545170081	3
57 72 0.135166666667 0.0482001383124	3
60 72 0.24666 0.1167814326	5
63 72 0.251 NaN	1
64.5 72 0.263 NaN	1
153 72 0.2037 0.0114551298552	2
154.5 72 0.213308333333 0.0529625455571	24
159 72 0.2126 NaN	1
160.5 72 0.18837 0.0469170911763	10
162 72 0.2457 NaN	1
165 72 0.0711333333333 0.159493646686	3
166.5 72 0.19415 0.004171930009	2
168 72 0.1332 0.0846612780437	6
169.5 72 0.132216666667 0.130159034425	12
171 72 0.130935555556 0.135017250002	45
172.5 72 0.168366 0.114427102915	50
174 72 0.192547058824 0.10044895543	17
175.5 72 0.22165 0.0546593541857	2
177 72 0.209020454545 0.119053813472	44
178.5 72 0.129476923077 0.114990056293	26
-177 71.5 0.0962545454545 0.117143009724	11
-175.5 71.5 0.232676923077 0.101210713809	13
-174 71.5 0.180005555556 0.143345487515	18
-172.5 71.5 0.215472727273 0.0603089229038	11
-171 71.5 0.263 0.0364867099092	2
-169.5 71.5 0.190566666667 0.0739666366231	3
-168 71.5 0.275333333333 0.0267434727239	3
-166.5 71.5 0.303263636364 0.107234194852	11
-165 71.5 0.1861 0.114728246849	33
-163.5 71.5 0.162762857143 0.0925059841807	35
-162 71.5 0.15007 0.106634405017	70
-160.5 71.5 0.198325 0.0801786768055	36
-159 71.5 0.140996078431 0.113225749652	51
-157.5 71.5 0.132484615385 0.0860299545328	13
-156 71.5 0.204246666667 0.0740636489463	15
-154.5 71.5 0.160211111111 0.0953496518668	9
-153 71.5 0.158342857143 0.0772697408896	7
-147 71.5 -0.017125 0.171164723293	4
-144 71.5 0.135057142857 0.218860807038	7
-142.5 71.5 0.1920875 0.12319796424	8
-141 71.5 0.10755 0.139370175125	8
-139.5 71.5 -0.0615 0.101771672549	4
-138 71.5 0.163383333333 0.207255363421	6
-136.5 71.5 0.1127 0.149355506335	12
-133.5 71.5 0.0812666666667 0.153271686883	9
-132 71.5 0.177683333333 0.0913484819333	12
-130.5 71.5 0.0024 0.145359164371	4
-129 71.5 0.142407692308 0.130879604099	13
-127.5 71.5 0.195 0.104574582635	7
-91.5 71.5 0.272 NaN	1
-70.5 71.5 0.155227272727 0.132277474204	11
-69 71.5 0.2712 NaN	1
-67.5 71.5 0.06186 0.134527926469	5
-64.5 71.5 0.0412333333333 0.119408137634	3
-61.5 71.5 0.15765 0.00544472221514	2
-60 71.5 0.157 0.0965282238519	11
-58.5 71.5 0.1130125 0.127287589733	16
-21 71.5 0.342373684211 0.0786100561994	19
-19.5 71.5 0.185770588235 0.124653132555	17
-18 71.5 0.191161538462 0.0769647271857	13
58.5 71.5 0.08811 0.0963131749381	10
60 71.5 0.199030434783 0.123011785964	23
61.5 71.5 0.06975 0.0917117495199	2
66 71.5 0.235336363636 0.118601157437	11
160.5 71.5 0.2226 0.0826532919288	4
162 71.5 0.203255555556 0.0881476901443	9
163.5 71.5 0.2679 0.0841457069612	2
165 71.5 0.1576 NaN	1
166.5 71.5 0.123933333333 0.0901119008049	6
168 71.5 0.183657142857 0.106634419977	7
169.5 71.5 0.134985714286 0.096411077124	56
171 71.5 0.1937 0.0929248987086	26
172.5 71.5 0.112673333333 0.129277351163	15
174 71.5 0.139525 0.0939903403491	20
175.5 71.5 0.132065625 0.106475160239	32
177 71.5 0.125844444444 0.0797553968916	27
178.5 71.5 0.204319047619 0.110859197269	21
-175.5 71 0.170652941176 0.122673805872	17
-174 71 0.223825 0.096967430099	4
-169.5 71 0.267933333333 0.0761446868359	3
-168 71 0.251856140351 0.066235944648	57
-166.5 71 0.0943666666667 0.0426819712135	6
-165 71 0.124253333333 0.136408969472	15
-163.5 71 0.188742857143 0.129016704996	35
-162 71 0.145211764706 0.112007164293	17
-160.5 71 0.184578 0.129504840805	50
-159 71 0.108209090909 0.0762338304763	11
-153 71 0.108366666667 0.0758337831488	6
-151.5 71 -0.073 0.121905209077	2
-144 71 0.22206 0.0860904930872	5
-142.5 71 0.228133333333 0.0843144748348	6
-141 71 0.1743 0.0769332177931	2
-139.5 71 0.166066666667 0.183192421605	3
-138 71 0.03082 0.0905521783283	5
-136.5 71 0.118916666667 0.142697714301	6
-135 71 0.119841666667 0.123907564215	12
-133.5 71 0.201075 0.25912207387	4
-132 71 0.0671666666667 0.209976387561	3
-130.5 71 0.0585 0.0902268252794	2
-129 71 0.231075 0.0853480472341	4
-127.5 71 0.1969 0.034297366274	16
-126 71 0.115075 0.138259788683	4
-91.5 71 0.148566666667 0.0764661929657	6
-66 71 0.1239 0.139352953734	8
-64.5 71 0.1191 NaN	1
-60 71 0.1711 0.127274805048	6
-58.5 71 0.0386833333333 0.156881262763	12
-21 71 0.1583 0.114037325376	20
-19.5 71 0.3592 0.0652148756037	4
-18 71 0.25194 0.104505277379	5
58.5 71 0.1429 0.0176776695297	2
61.5 71 0.1427 0.19431294347	2
63 71 0.14632 0.184350120694	5
165 71 0.053275 0.191352107819	4
166.5 71 0.183225 0.0718190492372	4
168 71 0.0630714285714 0.133221137319	14
169.5 71 0.16165 0.242633406603	4
171 71 -0.0586 0.12528204181	3
172.5 71 0.136835714286 0.0747490221921	14
174 71 0.277742857143 0.0917559599725	7
175.5 71 0.163968421053 0.0967087210398	19
177 71 0.199690909091 0.109119993168	11
-180 70.5 0.2018 0.144345191419	8
-178.5 70.5 0.09305 0.0614475792851	2
-177 70.5 0.246418181818 0.0737093456514	11
-175.5 70.5 0.13095 0.094479362826	4
-174 70.5 0.114225 0.115200184462	4
-172.5 70.5 0.1459 0.0909469654596	20
-171 70.5 0.1888 NaN	1
-169.5 70.5 0.219272222222 0.0525230011861	18
-168 70.5 0.197611111111 0.118075279521	18
-166.5 70.5 0.169842105263 0.088979149187	38
-165 70.5 0.1151875 0.143622605261	32
-163.5 70.5 0.1017125 0.140879385469	8
-162 70.5 0.178 NaN	1
-160.5 70.5 0.191733333333 0.0830245947496	3
-145.5 70.5 0.2573 NaN	1
-144 70.5 0.36705 0.0880347942577	2
-141 70.5 0.1854 0.0231931024229	2
-139.5 70.5 0.11459375 0.166067016467	16
-138 70.5 -0.0837333333333 0.0293738545876	3
-135 70.5 0.2688 NaN	1
-129 70.5 0.1888 0.033401646666	3
-126 70.5 0.235333333333 0.046906964657	3
-121.5 70.5 0.3098 0.0476085076431	3
-120 70.5 0.192342857143 0.0621630613023	7
-91.5 70.5 0.2555 NaN	1
-63 70.5 0.2095 NaN	1
-60 70.5 0.108214285714 0.132122710196	14
-58.5 70.5 0.137133333333 0.00791980639494	3
-57 70.5 0.150523809524 0.070128178149	42
-21 70.5 0.23125 0.116000959766	16
-19.5 70.5 0.214873684211 0.178913901833	19
52.5 70.5 -0.1669 NaN	1
61.5 70.5 0.0895714285714 0.189698090961	7
63 70.5 -0.1377 NaN	1
64.5 70.5 0.0872555555556 0.120664187495	18
162 70.5 0.115771428571 0.0838037531834	7
163.5 70.5 0.153 NaN	1
172.5 70.5 0.2223 0.097806492627	3
174 70.5 0.136 0.0875222714513	11
175.5 70.5 0.20044 0.102162030346	10
177 70.5 0.109385714286 0.132652152739	14
178.5 70.5 0.1053 NaN	1
-180 70 0.201044444444 0.0812052971042	9
-178.5 70 0.0847965517241 0.117427888154	29
-177 70 0.137123076923 0.126638732581	13
-175.5 70 0.005 NaN	1
-174 70 0.27222 0.0676351757594	5
-172.5 70 0.1555 NaN	1
-171 70 0.15685 0.0200111219076	2
-169.5 70 0.179142857143 0.0384640462919	7
-168 70 0.23065 0.0392817599741	4
-166.5 70 0.194916 0.0930232544111	50
-165 70 0.116630769231 0.172927077042	13
-163.5 70 0.2234 NaN	1
-138 70 0.2824 NaN	1
-135 70 0.340966666667 0.0906816592996	3
-123 70 0.3439 0.0100409162928	2
-90 70 0.233933333333 0.115550090149	3
-66 70 0.1137 0.081034437124	2
-64.5 70 0.1172 0.217643079375	3
-60 70 0.142425 0.0920988715613	8
-58.5 70 0.0426333333333 0.0253835248406	3
-57 70 0.100316666667 0.150608876454	6
-21 70 0.207502631579 0.0846448526135	38
-19.5 70 0.1794 NaN	1
52.5 70 0.264383333333 0.0793918236764	6
54 70 0.4526 0.0156977705423	2
55.5 70 0.1728 NaN	1
57 70 0.166057142857 0.0389671595553	7
63 70 0.0273 NaN	1
64.5 70 0.0413 0.116063000134	4
66 70 0.0348 NaN	1
174 70 0.312825 0.040733964125	4
175.5 70 0.2022 NaN	1
177 70 0.217685714286 0.0982115306973	7
178.5 70 0.1536 0.129400540957	2
-180 69.5 0.179927272727 0.120314530219	11
-178.5 69.5 0.160882352941 0.125154170309	34
-177 69.5 0.204035384615 0.103018092208	65
-174 69.5 0.180394117647 0.116149448291	17
-172.5 69.5 0.11044 0.0590130343418	10
-168 69.5 0.16615 0.0512812148842	6
-166.5 69.5 0.247208163265 0.0862470309555	49
-165 69.5 0.203021052632 0.0826236217162	19
-163.5 69.5 0.153 0.131804704013	2
-138 69.5 0.150575 0.117137486375	8
-87 69.5 0.231270833333 0.106484081191	24
-66 69.5 0.123693548387 0.151213233406	31
-63 69.5 0.3093 NaN	1
-61.5 69.5 0.1133 0.0420508026083	3
-60 69.5 0.2843 NaN	1
-58.5 69.5 0.17095 0.0591848375853	2
-57 69.5 0.10982 0.0853123203295	5
-22.5 69.5 0.3887 NaN	1
-21 69.5 -0.0126 0.0777817459305	2
51 69.5 0.2668 0.0639115013124	3
52.5 69.5 0.2645 0.0323854905783	2
57 69.5 0.129158333333 0.0771737644815	12
-178.5 69 0.20508 0.0694617304708	5
-177 69 0.2149 0.128857256942	31
-171 69 0.195075 0.163180582485	4
-168 69 0.2722125 0.0708424437278	16
-166.5 69 0.1139 0.201242589926	2
-87 69 0.31045 0.00898025612107	2
-66 69 0.210833333333 0.0963098774789	9
-63 69 -0.15205 0.00940452018978	2
-60 69 0.222266666667 0.0409296347406	9
-58.5 69 0.1415 NaN	1
-57 69 0.09676 0.165668925873	5
-24 69 0.277 NaN	1
-22.5 69 0.17545 0.247840926806	2
-177 68.5 0.05405 0.0960958115633	2
-175.5 68.5 0.28095 0.09796881428	8
-171 68.5 0.054425 0.216933467143	4
-169.5 68.5 0.1941 0.086353701821	12
-168 68.5 0.174932142857 0.0985140939478	28
-166.5 68.5 0.213018181818 0.092996342059	11
-64.5 68.5 -0.0461 NaN	1
-60 68.5 0.1368 NaN	1
-58.5 68.5 0.2359 NaN	1
-25.5 68.5 0.140606666667 0.135654400522	15
-24 68.5 0.147 0.144697742438	7
-175.5 68 0.29044 0.0865345191239	5
-174 68 0.0221 0.00381837661841	2
-172.5 68 0.185123076923 0.0759488221748	13
-171 68 0.2502 0.100341258622	23
-169.5 68 0.230861538462 0.103548962159	13
-168 68 0.213256521739 0.0573764033386	23
-166.5 68 0.192133333333 0.0493362611744	6
-64.5 68 0.09992 0.0367976493814	5
-63 68 0.2364 0.113702770415	2
-61.5 68 0.1417 NaN	1
-58.5 68 0.1242 0.0728865480654	10
-57 68 0.15794 0.0420002738086	5
-30 68 0.25 0.104779912197	3
-28.5 68 0.278157692308 0.10324471579	26
-27 68 -0.1915 NaN	1
-174 67.5 0.1678 0.0234759451354	2
-172.5 67.5 0.22865 0.13094610669	8
-171 67.5 0.234276470588 0.0943556140978	17
-169.5 67.5 0.237157692308 0.105172393206	52
-168 67.5 0.19276 0.0727184502035	5
-166.5 67.5 0.297655555556 0.0553105123623	9
-165 67.5 0.157771428571 0.0584270118548	7
-73.5 67.5 0.0517 0.144108362006	2
-63 67.5 0.32446 0.0605471551768	5
-61.5 67.5 0.179111111111 0.178157735199	9
-58.5 67.5 0.3345125 0.0609673785725	8
-57 67.5 0.077125 0.113501211447	8
-31.5 67.5 0.27283 0.0521697666811	10
-30 67.5 0.2732675 0.0918496217697	40
-28.5 67.5 0.28431 0.111555780268	10
-171 67 0.0275333333333 0.172084204195	3
-169.5 67 0.17279 0.0935653954313	10
-168 67 0.2648 NaN	1
-165 67 0.168695744681 0.131441213439	47
-79.5 67 0.1715 NaN	1
-78 67 0.145191666667 0.102168453894	24
-75 67 0.3249 NaN	1
-60 67 -0.1016 0.0939037805416	2
-58.5 67 0.229 0.172957123781	4
-57 67 0.097 0.0753888254319	5
-31.5 67 0.22715 0.181231205922	4
-30 67 0.3349375 0.0820850037055	16
-168 66.5 0.206866666667 0.0618621316585	3
-166.5 66.5 0.1554 0.0785807864557	7
-78 66.5 0.272173333333 0.0919738275401	15
-60 66.5 0.0274 0.130249069095	2
-57 66.5 0.2962 0.102236947007	4
-168 66 0.225833333333 0.135126804644	3
-61.5 66 0.273266666667 0.0769197850578	3
-60 66 0.22945 0.122570537515	4
-58.5 66 0.219192307692 0.0683416473992	13
-169.5 65.5 0.323925 0.0874735150393	4
-58.5 65.5 -0.0673 0.00282842712475	2
-171 65 0.171218181818 0.136464155134	11
-169.5 65 0.2158 0.115749600431	11
-168 65 0.259321052632 0.107703500299	19
-82.5 65 0.1739 NaN	1
-61.5 65 0.1143 NaN	1
-60 65 0.2927 NaN	1
-58.5 65 0.2752 NaN	1
-178.5 64.5 0.2746 NaN	1
-171 64.5 0.219425 0.139895708178	4
-169.5 64.5 0.210348780488 0.0891215100914	41
-168 64.5 0.166575 0.12422699047	32
-61.5 64.5 0.21795 0.190933522463	4
-180 64 0.19605 0.166947911038	2
-175.5 64 0.164225 0.145258427343	8
-174 64 0.0601666666667 0.0340535362824	3
-172.5 64 0.0761 NaN	1
-171 64 0.236685714286 0.0779559582622	7
-169.5 64 0.215269230769 0.151416621992	26
-168 64 0.18303902439 0.10813544719	41
-166.5 64 0.2043 0.0698654707277	6
-165 64 0.236342857143 0.0712901315551	7
-79.5 64 0.3466 NaN	1
-76.5 64 -0.0467 NaN	1
-61.5 64 0.21657 0.0730399441706	10
-60 64 0.28498 0.031044516424	5
-180 63.5 0.07385 0.119288913986	2
-178.5 63.5 0.155873333333 0.0726030446692	15
-177 63.5 0.132485714286 0.128816425306	7
-175.5 63.5 -0.0292 0.0609928848309	6
-174 63.5 0.0979833333333 0.133755768723	6
-168 63.5 0.151639285714 0.0945092405409	28
-166.5 63.5 0.204280952381 0.127762641719	21
-165 63.5 0.2588 0.13491597385	2
-180 63 0.16495 0.097124554053	6
-177 63 0.15518 0.0654999007633	5
-175.5 63 0.169416666667 0.0928083922211	6
-174 63 0.176688235294 0.110817490059	17
-172.5 63 0.128188888889 0.0867319641834	9
-168 63 0.139704081633 0.134961117794	49
-166.5 63 0.0644666666667 0.158423367384	3
-87 63 0.4073 0.0769332177931	2
-79.5 63 0.1704 0.245083210359	2
-75 63 0.3942 0.0669749206793	3
-73.5 63 0.171 NaN	1
-63 63 0.2385 NaN	1
-61.5 63 0.2747 0.150472323036	2
-178.5 62.5 0.238566666667 0.0670630549061	3
-175.5 62.5 0.21294 0.0612073770064	5
-174 62.5 0.153508333333 0.0752292672536	12
-171 62.5 0.138263636364 0.17621168107	11
-169.5 62.5 0.15224375 0.0714757298552	16
-168 62.5 0.17873 0.0577599447907	10
-166.5 62.5 0.157783333333 0.131595128629	12
-81 62.5 0.2729 0.0247973788937	3
-79.5 62.5 0.2773 NaN	1
-72 62.5 0.3401 NaN	1
-63 62.5 0.216525 0.0836391604852	4
-61.5 62.5 0.2392 NaN	1
-180 62 0.286566666667 0.0648131416715	3
-175.5 62 0.146 0.120559208927	22
-174 62 0.102039130435 0.14401286792	23
-172.5 62 0.268664285714 0.06261353512	14
-171 62 0.13252 0.0850282129649	5
-169.5 62 0.164466666667 0.147433789821	15
-168 62 -0.0637 0.0948937300352	2
-166.5 62 0.02795 0.164150347751	4
-88.5 62 0.1737 NaN	1
-87 62 0.17495 0.0648416918348	2
-70.5 62 0.2715 0.0599917077603	5
178.5 62 0.21115 0.0378302127935	2
-180 61.5 0.1464 NaN	1
-174 61.5 0.213933333333 0.0619261710964	6
-172.5 61.5 0.05985 0.124659868671	8
-171 61.5 0.130712 0.112470423223	25
-169.5 61.5 0.2367875 0.042764151793	8
-91.5 61.5 0.0805 0.0173585713698	3
-90 61.5 0.28288 0.115580262156	5
-88.5 61.5 0.2883 0.0729734198185	2
-174 61 0.145314285714 0.0584549806424	7
-172.5 61 0.1029 0.154829938965	3
-171 61 0.20524 0.147876962371	10
-169.5 61 0.2099 0.0723943367951	4
-168 61 0.2029 NaN	1
-93 61 0.286583333333 0.0332430694531	6
-85.5 61 0.247633333333 0.0839578664172	3
-84 61 0.3344 NaN	1
-81 61 0.1307 NaN	1
-67.5 61 -0.0129 NaN	1
-66 61 0.205266666667 0.0980237386215	3
-175.5 60.5 0.0368 0.152310800668	2
-171 60.5 0.174547058824 0.0758725091654	17
-169.5 60.5 0.20560625 0.117407049582	16
-168 60.5 0.1556 NaN	1
-166.5 60.5 -0.06925 0.110662211256	2
-79.5 60.5 0.1789 0.157967654917	2
-67.5 60.5 0.3153 0.0859841845923	2
-61.5 60.5 0.2544 0.152027957955	2
159 60.5 0.1305 NaN	1
-171 60 0.185575 0.10228903167	16
-169.5 60 0.0238 NaN	1
-93 60 0.1744 NaN	1
-84 60 0.0839 0.0905059942766	5
-79.5 60 0.187231578947 0.073886497433	19
-78 60 0.0696357142857 0.100314548428	14
-67.5 60 0.214183333333 0.0747983266301	6
-66 60 0.2433 NaN	1
