lon, lat, freeboard (m), standard deviation, count
-180 81.5 0.0655401785714 0.125668296015	112
-178.5 81.5 0.158841935484 0.108724246833	31
-177 81.5 0.18218125 0.0972639920691	32
-175.5 81.5 0.145197560976 0.13971866999	41
-174 81.5 0.174478571429 0.120236933904	14
-172.5 81.5 0.134655384615 0.0880921180334	65
-171 81.5 0.151709333333 0.087701178389	150
-169.5 81.5 0.138482010582 0.0803330447507	189
-168 81.5 0.116441851852 0.0915363428967	270
-166.5 81.5 0.122567625899 0.0913394760592	278
-165 81.5 0.182002197802 0.0978178976472	182
-163.5 81.5 0.176641139241 0.105185773862	158
-162 81.5 0.141225555556 0.0966587842426	270
-160.5 81.5 0.131359036145 0.108127353384	415
-159 81.5 0.144022972973 0.10156898406	444
-157.5 81.5 0.14973897281 0.0977136786313	331
-156 81.5 0.123910576923 0.100062204047	312
-154.5 81.5 0.14099380805 0.0904787557443	323
-153 81.5 0.178643678161 0.10354099487	174
-151.5 81.5 0.205980620155 0.0906448082469	129
-150 81.5 0.200575 0.114573932242	80
-148.5 81.5 0.171331730769 0.0978729454415	104
-147 81.5 0.0991993630573 0.122282973895	157
-145.5 81.5 0.132815909091 0.123473381765	132
-144 81.5 0.108626153846 0.120185822631	65
-142.5 81.5 0.107477083333 0.114638922756	240
-141 81.5 0.147588738739 0.104465976228	222
-139.5 81.5 0.136243809524 0.111739576601	315
-138 81.5 0.1757044 0.0976362182034	250
-136.5 81.5 0.183498979592 0.0953441932509	294
-135 81.5 0.159311764706 0.102263445028	306
-133.5 81.5 0.170817891374 0.0958729330638	313
-132 81.5 0.195949811321 0.0937771351132	265
-130.5 81.5 0.173574336283 0.106865966127	226
-129 81.5 0.154123955432 0.0950121884857	359
-127.5 81.5 0.18515848564 0.100107872576	383
-126 81.5 0.192307648725 0.0986766221817	353
-124.5 81.5 0.17670137931 0.121775679236	290
-123 81.5 0.102947286822 0.111149018054	258
-121.5 81.5 0.13661871345 0.104230900629	342
-120 81.5 0.147816748768 0.107302996624	203
-118.5 81.5 0.129779310345 0.104450534594	116
-117 81.5 0.178320855615 0.103950089571	187
-115.5 81.5 0.198577011494 0.103918392946	261
-114 81.5 0.227646052632 0.0990439246402	380
-112.5 81.5 0.170482258065 0.0957183278825	310
-111 81.5 0.179631791908 0.0975712102687	346
-109.5 81.5 0.183818947368 0.113772861341	190
-108 81.5 0.222532653061 0.116845696182	245
-106.5 81.5 0.166356470588 0.117337440018	255
-105 81.5 0.159862621359 0.109499656803	206
-103.5 81.5 0.12138452381 0.120201268831	168
-102 81.5 0.189522857143 0.150630519428	70
-100.5 81.5 0.214138235294 0.120611947282	34
-99 81.5 0.182947222222 0.0884123568807	36
-97.5 81.5 0.18907027027 0.14307558388	37
-96 81.5 0.3582 0.0531744299452	2
-10.5 81.5 0.3187 NaN	1
-9 81.5 0.152175 0.124961402552	48
-7.5 81.5 0.227400387597 0.107723845128	258
-6 81.5 0.239403134796 0.0989809437359	319
-4.5 81.5 0.284250596659 0.109023609744	419
-3 81.5 0.29789859944 0.111789746084	357
-1.5 81.5 0.334316952381 0.103717628438	525
0 81.5 0.300918640777 0.0897481389535	515
1.5 81.5 0.265094936709 0.103757207686	395
3 81.5 0.226488392857 0.0944710020222	336
4.5 81.5 0.253579820628 0.097471549538	223
6 81.5 0.255712440191 0.109738518929	209
7.5 81.5 0.227686585366 0.100592025763	164
9 81.5 0.284151898734 0.0888878576398	237
10.5 81.5 0.273724848485 0.0859658634789	165
12 81.5 0.308534408602 0.0984225149968	186
13.5 81.5 0.275515441176 0.111820930843	136
15 81.5 0.2389675 0.0818050240265	160
16.5 81.5 0.231776262626 0.100659822623	198
18 81.5 0.259593233083 0.105465523733	133
19.5 81.5 0.213875438596 0.130821353269	114
21 81.5 0.251472327044 0.11778215727	159
22.5 81.5 0.221509795918 0.110336848929	245
24 81.5 0.25123372549 0.121529402974	255
25.5 81.5 0.212744174757 0.0976619891594	412
27 81.5 0.155940243902 0.103170356563	328
28.5 81.5 0.20372032967 0.0945851113341	182
30 81.5 0.220032758621 0.115055391724	232
31.5 81.5 0.2291792 0.098587648237	250
33 81.5 0.224256018519 0.105659742882	216
34.5 81.5 0.208640366972 0.0764951028683	109
36 81.5 0.233985245902 0.109260607154	183
37.5 81.5 0.183422159091 0.106235337774	176
39 81.5 0.178317460317 0.0960874274943	63
40.5 81.5 0.180627272727 0.10911916329	44
42 81.5 0.207495238095 0.0758061054409	63
43.5 81.5 0.211235483871 0.119770406886	31
45 81.5 0.234321428571 0.0556731419651	14
46.5 81.5 0.218375 0.0927882058042	12
48 81.5 0.121411764706 0.0572241195034	17
49.5 81.5 0.2632 NaN	1
66 81.5 0.213255555556 0.0719576109788	9
67.5 81.5 0.2240625 0.110021581487	8
69 81.5 0.215171428571 0.0590319606735	7
70.5 81.5 0.07666 0.130105295818	5
72 81.5 0.284875 0.119605670554	8
76.5 81.5 0.171816666667 0.14756315823	6
78 81.5 0.1526 0.133503393215	26
79.5 81.5 0.175335714286 0.108418481957	42
81 81.5 0.202506451613 0.0577785769727	31
82.5 81.5 0.131877777778 0.122732389549	9
84 81.5 0.267966666667 0.164287745536	3
85.5 81.5 0.2545 0.12992474745	3
87 81.5 0.15335 0.0160513239329	2
88.5 81.5 0.117 0.131804704013	2
97.5 81.5 0.238171428571 0.122339194099	28
99 81.5 0.228194915254 0.088781597046	236
100.5 81.5 0.1968456621 0.0839288029252	219
102 81.5 0.19212885906 0.0837395818795	447
103.5 81.5 0.223037991266 0.0925982042889	458
105 81.5 0.228457731959 0.0817552723235	485
106.5 81.5 0.168712810707 0.0898792351132	523
108 81.5 0.171885046729 0.0941282980244	214
109.5 81.5 0.183072641509 0.104337466706	106
111 81.5 0.234698165138 0.0754500926314	109
112.5 81.5 0.236537869822 0.081578201513	169
114 81.5 0.228737795276 0.0795694365121	127
115.5 81.5 0.19436741573 0.0791902510289	89
117 81.5 0.237537398374 0.068248430473	123
118.5 81.5 0.239708510638 0.0850185090584	47
120 81.5 0.169733333333 0.0948541975238	12
121.5 81.5 0.2411 0.0850084701662	3
123 81.5 0.14458 0.0471414043066	5
124.5 81.5 0.353 NaN	1
127.5 81.5 0.0902666666667 0.181369962599	3
133.5 81.5 0.142457142857 0.0827524391814	7
135 81.5 0.189845454545 0.0636919126755	22
136.5 81.5 0.147416666667 0.117141322464	36
138 81.5 0.248465384615 0.0810509565264	26
139.5 81.5 0.230506060606 0.100058517064	33
141 81.5 0.250451851852 0.0855056065205	27
142.5 81.5 0.213559375 0.0719630588897	32
144 81.5 0.211025 0.0538063392442	8
150 81.5 0.2146 0.107751705323	3
151.5 81.5 0.1683 0.0866389792603	12
153 81.5 0.2233 0.084786956544	6
154.5 81.5 0.0789607142857 0.0890547037013	28
157.5 81.5 0.13915 0.148351889102	6
159 81.5 0.0931666666667 0.0472051197788	3
160.5 81.5 0.15636 0.114102364259	35
162 81.5 0.122768 0.120057763305	75
163.5 81.5 0.12182371134 0.107699024846	97
165 81.5 0.132560683761 0.118110025383	117
166.5 81.5 0.127537254902 0.106194376699	153
168 81.5 0.155679640719 0.114242763889	167
169.5 81.5 0.162003184713 0.110497220884	157
171 81.5 0.170089215686 0.101852890058	204
172.5 81.5 0.156809042553 0.114355610443	188
174 81.5 0.168433913043 0.102589979581	230
175.5 81.5 0.153458503401 0.104518874774	147
177 81.5 0.145191851852 0.126645738744	135
178.5 81.5 0.178691044776 0.108511786444	67
-180 81 0.161773076923 0.109941935794	26
-178.5 81 0.1761 0.0589344601081	18
-177 81 0.161175 0.208456588206	4
-175.5 81 0.173122727273 0.0781511230265	22
-174 81 0.187382352941 0.0621415728989	51
-172.5 81 0.143553191489 0.0997107116723	47
-171 81 0.142549122807 0.10271924309	57
-169.5 81 0.14341969697 0.100465605626	66
-168 81 0.167850515464 0.099733705983	97
-166.5 81 0.152704854369 0.0897390218078	103
-165 81 0.199065060241 0.0974164449234	166
-163.5 81 0.173680444444 0.088193668635	225
-162 81 0.148952873563 0.102305579142	174
-160.5 81 0.152547701149 0.10643950096	174
-159 81 0.164636 0.107265162452	175
-157.5 81 0.156970198675 0.103272465381	151
-156 81 0.143272941176 0.095322572115	170
-154.5 81 0.119384732824 0.119070052731	131
-153 81 0.141706896552 0.0961951949594	87
-151.5 81 0.161777173913 0.106203318488	92
-150 81 0.124309459459 0.0995797335503	74
-148.5 81 0.145168421053 0.0877572564301	76
-147 81 0.150265833333 0.134406298307	120
-145.5 81 0.124280107527 0.109919704266	186
-144 81 0.135677118644 0.0975865448998	118
-142.5 81 0.123685245902 0.114925873629	183
-141 81 0.147056284153 0.108089636954	183
-139.5 81 0.13483740458 0.0937181850311	131
-138 81 0.1462171875 0.0969301860212	128
-136.5 81 0.144401550388 0.0975999215424	129
-135 81 0.137545544554 0.109883065597	101
-133.5 81 0.162456213018 0.0932895223273	169
-132 81 0.206620163488 0.0837528596819	367
-130.5 81 0.212618373494 0.0899593775044	332
-129 81 0.201545769231 0.0878604365689	260
-127.5 81 0.17362 0.105925065633	290
-126 81 0.16206171875 0.104757179263	256
-124.5 81 0.160386181818 0.101716816492	275
-123 81 0.107070348837 0.113373466547	172
-121.5 81 0.151775 0.113587087703	140
-120 81 0.141377464789 0.113491094658	142
-118.5 81 0.163878698225 0.108047122747	169
-117 81 0.180960629921 0.103397590741	127
-115.5 81 0.212217301038 0.109792555238	289
-114 81 0.222214860681 0.104095449938	323
-112.5 81 0.184177607362 0.116955872106	326
-111 81 0.181562777778 0.118828712005	180
-109.5 81 0.17403 0.114786303561	170
-108 81 0.211923577236 0.108132426431	246
-106.5 81 0.178679365079 0.123939328588	126
-105 81 0.157138461538 0.106956665627	260
-103.5 81 0.166327173913 0.102192420423	92
-102 81 0.211479020979 0.129115033792	143
-100.5 81 0.229108823529 0.161745610905	34
-99 81 0.127063157895 0.132568997593	19
-97.5 81 0.18874 0.102187466072	10
-12 81 0.188566666667 0.0530991839234	3
-10.5 81 0.0646333333333 0.172144774342	3
-9 81 0.175784415584 0.115516345466	77
-7.5 81 0.251766319444 0.0933948096227	288
-6 81 0.233748639456 0.100206477866	294
-4.5 81 0.269922978723 0.103621453903	235
-3 81 0.268218421053 0.115629962164	266
-1.5 81 0.333561419753 0.0953625428303	324
0 81 0.290166321244 0.105672754271	193
1.5 81 0.239906808511 0.113885449441	235
3 81 0.285069230769 0.0807738237105	117
4.5 81 0.260719548872 0.11066456446	133
6 81 0.264652564103 0.113417331556	78
7.5 81 0.25838313253 0.0948659976857	83
9 81 0.29392173913 0.100733803088	115
10.5 81 0.281886524823 0.0835915171874	141
12 81 0.294843548387 0.0725919145332	124
13.5 81 0.295369512195 0.0792568253696	82
15 81 0.22422278481 0.0839288999298	79
16.5 81 0.263245454545 0.104253895502	11
18 81 0.257706666667 0.0992885654952	15
19.5 81 0.192635 0.0889337972285	20
21 81 0.209396428571 0.0857003543021	28
22.5 81 0.269380487805 0.124268580541	41
24 81 0.287306024096 0.0997117422806	83
25.5 81 0.184043396226 0.0990205260888	265
27 81 0.210585714286 0.0876119611828	154
28.5 81 0.140208823529 0.117098853124	136
30 81 0.286642857143 0.0799873167029	49
31.5 81 0.196397196262 0.111602053692	107
33 81 0.1586 0.0973931573406	32
34.5 81 0.177523214286 0.0972349114092	56
36 81 0.218568032787 0.102894905275	122
37.5 81 0.200934920635 0.0771940666254	63
39 81 0.148465168539 0.0925392878496	89
40.5 81 0.0626742857143 0.119411139353	35
42 81 0.110411764706 0.123467095224	17
43.5 81 0.226408333333 0.100511966346	12
45 81 0.24655 0.0260922402258	2
67.5 81 -0.04355 0.201313300604	2
69 81 0.19432 0.179293814729	5
70.5 81 0.3242 NaN	1
72 81 0.1812 0.0671348642659	3
73.5 81 0.09975 0.160725371364	2
75 81 0.243176923077 0.0769262000648	13
76.5 81 0.13095 0.148692888196	6
78 81 0.17194 0.0742338736696	5
82.5 81 0.187825 0.0912313679608	4
85.5 81 0.30086 0.111135088968	5
99 81 0.287078571429 0.0680879993783	14
100.5 81 0.239352380952 0.149944728547	21
102 81 0.178701369863 0.0909100753693	73
103.5 81 0.249590217391 0.0941648427424	184
105 81 0.1907 0.100904576789	142
106.5 81 0.184615909091 0.108885077612	132
108 81 0.162734246575 0.10452164893	146
109.5 81 0.173097674419 0.0935850275173	43
111 81 0.193329411765 0.0897013615295	34
112.5 81 0.230441538462 0.0711929879191	65
114 81 0.194547126437 0.0884730386458	87
115.5 81 0.199087341772 0.0798608089871	79
117 81 0.137234285714 0.120710214351	35
118.5 81 0.20675 0.0866088071514	22
120 81 0.199269230769 0.0817787297592	13
121.5 81 0.29555 0.0949644407134	2
124.5 81 0.17733125 0.12228503162	16
126 81 0.223554166667 0.0659319410563	24
127.5 81 0.1806 0.080537072209	4
130.5 81 0.1611 NaN	1
132 81 0.14315 0.0856541300814	4
133.5 81 0.20842 0.0974137215327	15
135 81 0.113275 0.0999936789669	4
136.5 81 0.178476744186 0.11704165485	43
138 81 0.26845 0.0901753292204	4
139.5 81 0.24625 0.0528224478797	6
141 81 0.187926666667 0.0744430699707	15
142.5 81 0.265633333333 0.0497035545342	3
147 81 0.2051 NaN	1
148.5 81 0.3725 NaN	1
151.5 81 0.149475 0.0340885489082	4
153 81 0.0638 NaN	1
154.5 81 0.151666666667 0.0580465617701	3
156 81 -0.0054 NaN	1
160.5 81 0.142457894737 0.0930073492663	19
162 81 0.143343478261 0.106761249465	23
163.5 81 0.096655 0.0706417535322	20
165 81 0.110877142857 0.118339946728	35
166.5 81 0.147193103448 0.125581847482	87
168 81 0.127430578512 0.111890996691	121
169.5 81 0.151496296296 0.122397336207	54
171 81 0.15158 0.0915537741278	150
172.5 81 0.148007462687 0.105317140556	67
174 81 0.155191666667 0.11712503574	60
175.5 81 0.126172727273 0.155392474482	22
177 81 0.056705 0.125040332335	20
178.5 81 0.186937037037 0.117214813149	27
-180 80.5 0.17935 0.199050558904	2
-178.5 80.5 0.113753333333 0.104420153136	15
-177 80.5 0.205485714286 0.104797859847	7
-175.5 80.5 0.113015909091 0.094723497105	44
-174 80.5 0.215458333333 0.0726438817837	12
-172.5 80.5 0.20268021978 0.108153724156	91
-171 80.5 0.180360416667 0.0710146545847	48
-169.5 80.5 0.161598507463 0.0995742154962	67
-168 80.5 0.194646835443 0.0991143393536	79
-166.5 80.5 0.173056382979 0.0859084115432	94
-165 80.5 0.196153571429 0.0890638687363	56
-163.5 80.5 0.171939726027 0.0869043227728	73
-162 80.5 0.186230555556 0.0691882600258	36
-160.5 80.5 0.121842156863 0.0955474652002	102
-159 80.5 0.139002380952 0.104486980139	42
-157.5 80.5 0.158059047619 0.0949005083224	105
-156 80.5 0.170448863636 0.105942130152	88
-154.5 80.5 0.113509638554 0.104878889055	83
-153 80.5 0.155846666667 0.103535704426	45
-151.5 80.5 0.135855555556 0.109328615475	45
-150 80.5 0.187205882353 0.111661320914	17
-148.5 80.5 0.159477419355 0.0944219799699	62
-147 80.5 0.120304761905 0.102953399074	105
-145.5 80.5 0.14751372549 0.0993841094333	51
-144 80.5 0.161560714286 0.11957968158	56
-142.5 80.5 0.16050372093 0.0853356133275	215
-141 80.5 0.148294210526 0.0846814898795	190
-139.5 80.5 0.165080555556 0.0887463748736	72
-138 80.5 0.139370833333 0.111964960606	96
-136.5 80.5 0.126573584906 0.0852177036178	106
-135 80.5 0.150721818182 0.093538573098	110
-133.5 80.5 0.107477227723 0.111948072678	101
-132 80.5 0.176965128205 0.106149799396	195
-130.5 80.5 0.140546212121 0.118322935905	132
-129 80.5 0.158115934066 0.109040842462	182
-127.5 80.5 0.167607042254 0.137041795839	71
-126 80.5 0.12766025641 0.114691893689	78
-124.5 80.5 0.133159585492 0.101207711456	193
-123 80.5 0.134723529412 0.129194789018	119
-121.5 80.5 0.130912195122 0.139118151575	41
-120 80.5 0.147435714286 0.135911205543	56
-118.5 80.5 0.135174615385 0.0975938564844	130
-117 80.5 0.154392307692 0.111216434209	169
-115.5 80.5 0.14890952381 0.106973115107	189
-114 80.5 0.182947619048 0.0991933181837	210
-112.5 80.5 0.143191463415 0.100728895948	164
-111 80.5 0.14654796748 0.111078188935	246
-109.5 80.5 0.152540816327 0.0979661488754	196
-108 80.5 0.164678571429 0.1148144205	168
-106.5 80.5 0.178306547619 0.153865613711	168
-105 80.5 0.213921818182 0.112743864726	165
-103.5 80.5 0.182421428571 0.132002941799	84
-102 80.5 0.189108333333 0.16458407371	24
-100.5 80.5 0.155558823529 0.172769814561	17
-99 80.5 0.10242 0.131908712542	10
-13.5 80.5 0.1391 0.0558357860158	5
-12 80.5 0.0353733333333 0.140530771753	15
-10.5 80.5 0.140375 0.126145213039	12
-9 80.5 0.2341 0.0872526360633	9
-7.5 80.5 0.26562037037 0.120239491173	54
-6 80.5 0.247041176471 0.104864232105	153
-4.5 80.5 0.267011347518 0.0929214661438	141
-3 80.5 0.276678378378 0.105759190759	259
-1.5 80.5 0.272786976744 0.0995702486139	215
0 80.5 0.290302061856 0.0942203003376	97
1.5 80.5 0.232784615385 0.103238970704	65
3 80.5 0.247336666667 0.110122616561	30
4.5 80.5 0.20419047619 0.100981938508	21
6 80.5 0.339272093023 0.123119176344	43
7.5 80.5 0.34745 0.0783593198031	6
9 80.5 0.33658 0.048711980046	5
10.5 80.5 0.248441666667 0.0532611312878	12
12 80.5 0.332992857143 0.0648185497488	28
13.5 80.5 0.311983333333 0.0742501021324	6
27 80.5 0.0530125 0.104670203265	32
28.5 80.5 0.1603625 0.0878536922958	8
30 80.5 0.234133333333 0.0954172508759	18
31.5 80.5 0.22122 0.119480577687	10
33 80.5 0.12795 0.113096728511	12
34.5 80.5 0.18175 0.128020582113	10
36 80.5 0.21576 0.0913147148211	50
37.5 80.5 0.282442857143 0.0963669178564	7
39 80.5 0.212125 0.0515364838407	4
40.5 80.5 0.198284 0.0875404843487	25
42 80.5 0.248044444444 0.11522927266	9
43.5 80.5 0.297633333333 0.097039758175	6
66 80.5 0.1217 0.0022627416998	2
67.5 80.5 0.10264 0.135639425603	10
69 80.5 0.14895 0.00176776695297	2
70.5 80.5 0.067 NaN	1
72 80.5 0.1833 0.0376524899575	3
73.5 80.5 0.17172 0.0695594853345	5
75 80.5 0.0762428571429 0.123919797411	7
76.5 80.5 0.2002 0.0394889858062	5
78 80.5 0.2738 0.0416138598706	4
79.5 80.5 0.349433333333 0.0554145588572	3
82.5 80.5 0.3699 NaN	1
84 80.5 0.269 NaN	1
85.5 80.5 0.20915 0.161856742214	2
87 80.5 0.2988 0.0616597113195	2
88.5 80.5 0.19785 0.0449012806053	2
90 80.5 0.193 NaN	1
100.5 80.5 0.239757142857 0.0679524462036	14
102 80.5 0.201203846154 0.0628284997801	26
103.5 80.5 0.00141666666667 0.155139091356	6
105 80.5 0.244376388889 0.105787607428	72
106.5 80.5 0.140505785124 0.119135932375	121
108 80.5 0.11335308642 0.117152512869	81
109.5 80.5 0.0970210526316 0.0922919198182	38
111 80.5 0.171815909091 0.108657971899	44
112.5 80.5 0.144426315789 0.0941310684371	57
114 80.5 0.154186363636 0.0905722263269	44
115.5 80.5 0.21142962963 0.0956317448695	27
117 80.5 0.140554545455 0.0907013380677	11
118.5 80.5 0.2656 NaN	1
123 80.5 0.1708 0.127298193231	7
124.5 80.5 0.176276923077 0.112097687069	26
126 80.5 0.08424 0.121474124817	5
127.5 80.5 0.14153125 0.146253408935	16
129 80.5 0.2647 0.0838576306738	10
130.5 80.5 0.191 0.108443613612	16
132 80.5 0.137816666667 0.124901807494	12
133.5 80.5 0.200075 0.117922216595	4
135 80.5 0.166655555556 0.0749020044977	9
151.5 80.5 0.1146 0.0435577777211	2
159 80.5 -0.12125 0.0562149891043	2
162 80.5 0.1014 NaN	1
163.5 80.5 0.20864 0.10335769444	5
165 80.5 0.16828 0.142291014786	10
166.5 80.5 0.133936 0.120397812411	25
168 80.5 0.11535 0.165950289746	16
169.5 80.5 0.155175 0.0824587482399	32
171 80.5 0.1256 0.13536066637	13
172.5 80.5 0.164271875 0.115462077151	64
174 80.5 0.12575 0.120060034662	14
175.5 80.5 0.158705882353 0.0789794551655	17
177 80.5 0.218011538462 0.0541234834572	26
178.5 80.5 0.202929166667 0.103813689636	24
-180 80 0.168444444444 0.148197453682	9
-178.5 80 0.1150875 0.0799055055765	8
-177 80 0.182666666667 0.0802179447921	6
-174 80 0.102075 0.094317302609	8
-172.5 80 0.167989361702 0.0886164383466	47
-171 80 0.181292592593 0.117339359241	54
-169.5 80 0.232015686275 0.0921212318036	51
-168 80 0.230162222222 0.0985174172162	45
-166.5 80 0.235336842105 0.070655580377	38
-165 80 0.130965957447 0.111245647256	47
-163.5 80 0.203291666667 0.103710220925	12
-162 80 0.1237125 0.102434835558	8
-160.5 80 0.152404 0.0759335920394	25
-159 80 0.14035 0.0954031163013	26
-157.5 80 0.137305555556 0.0902002849043	36
-156 80 0.131072727273 0.140420576063	11
-154.5 80 0.136814583333 0.0935797531966	48
-153 80 0.0810153846154 0.0938203842133	39
-151.5 80 0.130844444444 0.120367853906	36
-150 80 0.164070491803 0.0945294800215	122
-148.5 80 0.191963043478 0.10841411724	92
-147 80 0.179477272727 0.0897500440033	66
-145.5 80 0.1572078125 0.097969675102	64
-144 80 0.174569620253 0.089169086506	79
-142.5 80 0.183018333333 0.0858138350321	120
-141 80 0.186668852459 0.0875574240922	61
-139.5 80 0.139786764706 0.077471789578	68
-138 80 0.160354166667 0.0960528833691	96
-136.5 80 0.168192592593 0.10222985838	81
-135 80 0.120425 0.0908345410655	88
-133.5 80 0.128159782609 0.10621241009	92
-132 80 0.133781632653 0.110085893877	49
-130.5 80 0.117155555556 0.150396604742	27
-129 80 0.13133625 0.132220875086	80
-127.5 80 0.0985694117647 0.147109606872	85
-126 80 0.1352 0.12502329807	84
-124.5 80 0.129297674419 0.110076231728	129
-123 80 0.0978256410256 0.1063215381	78
-121.5 80 0.210829098361 0.12150913975	244
-120 80 0.209030252101 0.10908844146	119
-118.5 80 0.237108860759 0.0915205948377	79
-117 80 0.204491071429 0.10395394645	112
-115.5 80 0.154850826446 0.100047625274	242
-114 80 0.173534969325 0.112617564105	163
-112.5 80 0.192642647059 0.142328768362	68
-111 80 0.214071069182 0.107630943121	159
-109.5 80 0.164305063291 0.117760047096	79
-108 80 0.118201369863 0.116662992196	73
-106.5 80 0.12958490566 0.109258596557	53
-105 80 0.163383673469 0.127080152442	49
-103.5 80 0.116475555556 0.138600518423	45
-102 80 0.0785 0.119188988585	21
-15 80 0.103747727273 0.0904304756426	44
-13.5 80 0.0634291666667 0.0989600072017	24
-12 80 0.117674285714 0.103469018787	35
-10.5 80 0.146056097561 0.155439359637	41
-9 80 0.1602125 0.121269434869	16
-7.5 80 0.248776744186 0.0987277893705	86
-6 80 0.261120689655 0.101496534827	58
-4.5 80 0.252472815534 0.0939690637393	103
-3 80 0.277011956522 0.0937492130006	184
-1.5 80 0.28013125 0.0836117769932	128
0 80 0.230380555556 0.101069703867	36
1.5 80 0.2991625 0.0722830956996	24
30 80 0.3555 NaN	1
36 80 0.03095 0.0898732718888	2
37.5 80 0.20275 0.0892026745275	8
42 80 0.20994 0.120130795386	5
43.5 80 0.0803272727273 0.106679492789	11
67.5 80 0.0757384615385 0.0896208359187	13
69 80 0.2307 0.0301209229606	3
70.5 80 0.171 0.0710996835436	13
72 80 0.119533333333 0.165899630801	9
73.5 80 0.100027272727 0.125955580193	11
75 80 0.146833333333 0.157592649998	3
78 80 -0.0175 NaN	1
79.5 80 0.3809 0.0263043722601	2
81 80 0.119855555556 0.152186021953	9
82.5 80 0.24245 0.0386787409309	2
84 80 0.242266666667 0.179920019268	3
87 80 0.3214 NaN	1
88.5 80 0.1435 0.0629123199381	3
90 80 0.163 0.217694074334	3
100.5 80 0.174133333333 0.0245846157858	3
102 80 0.171230508475 0.0754617629921	59
103.5 80 0.0896 NaN	1
105 80 0.2353125 0.0891806102805	8
106.5 80 0.15535 0.103560690741	4
108 80 0.144159649123 0.0938323044918	114
109.5 80 0.151665254237 0.0946524875415	118
111 80 0.129272368421 0.112010375232	76
112.5 80 0.15358 0.11834841594	55
114 80 0.189547368421 0.0840911566788	19
115.5 80 0.25098 0.101133609646	5
117 80 0.131571428571 0.101926259526	7
124.5 80 0.1463 0.0950393076574	3
126 80 0.260985714286 0.0641796029013	7
127.5 80 0.148006666667 0.134536104908	15
129 80 0.187625806452 0.0954411091293	31
130.5 80 0.169087037037 0.109341664703	54
132 80 0.179418918919 0.0939535104833	37
133.5 80 0.162828571429 0.0982698277582	7
135 80 0.170675 0.0626272238461	4
136.5 80 0.17538 0.0413061980821	5
163.5 80 0.115466666667 0.0667849034837	3
165 80 0.16074 0.121857757242	5
166.5 80 0.1706 0.0949528303949	5
169.5 80 0.194442857143 0.117709782334	7
171 80 0.2132 NaN	1
172.5 80 0.154828571429 0.138794964598	14
174 80 0.1692625 0.113878869701	8
175.5 80 0.1481 0.110113464209	5
177 80 0.16198 0.14703454356	5
178.5 80 0.1405 0.103838568621	13
-180 79.5 0.192392857143 0.0730341381114	14
-178.5 79.5 0.230966666667 0.106596544659	3
-177 79.5 0.08835 0.104130970854	12
-175.5 79.5 0.1232 0.102531057625	19
-174 79.5 0.1166 0.115975024251	17
-172.5 79.5 0.22754 0.0430388545387	5
-171 79.5 0.18145862069 0.0847023086093	29
-169.5 79.5 0.19989 0.0405492964729	10
-168 79.5 0.191515 0.0826633647296	20
-166.5 79.5 0.211982608696 0.0710181551259	46
-165 79.5 0.168342105263 0.0850567674216	19
-163.5 79.5 0.16455 0.0934031851705	6
-162 79.5 0.192992 0.0888333829894	25
-160.5 79.5 0.183519047619 0.081506285764	21
-159 79.5 0.157216 0.105302637985	25
-157.5 79.5 0.152035 0.0900144682815	20
-156 79.5 0.113588636364 0.123952776484	44
-154.5 79.5 0.159697142857 0.126523774761	35
-153 79.5 0.10053 0.132646432163	30
-151.5 79.5 0.121086666667 0.106524174797	30
-150 79.5 0.113878125 0.0964743380031	32
-148.5 79.5 0.141346153846 0.0733732292409	52
-147 79.5 0.190846428571 0.0815692588357	56
-145.5 79.5 0.17448115942 0.0692941328375	69
-144 79.5 0.200192134831 0.0749536451062	89
-142.5 79.5 0.19727311828 0.066686044332	93
-141 79.5 0.170053061224 0.0870281483129	98
-139.5 79.5 0.17939125 0.0798881943303	80
-138 79.5 0.1703375 0.0760476956291	144
-136.5 79.5 0.15047238806 0.0891991801707	134
-135 79.5 0.12757173913 0.0996540392769	92
-133.5 79.5 0.160702419355 0.115064473594	124
-132 79.5 0.130501020408 0.088443128089	98
-130.5 79.5 0.179081395349 0.115936875796	43
-129 79.5 0.135805 0.139100387387	60
-127.5 79.5 0.102525 0.128563769613	64
-126 79.5 0.100554545455 0.115803523372	44
-124.5 79.5 0.162441891892 0.129882488519	74
-123 79.5 0.164707843137 0.102032526057	102
-121.5 79.5 0.197754794521 0.0855747215996	146
-120 79.5 0.22279527027 0.10065206003	148
-118.5 79.5 0.218922641509 0.0994608144354	212
-117 79.5 0.145284285714 0.104545966086	70
-115.5 79.5 0.146782442748 0.10514354765	131
-114 79.5 0.218405 0.106064941115	200
-112.5 79.5 0.211861935484 0.105406478688	155
-111 79.5 0.233586013986 0.121908317895	143
-109.5 79.5 0.198024778761 0.121813748001	113
-108 79.5 0.126627586207 0.122682866124	29
-106.5 79.5 0.0378305555556 0.180245403856	36
-105 79.5 0.18488 0.0961758746108	15
-103.5 79.5 0.2249625 0.138618315017	32
-102 79.5 0.207660869565 0.131187952396	23
-100.5 79.5 0.220291176471 0.124382604668	34
-97.5 79.5 0.252375 0.0822053678296	4
-70.5 79.5 0.3021 NaN	1
-67.5 79.5 0.119725 0.0501663482825	4
-16.5 79.5 0.1449 0.108170672022	8
-15 79.5 0.130314349776 0.0994010639021	223
-13.5 79.5 0.176376630435 0.106571331845	368
-12 79.5 0.246117647059 0.0984672439812	85
-10.5 79.5 0.136357142857 0.138413043357	21
-9 79.5 0.22545 0.103888278827	68
-7.5 79.5 0.24205483871 0.105234306376	62
-6 79.5 0.238411111111 0.0900761134758	135
-4.5 79.5 0.234866 0.0908619151691	150
-3 79.5 0.269312101911 0.0999359123808	157
-1.5 79.5 0.261331481481 0.0919686591902	54
0 79.5 0.268847826087 0.108493187342	23
1.5 79.5 0.3199 NaN	1
3 79.5 0.15582 0.115444649075	5
30 79.5 0.117 0.182849555646	3
33 79.5 0.204425 0.153740894039	4
34.5 79.5 0.201175 0.0800033072233	4
37.5 79.5 0.217890909091 0.101518830318	11
40.5 79.5 0.2528 0.103095716044	7
42 79.5 0.2638 NaN	1
43.5 79.5 0.205066666667 0.16364486956	3
60 79.5 0.125070833333 0.112820193533	24
63 79.5 0.15445 0.0352846283812	2
64.5 79.5 0.209 NaN	1
67.5 79.5 0.1445 NaN	1
69 79.5 0.120222222222 0.0760058020446	9
70.5 79.5 0.252285714286 0.0620640375895	7
72 79.5 -0.1858 NaN	1
73.5 79.5 0.223 0.174655374953	2
82.5 79.5 0.1689 NaN	1
88.5 79.5 0.295566666667 0.0418373437653	3
90 79.5 -0.1613 NaN	1
103.5 79.5 0.3356 0.0659023520066	2
105 79.5 0.3583 0.0436991990773	2
108 79.5 0.16008 0.176192272816	5
109.5 79.5 0.240885714286 0.0709693742956	14
111 79.5 0.142105882353 0.111541178539	34
112.5 79.5 0.247081081081 0.0803270047225	37
114 79.5 0.069475 0.056034178558	4
115.5 79.5 0.14636 0.0558281559789	5
117 79.5 0.1201 0.159274228926	3
118.5 79.5 0.235475 0.119392667977	4
123 79.5 0.11645 0.113773481093	2
124.5 79.5 0.153815789474 0.108427893414	19
126 79.5 0.174123529412 0.0981402728841	17
127.5 79.5 0.06645 0.114232057047	8
129 79.5 0.17435 0.0432288869469	4
130.5 79.5 0.151482857143 0.0926078718726	35
132 79.5 0.193025 0.115369044499	8
133.5 79.5 0.188107692308 0.0716148664913	13
135 79.5 0.02015 0.0829436254332	2
139.5 79.5 0.2399 NaN	1
145.5 79.5 0.210311111111 0.0741067716954	9
160.5 79.5 0.2577 NaN	1
165 79.5 0.199366666667 0.0970940437583	3
168 79.5 0.1936 0.0687307791313	2
169.5 79.5 0.18016 0.0732956888227	5
175.5 79.5 0.0298 0.245224631715	2
177 79.5 0.148325 0.0903941876819	4
178.5 79.5 0.235014285714 0.0535663273762	7
-178.5 79 0.179925 0.058472351016	4
-177 79 0.204085714286 0.0536304151445	7
-175.5 79 0.22393125 0.0556595450784	16
-174 79 0.20155 0.0631264207761	10
-172.5 79 0.2489 NaN	1
-171 79 0.1501 0.136674453187	14
-169.5 79 0.2242 0.0822500455927	3
-166.5 79 0.167871428571 0.0667467780567	7
-165 79 0.14346875 0.104860985555	16
-163.5 79 0.0618090909091 0.0846169876696	33
-162 79 0.1332625 0.137956110386	8
-160.5 79 0.148516666667 0.0905464834583	6
-159 79 0.20405 0.0738549667329	10
-157.5 79 0.106571428571 0.112255192983	14
-156 79 0.0569736842105 0.133271484998	19
-154.5 79 0.17049 0.118629746425	20
-153 79 0.14268 0.0641194683557	10
-151.5 79 0.05078 0.0659244036757	5
-150 79 0.162016666667 0.161079861146	6
-148.5 79 0.134496969697 0.124794079098	33
-147 79 0.164398076923 0.105283947514	52
-145.5 79 0.161079166667 0.0784978093251	24
-144 79 0.080808 0.103592405442	50
-142.5 79 0.153746511628 0.110955000207	43
-141 79 0.13539375 0.0830447595443	48
-139.5 79 0.147209677419 0.092738571386	93
-138 79 0.168917647059 0.0853234470597	119
-136.5 79 0.147721989529 0.0940572509766	191
-135 79 0.160562222222 0.0877768629595	180
-133.5 79 0.157446601942 0.10692081165	103
-132 79 0.1960875 0.0921222148214	104
-130.5 79 0.196002654867 0.103766969748	113
-129 79 0.0809782608696 0.114726468994	23
-127.5 79 0.179648809524 0.102713690849	84
-126 79 0.151314473684 0.103192468335	76
-124.5 79 0.136142608696 0.110769391444	115
-123 79 0.173939285714 0.111319083847	56
-121.5 79 0.171004635762 0.0907138294034	151
-120 79 0.212725316456 0.109782332374	158
-118.5 79 0.224782758621 0.0982924193488	232
-117 79 0.111505555556 0.119827342443	144
-115.5 79 0.176453012048 0.112328419115	83
-114 79 0.223230379747 0.0992322487833	158
-112.5 79 0.218054901961 0.108947446622	51
-111 79 0.143653846154 0.163891242472	13
-109.5 79 0.0995333333333 0.139940692795	9
-108 79 0.108918181818 0.11745768445	11
-99 79 0.305563636364 0.090960675819	11
-72 79 0.165642857143 0.127206038341	7
-16.5 79 0.111533333333 0.113016871897	3
-15 79 0.151598501873 0.116213381967	267
-13.5 79 0.155408547009 0.106427784114	234
-12 79 0.2846765625 0.115195290003	64
-10.5 79 0.154733333333 0.144260052221	6
-9 79 0.214762857143 0.0905115237568	35
-7.5 79 0.259990140845 0.0916784195746	71
-6 79 0.289025390625 0.0774557554909	256
-4.5 79 0.279274891775 0.0856825073308	231
-3 79 0.262680434783 0.0893203364167	46
-1.5 79 0.32425 0.0401365585637	4
31.5 79 0.1727 0.123188798192	3
37.5 79 0.1921 NaN	1
40.5 79 0.2345 NaN	1
42 79 0.169246153846 0.0951004657434	26
43.5 79 0.0306 NaN	1
46.5 79 0.2483 0.00296984848098	2
57 79 0.1401 0.128806821026	8
58.5 79 0.17948 0.0806872948831	10
61.5 79 0.0894 0.0818829652614	2
63 79 0.10036 0.0815205066226	5
66 79 0.1921 0.085565900529	7
72 79 0.19115 0.0929666337994	6
75 79 0.2998 NaN	1
76.5 79 0.04645 0.0207182286888	2
79.5 79 0.20058 0.098167518955	10
82.5 79 0.2735 NaN	1
87 79 -0.173 NaN	1
106.5 79 0.04975 0.0441941738242	2
108 79 0.131736363636 0.164150475313	11
109.5 79 0.22885 0.0379716341497	2
111 79 0.122014285714 0.122405475856	56
112.5 79 0.21248 0.0945677863874	10
117 79 0.2511375 0.0546935341569	8
118.5 79 0.162786363636 0.0656280812099	22
120 79 0.135283333333 0.090106440425	12
121.5 79 0.242628571429 0.0988720418487	14
123 79 0.216366666667 0.0226600676669	6
124.5 79 0.13451 0.128249812216	10
126 79 0.211888888889 0.133099327989	9
127.5 79 0.23678 0.0767676494365	5
129 79 0.201188888889 0.0698832041497	18
130.5 79 0.216365217391 0.0634555578818	23
132 79 0.218 0.147916350234	4
133.5 79 0.1116 0.045474828202	3
163.5 79 0.0564 NaN	1
165 79 0.222266666667 0.0698233724002	3
166.5 79 0.01435 0.0064346717088	2
168 79 0.1248 0.0282842712475	2
169.5 79 0.2005 NaN	1
172.5 79 0.25145 0.062578950135	2
174 79 0.08648 0.0962813948798	5
175.5 79 0.183 NaN	1
177 79 0.202975 0.0547774512611	4
-177 78.5 0.2713 NaN	1
-175.5 78.5 0.160421428571 0.0583277500729	14
-174 78.5 0.187841666667 0.0578365951835	12
-172.5 78.5 0.16205 0.108341450978	4
-171 78.5 0.0645 0.113668663228	5
-169.5 78.5 0.147266666667 0.0681742436702	9
-168 78.5 0.214372727273 0.0967761756933	11
-165 78.5 0.164744444444 0.0615424266484	9
-163.5 78.5 0.12035 0.137880942431	8
-162 78.5 -0.0166666666667 0.0801306641264	3
-160.5 78.5 0.2268 NaN	1
-159 78.5 0.0337 NaN	1
-157.5 78.5 0.1495 0.0869829485206	4
-156 78.5 0.123916666667 0.104620194759	12
-154.5 78.5 0.176754545455 0.0414689610103	11
-153 78.5 -0.0105 0.119982859887	4
-151.5 78.5 0.0336 NaN	1
-150 78.5 0.1724 NaN	1
-148.5 78.5 0.1947 0.0717006276123	2
-147 78.5 0.0905130434783 0.122850316551	23
-145.5 78.5 0.100696 0.116410299802	25
-144 78.5 0.0795103448276 0.10173673402	58
-142.5 78.5 0.151134090909 0.117534839849	44
-141 78.5 0.15671 0.0880421842671	20
-139.5 78.5 0.122388461538 0.0880453240095	52
-138 78.5 0.0614785714286 0.107971235391	28
-136.5 78.5 0.13147037037 0.108740258695	81
-135 78.5 0.130144 0.119758106811	50
-133.5 78.5 0.157577777778 0.114431240468	72
-132 78.5 0.174935329341 0.0897658265925	167
-130.5 78.5 0.13384537037 0.0946133107786	108
-129 78.5 0.151565306122 0.122675881818	98
-127.5 78.5 0.164390909091 0.104311865629	77
-126 78.5 0.123906896552 0.109558167626	29
-124.5 78.5 0.107064788732 0.0922784189266	71
-123 78.5 0.135653424658 0.108445238462	73
-121.5 78.5 0.140976687117 0.113563595372	163
-120 78.5 0.1092616 0.106910106031	125
-118.5 78.5 0.140590163934 0.114735968846	122
-117 78.5 0.158198639456 0.10684655108	147
-115.5 78.5 0.140986363636 0.0835963960003	22
-108 78.5 0.0683636363636 0.128492787912	11
-106.5 78.5 0.0932272727273 0.120437860251	11
-16.5 78.5 0.08815 0.0990602439078	14
-15 78.5 0.171409090909 0.11132520747	22
-13.5 78.5 0.167803333333 0.0887683870543	30
-10.5 78.5 0.221795454545 0.0656327116269	22
-9 78.5 0.206417567568 0.0802008495123	74
-7.5 78.5 0.25082962963 0.101525039331	81
-6 78.5 0.268826415094 0.0988142387098	106
-4.5 78.5 0.286112371134 0.0941151303565	97
-3 78.5 0.229411111111 0.120479836948	9
34.5 78.5 0.3449 NaN	1
36 78.5 0.06034 0.151332392435	5
37.5 78.5 0.18195 0.00516187950266	2
40.5 78.5 0.13506 0.116395996495	5
45 78.5 0.19295 0.0463154941677	2
55.5 78.5 0.18535 0.141253094361	4
57 78.5 0.3626 0.00806101730553	2
58.5 78.5 0.3583 NaN	1
60 78.5 -0.0848 NaN	1
66 78.5 0.2984 NaN	1
70.5 78.5 0.0474 NaN	1
75 78.5 0.3035 0.0267286363289	2
76.5 78.5 0.2587 0.0234759451354	2
78 78.5 0.1447 0.0663322870682	14
79.5 78.5 0.275066666667 0.0272940164383	3
81 78.5 0.2413 0.0565281522783	6
84 78.5 0.0843 0.0825123425111	4
97.5 78.5 0.0195666666667 0.140260424449	6
111 78.5 -0.0202 0.0345068109219	2
115.5 78.5 0.2339 NaN	1
117 78.5 0.04368 0.0760453052098	10
120 78.5 0.17195 0.0789838274585	2
121.5 78.5 0.154 NaN	1
124.5 78.5 0.218766666667 0.0676400029568	9
126 78.5 0.267414285714 0.0440558898284	7
127.5 78.5 0.239614285714 0.0581272290919	7
129 78.5 0.3003 NaN	1
130.5 78.5 0.2783 NaN	1
132 78.5 0.281066666667 0.0231141370882	3
133.5 78.5 0.2483 0.0859593314694	4
159 78.5 0.212225 0.0524136353125	4
163.5 78.5 0.2694 NaN	1
166.5 78.5 0.1845 0.0758018469432	2
168 78.5 0.220854545455 0.0914167639291	11
169.5 78.5 0.2578 0.167867149854	2
172.5 78.5 0.2011 NaN	1
178.5 78.5 0.2731 0.0817415439052	2
-175.5 78 0.1899 0.0362964185561	3
-174 78 0.2147 NaN	1
-172.5 78 0.2607 NaN	1
-168 78 0.1529875 0.0686128150775	8
-166.5 78 0.0482857142857 0.0488655102832	7
-165 78 0.08407 0.0980449675744	10
-163.5 78 0.201771428571 0.101491472783	7
-162 78 0.0844444444444 0.0986133938059	18
-160.5 78 0.2977 NaN	1
-159 78 0.1707 NaN	1
-157.5 78 -0.034025 0.0641849605957	4
-156 78 0.1424 0.153354044867	14
-154.5 78 0.2144 0.0033941125497	2
-153 78 0.0651333333333 0.107416122316	3
-151.5 78 0.00163333333333 0.157266090857	3
-148.5 78 0.158788888889 0.0506938961919	9
-147 78 0.0390571428571 0.103893397394	14
-145.5 78 0.126238461538 0.141063688562	13
-144 78 0.118812698413 0.122935623715	63
-142.5 78 0.127230379747 0.109998055174	79
-141 78 0.128636842105 0.15119276956	19
-139.5 78 0.110803846154 0.115035884769	26
-138 78 0.170394736842 0.119097114778	19
-136.5 78 0.140061344538 0.0917104480945	119
-135 78 0.13648172043 0.0957654550431	93
-133.5 78 0.153930864198 0.100240548983	81
-132 78 0.102923255814 0.117678749219	43
-130.5 78 0.143102777778 0.118570746662	72
-129 78 0.145585858586 0.117323031309	99
-127.5 78 0.144519491525 0.103674578195	118
-126 78 0.167064102564 0.0995603483377	156
-124.5 78 0.0372208333333 0.140373712326	24
-123 78 0.111725471698 0.10523107278	106
-121.5 78 0.0809096774194 0.0843125010904	93
-120 78 0.0833528571429 0.102517681361	70
-118.5 78 0.192826190476 0.11246190479	42
-117 78 0.0092 0.169679482162	4
-115.5 78 -0.1704 NaN	1
-109.5 78 0.3492 NaN	1
-108 78 0.126546875 0.137572885045	32
-106.5 78 0.153709090909 0.111578035512	22
-16.5 78 0.107285714286 0.147324159917	7
-15 78 0.141166666667 0.123221115615	3
-13.5 78 0.231833333333 0.0744910407466	12
-12 78 0.170322727273 0.129814999984	22
-10.5 78 0.262737313433 0.0951782487817	67
-9 78 0.271478070175 0.0844159222061	114
-7.5 78 0.250333684211 0.0905467595324	95
-6 78 0.262638983051 0.109130955842	59
-4.5 78 0.2981 0.11193894169	4
36 78 0.1824 NaN	1
51 78 0.16175 0.153371460839	2
54 78 0.2974 0.00890954544295	2
72 78 0.20574 0.106314594483	5
76.5 78 0.21145 0.113914902449	2
84 78 0.2172 0.0104651803616	2
85.5 78 0.2931 NaN	1
87 78 0.24555 0.059609101654	2
93 78 0.272655555556 0.032872256962	9
102 78 0.0860857142857 0.140531534844	21
109.5 78 0.1864 0.182841160574	3
111 78 0.2186 0.0862670273048	2
112.5 78 0.07828 0.140730725146	5
114 78 0.102571428571 0.0666137551933	7
118.5 78 0.21075 0.0387030145251	4
120 78 0.193596774194 0.0861340911365	31
121.5 78 0.1906125 0.0715928103932	16
123 78 0.3229 NaN	1
124.5 78 0.2619 NaN	1
126 78 0.151218181818 0.0977145211131	11
127.5 78 0.186125 0.111154907995	8
129 78 0.205825 0.0671574952382	4
133.5 78 0.0653 NaN	1
150 78 0.1522 NaN	1
153 78 0.1482 0.063282778068	3
168 78 0.1583 0.126147849764	2
171 78 0.28545 0.123107290605	2
175.5 78 0.2225 NaN	1
177 78 0.2735 NaN	1
178.5 78 0.2287 NaN	1
-177 77.5 0.13275 0.031607673119	2
-174 77.5 0.221666666667 0.0206606711734	3
-172.5 77.5 0.10635 0.0284964032818	2
-171 77.5 0.13512 0.131955594262	15
-169.5 77.5 0.113623529412 0.112567893565	17
-166.5 77.5 0.0799 0.15167058603	4
-165 77.5 0.1942 NaN	1
-163.5 77.5 0.15135 0.0514066629923	2
-162 77.5 0.157857142857 0.171619849834	7
-159 77.5 0.17005 0.147290342521	2
-157.5 77.5 0.219285714286 0.137973372172	7
-156 77.5 0.0941714285714 0.115431014236	7
-154.5 77.5 -0.1425 NaN	1
-153 77.5 0.1445 0.0783047891256	3
-151.5 77.5 0.3062 NaN	1
-148.5 77.5 -0.03315 0.0538401027736	4
-147 77.5 0.135475 0.202664053076	12
-145.5 77.5 0.17846 0.130103114661	10
-144 77.5 0.01355 0.090014693245	2
-142.5 77.5 0.136565384615 0.114282929407	26
-141 77.5 0.146342857143 0.112219610845	28
-139.5 77.5 0.134660869565 0.116217253411	46
-138 77.5 0.123475757576 0.125145735121	33
-136.5 77.5 0.113657894737 0.0961296191827	19
-135 77.5 0.126117006803 0.0924465031338	147
-133.5 77.5 0.137312056738 0.0990152372655	141
-132 77.5 0.113031707317 0.0995821689107	82
-130.5 77.5 0.128656666667 0.11403043139	120
-129 77.5 0.124415384615 0.127434755133	130
-127.5 77.5 0.0948053658537 0.11129818243	205
-126 77.5 0.161726180258 0.10868067807	233
-124.5 77.5 0.123740789474 0.119478694533	76
-123 77.5 0.123806382979 0.114454498456	94
-121.5 77.5 0.0318904761905 0.105620775868	63
-120 77.5 0.0597777777778 0.149441704375	18
-109.5 77.5 0.093575 0.107992140918	4
-103.5 77.5 -0.035275 0.0752263508595	12
-102 77.5 0.0677774193548 0.136476111975	31
-100.5 77.5 0.0879083333333 0.114603825354	36
-99 77.5 0.0855828571429 0.122010714297	35
-97.5 77.5 0.22855 0.106938442034	14
-16.5 77.5 -0.0624 0.0870389294402	22
-15 77.5 0.227873195876 0.102226863229	97
-13.5 77.5 0.266524561404 0.108416352352	57
-12 77.5 0.264488235294 0.0701195419297	34
-10.5 77.5 0.222365217391 0.0724130934059	46
-9 77.5 0.27567 0.117289874219	70
-7.5 77.5 0.301443298969 0.0995876413718	97
-6 77.5 -0.0425 NaN	1
70.5 77.5 0.195 NaN	1
72 77.5 0.217155555556 0.0888319074307	9
78 77.5 0.10018 0.0936654525425	5
79.5 77.5 -0.000833333333333 0.0589213317342	3
81 77.5 0.138 0.0947171051078	3
91.5 77.5 0.2108 NaN	1
93 77.5 0.210281818182 0.0729529138305	11
94.5 77.5 0.2806 0.0326683332908	2
102 77.5 0.1752 0.0376180807591	2
109.5 77.5 0.148525 0.0332027483802	4
115.5 77.5 0.0129 0.1125041777	3
117 77.5 0.233266666667 0.0603348986906	9
124.5 77.5 0.233575 0.0613190766945	4
126 77.5 0.266433333333 0.0435098073236	3
129 77.5 0.11292 0.0486728569122	5
130.5 77.5 0.284966666667 0.074350947091	3
133.5 77.5 0.2274 NaN	1
135 77.5 0.0408 NaN	1
153 77.5 0.181 0.0903057030314	4
162 77.5 0.3121 0.00989949493661	2
165 77.5 0.2125 NaN	1
168 77.5 -0.00235 0.150401612358	2
169.5 77.5 0.2172 0.044249745762	3
171 77.5 0.151633333333 0.108841162557	6
175.5 77.5 0.16885 0.0763401379791	4
178.5 77.5 0.2903 NaN	1
-180 77 0.199485714286 0.0955621488128	21
-177 77 0.2824 NaN	1
-174 77 0.195266666667 0.0296506885811	3
-172.5 77 0.1517 0.119798714517	11
-166.5 77 0.1714 0.0722663130373	2
-165 77 0.1941 0.0313955410847	2
-160.5 77 -0.0756 0.0402865982679	3
-157.5 77 0.0916 NaN	1
-156 77 0.2286 0.188090403796	2
-153 77 0.2797 NaN	1
-150 77 0.208666666667 0.089806522676	12
-145.5 77 0.168475 0.0839947574895	8
-144 77 0.0700125 0.0613994750443	8
-142.5 77 0.120646428571 0.128525174021	28
-141 77 0.13424 0.101983107897	55
-139.5 77 0.104930666667 0.0702362095214	75
-138 77 0.130389655172 0.107049295537	29
-136.5 77 0.11086627907 0.0984290997269	86
-135 77 0.0897216666667 0.115215064654	120
-133.5 77 0.1265203125 0.0997150413956	192
-132 77 0.0944085714286 0.10069543654	70
-130.5 77 0.0889836956522 0.113740212261	92
-129 77 0.102632876712 0.10837873671	73
-127.5 77 0.118680625 0.096602248432	160
-126 77 0.101064375 0.0908135835758	160
-124.5 77 0.0951096774194 0.0953725020352	93
-123 77 0.0990085714286 0.130439563133	35
-121.5 77 0.15027173913 0.0811315411006	46
-112.5 77 0.0207176470588 0.133425172078	17
-108 77 0.01896875 0.112915742739	16
-106.5 77 0.05535 0.0144956890143	2
-103.5 77 0.0680357142857 0.0990401737198	42
-102 77 0.0942350877193 0.111836689755	57
-100.5 77 0.0563857142857 0.113126218313	28
-99 77 0.12285 0.0708862333385	14
-76.5 77 -0.07865 0.00233345237792	2
-16.5 77 0.132460416667 0.0984757249266	48
-15 77 0.215572340426 0.0940580526154	47
-13.5 77 0.237487719298 0.0889869574516	57
-12 77 0.292886363636 0.0946123168906	44
-10.5 77 0.265620895522 0.0759030971886	67
-9 77 0.356914583333 0.103519662002	48
-7.5 77 0.311146875 0.138535827401	32
73.5 77 0.25 NaN	1
79.5 77 0.121175 0.0516069416704	8
91.5 77 0.217 0.0821861910542	3
93 77 0.2256 NaN	1
114 77 0.09645 0.00487903679019	2
115.5 77 0.2449 NaN	1
117 77 0.17098 0.0555988489089	5
118.5 77 0.1793 NaN	1
124.5 77 0.145111111111 0.122385359055	9
126 77 0.0784666666667 0.0864844205623	9
127.5 77 0.203066666667 0.0138482249163	3
132 77 0.2575 0.0531875925381	4
147 77 -0.05345 0.0639931636974	2
150 77 0.1279 0.0181019335984	2
151.5 77 0.2355 NaN	1
154.5 77 0.1406 NaN	1
160.5 77 0.099725 0.115664193603	12
162 77 0.2628 NaN	1
163.5 77 0.1831 NaN	1
168 77 0.169955555556 0.0981695613608	9
169.5 77 0.143465 0.127139571096	40
171 77 0.178285714286 0.0747634364417	7
172.5 77 0.11305 0.126049176911	6
174 77 0.1585375 0.0922369144804	8
175.5 77 0.117338461538 0.111682672026	13
-180 76.5 0.02045 0.0127986327395	2
-175.5 76.5 0.1596 NaN	1
-174 76.5 0.12255 0.150401612358	2
-172.5 76.5 0.0639166666667 0.145527831244	6
-171 76.5 0.072425 0.037446350512	4
-166.5 76.5 0.29035 0.0587605735166	2
-162 76.5 0.1363 0.0219203102168	2
-160.5 76.5 0.24105 0.149553084221	2
-157.5 76.5 0.195025 0.0391556190093	4
-156 76.5 0.1696 NaN	1
-153 76.5 0.13745 0.0516895057047	2
-151.5 76.5 0.170911111111 0.10368897536	9
-147 76.5 0.092325 0.144182032199	12
-145.5 76.5 -0.00195 0.126551847083	4
-144 76.5 0.0173125 0.0991824500245	8
-142.5 76.5 0.126217391304 0.124806645555	23
-141 76.5 0.158572413793 0.10112486234	29
-139.5 76.5 0.123298989899 0.0980293921927	99
-138 76.5 0.12204025974 0.0861432149934	77
-136.5 76.5 0.129828082192 0.0935516097601	146
-135 76.5 0.131165441176 0.112739323304	136
-133.5 76.5 0.0969846153846 0.111930732595	117
-132 76.5 0.103260273973 0.0955140009221	73
-130.5 76.5 0.0697394366197 0.101779532715	71
-129 76.5 0.0655079207921 0.0915129593917	101
-127.5 76.5 0.122033064516 0.100279661354	248
-126 76.5 0.097311627907 0.0968972213449	129
-124.5 76.5 0.152359459459 0.114242394494	37
-123 76.5 0.147042105263 0.116175535015	38
-112.5 76.5 -0.0214555555556 0.0838316484257	9
-111 76.5 0.1786 NaN	1
-108 76.5 -0.042175 0.0821329968202	4
-106.5 76.5 0.0686916666667 0.0953171681085	24
-18 76.5 -0.144 0.040310742985	6
-16.5 76.5 0.0120346153846 0.116169420286	182
-15 76.5 0.153671111111 0.120306280767	45
-13.5 76.5 0.299355952381 0.0888904718642	84
-12 76.5 0.298250617284 0.0879726720685	81
-10.5 76.5 0.323291489362 0.0899858575024	94
-9 76.5 0.230213513514 0.0558662249493	37
79.5 76.5 0.0853 NaN	1
82.5 76.5 0.2485 NaN	1
88.5 76.5 0.1511 NaN	1
91.5 76.5 0.1865 0.0459111823706	7
117 76.5 0.267 NaN	1
118.5 76.5 0.104573333333 0.127234521746	15
120 76.5 0.2633 NaN	1
132 76.5 -0.0399333333333 0.128254525586	3
144 76.5 0.05685 0.00261629509039	2
145.5 76.5 0.0105 0.196717106526	2
154.5 76.5 0.156881818182 0.0719023479197	11
156 76.5 0.215315384615 0.0949112730058	13
157.5 76.5 0.14538 0.0732810753196	15
159 76.5 0.1379 0.0855314237251	10
160.5 76.5 0.182175 0.0789707276992	4
162 76.5 0.0859857142857 0.0584849675436	7
163.5 76.5 0.222595238095 0.0862717826186	21
165 76.5 0.200233333333 0.0412884810409	6
166.5 76.5 0.26062 0.0474003902938	5
168 76.5 0.143032258065 0.0905654694575	31
169.5 76.5 0.0922590909091 0.0865240558516	44
171 76.5 0.166321875 0.0798700950713	32
172.5 76.5 0.142803846154 0.120731783655	26
174 76.5 0.118364285714 0.101787377237	14
175.5 76.5 0.14537826087 0.117517770248	23
177 76.5 -0.06955 0.0994899241129	2
178.5 76.5 0.2267 NaN	1
-180 76 0.21645 0.0927016990136	2
-178.5 76 0.0466833333333 0.0764700050129	6
-177 76 0.0009 0.137927568984	8
-174 76 0.165694444444 0.136921155811	18
-172.5 76 0.2122 0.0626496608131	2
-171 76 0.0414875 0.120600490848	8
-169.5 76 0.105 0.0794345552731	8
-168 76 0.0904333333333 0.036455772291	3
-166.5 76 0.1857 0.0251730014102	2
-163.5 76 0.14102 0.050778512516	10
-159 76 0.2112 NaN	1
-150 76 0.0373 0.242679047303	2
-148.5 76 0.122869230769 0.148961697452	13
-147 76 0.1306 0.0765089537244	2
-145.5 76 0.107 0.143981879647	13
-144 76 0.0702274193548 0.116497531346	62
-142.5 76 0.034075 0.140239328174	4
-141 76 0.12805 0.081688132924	34
-139.5 76 0.15671 0.0984430221772	40
-138 76 0.11580375 0.132797850985	80
-136.5 76 0.0772179104478 0.120736079473	67
-135 76 0.117659398496 0.0945575069834	133
-133.5 76 0.0906043956044 0.124176959674	91
-132 76 0.0817818181818 0.0979888956294	121
-130.5 76 0.0223058823529 0.105612972519	34
-129 76 -0.00104266666667 0.0836774714964	75
-127.5 76 0.0606081967213 0.0966841578468	122
-126 76 0.104454545455 0.126369516994	66
-18 76 0.151325 0.10722709157	4
-16.5 76 0.0205097222222 0.0936394676627	72
-15 76 0.209184210526 0.0882485018013	19
-13.5 76 0.254495238095 0.102977935009	42
-12 76 0.273916071429 0.129835204326	56
-7.5 76 0.33015 0.0654073772598	2
75 76 0.11185 0.150825876427	2
76.5 76 0.1389 NaN	1
117 76 0.2008 NaN	1
118.5 76 0.1529 NaN	1
126 76 0.08965 0.129895515704	2
127.5 76 0.2264 0.108009474893	4
132 76 0.27925 0.0630032142037	2
156 76 0.2233 0.114589143311	18
157.5 76 0.195822222222 0.0940228151981	36
159 76 0.16958125 0.104294769564	16
160.5 76 0.214725 0.0519057909714	12
162 76 0.168463380282 0.0878665875704	71
163.5 76 0.162883333333 0.0836931389969	12
165 76 0.1517 0.0955829482701	12
168 76 0.139816666667 0.069997339494	24
169.5 76 0.149160606061 0.129290087931	33
171 76 0.0627666666667 0.188629725476	3
172.5 76 0.125283333333 0.0662411176436	6
174 76 0.0941026315789 0.0998136384735	38
175.5 76 0.10385 0.162882319483	4
177 76 0.2557 0.0434059327742	5
178.5 76 0.0993666666667 0.20085099618	6
-180 75.5 0.121957142857 0.115164271907	7
-178.5 75.5 0.2912 NaN	1
-177 75.5 0.100413636364 0.0933882846505	22
-175.5 75.5 0.1033 0.0314281720754	3
-174 75.5 0.12548 0.135875120771	10
-172.5 75.5 0.0580102564103 0.0852136503609	39
-171 75.5 0.05415 0.0502973657362	10
-169.5 75.5 0.18432 0.0634923774953	5
-168 75.5 0.1209125 0.0710308069482	8
-166.5 75.5 0.11955 0.0269407683632	2
-165 75.5 0.0744307692308 0.0588626563085	13
-154.5 75.5 0.1809 NaN	1
-151.5 75.5 0.20696 0.0748044316869	5
-150 75.5 0.1212 0.103558662924	13
-148.5 75.5 0.2538 NaN	1
-147 75.5 0.06719 0.185323443681	10
-145.5 75.5 0.166686666667 0.099553057402	15
-144 75.5 0.0253277777778 0.114732342256	18
-142.5 75.5 0.15335 0.0671044335346	2
-141 75.5 -0.00321428571429 0.0799950504421	7
-139.5 75.5 0.140733333333 0.0887043685508	9
-138 75.5 0.06742 0.0785649612923	15
-136.5 75.5 0.102160714286 0.132003390358	28
-135 75.5 0.0619515625 0.102287322653	128
-133.5 75.5 0.0895833333333 0.112583232702	36
-132 75.5 0.0341805555556 0.0888266180111	72
-130.5 75.5 0.0800909090909 0.113480816037	66
-129 75.5 0.0835510204082 0.103658507784	98
-127.5 75.5 0.119 0.111829253776	51
-126 75.5 0.0500526315789 0.0673533334028	19
-124.5 75.5 0.23005 0.029203510063	2
-76.5 75.5 0.234075 0.0678877689033	4
-75 75.5 0.1826 NaN	1
-73.5 75.5 0.123625 0.147283091924	4
-72 75.5 0.1292 NaN	1
-16.5 75.5 0.0732294117647 0.103534576137	17
-15 75.5 0.225024390244 0.0920488858718	41
-13.5 75.5 0.258325641026 0.0862750519466	39
-12 75.5 0.2682125 0.048973825006	8
72 75.5 -0.096 NaN	1
126 75.5 0.0909375 0.144449614918	8
130.5 75.5 0.06655 0.318127340856	2
133.5 75.5 0.163614285714 0.0543136738293	14
157.5 75.5 0.21 NaN	1
159 75.5 0.2963 NaN	1
160.5 75.5 0.1588 0.0571342279199	2
162 75.5 0.2355 0.0623027019211	4
163.5 75.5 0.149231818182 0.0940482924903	22
165 75.5 0.147421428571 0.111577114958	14
166.5 75.5 0.148 0.0972812791483	12
168 75.5 0.213613636364 0.0897569113691	22
169.5 75.5 0.15324 0.0570372948166	5
171 75.5 0.151291891892 0.0908768928532	37
172.5 75.5 0.155990909091 0.0900759729844	11
174 75.5 0.09959 0.112073725265	20
175.5 75.5 0.0605529411765 0.137226360066	17
177 75.5 0.0987384615385 0.099393750126	13
178.5 75.5 0.0875 0.0251730014102	2
-180 75 0.0905823529412 0.089110712286	17
-178.5 75 0.05964 0.0867129226089	20
-177 75 0.131128571429 0.0892279984886	7
-175.5 75 0.115888 0.114567579475	25
-172.5 75 0.0455 NaN	1
-171 75 0.11215625 0.0808125666429	32
-169.5 75 -0.02595 0.0395803402377	4
-166.5 75 0.0658111111111 0.102306884476	9
-162 75 0.1484875 0.103363594551	8
-159 75 0.1783 NaN	1
-156 75 0.1379 0.121908626985	10
-154.5 75 0.181884210526 0.0667611019744	19
-153 75 0.169 0.118984830966	3
-151.5 75 0.07142 0.10213886136	5
-150 75 0.154942857143 0.108887569801	7
-148.5 75 0.0858 0.0999007173815	4
-145.5 75 0.0875333333333 0.0771739809349	3
-144 75 0.176833333333 0.0719377740365	3
-142.5 75 0.111814285714 0.0702346882144	7
-141 75 0.2893 NaN	1
-138 75 0.11573 0.0713686836084	10
-136.5 75 0.0412625 0.185678585099	8
-135 75 0.12492244898 0.11530097077	49
-133.5 75 0.124411111111 0.133793331826	27
-132 75 0.0682736842105 0.13256253126	38
-130.5 75 0.0914634615385 0.0986375202622	52
-129 75 0.0333125 0.127660862575	16
-127.5 75 0.0548625 0.155140525584	8
-124.5 75 0.0840833333333 0.083646885398	30
-123 75 -0.0187666666667 0.275470984558	3
-75 75 0.1251 NaN	1
-72 75 0.118183333333 0.052998166635	6
-16.5 75 0.269281818182 0.0824758730561	11
-15 75 0.27018 0.110016913163	45
-13.5 75 0.305324242424 0.0792736480108	33
70.5 75 0.231 0.0998434775035	2
72 75 0.1702 NaN	1
121.5 75 0.07745 0.0750214413796	4
124.5 75 0.3426 NaN	1
132 75 0.0596363636364 0.0636197496494	11
133.5 75 0.1061 NaN	1
135 75 0.04129 0.0873127513915	10
159 75 0.131433333333 0.170866197652	9
160.5 75 0.140755 0.0916679102149	20
162 75 0.12425625 0.126991616357	16
163.5 75 0.159245833333 0.112554740225	24
165 75 0.09925 0.136947383014	8
166.5 75 0.146142857143 0.108578023802	14
168 75 0.04995 0.208950053841	2
171 75 0.172714285714 0.0688246920935	14
172.5 75 0.165258139535 0.0894277581082	43
174 75 0.113925 0.127371312062	12
175.5 75 0.121265384615 0.112472840961	26
177 75 0.122613333333 0.091013749877	15
178.5 75 0.0987571428571 0.117894736062	14
-180 74.5 -0.03423 0.102106372094	10
-178.5 74.5 0.0859736842105 0.0811597522182	19
-177 74.5 -0.02725 0.120029177008	4
-169.5 74.5 -0.0821375 0.123016269975	8
-168 74.5 0.1249 NaN	1
-166.5 74.5 0.0853 0.053890691837	4
-165 74.5 0.09584 0.064235722149	5
-163.5 74.5 0.123338461538 0.062972752553	13
-162 74.5 0.136275 0.0847640794598	4
-160.5 74.5 0.2317 NaN	1
-157.5 74.5 0.068225 0.0970810099865	4
-156 74.5 0.1321 0.0383986327882	5
-154.5 74.5 0.14938 0.0863271510013	5
-153 74.5 0.1573125 0.0430135007875	8
-150 74.5 0.2603375 0.041522487453	8
-148.5 74.5 0.1445 0.0869708571879	9
-145.5 74.5 0.119163636364 0.0948975792392	11
-142.5 74.5 0.16865 0.128339880785	2
-141 74.5 0.17425 0.0311834090503	2
-139.5 74.5 0.137436363636 0.102789515737	11
-138 74.5 0.0901666666667 0.157338636916	6
-136.5 74.5 0.139285714286 0.114421534129	14
-135 74.5 0.0444875 0.0915751927321	24
-133.5 74.5 0.0104838709677 0.100420864687	31
-132 74.5 0.0423086956522 0.0739317431704	23
-130.5 74.5 0.099406 0.0893800904873	50
-129 74.5 0.04842 0.129787955271	25
-126 74.5 -0.0258105263158 0.0515957351245	19
-120 74.5 0.2134 0.0384508777533	3
-117 74.5 0.16035 0.196744123165	4
-109.5 74.5 0.174083333333 0.100877478491	6
-106.5 74.5 -0.0415555555556 0.123331921163	9
-105 74.5 0.0967277777778 0.131983892981	18
-103.5 74.5 0.01895 0.0753736691425	4
-102 74.5 0.3057 NaN	1
-100.5 74.5 0.3218 NaN	1
-72 74.5 0.129242857143 0.0514784698407	7
-70.5 74.5 0.1274 NaN	1
-69 74.5 0.0921333333333 0.070994812017	3
-67.5 74.5 0.2237 0.00579827560573	2
-18 74.5 0.185083333333 0.117799005372	6
-16.5 74.5 0.296257142857 0.118091002511	35
-15 74.5 0.292111111111 0.0820256408182	18
72 74.5 0.06225 0.0514066629923	2
73.5 74.5 0.331833333333 0.0212829352612	3
75 74.5 0.12835 0.144626242432	4
76.5 74.5 0.152066666667 0.100289647189	3
78 74.5 0.01185 0.107975205487	2
81 74.5 0.1222 NaN	1
82.5 74.5 0.22375 0.108540890912	2
121.5 74.5 -0.05585 0.0161927452892	2
129 74.5 0.067925 0.2013076315	4
157.5 74.5 0.13675 0.108788280619	4
159 74.5 0.00816111111111 0.126763188843	18
160.5 74.5 0.143190697674 0.128897633459	43
162 74.5 0.105605882353 0.098334040905	34
163.5 74.5 0.164625925926 0.0913249253726	27
165 74.5 0.180665116279 0.105540256106	43
166.5 74.5 0.118373684211 0.0964275156542	38
168 74.5 0.2349 NaN	1
169.5 74.5 0.1703 0.0222031529293	2
171 74.5 0.121342857143 0.123459315717	14
172.5 74.5 0.119563636364 0.0942571310902	33
174 74.5 0.0973735294118 0.0782638130274	34
175.5 74.5 0.08455 0.117712401918	24
177 74.5 0.132490909091 0.0716198080777	11
178.5 74.5 0.0939368421053 0.138092562397	19
-180 74 -0.00064 0.146472046632	10
-178.5 74 0.0158875 0.144555371867	8
-177 74 0.0489666666667 0.0290372748951	3
-174 74 0.126 NaN	1
-172.5 74 -0.0526 0.0502045814642	2
-168 74 0.2476 NaN	1
-166.5 74 0.2543 NaN	1
-162 74 0.0919928571429 0.0671832528234	42
-159 74 0.0595 0.136249976147	6
-157.5 74 0.150311111111 0.104290920559	9
-154.5 74 -0.0456 NaN	1
-153 74 0.13714 0.0968336098676	5
-151.5 74 0.0897833333333 0.140221815944	6
-150 74 -0.0178666666667 0.122479399628	3
-148.5 74 0.1423 NaN	1
-147 74 0.2443 NaN	1
-145.5 74 0.1105 0.0866202264853	12
-144 74 0.20725 0.073892658634	2
-142.5 74 0.1600875 0.0806956263198	8
-141 74 0.09168 0.160151497027	5
-139.5 74 0.07682 0.137245025411	5
-138 74 0.0328615384615 0.139266935167	13
-136.5 74 0.0480285714286 0.0884835267465	14
-135 74 0.073108988764 0.0825553955073	89
-133.5 74 0.105 0.050821550547	3
-132 74 0.0737555555556 0.133207084347	18
-130.5 74 0.0723142857143 0.0945638423802	21
-129 74 0.0250151515152 0.138564840691	33
-127.5 74 -0.0806 0.04795344965	4
-115.5 74 0.12106 0.178042236562	5
-112.5 74 0.1889 NaN	1
-111 74 0.1219625 0.0768476403114	8
-109.5 74 0.03218 0.0791614300022	5
-108 74 0.0603666666667 0.107681954539	3
-106.5 74 -0.0057 0.121446202081	4
-105 74 0.191433333333 0.199086823606	3
-102 74 0.0416 0.104510382259	2
-81 74 0.15138 0.0441914810795	5
-72 74 0.16066 0.0654021253477	5
-70.5 74 0.09744 0.157334938904	5
-18 74 0.281466666667 0.0341177861728	3
-16.5 74 0.187581481481 0.119621402886	27
70.5 74 0.11465 0.066623244192	4
72 74 0.1235 NaN	1
78 74 0.142981818182 0.0720077748327	11
121.5 74 0.065 0.0776558819408	6
123 74 0.1871 0.0641411724246	3
126 74 0.3233 NaN	1
156 74 0.19456 0.153125089388	5
160.5 74 0.146385294118 0.122971945883	34
162 74 0.0849692307692 0.12305905347	13
163.5 74 0.140845454545 0.107815280583	11
165 74 0.121354545455 0.134780305413	11
166.5 74 0.149619512195 0.0842377475349	41
168 74 0.101183333333 0.156104649728	6
169.5 74 0.165225 0.0644520142653	8
171 74 0.150544444444 0.0614764815013	9
172.5 74 0.152782352941 0.0922489017948	51
174 74 0.113678571429 0.11219049856	14
175.5 74 0.0994184210526 0.112736636064	38
177 74 0.166607407407 0.113463660485	27
178.5 74 0.192533333333 0.0608884275217	12
-180 73.5 0.0249 NaN	1
-178.5 73.5 0.06206125 0.113703653787	80
-177 73.5 0.3237 NaN	1
-175.5 73.5 0.12125 0.0810045986349	10
-174 73.5 0.13256 0.175884658228	5
-159 73.5 0.03855 0.20371746366	2
-157.5 73.5 0.181752941176 0.0695636589539	17
-156 73.5 0.197536363636 0.0818151241853	11
-154.5 73.5 0.0903105263158 0.15094352474	19
-153 73.5 0.11239 0.0932680793818	20
-151.5 73.5 0.0938454545455 0.1195141102	44
-150 73.5 0.144590697674 0.0683550458442	43
-148.5 73.5 0.1327 0.0917029625112	4
-147 73.5 0.165423809524 0.120807772535	21
-145.5 73.5 0.1585 0.139300035894	2
-144 73.5 0.17534 0.0529954998089	5
-142.5 73.5 0.0435533333333 0.119161432319	15
-141 73.5 0.110415 0.105370720366	20
-139.5 73.5 0.115105263158 0.127163571276	19
-138 73.5 0.131513043478 0.098286155986	23
-136.5 73.5 0.201175 0.0754042604897	4
-135 73.5 0.03525 0.182270779729	8
-133.5 73.5 0.0667666666667 0.0895643530281	3
-132 73.5 0.12153125 0.103118331502	16
-130.5 73.5 0.0763194444444 0.10541523018	36
-129 73.5 0.0661666666667 0.0237811550042	3
-114 73.5 -0.06975 0.0695371771069	6
-112.5 73.5 0.151766666667 0.122571213509	15
-111 73.5 0.0850290322581 0.145406460639	31
-109.5 73.5 0.00469230769231 0.131258564556	13
-76.5 73.5 0.0969 NaN	1
-19.5 73.5 -0.1938 NaN	1
-18 73.5 0.3354 0.093703658176	10
-16.5 73.5 0.3518 0.0977537138498	8
156 73.5 0.1335 0.0748993324403	3
157.5 73.5 0.248433333333 0.0178891959946	3
159 73.5 0.264766666667 0.0349923324935	3
160.5 73.5 0.143923529412 0.0774670456502	17
162 73.5 0.12735 0.17384121655	8
163.5 73.5 0.29455 0.054235090117	2
165 73.5 0.2246 0.0516187950266	2
166.5 73.5 0.2989 0.0744290265958	3
168 73.5 0.0676 0.146545586385	10
169.5 73.5 0.113957692308 0.106594499569	26
171 73.5 0.0966 0.153119974747	4
172.5 73.5 0.113066666667 0.111854469438	21
174 73.5 0.1177125 0.101531839834	16
175.5 73.5 0.06811875 0.128462351551	32
177 73.5 0.10158125 0.13007178643	16
178.5 73.5 0.04843 0.0880161607636	10
-180 73 0.0420181818182 0.0917580132033	22
-178.5 73 0.1427 NaN	1
-174 73 0.084025 0.121019540433	4
-163.5 73 0.134866666667 0.0308820875806	3
-159 73 0.0573 NaN	1
-157.5 73 0.15815 0.0249608693759	2
-156 73 0.18125 0.0382544768622	2
-154.5 73 0.1219 0.11973831467	16
-151.5 73 0.0382636363636 0.13295074481	11
-150 73 0.1655 0.190811198134	7
-148.5 73 0.1862125 0.0599961769615	8
-147 73 0.17655 0.0388201622871	2
-145.5 73 0.0363823529412 0.0752694975066	34
-144 73 0.167307142857 0.0517904128979	14
-142.5 73 0.156526666667 0.112584568003	15
-141 73 0.104725 0.167077733905	4
-139.5 73 0.123378787879 0.122834028667	33
-138 73 0.00752 0.0421264406282	5
-136.5 73 0.0414333333333 0.0785720856518	30
-135 73 0.12685 0.128243744257	18
-133.5 73 0.171305263158 0.123446364753	19
-132 73 0.154425 0.0251591434671	4
-130.5 73 0.155891489362 0.128421730231	47
-112.5 73 0.150533333333 0.125438585239	6
-109.5 73 0.13632 0.14895464746	5
-91.5 73 0.1187 0.00848528137424	2
-75 73 0.0297611111111 0.0967026804111	18
-19.5 73 -0.1973 NaN	1
-18 73 0.328725714286 0.102682724771	35
133.5 73 0.2815 NaN	1
135 73 0.161558823529 0.0932506974426	17
150 73 0.265 NaN	1
156 73 0.1738 NaN	1
159 73 0.2078 0.115017650819	11
160.5 73 0.1836 NaN	1
162 73 0.3424 NaN	1
163.5 73 0.22315 0.152506118274	10
166.5 73 0.077325 0.100792664434	28
168 73 0.124657142857 0.112646196436	21
169.5 73 0.062025 0.107439353929	12
171 73 0.101929268293 0.101850651063	41
172.5 73 0.107135185185 0.110902781083	54
174 73 0.16184516129 0.0690891155861	31
175.5 73 0.0868181818182 0.0996462725663	11
177 73 0.039652173913 0.103252831216	23
178.5 73 0.04095 0.110399457852	18
-180 72.5 0.0339166666667 0.135999844363	6
-178.5 72.5 0.1647875 0.11352431379	8
-177 72.5 -0.0496 0.201492034582	3
-163.5 72.5 0.13775 0.0645588491223	2
-159 72.5 0.0486333333333 0.0175981059587	3
-157.5 72.5 0.1607 NaN	1
-156 72.5 0.003425 0.177423943799	4
-150 72.5 -0.0601 0.10111626971	2
-148.5 72.5 0.04235 0.124648532549	4
-147 72.5 0.139446666667 0.118235641633	15
-145.5 72.5 0.1149 0.123528916992	4
-144 72.5 0.141184615385 0.164003911773	13
-142.5 72.5 0.0585 0.134979800958	7
-141 72.5 0.179941176471 0.125016304231	17
-139.5 72.5 0.100766666667 0.131405793251	9
-138 72.5 0.053775 0.165856954386	12
-136.5 72.5 0.117533333333 0.0791665543859	3
-135 72.5 0.199914285714 0.104579083769	7
-132 72.5 0.0582705882353 0.130822583891	17
-103.5 72.5 0.0949846153846 0.09367140124	13
-75 72.5 -0.041 0.0558614357137	2
-73.5 72.5 0.165027272727 0.0695431533784	11
-21 72.5 0.1737 0.16935882026	3
135 72.5 0.2037 0.0269744323388	4
136.5 72.5 -0.0288 0.0711764474153	4
154.5 72.5 0.1206 NaN	1
157.5 72.5 0.2533 NaN	1
162 72.5 0.22685 0.0597505230103	2
163.5 72.5 0.109429268293 0.0993140932695	41
165 72.5 0.178405882353 0.101969354898	17
166.5 72.5 0.1340875 0.112219274143	24
168 72.5 0.064975 0.0900789052257	4
169.5 72.5 0.0975089285714 0.113049706327	56
171 72.5 0.11413 0.114993700794	10
172.5 72.5 0.133628571429 0.034528669937	7
174 72.5 0.18495 0.0462150801835	12
175.5 72.5 -0.1115 NaN	1
177 72.5 -0.081525 0.0864395116059	4
178.5 72.5 0.253725 0.134813262824	4
-178.5 72 0.108190909091 0.0851338646432	11
-177 72 0.045 0.0379056723987	5
-165 72 0.0597 NaN	1
-162 72 0.2579 NaN	1
-159 72 0.132133333333 0.048793886229	3
-157.5 72 0.0273666666667 0.0604635702993	3
-148.5 72 0.24432 0.0483795101257	5
-147 72 0.201171428571 0.138868051453	7
-142.5 72 0.269975 0.0450001018517	4
-141 72 0.03932 0.142404968702	10
-139.5 72 0.07615 0.189398847233	4
-135 72 0.2973 NaN	1
-133.5 72 0.0804 NaN	1
-132 72 0.1898 NaN	1
-103.5 72 0.106590909091 0.137347555162	11
-102 72 0.2205 0.142269884375	2
-93 72 0.217725 0.0933676380409	4
-91.5 72 0.17632 0.0642208481206	10
-69 72 -0.0714 0.130454934748	3
-19.5 72 0.169985714286 0.11169076634	21
-18 72 0.3629 NaN	1
156 72 0.2076 0.0926309883354	2
160.5 72 0.0758333333333 0.127537895022	6
162 72 0.1038 0.0888131030464	45
163.5 72 0.102207692308 0.109620264714	13
165 72 0.1407625 0.0971426188285	8
166.5 72 0.00294375 0.0852928990303	16
168 72 0.1518875 0.132063539226	8
169.5 72 0.0308666666667 0.156693211936	6
171 72 0.148685714286 0.131200246806	7
172.5 72 0.149659375 0.080062253437	32
174 72 0.1959 0.0479418397644	2
175.5 72 0.1819 0.0683065150626	2
177 72 0.112575 0.0670435530085	16
178.5 72 0.258066666667 0.150496188213	6
-163.5 71.5 0.0392090909091 0.0866778570864	11
-157.5 71.5 0.04475 0.0662533772724	4
-156 71.5 0.0962666666667 0.0921702952872	3
-148.5 71.5 0.255025 0.043190382803	4
-142.5 71.5 0.0348 0.182341949827	4
-103.5 71.5 0.138833333333 0.127140326674	6
-102 71.5 0.1200625 0.0894580178871	8
-100.5 71.5 0.127133333333 0.0166205695851	3
-91.5 71.5 0.125533333333 0.135124239128	9
-19.5 71.5 0.2538 0.023581560593	3
133.5 71.5 0.1476 NaN	1
160.5 71.5 0.1355 0.105119011918	4
163.5 71.5 0.14566 0.0663722364982	10
165 71.5 -0.00943333333333 0.137236741922	3
166.5 71.5 0.0533764705882 0.101214385893	17
168 71.5 0.144033333333 0.0827381612881	3
169.5 71.5 0.113683333333 0.13366114494	6
171 71.5 -0.02305 0.0471640223051	2
172.5 71.5 0.00434 0.135549688307	5
174 71.5 0.105863636364 0.100239276461	11
175.5 71.5 0.178266666667 0.102699379258	9
177 71.5 0.22995 0.00700035713375	2
-165 71 -0.021 0.184718921608	3
-139.5 71 0.2051 0.0428506709399	2
-129 71 0.1445 NaN	1
-127.5 71 0.3104 NaN	1
-102 71 0.1482 0.12037588629	21
-21 71 0.10726 0.0348728117593	5
-19.5 71 0.1606 0.152231215121	8
-18 71 0.212133333333 0.0448413127967	3
163.5 71 0.1489 0.128506388946	6
166.5 71 0.0674214285714 0.0507949449116	14
168 71 0.124305882353 0.107493886283	17
169.5 71 -0.05945 0.0730690290068	6
171 71 0.168383333333 0.167040358941	12
174 71 0.2188 0.0336582827845	2
175.5 71 0.21676 0.102347584241	5
177 71 0.10148 0.118862723341	5
-145.5 70.5 0.103233333333 0.127851674477	6
-139.5 70.5 0.134133333333 0.0774998279568	3
-135 70.5 0.0236 0.0033941125497	2
-133.5 70.5 0.1916 NaN	1
-121.5 70.5 -0.0428 NaN	1
-99 70.5 0.118242857143 0.104213080707	7
165 70.5 0.251316666667 0.0208150346304	6
166.5 70.5 0.015 NaN	1
174 70.5 0.1001 NaN	1
175.5 70.5 0.148931578947 0.084152078291	19
177 70.5 0.0118833333333 0.162543599279	6
178.5 70.5 0.082 NaN	1
-177 70 -0.035 0.0688121113371	4
-136.5 70 0.1525 NaN	1
-133.5 70 0.100966666667 0.0736430806888	3
-99 70 0.2725 0.0287085353162	2
-21 70 0.11978 0.0867318972466	5
165 70 0.0917 0.174786698579	3
178.5 70 0.02 NaN	1
-138 69.5 0.2021 NaN	1
-99 69.5 0.3371 NaN	1
66 69.5 0.1929 NaN	1
-177 69 0.1113 0.141562777594	2
-103.5 68.5 0.1661 NaN	1
-102 68.5 0.1337 NaN	1
-174 67.5 0.156 0.0562856997824	2
-172.5 67.5 0.170425 0.0916234094905	4
