lon, lat, freeboard (m), standard deviation, count
-180 81.5 0.121731515152 0.0923981125124	165
-178.5 81.5 0.131833333333 0.0975651447228	72
-177 81.5 0.121952808989 0.105316966485	89
-175.5 81.5 0.15237005988 0.0930921434412	167
-174 81.5 0.100311538462 0.112051909633	52
-172.5 81.5 0.0963211764706 0.0938740608908	85
-171 81.5 0.0945205405405 0.0993496308046	185
-169.5 81.5 0.0849151351351 0.0992850036189	185
-168 81.5 0.0615623893805 0.104294398919	226
-166.5 81.5 0.0909930599369 0.0940596835292	317
-165 81.5 0.0854420875421 0.110785605647	297
-163.5 81.5 0.110879360465 0.100163835519	344
-162 81.5 0.0745972413793 0.126215094704	145
-160.5 81.5 0.0916180722892 0.10753674707	249
-159 81.5 0.0829491694352 0.104007670427	301
-157.5 81.5 0.119818670886 0.0994028462408	316
-156 81.5 0.128307048458 0.0882806653764	227
-154.5 81.5 0.121669827586 0.112699619397	116
-153 81.5 0.180602380952 0.102836402978	84
-151.5 81.5 0.189854268293 0.0937681099731	164
-150 81.5 0.157615300546 0.100838094503	183
-148.5 81.5 0.124928235294 0.102723694554	170
-147 81.5 0.115452216749 0.0935096835803	203
-145.5 81.5 0.144595744681 0.0930597027312	235
-144 81.5 0.123257668712 0.106591355877	163
-142.5 81.5 0.130551256281 0.0881241685163	199
-141 81.5 0.163744712991 0.0886578752462	331
-139.5 81.5 0.153890298507 0.0990335318459	268
-138 81.5 0.187964285714 0.0863762455755	210
-136.5 81.5 0.189981848185 0.081449795819	303
-135 81.5 0.166739714286 0.0770036954044	350
-133.5 81.5 0.163328178694 0.0827111965263	291
-132 81.5 0.165042654028 0.0762714671658	422
-130.5 81.5 0.162525056948 0.0896534133792	439
-129 81.5 0.153278776291 0.0897532404181	523
-127.5 81.5 0.158619829424 0.103805666619	469
-126 81.5 0.169945013477 0.098480431837	371
-124.5 81.5 0.159325497288 0.113563927047	553
-123 81.5 0.133053144654 0.101934621093	318
-121.5 81.5 0.12300940919 0.103397667751	457
-120 81.5 0.109662101313 0.0955009858474	533
-118.5 81.5 0.130530563798 0.102049561593	337
-117 81.5 0.108200851064 0.0940965314314	470
-115.5 81.5 0.120713983051 0.109649054169	236
-114 81.5 0.180912878788 0.0957579936311	528
-112.5 81.5 0.137355157895 0.110325528822	475
-111 81.5 0.130538878505 0.100441436822	535
-109.5 81.5 0.15346977887 0.114807574911	407
-108 81.5 0.166373404255 0.0991459779745	282
-106.5 81.5 0.150288449848 0.0912545337348	329
-105 81.5 0.154523368421 0.08496540138	475
-103.5 81.5 0.190214705882 0.0916412293244	272
-102 81.5 0.202582716049 0.099430764247	405
-100.5 81.5 0.137256666667 0.110527140674	240
-99 81.5 0.178718378378 0.115520288956	185
-97.5 81.5 0.158595333333 0.102730287605	150
-96 81.5 0.148788888889 0.0614204657351	9
-10.5 81.5 0.15095 0.101424480937	16
-9 81.5 0.198026609442 0.098656184922	233
-7.5 81.5 0.23915840708 0.0983606484842	339
-6 81.5 0.214286647727 0.0984074888756	352
-4.5 81.5 0.239376025237 0.101848347765	317
-3 81.5 0.289801807229 0.0852074420373	166
-1.5 81.5 0.271973333333 0.0875600802744	75
0 81.5 0.225363309353 0.100764140694	139
1.5 81.5 0.196219642857 0.120694572326	56
3 81.5 0.199042424242 0.102339768145	33
4.5 81.5 0.114590909091 0.102278741026	22
6 81.5 0.220558823529 0.0821002864855	34
7.5 81.5 0.1664 0.132041799909	14
9 81.5 0.219742857143 0.0337890937603	7
28.5 81.5 0.1968 0.0708442305343	5
30 81.5 0.0208235294118 0.107762194956	17
31.5 81.5 0.141722222222 0.0832608518119	9
33 81.5 0.1948 0.0921604838453	24
34.5 81.5 0.191938095238 0.0819853552544	21
36 81.5 0.3798 0.0370634590938	4
42 81.5 0.1495 0.0308298556597	2
82.5 81.5 -0.1037 NaN	1
85.5 81.5 0.32945 0.118133723664	4
97.5 81.5 0.303183076923 0.0895991168505	65
99 81.5 0.270589719626 0.112055553048	107
100.5 81.5 0.150426811594 0.101363820076	138
102 81.5 0.166465799257 0.079506232398	269
103.5 81.5 0.173644954128 0.0756440593115	327
105 81.5 0.205505507246 0.0744217463908	345
106.5 81.5 0.171491818182 0.0827842441187	220
108 81.5 0.131639506173 0.126842166371	81
109.5 81.5 0.158517777778 0.113203933615	45
111 81.5 0.16075952381 0.0621032580722	42
112.5 81.5 0.13775 0.0535198227629	8
115.5 81.5 0.0991333333333 0.0812010057409	3
120 81.5 0.3096 NaN	1
124.5 81.5 0.3176 NaN	1
135 81.5 0.122233333333 0.104569131838	3
138 81.5 0.0541428571429 0.152226386862	7
141 81.5 -0.0306333333333 0.165874327429	9
142.5 81.5 0.2402 NaN	1
144 81.5 0.25585 0.0839279254281	4
145.5 81.5 0.0886333333333 0.130227549569	6
147 81.5 0.184133333333 0.143370301434	3
148.5 81.5 0.0757125 0.0849974863074	8
150 81.5 0.10026 0.112934043681	10
151.5 81.5 0.0591526315789 0.133967617847	19
153 81.5 0.08355 0.0423257250381	6
156 81.5 0.0834117647059 0.12281762334	17
157.5 81.5 0.09091875 0.15616406269	32
159 81.5 0.125297647059 0.128036999839	85
160.5 81.5 0.11848 0.103643749854	130
162 81.5 0.126920689655 0.107739560531	232
163.5 81.5 0.059364 0.112427469421	175
165 81.5 0.0677518394649 0.114215380646	299
166.5 81.5 0.107883185841 0.115861750492	226
168 81.5 0.125766939891 0.0939607030942	366
169.5 81.5 0.114046467391 0.102354647593	368
171 81.5 0.137114618644 0.0968920956192	472
172.5 81.5 0.112395761079 0.100372555536	519
174 81.5 0.138618930958 0.0885925274114	449
175.5 81.5 0.102372319202 0.098564735615	401
177 81.5 0.123218275862 0.0936108767144	290
178.5 81.5 0.166938549618 0.098562656048	262
-180 81 0.120254285714 0.108255955801	35
-178.5 81 0.118505882353 0.110450569592	68
-177 81 0.151350666667 0.0894626274539	150
-175.5 81 0.137255952381 0.117439300242	84
-174 81 0.141276923077 0.0818111632974	130
-172.5 81 0.115176363636 0.0862822541661	220
-171 81 0.107734615385 0.0869877793355	130
-169.5 81 0.0837683908046 0.0961492221795	174
-168 81 0.0665606382979 0.0991990503858	188
-166.5 81 0.0889527777778 0.0976244845939	144
-165 81 0.106255789474 0.122920275893	190
-163.5 81 0.137374404762 0.10640031572	168
-162 81 0.0781516806723 0.0848194307989	238
-160.5 81 0.0757874476987 0.102219553671	239
-159 81 0.0890169230769 0.126326563484	130
-157.5 81 0.115222340426 0.106759719871	188
-156 81 0.149862589928 0.100666848503	139
-154.5 81 0.140698666667 0.0847482862672	75
-153 81 0.134232727273 0.101536196022	110
-151.5 81 0.210671052632 0.125861272639	38
-150 81 0.137259770115 0.104650200791	87
-148.5 81 0.137740718563 0.0965841559231	167
-147 81 0.152866428571 0.10056008663	140
-145.5 81 0.160149047619 0.0910435698002	210
-144 81 0.187995238095 0.1035334956	189
-142.5 81 0.163237301587 0.107327078957	126
-141 81 0.174033333333 0.0870867844756	177
-139.5 81 0.137937748344 0.0819888844025	151
-138 81 0.191269270833 0.0847466334317	192
-136.5 81 0.193448 0.0779628597933	225
-135 81 0.157192385787 0.0839767399337	197
-133.5 81 0.17490515873 0.0855313246896	252
-132 81 0.181462352941 0.0883401068747	255
-130.5 81 0.13984 0.0893095713864	280
-129 81 0.161982857143 0.10364889378	280
-127.5 81 0.154179439252 0.100849147548	214
-126 81 0.164027669903 0.106872342638	206
-124.5 81 0.131606153846 0.0997068076297	195
-123 81 0.114999711816 0.113722484571	347
-121.5 81 0.116137988827 0.106291198812	358
-120 81 0.107784488449 0.0924496124995	303
-118.5 81 0.165498173516 0.100713770076	219
-117 81 0.140135932203 0.0965779780661	295
-115.5 81 0.134062926829 0.111122740349	205
-114 81 0.15468037037 0.120713918558	270
-112.5 81 0.131519003115 0.118659631063	321
-111 81 0.142366169154 0.110754760845	201
-109.5 81 0.144949473684 0.105855232867	285
-108 81 0.16782394822 0.0989332334676	309
-106.5 81 0.172590458015 0.116393227446	262
-105 81 0.14711396648 0.118737726157	179
-103.5 81 0.160664102564 0.092011379182	234
-102 81 0.148008287293 0.104472759809	181
-100.5 81 0.155276335878 0.112767397656	131
-99 81 0.183150617284 0.107252017165	162
-97.5 81 0.207908988764 0.0898691556962	89
-10.5 81 0.2133 NaN	1
-9 81 0.221203797468 0.106671176319	79
-7.5 81 0.200801709402 0.0758574115931	117
-6 81 0.215530487805 0.117882547025	164
-4.5 81 0.239076687117 0.112254463229	163
-3 81 0.246628888889 0.122345666361	90
-1.5 81 0.305872580645 0.123366936572	62
0 81 0.247001315789 0.0914177510019	76
1.5 81 0.218872916667 0.0934339014049	48
3 81 0.236385714286 0.0905630057939	63
4.5 81 0.219088888889 0.10980765818	27
6 81 0.242476190476 0.0986034882992	21
7.5 81 0.19516 0.0838848575926	10
9 81 0.28582 0.0717843785235	5
30 81 0.135106666667 0.0784694978653	15
31.5 81 0.0750333333333 0.0815633087444	3
99 81 0.338 0.0557213304459	4
100.5 81 0.154817647059 0.0536784318336	17
102 81 0.15640625 0.0843285427268	96
103.5 81 0.250012121212 0.0722282182018	231
105 81 0.237541293532 0.076228135464	201
106.5 81 0.198839444444 0.0738539881383	180
108 81 0.173536290323 0.0800425896132	124
109.5 81 0.208126829268 0.0804296308098	41
111 81 0.199976470588 0.0699027341046	51
112.5 81 0.130566666667 0.184025985484	3
114 81 0.135745 0.0730487830872	20
115.5 81 0.3421 NaN	1
118.5 81 0.264 NaN	1
121.5 81 0.065 NaN	1
123 81 0.13635 0.150684455071	2
126 81 0.1918 NaN	1
135 81 0.15395 0.00516187950266	2
138 81 0.3462 0.0285573107978	3
145.5 81 0.21248 0.128078011384	5
147 81 0.1698 NaN	1
148.5 81 0.2061 0.0647709811567	2
156 81 0.0045 0.0513780757392	4
157.5 81 0.04963 0.121261554318	10
159 81 0.103436842105 0.137660417324	38
160.5 81 0.10198490566 0.136321581615	53
162 81 0.0933260504202 0.104508312428	119
163.5 81 0.125771022727 0.110961059893	176
165 81 0.125258267717 0.10862961276	127
166.5 81 0.10444962963 0.115131495149	135
168 81 0.0843452054795 0.107833980501	219
169.5 81 0.0978252808989 0.0970602729694	178
171 81 0.105129508197 0.0863126555995	244
172.5 81 0.147789215686 0.0952936222263	102
174 81 0.118188181818 0.0780776016371	110
175.5 81 0.155995384615 0.120681259459	65
177 81 0.1806275 0.0852876069017	40
178.5 81 0.141836666667 0.0918937372949	30
-180 80.5 0.116117647059 0.100212481978	17
-178.5 80.5 0.165349056604 0.0716202904819	53
-177 80.5 0.168767647059 0.0877945457013	34
-175.5 80.5 0.252544827586 0.0973699813899	29
-174 80.5 0.144927777778 0.0715454901801	108
-172.5 80.5 0.147365354331 0.0971261480314	127
-171 80.5 0.148283478261 0.0976998607717	115
-169.5 80.5 0.154754237288 0.0905184251048	59
-168 80.5 0.101773015873 0.0938091444691	126
-166.5 80.5 0.126575 0.0931540454112	120
-165 80.5 0.165825961538 0.0816206462972	104
-163.5 80.5 0.131714529915 0.0909538309035	117
-162 80.5 0.132070135747 0.0810721906949	221
-160.5 80.5 0.0941448275862 0.0997500851065	87
-159 80.5 0.122462162162 0.0762572559438	37
-157.5 80.5 0.129791612903 0.0744173209439	155
-156 80.5 0.147872727273 0.102747649014	77
-154.5 80.5 0.123765263158 0.0914209503533	95
-153 80.5 0.157647674419 0.0878430977258	86
-151.5 80.5 0.128876699029 0.116122945499	103
-150 80.5 0.112662857143 0.116593707006	70
-148.5 80.5 0.118423529412 0.0906980506918	34
-147 80.5 0.130150746269 0.0890474718017	67
-145.5 80.5 0.161367857143 0.10920905501	112
-144 80.5 0.174310091743 0.107601298478	109
-142.5 80.5 0.194827196653 0.0861218867843	239
-141 80.5 0.198100892857 0.097763414089	112
-139.5 80.5 0.170523076923 0.0827961188268	130
-138 80.5 0.173156756757 0.0895416521385	185
-136.5 80.5 0.168852272727 0.0856825996368	176
-135 80.5 0.1196 0.0902958499386	156
-133.5 80.5 0.198090625 0.0808087016587	160
-132 80.5 0.141004375 0.0819126243692	160
-130.5 80.5 0.189258222222 0.0958830483512	225
-129 80.5 0.170146428571 0.0914561968995	224
-127.5 80.5 0.134139285714 0.0852980248883	140
-126 80.5 0.164813076923 0.093844118968	130
-124.5 80.5 0.127286524823 0.0986455858254	141
-123 80.5 0.152967961165 0.102375968203	103
-121.5 80.5 0.182103571429 0.105268461545	112
-120 80.5 0.188292063492 0.134106273317	189
-118.5 80.5 0.201969724771 0.095655440131	218
-117 80.5 0.147175649351 0.102664525737	308
-115.5 80.5 0.157509608541 0.0946094442593	281
-114 80.5 0.172740634921 0.113272104322	315
-112.5 80.5 0.160617592593 0.104222408495	324
-111 80.5 0.176075601375 0.100741367676	291
-109.5 80.5 0.163245412844 0.112181942829	218
-108 80.5 0.226871193416 0.102288186273	243
-106.5 80.5 0.244368965517 0.113373571265	174
-105 80.5 0.230927083333 0.095507014511	144
-103.5 80.5 0.21047 0.119515775549	120
-102 80.5 0.0651795275591 0.0823373888905	127
-100.5 80.5 0.2207 0.169472928025	13
-99 80.5 0.164419444444 0.0890442035314	36
-15 80.5 0.3095 0.0555980665131	5
-13.5 80.5 0.17316 0.11321018884	15
-12 80.5 0.206796666667 0.132978529466	30
-10.5 80.5 0.161571428571 0.0869636566757	14
-9 80.5 0.167977777778 0.110217407629	9
-7.5 80.5 0.227482539683 0.0919808334517	63
-6 80.5 0.197727472527 0.0924893267908	91
-4.5 80.5 0.227263076923 0.0823421206168	130
-3 80.5 0.314924489796 0.115301907202	49
-1.5 80.5 0.322682758621 0.0712082462568	29
4.5 80.5 0.2413 NaN	1
99 80.5 0.26638 0.118430051085	5
100.5 80.5 0.2017 0.0871218877971	7
102 80.5 0.16629516129 0.0730548130783	62
103.5 80.5 0.223904545455 0.0739462011787	88
105 80.5 0.259527160494 0.0729915906198	162
106.5 80.5 0.207275700935 0.0941073361898	107
108 80.5 0.212860431655 0.0749221418277	139
109.5 80.5 0.221161627907 0.0856607757977	86
111 80.5 0.164742857143 0.0698268211201	42
112.5 80.5 0.1582875 0.0894937882665	48
114 80.5 0.134946666667 0.0895427500987	15
115.5 80.5 0.168777777778 0.0593602452652	27
117 80.5 0.2317 0.0313813638964	3
118.5 80.5 0.33655 0.0413657466994	2
156 80.5 0.191075 0.0316191265956	4
160.5 80.5 0.0871333333333 0.0610323138455	3
162 80.5 -0.05486 0.0743606556662	10
163.5 80.5 0.0698161290323 0.103459567293	31
165 80.5 0.108714705882 0.119573846869	68
166.5 80.5 0.141608928571 0.11733473217	56
168 80.5 0.109841304348 0.105769097726	46
169.5 80.5 0.101417821782 0.0922482069159	101
171 80.5 0.135429113924 0.104369553169	79
172.5 80.5 0.121984615385 0.102127677343	104
174 80.5 0.144934343434 0.0829158070177	99
175.5 80.5 0.05966875 0.0759252834658	32
177 80.5 0.116323684211 0.0885473317748	38
178.5 80.5 0.181725 0.0614151021551	12
-180 80 0.0852333333333 0.111572144074	3
-178.5 80 0.0982857142857 0.107363812738	21
-177 80 0.119836363636 0.149224824136	22
-175.5 80 0.0757588235294 0.0890993761119	17
-174 80 0.148365789474 0.10280395217	38
-172.5 80 0.160821818182 0.0962291818581	55
-171 80 0.175597468354 0.0778850994187	79
-169.5 80 0.139463414634 0.0864028213305	82
-168 80 0.1147 0.0967210034067	9
-166.5 80 0.2023 0.0901293867927	23
-165 80 0.127283333333 0.159273799896	12
-163.5 80 0.138825 0.0647742264365	68
-162 80 0.139876712329 0.0832357453938	73
-160.5 80 0.198128571429 0.0439217911322	14
-159 80 0.217857142857 0.0496056559164	14
-157.5 80 0.175026666667 0.0891887650777	30
-156 80 0.158815 0.0704533435359	40
-154.5 80 0.134476190476 0.0999331039893	42
-153 80 0.132343589744 0.112703144763	39
-151.5 80 0.132842372881 0.0783146795668	59
-150 80 0.1576546875 0.0814863995463	64
-148.5 80 0.15119375 0.10242276063	32
-147 80 0.169072 0.0773237797066	75
-145.5 80 0.144475206612 0.0824065331967	121
-144 80 0.159797959184 0.0752582041203	49
-142.5 80 0.160035 0.107699424522	60
-141 80 0.163338461538 0.101832070825	52
-139.5 80 0.170448031496 0.0802337080831	127
-138 80 0.169045652174 0.0785490771032	230
-136.5 80 0.171012318841 0.0811967138712	138
-135 80 0.153505109489 0.0799575634884	137
-133.5 80 0.154475 0.0805606482961	168
-132 80 0.193086419753 0.0909679692984	81
-130.5 80 0.176950909091 0.0701780196978	110
-129 80 0.168588392857 0.0771919460224	112
-127.5 80 0.172827407407 0.0829260904784	135
-126 80 0.159636054422 0.071916024988	147
-124.5 80 0.1229808 0.111552695993	125
-123 80 0.0965427272727 0.107545169055	110
-121.5 80 0.191584 0.111482213997	150
-120 80 0.175852845528 0.1111094648	123
-118.5 80 0.168434439834 0.095531536332	241
-117 80 0.174590298507 0.0925033064451	268
-115.5 80 0.161165938865 0.104501068456	229
-114 80 0.234606701031 0.107587497138	194
-112.5 80 0.181074358974 0.10441972883	234
-111 80 0.16914375 0.113865150718	144
-109.5 80 0.135835862069 0.102770503277	145
-108 80 0.110546052632 0.144394280996	76
-106.5 80 0.183893103448 0.11669532562	87
-105 80 0.252274358974 0.105566396131	117
-103.5 80 0.236619318182 0.118832495709	88
-102 80 0.129660416667 0.108596192754	48
-16.5 80 0.175863636364 0.0602986612244	11
-15 80 0.06285 0.120791831953	16
-13.5 80 0.145797916667 0.0693595948649	48
-12 80 0.2923175 0.0790600968673	40
-10.5 80 0.242030769231 0.108231159905	13
-9 80 0.179444444444 0.0817762665923	9
-7.5 80 0.381975609756 0.0790037270655	41
-6 80 0.304214814815 0.0640238819847	27
-4.5 80 0.283146153846 0.0688395106041	52
-3 80 0.2765 0.069331221923	61
-1.5 80 0.212835 0.097535457925	20
103.5 80 0.15806 0.0753290761545	15
105 80 0.23283974359 0.0816286608371	78
106.5 80 0.226973786408 0.0680791882644	103
108 80 0.191631868132 0.0870084323872	91
109.5 80 0.0953929824561 0.101768794087	57
111 80 0.1332 0.122038460669	18
112.5 80 0.1905 0.0538637911774	6
114 80 0.126556521739 0.0596685452851	23
135 80 0.1677 0.00763675323681	2
159 80 0.2799 NaN	1
160.5 80 0.0597588235294 0.0710366459901	17
162 80 0.08195 0.0933723906373	4
163.5 80 0.146433333333 0.105373866612	18
165 80 0.12836 0.104570265473	20
166.5 80 0.129973333333 0.0847690878793	60
168 80 0.0766230769231 0.117174649945	13
169.5 80 0.0824870967742 0.101442666047	31
171 80 0.0835958333333 0.117663290715	24
172.5 80 0.145275609756 0.125703668961	41
174 80 0.00298888888889 0.114950809528	9
175.5 80 0.22955 0.123073027102	4
177 80 0.13545 0.029769195488	2
178.5 80 0.143341666667 0.136020257176	24
-180 79.5 0.0998857142857 0.0966715236875	28
-178.5 79.5 0.0587666666667 0.127640234737	15
-177 79.5 0.1741 0.0722982987352	16
-175.5 79.5 0.133195833333 0.076459090961	24
-174 79.5 0.127379245283 0.111072838815	53
-172.5 79.5 0.14014047619 0.0921308244266	42
-171 79.5 0.18280952381 0.0797935643067	21
-169.5 79.5 0.2169 0.026139752613	4
-168 79.5 0.193065217391 0.0710167944842	23
-166.5 79.5 0.0879368421053 0.092963972774	19
-165 79.5 0.225966666667 0.0428087218528	6
-163.5 79.5 0.171907142857 0.0795046838992	28
-162 79.5 0.1798 0.0387199345729	7
-160.5 79.5 0.170096296296 0.0753079957011	27
-159 79.5 0.108514285714 0.0792773307121	14
-157.5 79.5 0.119164285714 0.0612986209801	14
-156 79.5 0.130453333333 0.0692625838661	15
-154.5 79.5 0.152116 0.0877723840396	25
-153 79.5 0.09522 0.101395042144	15
-151.5 79.5 0.133771428571 0.168218842725	7
-150 79.5 0.0835571428571 0.124196388261	7
-148.5 79.5 0.06725 0.119860044988	14
-147 79.5 0.171194117647 0.0767173095738	17
-145.5 79.5 0.155709090909 0.0865440337903	77
-144 79.5 0.177029411765 0.0897352339156	17
-142.5 79.5 0.125936842105 0.113046992247	19
-141 79.5 0.140980645161 0.0843066522459	31
-139.5 79.5 0.1009875 0.0837940745846	32
-138 79.5 0.197866666667 0.104579403032	27
-136.5 79.5 0.146022413793 0.0859608030689	58
-135 79.5 0.148219512195 0.111688986072	41
-133.5 79.5 0.147930107527 0.0848489332578	93
-132 79.5 0.155577227723 0.0933072632555	101
-130.5 79.5 0.195861428571 0.0827323939285	140
-129 79.5 0.161239869281 0.0765315460756	153
-127.5 79.5 0.157620183486 0.0764764826715	218
-126 79.5 0.130528448276 0.105463028598	116
-124.5 79.5 0.14843125 0.102907162635	144
-123 79.5 0.155771428571 0.103554985081	133
-121.5 79.5 0.184982242991 0.0933885551279	107
-120 79.5 0.185264052288 0.097024280476	153
-118.5 79.5 0.156015 0.0874920626768	160
-117 79.5 0.128415226337 0.0993528230343	243
-115.5 79.5 0.148084563758 0.0960470061753	149
-114 79.5 0.150577922078 0.0990452671521	231
-112.5 79.5 0.16322745098 0.102408082096	102
-111 79.5 0.20691627907 0.0913592467524	86
-109.5 79.5 0.124344537815 0.0984369166466	119
-108 79.5 0.105936363636 0.115835686357	22
-106.5 79.5 0.110455555556 0.126391149919	9
-105 79.5 0.20888 0.0745718914873	5
-103.5 79.5 0.232927777778 0.113310571676	18
-102 79.5 0.19524375 0.131555894173	16
-100.5 79.5 0.29495 0.121980558035	14
-99 79.5 0.13675625 0.0865505518422	32
-72 79.5 0.1204 NaN	1
-70.5 79.5 0.195 NaN	1
-16.5 79.5 0.275481818182 0.138877901901	11
-15 79.5 0.0875657894737 0.11113296097	266
-13.5 79.5 0.158999465241 0.111277466585	187
-12 79.5 0.241586 0.155373873004	50
-10.5 79.5 0.2216 0.142919385203	31
-9 79.5 0.284479487179 0.121443287998	39
-7.5 79.5 0.2768140625 0.116228569101	64
-6 79.5 0.2501 0.0987767788542	99
-4.5 79.5 0.229509574468 0.0883818986833	94
-3 79.5 0.217588888889 0.0839348920957	9
106.5 79.5 0.119281818182 0.0627863650514	11
108 79.5 0.20026 0.102184551037	35
109.5 79.5 0.120827777778 0.135237894122	18
111 79.5 0.160947619048 0.0619866648486	21
112.5 79.5 0.070075 0.034968688375	4
114 79.5 -0.08785 0.0837921535706	2
115.5 79.5 0.28175 0.0522551911297	2
117 79.5 0.17033 0.0714063341417	10
129 79.5 0.1545 0.115824090758	2
132 79.5 0.209875 0.133652169829	4
135 79.5 0.197766666667 0.0856190010064	3
166.5 79.5 0.213283333333 0.103919224167	12
168 79.5 0.0415 0.163751442742	5
169.5 79.5 0.161664705882 0.0862423325663	17
171 79.5 0.244025 0.0539672971962	4
172.5 79.5 0.105125 0.087269787632	4
174 79.5 0.07075 0.122400183823	2
175.5 79.5 0.128375 0.136649359677	12
177 79.5 0.13697826087 0.129876399132	23
178.5 79.5 0.135875 0.195455235711	4
-180 79 0.1872 NaN	1
-178.5 79 0.1545 0.0805404660197	4
-175.5 79 0.2552 0.0948846141374	3
-174 79 0.10532 0.20333802399	5
-172.5 79 0.1063 0.272943217538	2
-169.5 79 0.248533333333 0.07885082963	3
-168 79 0.165090909091 0.0353879769002	11
-166.5 79 0.109655555556 0.117306895696	9
-165 79 0.135425 0.0375277119828	4
-163.5 79 0.1955 0.0387480322081	3
-162 79 0.21125 0.0732419668925	8
-160.5 79 0.166175 0.0789116352904	20
-159 79 0.17205 0.0286378246381	2
-157.5 79 0.17245 0.0396686904246	2
-156 79 0.272566666667 0.0364221544301	3
-154.5 79 0.179760869565 0.140296752827	23
-153 79 0.189483333333 0.0851327297029	6
-151.5 79 0.1509 0.0449719912835	2
-150 79 0.16755 0.0546593541857	2
-148.5 79 0.0543142857143 0.123325591134	7
-147 79 0.0228666666667 0.13060805233	3
-145.5 79 0.0346333333333 0.121461948774	9
-144 79 0.152676470588 0.0726063317608	17
-142.5 79 0.126938461538 0.126946949792	26
-141 79 0.146225 0.0895129979864	48
-139.5 79 0.142880851064 0.0665618138284	47
-138 79 0.153765 0.0885987426837	40
-136.5 79 0.0544529411765 0.0802952918736	17
-135 79 0.131336 0.115638095222	25
-133.5 79 0.141634117647 0.077606680114	85
-132 79 0.192537142857 0.0624967862031	35
-130.5 79 0.18763943662 0.0681754867527	71
-129 79 0.178342763158 0.0873801215532	152
-127.5 79 0.163395705521 0.076537601789	163
-126 79 0.145662886598 0.0881509480942	97
-124.5 79 0.09411 0.104748928688	50
-123 79 0.170863194444 0.0903042648177	144
-121.5 79 0.186931468531 0.0971258769566	143
-120 79 0.125277966102 0.0832251923203	177
-118.5 79 0.112821387283 0.0974179186656	173
-117 79 0.0335069306931 0.0929496038264	101
-115.5 79 0.1116125 0.090897756336	160
-114 79 0.160880851064 0.091380428711	235
-112.5 79 0.104017948718 0.113598934094	39
-111 79 0.113148717949 0.10541467458	39
-109.5 79 0.147805263158 0.125997129842	38
-108 79 0.0169 0.115449754068	8
-106.5 79 0.243025 0.0559334947356	4
-99 79 0.2062 0.0384442973664	6
-97.5 79 0.21015 0.0814949691699	4
-72 79 0.2623 0.0921357151163	3
-16.5 79 0.0777666666667 0.0557749346332	3
-15 79 0.144952307692 0.123256117175	130
-13.5 79 0.151346153846 0.0912731849483	91
-12 79 0.191353846154 0.141085905364	13
-10.5 79 0.172052631579 0.120082792589	19
-9 79 0.2037 NaN	1
-7.5 79 0.2490125 0.0901826138085	16
-6 79 0.3055 0.101955324079	75
-4.5 79 0.239152688172 0.0905294254245	93
-3 79 0.234178571429 0.0760144133961	14
106.5 79 0.2085 NaN	1
108 79 0.165 0.0788509576594	106
109.5 79 0.172579032258 0.0914354652596	62
111 79 0.115636 0.0842737102146	25
112.5 79 0.2966 0.020353132437	3
114 79 0.0474 0.140245481211	5
129 79 0.2931 NaN	1
130.5 79 0.287 NaN	1
135 79 0.285491666667 0.0688024505157	12
166.5 79 -0.0798 NaN	1
168 79 0.237666666667 0.141368395808	3
169.5 79 0.1094 NaN	1
171 79 0.0925 NaN	1
172.5 79 0.194114285714 0.0888832648022	7
175.5 79 0.0873181818182 0.134400675729	11
177 79 0.2258 0.056328722691	17
178.5 79 0.11625 0.0845833485808	8
-177 78.5 0.135 0.156482625234	6
-174 78.5 0.21915 0.0580534667354	2
-171 78.5 0.03765 0.00615182899632	2
-169.5 78.5 0.129042857143 0.0317538374134	7
-168 78.5 0.3349 NaN	1
-166.5 78.5 0.23792 0.0948799083052	5
-165 78.5 0.149983333333 0.097746451536	12
-163.5 78.5 0.1921 NaN	1
-162 78.5 0.105282758621 0.0905221049127	29
-160.5 78.5 0.18001875 0.0450532458135	16
-156 78.5 0.27666 0.0418534705849	5
-154.5 78.5 0.17045 0.142176942575	6
-153 78.5 0.1075 0.0681623796533	3
-151.5 78.5 0.1434 0.0647709811567	2
-150 78.5 0.0369 NaN	1
-148.5 78.5 0.1874 NaN	1
-147 78.5 -0.0975 NaN	1
-145.5 78.5 0.21125 0.0696500179469	2
-144 78.5 0.1457 0.017253405461	2
-142.5 78.5 0.120113636364 0.0977991737011	22
-141 78.5 0.134119354839 0.0983621045571	31
-139.5 78.5 0.145053488372 0.0896759469327	86
-138 78.5 0.164802173913 0.11011181328	92
-136.5 78.5 0.138782608696 0.102914707521	46
-135 78.5 0.120388732394 0.09620048641	71
-133.5 78.5 0.123133663366 0.104008064377	101
-132 78.5 0.122531818182 0.0771535279235	44
-130.5 78.5 0.164077514793 0.085785874578	169
-129 78.5 0.170543181818 0.0762749272348	176
-127.5 78.5 0.16874245283 0.0841378958254	106
-126 78.5 0.144942156863 0.102949434321	102
-124.5 78.5 0.0973194244604 0.100324688017	139
-123 78.5 0.109412903226 0.0898024069831	155
-121.5 78.5 0.11468487395 0.0976207914422	119
-120 78.5 0.0982038961039 0.100984749294	77
-118.5 78.5 0.10628358209 0.107262578689	67
-117 78.5 0.129960326087 0.0782579719007	184
-115.5 78.5 0.104441025641 0.0956065295866	156
-114 78.5 0.17495 0.0508085763289	8
-108 78.5 0.0858857142857 0.130144233174	7
-106.5 78.5 0.113509090909 0.0751078884611	11
-16.5 78.5 0.0842916666667 0.0822560405945	36
-15 78.5 0.2378 0.0926145776862	6
-13.5 78.5 0.23967 0.0607775918137	10
-12 78.5 0.29048125 0.0927496215176	16
-10.5 78.5 0.255726666667 0.0816339431038	15
-9 78.5 0.228305128205 0.106225888778	39
-7.5 78.5 0.223371428571 0.159431559604	14
-6 78.5 0.244742857143 0.0634797493019	21
108 78.5 0.1249 0.0945257769077	9
109.5 78.5 0.152914285714 0.0745872112893	14
112.5 78.5 0.1242 NaN	1
127.5 78.5 0.0401 NaN	1
166.5 78.5 0.193545454545 0.0878203779762	22
171 78.5 0.307 NaN	1
172.5 78.5 0.220775 0.0525532983424	4
174 78.5 0.1561 NaN	1
175.5 78.5 0.1691 0.0935699203804	3
177 78.5 0.2218 NaN	1
-171 78 0.20926 0.0364800356359	5
-169.5 78 0.0598571428571 0.119063020528	7
-166.5 78 0.228633333333 0.0692796843719	6
-159 78 0.1373 NaN	1
-156 78 0.014175 0.159036293028	4
-154.5 78 0.168066666667 0.0556943743419	3
-150 78 0.2727 NaN	1
-148.5 78 0.2679 NaN	1
-145.5 78 0.1926 NaN	1
-144 78 0.119185714286 0.0749858935588	28
-142.5 78 0.121654166667 0.0898351838874	72
-141 78 0.170376470588 0.102363038011	34
-139.5 78 0.141646464646 0.106232701173	99
-138 78 0.144972131148 0.0871875183105	122
-136.5 78 0.162091176471 0.0734304872381	102
-135 78 0.159601851852 0.0803600564693	54
-133.5 78 0.138700724638 0.095318582602	138
-132 78 0.113606060606 0.08985892485	132
-130.5 78 0.151626428571 0.100017056539	140
-129 78 0.1392475 0.107804865703	120
-127.5 78 0.1164024 0.0925002698026	125
-126 78 0.111129457364 0.0806113180281	129
-124.5 78 0.128012916667 0.101275673948	240
-123 78 0.120951351351 0.103640402968	148
-121.5 78 0.0509571428571 0.104836271072	112
-120 78 0.0413 0.119721554401	69
-118.5 78 0.150967924528 0.0964917450673	106
-117 78 0.0707157676349 0.08078231397	241
-115.5 78 0.0982984126984 0.076994523249	63
-108 78 0.160154545455 0.103457260389	11
-106.5 78 0.2621 NaN	1
-16.5 78 0.0959333333333 0.078818084325	33
-15 78 0.227018181818 0.11078039018	55
-13.5 78 0.207354545455 0.0752073847921	11
-12 78 0.222313333333 0.0884608377166	15
-10.5 78 0.2298 0.0263043722601	2
-9 78 0.253881481481 0.0739919176305	27
-7.5 78 0.222623333333 0.130001515463	60
-6 78 0.227230357143 0.139852632724	56
124.5 78 0.138333333333 0.0308730195046	3
127.5 78 -0.03385 0.0860548952704	2
175.5 78 0.2769 0.0304146346353	5
-160.5 77.5 0.3079 NaN	1
-159 77.5 0.20934 0.085176187987	5
-157.5 77.5 0.2392 0.000848528137413	2
-156 77.5 0.0824333333333 0.0372800661659	3
-144 77.5 -0.0345571428571 0.0743814236922	7
-142.5 77.5 0.0905714285714 0.117978618849	14
-141 77.5 0.124502173913 0.0823295321458	92
-139.5 77.5 0.1403125 0.0924797082401	48
-138 77.5 0.133143548387 0.0878576748114	62
-136.5 77.5 0.126389423077 0.0847083333073	104
-135 77.5 0.169948387097 0.105562423055	62
-133.5 77.5 0.138967058824 0.0865931433394	85
-132 77.5 0.148240397351 0.0931255884483	151
-130.5 77.5 0.153251764706 0.107907983962	85
-129 77.5 0.115568376068 0.0872601546799	117
-127.5 77.5 0.135318181818 0.0840543851685	99
-126 77.5 0.120057954545 0.124581528235	88
-124.5 77.5 0.112366666667 0.0874302728489	84
-123 77.5 0.105997560976 0.0956213080954	82
-121.5 77.5 0.0265604166667 0.156904077947	48
-120 77.5 0.104357142857 0.0524360199717	7
-118.5 77.5 0.127096875 0.119084327628	32
-108 77.5 0.139525 0.0846604436221	8
-103.5 77.5 0.122276923077 0.044388721425	13
-102 77.5 0.202339130435 0.057151749668	23
-100.5 77.5 -0.0631166666667 0.123187603543	6
-97.5 77.5 0.129638461538 0.110848519299	13
-16.5 77.5 0.01624375 0.155373004814	16
-15 77.5 0.075125 0.123728369092	12
-13.5 77.5 0.263471428571 0.0655415714064	14
-12 77.5 0.27237826087 0.0920133140392	23
-10.5 77.5 0.246827586207 0.119624817947	29
-9 77.5 0.272 0.0838938615156	11
-7.5 77.5 0.269523809524 0.0764271215261	21
-6 77.5 0.276827027027 0.0676132574469	37
120 77.5 0.0732 NaN	1
130.5 77.5 0.227733333333 0.017208234463	3
165 77.5 0.2035 NaN	1
171 77.5 0.2305 0.131773897263	3
-159 77 0.151266666667 0.0538651402424	3
-157.5 77 0.2122 NaN	1
-147 77 -0.0654 NaN	1
-144 77 0.0774789473684 0.0788354867849	19
-142.5 77 0.18525 0.122373104344	4
-139.5 77 0.146766666667 0.0608117430702	15
-138 77 0.0784777777778 0.114122135429	27
-136.5 77 0.106830107527 0.0844548178472	93
-135 77 0.139286666667 0.0917019495183	45
-133.5 77 0.144241071429 0.0918438551946	56
-132 77 0.102740677966 0.100158101087	59
-130.5 77 0.108251546392 0.0942327726446	97
-129 77 0.121578980892 0.0810195592338	157
-127.5 77 0.0905978723404 0.0871308648188	47
-126 77 0.163586956522 0.0845721709244	23
-124.5 77 0.0558714285714 0.0515078542323	7
-121.5 77 -0.00875 0.0661749449062	4
-112.5 77 0.07734 0.108232755362	10
-111 77 -0.01294 0.144679931804	10
-108 77 0.155085 0.0811733380846	20
-106.5 77 0.115853846154 0.108365164996	26
-103.5 77 0.0953685714286 0.0577209197036	35
-102 77 0.074290625 0.0983191753009	32
-100.5 77 -0.0434047619048 0.071529948107	21
-12 77 0.301094285714 0.105048336053	35
-10.5 77 0.316094029851 0.0807065557785	67
-9 77 0.332573214286 0.0791040086125	56
-7.5 77 0.4565 NaN	1
123 77 0.22975 0.110161411877	4
-174 76.5 0.02475 0.0781499626786	4
-169.5 76.5 0.283433333333 0.0962539003539	3
-160.5 76.5 0.185466666667 0.00666808318284	3
-157.5 76.5 0.0873 0.0613767056789	4
-145.5 76.5 0.143813043478 0.113390140281	23
-144 76.5 0.0211 NaN	1
-142.5 76.5 0.133871428571 0.147284947345	7
-141 76.5 0.0988647058824 0.0766876533509	17
-139.5 76.5 0.14545 0.0505581348548	2
-138 76.5 0.0947 0.0548714862201	2
-136.5 76.5 0.124423076923 0.067893914232	13
-135 76.5 0.146564285714 0.086431027256	14
-133.5 76.5 0.0625194444444 0.0868971734521	36
-132 76.5 0.10671147541 0.0895769968581	61
-130.5 76.5 0.0999255319149 0.0655546020939	47
-129 76.5 0.0925413793103 0.0807308611494	58
-127.5 76.5 0.161866666667 0.109242689632	15
-126 76.5 0.07934 0.118302232928	20
-123 76.5 0.1177 0.0662588107349	3
-112.5 76.5 0.0830545454545 0.105541682416	11
-108 76.5 0.122142857143 0.109965158984	7
-106.5 76.5 0.1699 0.117479139992	13
-16.5 76.5 0.133986486486 0.0814515335173	37
-15 76.5 0.2021125 0.10071222286	16
-13.5 76.5 0.251990909091 0.125236130908	22
-12 76.5 0.17865 0.0675378634545	6
-10.5 76.5 0.264876 0.125077043857	25
153 76.5 0.13595 0.0907354561349	6
157.5 76.5 0.1287 NaN	1
-175.5 76 0.24595 0.0747448325973	4
-174 76 0.14 NaN	1
-157.5 76 0.1364 NaN	1
-153 76 0.2362 0.0813512958307	4
-139.5 76 0.106071428571 0.0867890683263	7
-138 76 0.2317 0.085842763236	2
-133.5 76 0.0652304347826 0.143732511773	23
-132 76 0.0807346153846 0.0919269620614	26
-130.5 76 0.0813444444444 0.107439635507	9
-129 76 0.0687111111111 0.100404856274	18
-127.5 76 0.0375375 0.0523910553298	8
-15 76 0.273215384615 0.0780641279777	13
-13.5 76 0.295891666667 0.125433593985	36
-12 76 0.284692307692 0.0862267694468	13
124.5 76 0.259 0.072690577106	2
160.5 76 0.1983 NaN	1
162 76 0.1938125 0.0633512980474	8
168 76 0.0426 0.207285093531	3
-139.5 75.5 0.1057 0.0144249783362	2
-138 75.5 0.0799 NaN	1
-133.5 75.5 0.16507 0.106634704065	10
-132 75.5 0.130173333333 0.0936049561162	15
-130.5 75.5 0.0952307692308 0.0807323085327	13
-129 75.5 0.00674827586207 0.0710383780617	29
-126 75.5 0.0534068965517 0.079948331221	29
-124.5 75.5 0.06442 0.127230016113	5
-16.5 75.5 0.0676333333333 0.0875084605433	6
-15 75.5 0.02866 0.13369608446	5
-13.5 75.5 -0.105733333333 0.108413298692	3
157.5 75.5 0.259225 0.0680312900699	8
159 75.5 -0.00386666666667 0.116035224537	3
162 75.5 0.1674 0.0643126607546	13
163.5 75.5 0.140754545455 0.0810816423568	11
166.5 75.5 0.1788 NaN	1
168 75.5 0.160136666667 0.150141486108	30
169.5 75.5 0.236375 0.118954254958	12
-154.5 75 0.236833333333 0.067253574874	3
-141 75 -0.00355 0.0439113311117	2
-135 75 0.0218 NaN	1
-133.5 75 0.17045 0.04754468074	4
-132 75 0.118755555556 0.0712110640352	27
-130.5 75 0.0716 0.109787079646	22
-129 75 0.1157 0.0918216573405	38
-127.5 75 0.0471263157895 0.0576397609883	19
-126 75 0.10701 0.0489268036061	10
-124.5 75 0.180275 0.105066879494	4
-123 75 0.1928 0.0257145872998	3
-16.5 75 0.0809333333333 0.0699408857536	9
-15 75 -0.04654 0.110165503776	10
154.5 75 0.05495 0.0246195721598	4
160.5 75 0.137533333333 0.0767196411184	3
163.5 75 0.1874 0.000848528137421	2
165 75 0.0387 0.10568552408	5
166.5 75 0.164364705882 0.105983258944	17
-135 74.5 0.151390909091 0.111396251773	11
-132 74.5 0.0885516129032 0.103013247921	31
-130.5 74.5 0.151957142857 0.123934402772	7
-129 74.5 0.1198 0.113575417919	10
-127.5 74.5 0.0837625 0.0270394916214	8
-126 74.5 0.030075 0.155957010636	4
-124.5 74.5 -0.0002 0.125602985633	3
-120 74.5 0.2341 0.0929275703617	4
-118.5 74.5 0.2148 NaN	1
-117 74.5 -0.15032 0.0427913192131	5
-109.5 74.5 0.085575 0.0562277733865	4
-105 74.5 0.0798833333333 0.0327308060803	6
159 74.5 0.13092 0.057398362346	5
165 74.5 0.17345 0.0377403055985	16
166.5 74.5 0.17035 0.0112429978209	2
175.5 74.5 0.0379615384615 0.117960004087	13
-142.5 74 0.161425 0.0199937281833	4
-136.5 74 0.0449571428571 0.134395980311	7
-133.5 74 0.0831727272727 0.11807797739	22
-130.5 74 0.07345 0.133107738317	4
-126 74 0.11625 0.126077139086	2
-111 74 -0.0152428571429 0.099123927031	28
-106.5 74 0.113991666667 0.0547626192735	12
-103.5 74 0.0363 0.0883327798725	3
-18 74 -0.0531 NaN	1
156 74 -0.0267 NaN	1
157.5 74 0.18425 0.0258093975133	2
159 74 0.21395 0.0402343758495	2
163.5 74 0.206633333333 0.090437617542	6
165 74 0.200383333333 0.079877867189	6
175.5 74 0.3102 NaN	1
-147 73.5 0.229766666667 0.02236992028	3
-144 73.5 0.0746333333333 0.119396241566	9
-138 73.5 0.183590909091 0.0865795986887	11
-136.5 73.5 0.2547 0.0291327993849	2
-135 73.5 0.0773823529412 0.112902558847	17
-133.5 73.5 0.0732266666667 0.0682862929842	15
-130.5 73.5 0.2275 NaN	1
-127.5 73.5 -0.1807 NaN	1
-112.5 73.5 0.15458 0.074661348769	5
-111 73.5 0.103681818182 0.0897009455712	11
-109.5 73.5 0.0211166666667 0.143928891008	6
-19.5 73.5 0.14975 0.0617304219976	2
162 73.5 0.09025 0.179392990387	2
163.5 73.5 0.2255 0.0402719505363	3
168 73.5 0.198488888889 0.0694562892121	9
-154.5 73 0.11965 0.048295393155	2
-141 73 0.190433333333 0.0337308958276	3
-139.5 73 -0.0257 0.0610574319801	3
-135 73 0.0902071428571 0.0776539212372	14
-133.5 73 0.25905 0.0147785317268	2
-132 73 0.145775 0.047297665552	4
150 73 0.18034 0.0951553624343	5
154.5 73 0.1565 0.121056680939	2
162 73 0.234140909091 0.102760969333	22
160.5 72.5 0.0899833333333 0.103829097418	18
162 72 0.3242 NaN	1
160.5 71 0.25555 0.0435881864729	4
