lon, lat, freeboard (m), standard deviation, count
-180 81.5 0.192318181818 0.0991846241062	33
-178.5 81.5 0.226884313725 0.0917525920561	51
-177 81.5 0.163523076923 0.0888382902912	39
-175.5 81.5 0.160275 0.125753371019	32
-174 81.5 0.20778490566 0.0908939225273	53
-172.5 81.5 0.154735483871 0.0770894543122	62
-171 81.5 0.191397321429 0.102407682408	112
-169.5 81.5 0.186062376238 0.0987302535715	101
-168 81.5 0.182011382114 0.103031612372	123
-166.5 81.5 0.180103553299 0.0906144666648	197
-165 81.5 0.228983333333 0.0946188057587	168
-163.5 81.5 0.249737078652 0.0807639635858	89
-162 81.5 0.182896396396 0.100026680012	111
-160.5 81.5 0.159441176471 0.104700916239	68
-159 81.5 0.14993030303 0.0969306444672	66
-157.5 81.5 0.140231496063 0.117218267917	127
-156 81.5 0.157337593985 0.0954111204699	133
-154.5 81.5 0.129423684211 0.116243245043	152
-153 81.5 0.164793684211 0.110601929315	95
-151.5 81.5 0.231634615385 0.128765681584	26
-150 81.5 0.189604347826 0.103029488673	46
-148.5 81.5 0.147064864865 0.0988351158166	74
-147 81.5 0.235491891892 0.0905407869366	37
-145.5 81.5 0.226952083333 0.133597055308	48
-144 81.5 0.160775510204 0.101331826052	49
-142.5 81.5 0.122695652174 0.122165648848	46
-141 81.5 0.112498837209 0.139350123995	86
-139.5 81.5 0.0921569060773 0.121536628312	181
-138 81.5 0.148164666667 0.117422125064	150
-136.5 81.5 0.1833578125 0.126924910691	64
-135 81.5 0.178082142857 0.0991053468201	112
-133.5 81.5 0.159865030675 0.108401870932	163
-132 81.5 0.210367549669 0.0959645410553	151
-130.5 81.5 0.197357939914 0.0952398095692	233
-129 81.5 0.178863519313 0.105169719155	233
-127.5 81.5 0.190392950392 0.0981390333743	383
-126 81.5 0.182237867647 0.110196828598	272
-124.5 81.5 0.185981418919 0.115215984764	296
-123 81.5 0.173920183486 0.120031926843	218
-121.5 81.5 0.138837 0.123940346252	300
-120 81.5 0.212797738693 0.11277718015	398
-118.5 81.5 0.224511705686 0.136033512564	299
-117 81.5 0.214157651246 0.131626008422	281
-115.5 81.5 0.221078454333 0.109182930894	427
-114 81.5 0.242285964912 0.115695822397	399
-112.5 81.5 0.199150763359 0.112913156791	262
-111 81.5 0.209494366197 0.120079289821	355
-109.5 81.5 0.249876790831 0.11445785253	349
-108 81.5 0.246420750988 0.104155918843	506
-106.5 81.5 0.220455555556 0.114039529655	342
-105 81.5 0.176886877828 0.118085505075	221
-103.5 81.5 0.151546666667 0.132005286071	90
-102 81.5 0.2306 0.141636081777	178
-100.5 81.5 0.216283695652 0.129840008292	92
-99 81.5 0.1875375 0.138067949757	56
-97.5 81.5 0.237186764706 0.137245724621	68
-96 81.5 0.25782 0.0951508906947	5
-10.5 81.5 0.212528571429 0.0975000546633	14
-9 81.5 0.203020567376 0.146610333156	141
-7.5 81.5 0.219198165138 0.113345935559	109
-6 81.5 0.165094736842 0.137804974355	133
-4.5 81.5 0.247320524017 0.122791134415	229
-3 81.5 0.247359375 0.130781028035	192
-1.5 81.5 0.236648797251 0.127594807308	291
0 81.5 0.262397118156 0.107414752826	347
1.5 81.5 0.262477777778 0.105596675288	288
3 81.5 0.229973205742 0.103272323205	209
4.5 81.5 0.255413829787 0.10285272235	94
6 81.5 0.174125641026 0.113020662708	117
7.5 81.5 0.214857377049 0.124866955142	61
9 81.5 0.220631060606 0.111732422415	132
10.5 81.5 0.212130188679 0.116956524417	106
12 81.5 0.221276106195 0.128068120318	113
13.5 81.5 0.190026470588 0.127842319644	68
15 81.5 0.111741818182 0.142960006957	55
16.5 81.5 0.232192857143 0.143403616393	70
18 81.5 0.226646783626 0.147715672945	171
19.5 81.5 0.215827586207 0.112398934703	203
21 81.5 0.151622916667 0.119316464505	144
22.5 81.5 0.210451136364 0.125040300114	264
24 81.5 0.304176223776 0.101770074988	143
25.5 81.5 0.213713253012 0.117629864556	166
27 81.5 0.160385148515 0.130660271104	202
28.5 81.5 0.1846104 0.128102925997	125
30 81.5 0.189708 0.133568529245	175
31.5 81.5 0.195261878453 0.114419172513	181
33 81.5 0.195616 0.108136199513	125
34.5 81.5 0.181750537634 0.110835872218	93
36 81.5 0.222933576642 0.114500896013	137
37.5 81.5 0.206947747748 0.107165231536	222
39 81.5 0.203131007752 0.0996148479759	129
40.5 81.5 0.208577339901 0.0811209467328	203
42 81.5 0.217525301205 0.0940911115827	83
43.5 81.5 0.263311538462 0.0884660039876	26
45 81.5 0.22346969697 0.132305844743	33
46.5 81.5 0.155873333333 0.160922942814	15
48 81.5 0.231760526316 0.0815530818331	38
49.5 81.5 0.208048275862 0.10569747132	29
51 81.5 0.145066666667 0.159886705722	6
52.5 81.5 0.250725 0.108795732147	16
66 81.5 0.0168272727273 0.119950765657	11
67.5 81.5 0.150776923077 0.145194737932	13
69 81.5 0.229277777778 0.141349179219	63
70.5 81.5 0.282757142857 0.0991246075156	35
72 81.5 0.266211111111 0.064177380058	9
73.5 81.5 0.230575 0.0879240394348	20
75 81.5 0.243325 0.0794224824233	8
76.5 81.5 0.04865 0.232708841688	2
78 81.5 0.121555555556 0.132267618024	9
79.5 81.5 0.207611111111 0.125909915138	36
81 81.5 0.188547058824 0.117079874194	51
82.5 81.5 0.1889375 0.126231996595	8
84 81.5 0.2470625 0.122189382381	16
85.5 81.5 0.281092307692 0.0994570939575	26
87 81.5 0.1596625 0.179633634597	8
88.5 81.5 0.1471 0.0614798340922	3
90 81.5 0.147875 0.0821123772643	4
93 81.5 0.346 0.00905096679919	2
94.5 81.5 0.1178 0.0971162190368	3
97.5 81.5 0.25032 0.0792556433322	5
99 81.5 0.126725 0.1369600763	4
100.5 81.5 0.18205 0.114562370673	32
102 81.5 0.163391946309 0.0997585168868	149
103.5 81.5 0.214768125 0.100683993701	160
105 81.5 0.208264319249 0.0998197278122	213
106.5 81.5 0.190122580645 0.0952226369156	248
108 81.5 0.14017195122 0.0792808361938	164
109.5 81.5 0.168358333333 0.125632015918	84
111 81.5 0.163966101695 0.101500561592	59
112.5 81.5 0.184025581395 0.0822104780418	129
114 81.5 0.167470666667 0.110842414014	150
115.5 81.5 0.139219178082 0.0924402250964	146
117 81.5 0.122428571429 0.10565440698	56
118.5 81.5 0.152441176471 0.0717687429916	51
120 81.5 0.200030434783 0.0951924339754	23
121.5 81.5 0.145330769231 0.171738271723	13
123 81.5 0.2277375 0.129216476459	40
124.5 81.5 0.2015 0.159121085969	7
126 81.5 0.1289 0.10639511749	79
127.5 81.5 0.109081355932 0.113095288591	59
129 81.5 0.146521568627 0.141147949774	51
130.5 81.5 0.1974625 0.0857461157062	24
132 81.5 0.142688571429 0.0920851772304	35
133.5 81.5 0.171872413793 0.0925407821162	29
135 81.5 0.251027272727 0.0814109463268	11
136.5 81.5 0.248505128205 0.0931777925562	39
138 81.5 0.209825 0.0844784164674	44
139.5 81.5 0.229647457627 0.0910669995036	59
141 81.5 0.188727118644 0.0973196968236	59
142.5 81.5 0.23974375 0.0935193129528	32
147 81.5 0.3069 NaN	1
148.5 81.5 0.24196 0.0326328515456	5
150 81.5 0.176018181818 0.105181622142	11
151.5 81.5 0.197092 0.12898836485	25
153 81.5 0.218683333333 0.0837576842246	6
154.5 81.5 0.1341 0.0618011326757	2
156 81.5 0.2195 NaN	1
160.5 81.5 0.2477 0.0479418397644	2
162 81.5 0.127159090909 0.113932915346	22
163.5 81.5 0.145308695652 0.147812872834	23
165 81.5 0.170038333333 0.114461052649	60
166.5 81.5 0.168341614907 0.103963099559	161
168 81.5 0.1377632 0.0966571389283	125
169.5 81.5 0.158677108434 0.111477720978	83
171 81.5 0.17682745098 0.121923787799	51
172.5 81.5 0.18690625 0.101207095051	32
174 81.5 0.161968888889 0.125848651566	45
175.5 81.5 0.129586206897 0.13681004747	29
177 81.5 0.147971428571 0.0952738355282	14
178.5 81.5 0.210488888889 0.0749052809294	9
-180 81 0.198725 0.06868162054	8
-178.5 81 0.15862 0.0600141983201	10
-177 81 0.116391666667 0.122248550527	12
-175.5 81 0.222991666667 0.118068785834	24
-174 81 0.179756363636 0.106165450479	55
-172.5 81 0.17212037037 0.0959800104574	54
-171 81 0.157242372881 0.101387480019	59
-169.5 81 0.19851 0.0958621718172	70
-168 81 0.154461111111 0.103112482156	90
-166.5 81 0.134783333333 0.104907756761	36
-165 81 0.209238709677 0.0961606145204	31
-163.5 81 0.20558 0.114472261731	35
-162 81 0.1768 0.105572851134	30
-160.5 81 0.14261 0.104868298842	50
-159 81 0.134189090909 0.117091003976	55
-157.5 81 0.128616666667 0.104437271672	36
-156 81 0.12521097561 0.112786448497	82
-154.5 81 0.125415625 0.129816250062	32
-153 81 0.125424489796 0.126414285075	49
-151.5 81 0.193432352941 0.100129672654	34
-150 81 0.2296 0.0901281277502	35
-148.5 81 0.197071794872 0.112104382629	39
-147 81 0.132831884058 0.126062139781	69
-145.5 81 0.164550746269 0.116521005224	67
-144 81 0.157343617021 0.100487002913	94
-142.5 81 0.130062365591 0.117225714936	93
-141 81 0.175653846154 0.128485145253	39
-139.5 81 0.154760526316 0.0980636066764	76
-138 81 0.141543373494 0.110695559424	83
-136.5 81 0.148004878049 0.121397198193	82
-135 81 0.138683606557 0.103018663649	61
-133.5 81 0.247887878788 0.0903972800968	132
-132 81 0.18006137931 0.109853632536	145
-130.5 81 0.188401863354 0.101949210684	161
-129 81 0.1774 0.117708588434	135
-127.5 81 0.207145454545 0.0988565732476	143
-126 81 0.207120418848 0.105374128713	191
-124.5 81 0.165973869347 0.133011571687	199
-123 81 0.131564084507 0.137811087337	142
-121.5 81 0.196264705882 0.134652609329	187
-120 81 0.184709848485 0.132944970954	264
-118.5 81 0.217726519337 0.125241660461	181
-117 81 0.179884864865 0.123673340279	185
-115.5 81 0.206384444444 0.125640934313	315
-114 81 0.24645 0.104081168995	308
-112.5 81 0.193428301887 0.121598187467	212
-111 81 0.200102158273 0.111135018522	278
-109.5 81 0.195496347032 0.115141653027	219
-108 81 0.211056105611 0.110333842085	303
-106.5 81 0.2273188 0.12085565624	250
-105 81 0.207573809524 0.105440512854	210
-103.5 81 0.199482819383 0.118240476856	227
-102 81 0.201737142857 0.140146460655	105
-100.5 81 0.239164772727 0.145513465854	88
-99 81 0.195788235294 0.170306500463	34
-97.5 81 0.20404375 0.139926971592	32
-10.5 81 0.0932 0.14803053739	5
-9 81 0.173055263158 0.150759241924	38
-7.5 81 0.214498591549 0.132738389853	71
-6 81 0.178232947977 0.116573367511	173
-4.5 81 0.254152222222 0.103205975887	180
-3 81 0.192167010309 0.116526127901	97
-1.5 81 0.265501438849 0.112510880624	139
0 81 0.29824796748 0.128307898349	123
1.5 81 0.254803717472 0.104133085705	269
3 81 0.275631182796 0.107830870971	93
4.5 81 0.217147727273 0.112320725078	88
6 81 0.246371929825 0.09577182846	57
7.5 81 0.217893684211 0.115357935852	95
9 81 0.185529 0.104684548072	100
10.5 81 0.222896825397 0.119143715019	63
12 81 0.218986885246 0.120038119606	61
13.5 81 0.176612727273 0.140181512035	55
15 81 0.156247727273 0.108176368671	44
16.5 81 0.109369230769 0.107091605534	52
18 81 0.17724 0.129788337089	55
19.5 81 0.185186956522 0.10479669123	46
21 81 0.189939622642 0.0972012431458	53
22.5 81 0.227669491525 0.112665149668	59
24 81 0.244941843972 0.119807195799	141
25.5 81 0.203328571429 0.0929290913279	77
27 81 0.175114634146 0.116014003312	123
28.5 81 0.161363768116 0.104595768066	69
30 81 0.219787878788 0.119279607434	99
31.5 81 0.174473913043 0.118756557901	138
33 81 0.201254794521 0.133253885748	73
34.5 81 0.212232380952 0.114780618083	105
36 81 0.247566101695 0.131263549856	59
37.5 81 0.179641221374 0.122959902701	131
39 81 0.140964 0.105825529082	75
40.5 81 0.146602325581 0.129540261232	43
42 81 0.190376666667 0.118052266868	30
43.5 81 0.23925 0.0564232664776	10
45 81 0.245 0.0288499566724	2
67.5 81 0.08943 0.0869137637738	10
69 81 0.19595 0.14575897228	36
70.5 81 0.22136 0.0633820374133	10
72 81 0.10918 0.08644681602	5
73.5 81 0.273093333333 0.15272431964	15
75 81 0.161514285714 0.0980755054124	7
76.5 81 0.248481818182 0.077720496887	11
78 81 0.244925 0.0785722733721	8
82.5 81 0.3207 NaN	1
84 81 0.226847058824 0.110847593104	17
85.5 81 0.235233333333 0.183077169521	9
87 81 0.25445 0.106633189687	8
88.5 81 0.179233333333 0.131607560573	9
90 81 0.134475 0.0707966277445	4
100.5 81 0.26455 0.0064346717088	2
102 81 0.18203 0.107239649073	10
103.5 81 0.281395833333 0.0946023369468	24
105 81 0.197873239437 0.0973241637265	71
106.5 81 0.18711954023 0.111888709075	87
108 81 0.152833695652 0.0917160228756	92
109.5 81 0.170249350649 0.108330746745	77
111 81 0.171380851064 0.115586140734	47
112.5 81 0.144230434783 0.0985244399901	46
114 81 0.12942173913 0.0988684891272	23
115.5 81 0.170572222222 0.0962925660186	54
117 81 0.118902564103 0.108484229965	39
118.5 81 0.202561538462 0.146524307076	13
120 81 0.2584 0.0923087933695	4
121.5 81 0.3288 NaN	1
123 81 0.237534482759 0.0803507057301	29
124.5 81 0.208707692308 0.0913653331552	13
126 81 0.215664516129 0.0952534917939	31
127.5 81 0.1387 0.103742466164	29
129 81 0.176045454545 0.131269341648	33
130.5 81 0.188135211268 0.116818716821	71
132 81 0.1329125 0.151130942478	32
133.5 81 0.179317647059 0.0928261701298	34
135 81 0.217474358974 0.110172087204	39
136.5 81 0.20722 0.104985318021	5
138 81 0.221061111111 0.110445648805	18
141 81 0.15235 0.0628617928475	2
144 81 0.11565 0.0731855518528	2
145.5 81 0.1368 0.0958987486884	3
147 81 0.210833333333 0.0384423377714	3
148.5 81 0.1351 0.0213614138109	3
150 81 0.192766666667 0.0419731263231	3
151.5 81 0.1791 NaN	1
154.5 81 0.133783333333 0.0748694174324	6
159 81 0.1933 NaN	1
160.5 81 0.0485 0.169422784772	2
162 81 0.16035 0.0410829039869	2
163.5 81 0.198407692308 0.139806911259	13
165 81 0.140872727273 0.129448622578	22
166.5 81 0.177562820513 0.124472224105	78
168 81 0.13176 0.110826656493	20
169.5 81 0.150004761905 0.0960885185202	42
171 81 0.193839393939 0.124074809789	66
172.5 81 0.173735555556 0.116388487707	45
174 81 0.214842307692 0.103053524629	26
175.5 81 0.124843902439 0.105590743081	41
177 81 0.1269875 0.0904703335354	8
178.5 81 0.17975 0.0177483802078	2
-180 80.5 0.0873333333333 0.0834359075379	6
-178.5 80.5 0.173673333333 0.0863918855279	30
-177 80.5 0.0895 0.194354264167	4
-175.5 80.5 0.1842 0.057845022834	4
-174 80.5 0.167442553191 0.07515084756	47
-172.5 80.5 0.177091666667 0.106907887685	24
-171 80.5 0.208815789474 0.0897642112745	19
-169.5 80.5 0.248944444444 0.121728353419	18
-168 80.5 0.045275 0.095917030118	16
-166.5 80.5 0.195266666667 0.137049744619	9
-165 80.5 0.159438095238 0.0819887277386	21
-163.5 80.5 0.213333333333 0.158561071305	3
-162 80.5 0.20575 0.0419626421157	4
-160.5 80.5 0.171439393939 0.100691564752	33
-159 80.5 0.185781081081 0.0924674862912	37
-157.5 80.5 0.171236666667 0.0841249614635	60
-156 80.5 0.167030769231 0.100782096701	26
-154.5 80.5 0.216138888889 0.087565270707	18
-153 80.5 0.154171428571 0.0864136050796	21
-151.5 80.5 0.180506666667 0.110595055861	15
-150 80.5 0.15983125 0.132259259128	16
-148.5 80.5 0.175315789474 0.0844288211925	19
-147 80.5 0.137171698113 0.102798687468	53
-145.5 80.5 0.123576623377 0.117117813936	77
-144 80.5 0.220194871795 0.0710077162179	39
-142.5 80.5 0.134351612903 0.0872698530268	31
-141 80.5 0.193302439024 0.0865828230303	41
-139.5 80.5 0.173910958904 0.117608147112	73
-138 80.5 0.150603921569 0.120438583454	51
-136.5 80.5 0.213282954545 0.130633116343	88
-135 80.5 0.140240909091 0.129130896845	44
-133.5 80.5 0.145917741935 0.108732506072	62
-132 80.5 0.146005555556 0.114952799857	54
-130.5 80.5 0.141834259259 0.115907193105	108
-129 80.5 0.160697938144 0.118749371033	97
-127.5 80.5 0.189456603774 0.0982328652393	106
-126 80.5 0.166465 0.111672345825	60
-124.5 80.5 0.158976470588 0.118566308621	102
-123 80.5 0.172074137931 0.1213468012	58
-121.5 80.5 0.213066666667 0.122407215703	96
-120 80.5 0.230409859155 0.11780718042	71
-118.5 80.5 0.160870535714 0.11734773814	112
-117 80.5 0.209037991266 0.109755340346	229
-115.5 80.5 0.19817862069 0.096119395651	145
-114 80.5 0.164817171717 0.122043278951	198
-112.5 80.5 0.196966774194 0.106451402951	310
-111 80.5 0.176250859107 0.101219178489	291
-109.5 80.5 0.170878947368 0.104560118637	228
-108 80.5 0.19646637931 0.112390261023	116
-106.5 80.5 0.192986060606 0.11618827598	165
-105 80.5 0.230688888889 0.111578732662	117
-103.5 80.5 0.240714 0.125061609884	100
-102 80.5 0.144551923077 0.112495836072	52
-100.5 80.5 0.126088888889 0.154685046501	9
-99 80.5 0.2347 0.101080871088	9
-12 80.5 0.118928571429 0.185249639804	7
-10.5 80.5 0.3675 NaN	1
-9 80.5 0.1796 0.180453650559	2
-7.5 80.5 0.240487096774 0.162530884741	31
-6 80.5 0.192229508197 0.124020094265	61
-4.5 80.5 0.232306161137 0.109479243999	211
-3 80.5 0.241304458599 0.0967652348993	157
-1.5 80.5 0.241533333333 0.123159363264	87
0 80.5 0.241998461538 0.0944825322684	65
1.5 80.5 0.279375757576 0.102265755326	99
3 80.5 0.316911538462 0.0968308104972	26
4.5 80.5 0.256277272727 0.133541899727	22
6 80.5 0.2895 0.0858966991614	42
7.5 80.5 0.3336 NaN	1
9 80.5 0.4538 0.0829951203385	7
10.5 80.5 0.223856666667 0.0933245973539	30
12 80.5 0.208894444444 0.118877047071	18
13.5 80.5 0.325872222222 0.105094152776	18
15 80.5 0.16595 0.20957642202	4
16.5 80.5 -0.0156 NaN	1
18 80.5 0.1073 0.145459215361	7
25.5 80.5 0.26174 0.0546043588004	10
27 80.5 0.182431578947 0.0945490939649	19
28.5 80.5 0.220463888889 0.114864637181	72
30 80.5 0.207410638298 0.117778968068	47
31.5 80.5 0.216586363636 0.139662244721	44
33 80.5 0.0650292682927 0.112351246642	41
34.5 80.5 0.168088235294 0.10583517674	68
36 80.5 0.210948275862 0.0938650232313	29
37.5 80.5 0.222677419355 0.0897802735268	62
39 80.5 0.198042857143 0.0930552140245	7
40.5 80.5 0.06295 0.0391374075108	4
42 80.5 0.13765 0.131395091233	4
45 80.5 0.127066666667 0.0123305852794	3
63 80.5 0.138333333333 0.182495817304	3
64.5 80.5 0.10684 0.0482879177435	5
66 80.5 0.10316 0.192850493907	5
67.5 80.5 0.17781 0.141749712336	20
69 80.5 0.34865 0.0228395490323	2
72 80.5 0.19496875 0.113066397712	16
73.5 80.5 0.0292 0.090595345723	7
75 80.5 0.17924 0.105855280664	10
78 80.5 0.1841375 0.129500710836	8
79.5 80.5 0.216366666667 0.0863310681814	3
81 80.5 0.2812 0.0683065150626	2
82.5 80.5 0.15635 0.0985764262802	12
84 80.5 0.278142857143 0.0842044903225	7
85.5 80.5 0.3657 0.0958524212874	4
87 80.5 0.3306 0.133360338932	2
88.5 80.5 0.247775 0.0968013983075	8
90 80.5 0.248633333333 0.149519158193	6
100.5 80.5 0.0843153846154 0.0943929097457	13
102 80.5 0.1499 0.0594964704836	5
103.5 80.5 0.1509 0.134344482581	5
105 80.5 0.2213 NaN	1
108 80.5 0.0831380952381 0.114293711446	21
109.5 80.5 0.160430952381 0.128930434047	42
111 80.5 0.1285 0.123704612766	42
112.5 80.5 0.134072413793 0.11150467606	29
114 80.5 0.19858 0.0671740426058	30
115.5 80.5 0.2694 NaN	1
117 80.5 0.173166666667 0.057438589077	12
118.5 80.5 0.13616 0.0898666957221	5
121.5 80.5 0.152751724138 0.0928456115614	29
123 80.5 0.1242 0.110816241922	39
124.5 80.5 0.179684615385 0.0996217500194	13
126 80.5 0.182066666667 0.083762768873	24
127.5 80.5 0.13242173913 0.113478499992	23
129 80.5 0.199774509804 0.0769524290536	51
130.5 80.5 0.173161904762 0.115261607442	105
132 80.5 0.146963636364 0.110125358474	55
133.5 80.5 0.149459701493 0.0966717141729	67
135 80.5 0.128431818182 0.10889115917	44
136.5 80.5 0.12731 0.0537065783266	10
138 80.5 0.15485 0.0897318505326	2
144 80.5 0.15135 0.0344361002438	2
147 80.5 0.0952 NaN	1
159 80.5 0.2833 0.00424264068712	2
160.5 80.5 0.0671666666667 0.059450175217	3
162 80.5 0.06954 0.0593539636419	5
165 80.5 0.0678 0.128233809894	3
166.5 80.5 0.19472 0.0639128446737	15
168 80.5 0.147669230769 0.121811441612	13
169.5 80.5 0.231711764706 0.073776477301	17
171 80.5 0.17388125 0.0968091126479	16
172.5 80.5 0.211261538462 0.0790281546714	13
174 80.5 0.08185 0.190706698886	2
175.5 80.5 0.2548 0.0923144264638	4
177 80.5 0.201275806452 0.0791800742559	62
178.5 80.5 0.176466666667 0.0993927076467	21
-180 80 0.152995454545 0.0887148748856	22
-178.5 80 0.18655 0.073942808981	6
-177 80 0.27235 0.127349931292	2
-175.5 80 0.208646153846 0.0248935940684	13
-174 80 0.194718604651 0.0923458774077	43
-172.5 80 0.163815384615 0.109853492177	13
-171 80 0.201675 0.144403886721	4
-169.5 80 0.0929923076923 0.0888068828183	13
-168 80 0.168295238095 0.0997771369099	42
-166.5 80 0.186422222222 0.0973635341274	36
-165 80 0.135608571429 0.092617290888	35
-163.5 80 0.155088888889 0.0908893481719	9
-162 80 0.167111111111 0.0766252435475	27
-160.5 80 0.128690909091 0.116378120405	11
-159 80 0.113807407407 0.119769181621	27
-157.5 80 0.188441666667 0.0982787469469	24
-156 80 0.146822580645 0.122452134076	31
-154.5 80 0.151371153846 0.110813001532	52
-153 80 0.076465 0.106986168683	20
-151.5 80 0.102328571429 0.122687675478	7
-150 80 0.12146 0.122504073402	5
-148.5 80 0.0932078947368 0.120476980826	38
-147 80 0.171288372093 0.083538263857	43
-145.5 80 0.1450125 0.0917993376493	8
-144 80 0.159784375 0.081849750499	64
-142.5 80 0.202412727273 0.103977453137	55
-141 80 0.204895833333 0.0708120743743	96
-139.5 80 0.179207246377 0.0980733748705	69
-138 80 0.156774074074 0.131290800933	54
-136.5 80 0.145960465116 0.099339698916	43
-135 80 0.133613513514 0.104674296861	37
-133.5 80 0.135120689655 0.12132493815	58
-132 80 0.0880090909091 0.1015640774	22
-130.5 80 0.0678058823529 0.130337674286	17
-129 80 0.101361363636 0.143540580464	44
-127.5 80 0.09045 0.113857069425	32
-126 80 0.139128571429 0.113529194826	56
-124.5 80 0.133698958333 0.120201543466	96
-123 80 0.215692763158 0.112545193926	152
-121.5 80 0.235377862595 0.0907860199798	262
-120 80 0.18655 0.133344601252	124
-118.5 80 0.208031693989 0.0983203917279	183
-117 80 0.178936686391 0.110269642256	169
-115.5 80 0.163573144876 0.106783331633	283
-114 80 0.212853529412 0.105447511912	170
-112.5 80 0.170267938931 0.116785164539	131
-111 80 0.178748101266 0.120945777039	158
-109.5 80 0.217382008368 0.106750059387	239
-108 80 0.201608522727 0.107445703955	176
-106.5 80 0.234967489712 0.118873076162	243
-105 80 0.32655625 0.117362745953	80
-103.5 80 0.271247692308 0.0981589055107	130
-102 80 0.175858333333 0.0908273657128	24
-16.5 80 -0.08735 0.124380082811	2
-15 80 0.06204375 0.0486118225503	16
-13.5 80 0.1443625 0.0898489039205	8
-12 80 0.150728571429 0.1642089121	14
-10.5 80 0.0739583333333 0.117239478755	12
-9 80 0.21 0.159279074697	12
-7.5 80 0.270038095238 0.115729467867	42
-6 80 0.22687972973 0.110547440978	74
-4.5 80 0.256157692308 0.111091363499	78
-3 80 0.263346969697 0.102075158162	66
-1.5 80 0.276962376238 0.112577518938	101
0 80 0.324964102564 0.0847662254695	78
1.5 80 0.241595238095 0.135669043913	21
3 80 0.225411111111 0.0821798096318	9
28.5 80 0.295142857143 0.0546771389505	7
30 80 -0.02185 0.133505967407	4
31.5 80 0.1606 0.158992515547	4
34.5 80 0.168442857143 0.0360970846996	7
36 80 0.101225 0.134045847821	12
37.5 80 0.1893 0.129075404319	4
39 80 0.191133333333 0.0873047426847	15
40.5 80 0.1418 0.174406813705	7
42 80 0.12253 0.061700856288	10
43.5 80 0.22565 0.230446099989	2
45 80 -0.034 0.162478583204	3
48 80 0.1239 NaN	1
57 80 0.1006 0.00777817459305	2
61.5 80 0.081375 0.146457306066	4
63 80 0.18525 0.138847405547	38
64.5 80 0.11522173913 0.137169337803	23
66 80 0.168443902439 0.0734322069966	41
67.5 80 0.168725925926 0.0942705051867	27
69 80 0.190666666667 0.115788076531	6
70.5 80 0.14455625 0.106043588326	16
72 80 0.0621 NaN	1
73.5 80 0.2443 0.037002297226	5
75 80 0.1133 NaN	1
76.5 80 0.31445 0.0583363094479	2
78 80 0.240530769231 0.0823098655956	13
79.5 80 0.233766666667 0.12772553908	3
81 80 0.1893 NaN	1
82.5 80 0.0162 NaN	1
84 80 0.19461 0.0736430648466	10
85.5 80 0.239833333333 0.0723955431409	6
102 80 0.31678 0.0428575197602	5
103.5 80 0.260233333333 0.0983604730909	6
105 80 0.0677 0.116580881015	12
106.5 80 0.1673 0.0786580574385	3
108 80 0.2831 NaN	1
109.5 80 -0.00634 0.0883756923594	5
111 80 0.27174 0.0912914453824	5
112.5 80 -0.0370333333333 0.112316888015	3
114 80 0.211 0.0712133765524	17
115.5 80 0.3188 NaN	1
117 80 0.266066666667 0.0510123841173	3
121.5 80 -0.0555 0.161644610179	2
123 80 0.302 0.0796202235616	2
124.5 80 0.192046666667 0.102413181815	15
126 80 0.221709090909 0.0489535995519	11
127.5 80 0.140625 0.0965930509923	60
129 80 0.184086486486 0.0983530860448	37
130.5 80 0.154476470588 0.144939998158	34
132 80 0.165318918919 0.0923251827141	74
133.5 80 0.161741304348 0.093285946485	46
135 80 0.248469565217 0.0790672236126	23
136.5 80 0.1793 NaN	1
142.5 80 0.127233333333 0.0633192177252	3
148.5 80 0.2071 NaN	1
163.5 80 0.3588 NaN	1
165 80 0.222392307692 0.116319742245	13
166.5 80 0.222342857143 0.0744093430267	14
168 80 0.2149 0.0171119841047	2
171 80 0.189342857143 0.0876801736834	7
172.5 80 0.2463 NaN	1
175.5 80 0.204583333333 0.0914896806567	6
177 80 0.209455 0.0770312614257	20
178.5 80 0.152446153846 0.137481002417	13
-180 79.5 0.110566666667 0.135602664674	6
-178.5 79.5 0.25051875 0.0797029085103	16
-177 79.5 0.112 0.0825783937305	10
-175.5 79.5 0.119185714286 0.155151586398	7
-174 79.5 0.198536363636 0.0850427218841	11
-172.5 79.5 0.203133333333 0.110779685262	6
-171 79.5 0.156476923077 0.11660951329	13
-169.5 79.5 0.140161904762 0.075981191595	21
-168 79.5 0.129304166667 0.0915035351143	24
-166.5 79.5 0.170064285714 0.121486172731	14
-165 79.5 0.179825 0.0846577605927	8
-163.5 79.5 0.1591 NaN	1
-162 79.5 0.182935714286 0.0565874626933	14
-160.5 79.5 0.1492 0.134637890018	15
-159 79.5 0.16275 0.0211424927575	2
-157.5 79.5 0.129632142857 0.121425063169	28
-156 79.5 0.118782608696 0.106393620161	23
-154.5 79.5 0.143847368421 0.133782403628	19
-153 79.5 0.24686 0.127273712918	5
-151.5 79.5 0.27925 0.135940808197	4
-150 79.5 0.133630769231 0.106851410727	13
-148.5 79.5 0.0843461538462 0.154204132107	13
-147 79.5 0.106611111111 0.105135924232	27
-145.5 79.5 0.220433333333 0.0208284260887	3
-144 79.5 0.212296 0.0852765817795	25
-142.5 79.5 0.207923076923 0.0790179320771	13
-141 79.5 0.194686363636 0.144021427954	22
-139.5 79.5 0.158786597938 0.106961483166	97
-138 79.5 0.133237671233 0.126064293471	146
-136.5 79.5 0.12850952381 0.104940836964	63
-135 79.5 0.114385964912 0.12081122884	57
-133.5 79.5 0.179754761905 0.108534526826	42
-132 79.5 0.1116453125 0.120071921476	64
-130.5 79.5 0.122433333333 0.109413646488	54
-129 79.5 0.13605754717 0.122003840648	106
-127.5 79.5 0.0952833333333 0.123751762323	30
-126 79.5 0.114884615385 0.144005790696	26
-124.5 79.5 0.183489208633 0.113811074504	139
-123 79.5 0.173039534884 0.116461297217	172
-121.5 79.5 0.239334117647 0.115666214717	85
-120 79.5 0.171738356164 0.102572802912	73
-118.5 79.5 0.192006896552 0.112872905613	116
-117 79.5 0.177667741935 0.0924401782603	93
-115.5 79.5 0.165592561983 0.12207852334	121
-114 79.5 0.204459139785 0.108249191732	186
-112.5 79.5 0.208779411765 0.101673883254	136
-111 79.5 0.228081176471 0.109957365649	85
-109.5 79.5 0.232021 0.148766726278	100
-108 79.5 0.149675221239 0.15162910843	113
-106.5 79.5 0.158413333333 0.146980304155	15
-105 79.5 0.365872727273 0.102440198076	11
-103.5 79.5 0.26025 0.0580534667354	2
-102 79.5 0.2998 NaN	1
-100.5 79.5 0.1163 0.131255308464	6
-70.5 79.5 0.0323222222222 0.136239850794	9
-69 79.5 0.079 0.122520059582	17
-15 79.5 0.250160810811 0.153218169841	148
-13.5 79.5 0.196578064516 0.110573653699	155
-12 79.5 0.268974468085 0.111222652658	47
-10.5 79.5 0.1403 0.190641102599	5
-9 79.5 0.174114285714 0.174393495947	7
-7.5 79.5 0.139230555556 0.110471795546	36
-6 79.5 0.18615 0.157439839929	62
-4.5 79.5 0.223653658537 0.133339579828	41
-3 79.5 0.265782692308 0.0827919924165	52
-1.5 79.5 0.288642592593 0.141300906808	54
0 79.5 0.245547727273 0.140338322914	44
27 79.5 0.207414285714 0.0833118124592	7
28.5 79.5 0.275724 0.0614171954749	25
30 79.5 0.218813888889 0.128789636124	36
31.5 79.5 0.108272727273 0.0932881352682	11
33 79.5 0.194025 0.143537877032	8
34.5 79.5 0.15135 0.0953520669239	4
36 79.5 0.139641666667 0.145595931876	12
37.5 79.5 0.144128571429 0.0923988972796	35
39 79.5 0.12654 0.0772623970635	5
40.5 79.5 0.0329 0.0296076003756	3
43.5 79.5 0.1721 0.0898937521003	4
45 79.5 0.290626666667 0.0846939150004	15
46.5 79.5 -0.03516 0.108522453898	5
48 79.5 0.226933333333 0.108560668138	6
49.5 79.5 0.312025 0.0534544599235	8
51 79.5 0.23181 0.0687348763163	10
52.5 79.5 0.156614285714 0.0934660264226	7
54 79.5 0.1646 0.101681955135	2
55.5 79.5 0.139070588235 0.100486813592	17
57 79.5 0.14452 0.151197956335	5
58.5 79.5 0.195266666667 0.0951867812952	3
60 79.5 0.1279 0.0858279868885	7
61.5 79.5 0.175327777778 0.108127336727	18
63 79.5 0.200211111111 0.117034146575	45
64.5 79.5 0.173413333333 0.0920300428209	30
66 79.5 0.175659259259 0.0606943050127	27
67.5 79.5 0.18473 0.0865036421841	10
69 79.5 0.15273 0.125561822312	10
70.5 79.5 0.144675 0.0951078466794	4
72 79.5 0.198144444444 0.102771738711	9
73.5 79.5 0.18658 0.0848770110218	5
79.5 79.5 0.10264 0.135145247789	5
85.5 79.5 0.0593333333333 0.0604693586317	3
88.5 79.5 0.20014 0.0612286125925	5
90 79.5 0.24135 0.106013599757	4
103.5 79.5 0.233166666667 0.0902319972811	3
105 79.5 0.192916666667 0.0730482133292	18
106.5 79.5 0.1271 0.0805018840359	13
108 79.5 0.281566666667 0.0468083681977	3
109.5 79.5 0.26385 0.0992070814005	2
111 79.5 0.135544444444 0.142152269689	9
112.5 79.5 0.109525 0.119103774779	4
114 79.5 0.16115 0.00459619407771	2
115.5 79.5 0.210342857143 0.0504889049575	7
117 79.5 0.210766666667 0.033919365167	3
118.5 79.5 0.100908333333 0.0443701467683	12
120 79.5 0.2252 0.0466215615354	3
121.5 79.5 0.1461375 0.0883802812122	8
123 79.5 0.1811 0.0777399849701	20
124.5 79.5 0.2096375 0.135970437307	8
126 79.5 0.2169 0.0664259796257	14
127.5 79.5 0.230269230769 0.0879979771038	13
129 79.5 0.178117391304 0.0685240346168	23
130.5 79.5 0.197332 0.0714554565213	25
132 79.5 0.182928571429 0.0947182883231	21
133.5 79.5 0.2077 0.108187337522	2
135 79.5 0.17158 0.193301065698	5
136.5 79.5 0.2504 NaN	1
138 79.5 0.14 NaN	1
139.5 79.5 0.128616666667 0.062289691496	6
150 79.5 0.2615 NaN	1
162 79.5 0.363 0.0813172798365	2
163.5 79.5 0.206875 0.0996962846182	4
165 79.5 0.215233333333 0.107799715522	6
166.5 79.5 0.0320142857143 0.0631257588356	7
168 79.5 0.194633333333 0.021593131624	3
169.5 79.5 0.18955 0.131689445287	4
171 79.5 0.1945 0.210306942349	3
175.5 79.5 0.341933333333 0.0987500616034	6
177 79.5 0.254761538462 0.066637008467	13
178.5 79.5 0.3654 NaN	1
-178.5 79 0.214085714286 0.0773513289817	7
-177 79 0.121645 0.0724371631503	20
-175.5 79 0.198185714286 0.108503539552	7
-174 79 0.0986782608696 0.134009232913	23
-172.5 79 0.198283333333 0.145279653313	6
-171 79 0.25845 0.00473761543395	2
-166.5 79 0.129866666667 0.0641330128197	3
-165 79 0.211475 0.0642811403135	8
-163.5 79 0.122490909091 0.119806472735	11
-162 79 0.1676 0.108632453714	5
-160.5 79 0.195566666667 0.148702869284	3
-159 79 0.111925 0.0975023204852	4
-157.5 79 0.168309090909 0.131818316196	22
-156 79 0.111814285714 0.162715676653	7
-154.5 79 0.175955555556 0.0872689107173	9
-153 79 0.230177777778 0.0614400068721	9
-151.5 79 0.17765 0.14994923903	8
-150 79 0.195364705882 0.147728098805	17
-148.5 79 0.144 0.153991136109	3
-147 79 0.219485714286 0.104196919797	7
-145.5 79 0.22769047619 0.102334661307	21
-144 79 0.14494 0.129672549404	30
-142.5 79 0.126753846154 0.0780724700814	26
-141 79 0.159684 0.0954632536634	50
-139.5 79 0.128804 0.110426134739	25
-138 79 0.162641176471 0.0960974477561	34
-136.5 79 0.15305974026 0.11763997291	77
-135 79 0.173859722222 0.11510655891	72
-133.5 79 0.142969512195 0.113817871288	82
-132 79 0.171826315789 0.113175044797	76
-130.5 79 0.175932307692 0.0891971554123	65
-129 79 0.0908046511628 0.153388513808	43
-127.5 79 0.161106521739 0.112722491894	46
-126 79 0.174068965517 0.137991819383	29
-124.5 79 0.210479220779 0.0990957476087	77
-123 79 0.149209022556 0.112790635665	133
-121.5 79 0.183686 0.114673352276	150
-120 79 0.193998095238 0.0987073055147	315
-118.5 79 0.173217730496 0.118065431394	282
-117 79 0.130744134078 0.110762222836	179
-115.5 79 0.108758389262 0.139007038078	149
-114 79 0.165703278689 0.124219890951	183
-112.5 79 0.236165217391 0.13747260885	69
-111 79 0.250712765957 0.0996322752338	47
-109.5 79 0.211171014493 0.133636667324	69
-108 79 0.110632258065 0.166810134359	31
-73.5 79 0.04435 0.135128105885	2
-72 79 0.219709090909 0.103993369544	11
-15 79 0.0628333333333 0.197997107723	6
-13.5 79 0.0820454545455 0.138320145775	11
-12 79 0.331349180328 0.0891680709353	61
-10.5 79 0.2685 NaN	1
-9 79 0.100683333333 0.124849003467	6
-7.5 79 0.292533333333 0.104749698488	21
-6 79 0.2273 0.128805299302	40
-4.5 79 0.260152439024 0.0833147375187	82
-3 79 0.288121428571 0.0768688415283	42
-1.5 79 0.28565 0.196538384716	4
22.5 79 0.05285 0.102632434769	4
24 79 0.26962 0.0792034919865	15
31.5 79 0.126242857143 0.0930707564936	14
33 79 0.128932258065 0.119837535542	31
34.5 79 0.204653846154 0.171915636362	13
36 79 0.0964666666667 0.134942592732	3
37.5 79 0.16275 0.0865335580377	4
39 79 0.214442857143 0.0897071319562	7
40.5 79 0.1626 0.0914359935096	23
42 79 0.15428 0.147999653627	20
43.5 79 0.2725 0.0798617764223	7
45 79 0.250463636364 0.102182496277	11
46.5 79 0.214157142857 0.126458462972	7
48 79 0.191371428571 0.132316359713	7
49.5 79 0.1377375 0.0678426106619	8
51 79 0.119211111111 0.0712794403114	9
52.5 79 0.1262875 0.0775931771569	24
54 79 0.19857826087 0.103738232439	23
55.5 79 0.18471 0.112304194539	10
57 79 -0.0379 NaN	1
58.5 79 0.1113625 0.0722176975078	16
60 79 0.115755555556 0.125262301807	36
61.5 79 0.146215 0.106367334098	20
63 79 0.123440909091 0.1136737967	22
64.5 79 0.0857333333333 0.121909652339	3
66 79 0.1444125 0.146579779756	16
67.5 79 0.245566666667 0.104041619877	6
69 79 0.153242857143 0.113107218413	7
70.5 79 0.16826 0.034079363257	5
72 79 0.1767 0.0550129075763	2
76.5 79 0.136416666667 0.191258938789	6
78 79 0.3682 NaN	1
79.5 79 0.1662 0.141311830125	7
81 79 0.226433333333 0.0988795395081	3
84 79 0.247075 0.160640683411	4
85.5 79 0.1133 0.0931489667146	3
90 79 0.21775 0.0168998520704	2
91.5 79 0.216733333333 0.200778493204	3
93 79 0.25205 0.0212839141137	2
94.5 79 0.135 0.073695002092	4
108 79 -0.0382 0.120685831811	3
112.5 79 0.143 0.0696461054188	6
114 79 0.101833333333 0.0141994131334	3
117 79 0.11695 0.0460148888948	4
118.5 79 0.1839375 0.0674397071994	8
121.5 79 0.1103 0.1213	3
123 79 0.16684 0.0649595874371	5
124.5 79 0.182747826087 0.120817702156	23
126 79 0.197425 0.0647510970194	24
127.5 79 0.239575 0.0527039782007	12
129 79 0.184313333333 0.0649754994118	15
130.5 79 0.26436 0.0575066778731	5
135 79 0.122033333333 0.0135071585958	3
160.5 79 0.238428571429 0.0491471163714	7
165 79 0.330133333333 0.0741115015815	6
166.5 79 0.210628571429 0.113086467129	7
168 79 0.137814285714 0.130745279438	7
169.5 79 0.21486 0.0181450544226	5
171 79 0.0851666666667 0.105935898857	6
172.5 79 0.2512 0.0465276262021	2
175.5 79 0.2107 NaN	1
178.5 79 0.22525 0.0649699674209	4
-177 78.5 0.0993181818182 0.0910930273751	11
-175.5 78.5 0.067325 0.0761454200855	8
-174 78.5 -0.0842 NaN	1
-171 78.5 0.0786 0.150374682045	5
-168 78.5 0.1984 NaN	1
-165 78.5 0.0897454545455 0.0667699238226	11
-163.5 78.5 0.134125 0.130886579399	16
-160.5 78.5 0.3626 NaN	1
-159 78.5 0.22195 0.0644174277661	2
-157.5 78.5 -0.0997 0.0231931024229	2
-150 78.5 0.0712571428571 0.130521528967	7
-147 78.5 0.4289 NaN	1
-145.5 78.5 0.1531 NaN	1
-144 78.5 0.15395 0.0593410397617	6
-142.5 78.5 0.1512 0.116359590433	43
-141 78.5 0.0962533333333 0.107827400882	15
-139.5 78.5 0.16511 0.124898872356	20
-138 78.5 0.192835714286 0.115097848721	14
-136.5 78.5 0.135928947368 0.0970710742895	38
-135 78.5 0.141926315789 0.128666169438	19
-133.5 78.5 0.191192156863 0.109358571394	51
-132 78.5 0.14858411215 0.116023593201	107
-130.5 78.5 0.147580681818 0.113378862246	88
-129 78.5 0.14176875 0.081972939821	32
-127.5 78.5 0.145036666667 0.159160780742	30
-126 78.5 0.131752 0.123804479994	25
-124.5 78.5 0.144085964912 0.106237527736	57
-123 78.5 0.0773 0.13058843943	40
-121.5 78.5 0.145731460674 0.108996452815	89
-120 78.5 0.0948409090909 0.113141147364	88
-118.5 78.5 0.17514601227 0.112634689329	163
-117 78.5 0.167024463519 0.11889173702	233
-115.5 78.5 0.128657627119 0.153685094742	59
-114 78.5 0.0394666666667 0.125139991203	42
-108 78.5 0.1068 0.113921236746	45
-106.5 78.5 0.137828125 0.120163996096	32
-15 78.5 0.0893333333333 0.169757646858	6
-13.5 78.5 0.2051 0.127680264724	3
-10.5 78.5 -0.1079 NaN	1
-9 78.5 0.185115 0.141208801258	20
-7.5 78.5 0.313666666667 0.099782017752	51
-6 78.5 0.295622222222 0.0809112994397	90
-4.5 78.5 0.296533333333 0.10571424326	39
-3 78.5 0.225683333333 0.122683486577	12
24 78.5 0.19264 0.0388083496171	5
25.5 78.5 0.0985 0.0452078164333	4
27 78.5 0.0158 0.182999234971	2
30 78.5 0.1481 0.0784888527117	2
31.5 78.5 0.10378 0.0835833236956	5
33 78.5 0.193778947368 0.0566463255545	19
34.5 78.5 0.164755172414 0.0939843436286	29
36 78.5 0.18168125 0.154554547949	16
37.5 78.5 0.0868866666667 0.0905604680915	15
39 78.5 0.216776923077 0.135960252487	13
40.5 78.5 0.131490909091 0.0696353280246	11
42 78.5 0.103785714286 0.135941782007	7
43.5 78.5 0.153423529412 0.0989525487886	17
45 78.5 0.0201666666667 0.0427477874671	3
46.5 78.5 0.107522222222 0.152354272813	9
48 78.5 0.196084615385 0.123699480234	13
49.5 78.5 0.1595 0.154514473432	9
51 78.5 0.162207142857 0.0784386853185	28
52.5 78.5 0.0908833333333 0.0986531824236	30
54 78.5 0.2707 NaN	1
57 78.5 0.133 NaN	1
58.5 78.5 0.1934 0.0874215934424	9
60 78.5 0.0831875 0.130481211291	16
61.5 78.5 0.0501583333333 0.12823470285	12
63 78.5 0.122133333333 0.110464349453	9
64.5 78.5 0.108128571429 0.182049276427	7
66 78.5 0.171785714286 0.0721398971576	7
67.5 78.5 0.0619 0.145734141504	5
69 78.5 0.0602058823529 0.144047108052	17
70.5 78.5 0.116625 0.0730124818096	4
72 78.5 0.1714 NaN	1
73.5 78.5 0.128425 0.152746617529	4
78 78.5 0.177066666667 0.185834989529	3
79.5 78.5 0.0346333333333 0.191818151731	3
82.5 78.5 0.105 NaN	1
84 78.5 0.1278 NaN	1
93 78.5 0.232 NaN	1
94.5 78.5 0.235521428571 0.101327292842	14
96 78.5 0.2147875 0.0863632434629	8
97.5 78.5 -0.07905 0.115377193009	4
108 78.5 -0.1108 NaN	1
109.5 78.5 -0.06035 0.136683740803	2
111 78.5 0.14898 0.0714649704401	5
117 78.5 0.2132 NaN	1
118.5 78.5 0.2145 0.0342654344785	8
120 78.5 0.197466666667 0.0314911627815	3
121.5 78.5 0.209722222222 0.0771617365977	18
123 78.5 0.134611111111 0.126157108841	9
124.5 78.5 0.163943902439 0.0866217179718	41
126 78.5 0.219236363636 0.0642737267322	22
127.5 78.5 0.2127875 0.0984454952535	8
129 78.5 0.22716 0.146793061825	5
130.5 78.5 0.0693333333333 0.0613108745112	3
151.5 78.5 0.0098 NaN	1
153 78.5 0.210614285714 0.0302411104608	7
154.5 78.5 0.2423 0.0526790913614	4
162 78.5 0.3155 NaN	1
163.5 78.5 0.1064 0.0517602163829	2
165 78.5 0.232022222222 0.0758247449349	9
166.5 78.5 0.163021428571 0.112671572953	14
168 78.5 0.164238095238 0.0828540613138	21
169.5 78.5 0.134835714286 0.108555250783	14
171 78.5 0.144 NaN	1
172.5 78.5 0.134125 0.11844745369	8
177 78.5 0.20915 0.0699328606593	2
-178.5 78 0.2355 0.0171119841047	2
-177 78 0.227375 0.0145424378974	4
-175.5 78 0.0971875 0.0741249801253	8
-174 78 0.0731666666667 0.120893189772	3
-172.5 78 0.122072727273 0.110135290356	11
-171 78 0.00135 0.05148077311	4
-169.5 78 0.0951 0.15708554994	3
-168 78 0.2136 0.0772956014272	5
-166.5 78 0.06796 0.133440033973	10
-165 78 0.092525 0.0510554845242	4
-160.5 78 0.225533333333 0.109320004269	3
-148.5 78 0.2068375 0.0888689072655	8
-147 78 0.148488235294 0.103994945084	17
-145.5 78 0.129764 0.121999661475	25
-144 78 0.0851210526316 0.118508734215	38
-142.5 78 0.13225 0.110986818645	24
-141 78 0.1126 0.145337877891	17
-139.5 78 0.14252 0.106162450493	20
-138 78 0.074375 0.127817007215	16
-136.5 78 0.0540428571429 0.134809115313	21
-135 78 0.126974647887 0.114575146542	71
-133.5 78 0.196569090909 0.08529696463	55
-132 78 0.185860714286 0.112897818197	84
-130.5 78 0.150669230769 0.0913383151552	26
-129 78 0.159090566038 0.11567147322	53
-127.5 78 0.185537313433 0.102431425451	67
-126 78 0.153266666667 0.129530572968	21
-124.5 78 0.0911764705882 0.159227685518	51
-123 78 0.134954263566 0.116573953866	129
-121.5 78 0.0801523076923 0.106309027879	65
-120 78 0.100578125 0.0979572304127	96
-118.5 78 0.0594625 0.0891157503716	8
-117 78 0.056828125 0.111896133389	32
-115.5 78 -0.00224285714286 0.110599801946	7
-109.5 78 0.08816 0.078246872142	5
-108 78 0.0561961538462 0.1171274331	26
-106.5 78 0.1438375 0.111846030327	16
-16.5 78 0.14325 0.0333047293939	2
-15 78 0.0672 0.0329511760033	2
-13.5 78 0.028575 0.131265719694	4
-12 78 0.143172727273 0.0765403304266	11
-10.5 78 0.0569555555556 0.140150446941	9
-9 78 0.255003921569 0.0925327551968	51
-7.5 78 0.072146875 0.134521975623	32
-6 78 0.270011111111 0.103494832028	27
-4.5 78 0.254483333333 0.0724314868971	18
27 78 0.26016 0.0722414384448	15
28.5 78 0.158182857143 0.102542425899	35
30 78 0.1582 NaN	1
31.5 78 0.211133333333 0.0973896024567	6
33 78 0.210556666667 0.0719122774196	30
34.5 78 0.0990375 0.0945437315038	16
36 78 0.179216666667 0.12862400113	6
37.5 78 0.129688888889 0.0761603644366	9
40.5 78 0.0360090909091 0.138430346778	11
42 78 0.03555 0.108540890912	2
45 78 0.295469230769 0.154536319273	13
46.5 78 0.2637 NaN	1
48 78 -0.134 NaN	1
49.5 78 0.105029166667 0.0676684788167	24
51 78 0.145172222222 0.186014571869	18
52.5 78 0.03495 0.166452789102	6
57 78 0.2902 NaN	1
58.5 78 0.05 NaN	1
63 78 0.120108 0.15946531995	25
64.5 78 0.1443875 0.172658220916	8
69 78 0.06355 0.207677261634	2
70.5 78 0.15805 0.121025051126	6
72 78 0.201275 0.150241032535	8
73.5 78 0.1699 0.0889895780415	5
75 78 0.0834 0.069244494366	5
79.5 78 0.0011 NaN	1
82.5 78 0.1986 0.178947925386	3
94.5 78 0.217277777778 0.0831425098517	9
96 78 -0.0271 0.116955461608	2
102 78 0.3428 NaN	1
108 78 0.0012 0.121364519802	4
111 78 0.022 NaN	1
115.5 78 0.129933333333 0.0245141455762	3
117 78 0.1755 NaN	1
118.5 78 0.1703875 0.120508060637	8
120 78 0.1854 NaN	1
121.5 78 0.244207692308 0.0580253746439	13
123 78 0.16209 0.06766197767	10
124.5 78 0.20015 0.00728319984622	2
126 78 0.0835 0.033375440072	2
129 78 0.3454 NaN	1
130.5 78 -0.0452 0.0915385711053	3
132 78 0.0445666666667 0.0931561234344	3
153 78 0.215 NaN	1
154.5 78 0.1994 0.0379142453439	3
162 78 0.2942 NaN	1
165 78 0.157525 0.106101484438	8
166.5 78 0.158211111111 0.0538592017311	9
168 78 0.194958333333 0.0572944144245	12
169.5 78 0.133170588235 0.143119939931	17
171 78 0.12023 0.151716812311	30
172.5 78 0.167892592593 0.0963043450011	27
174 78 0.168215384615 0.0442451851647	13
175.5 78 0.168257894737 0.074372055055	19
177 78 0.182181818182 0.0812114994097	11
178.5 78 0.3133 NaN	1
-180 77.5 0.13895 0.127269962416	4
-178.5 77.5 0.134911111111 0.110307153461	18
-177 77.5 0.142436842105 0.12902926546	19
-175.5 77.5 0.153766666667 0.0992910902652	12
-174 77.5 0.15448 0.0576603379406	15
-172.5 77.5 -0.00103333333333 0.0843344729831	3
-171 77.5 0.0250444444444 0.118168154669	9
-168 77.5 0.124385714286 0.121129378293	21
-160.5 77.5 0.1027 NaN	1
-156 77.5 0.01855 0.00883883476483	2
-148.5 77.5 0.1048 0.116955461608	2
-147 77.5 0.0727 0.197424213307	2
-144 77.5 0.00525 0.122852004461	6
-142.5 77.5 0.145927272727 0.074890681542	11
-141 77.5 0.140885294118 0.130159655185	34
-139.5 77.5 0.192923076923 0.0890898717948	13
-138 77.5 0.132614814815 0.120420716668	27
-136.5 77.5 0.0985565217391 0.0974119993799	46
-135 77.5 0.144641666667 0.118742608072	72
-133.5 77.5 0.17962244898 0.106011215639	98
-132 77.5 0.124476315789 0.132205195617	38
-130.5 77.5 0.1511875 0.115303842279	80
-129 77.5 0.163711607143 0.0944826622596	112
-127.5 77.5 0.154872649573 0.113921970137	117
-126 77.5 0.125112371134 0.09923175762	97
-124.5 77.5 0.165584375 0.125537573598	96
-123 77.5 0.11848115942 0.11235637142	69
-121.5 77.5 0.101280882353 0.141990625355	68
-120 77.5 0.0886230769231 0.145509331337	39
-118.5 77.5 0.08992 0.131383910735	5
-109.5 77.5 0.176653846154 0.0750657668913	13
-108 77.5 0.119385 0.156496962389	20
-103.5 77.5 -0.0513375 0.0787179583341	8
-102 77.5 -0.04434 0.0939208869209	5
-100.5 77.5 0.185614814815 0.0709957674995	27
-99 77.5 0.158483636364 0.106214178735	55
-15 77.5 0.250045454545 0.078076390332	11
-13.5 77.5 0.231783333333 0.125842972258	6
-12 77.5 -0.0327166666667 0.0862487893635	6
-10.5 77.5 0.19653 0.125070611612	10
-9 77.5 0.269044186047 0.0942559107124	129
-7.5 77.5 0.289857627119 0.118292250895	59
-6 77.5 0.184766666667 0.11379516952	12
-4.5 77.5 0.347657142857 0.0588419027888	7
27 77.5 0.27625 0.0228395490323	2
28.5 77.5 -0.0003 NaN	1
30 77.5 0.1328 0.0152735064736	2
33 77.5 0.1378 0.0298899648712	3
39 77.5 0.1082 0.0435577777211	2
42 77.5 0.20075 0.0523966124859	2
43.5 77.5 0.1816 0.130956175876	2
46.5 77.5 0.125925 0.13687751077	12
52.5 77.5 0.21105 0.132723942829	2
58.5 77.5 -0.0054 NaN	1
60 77.5 0.132090909091 0.137448517304	11
67.5 77.5 0.2395 0.0683065150626	2
69 77.5 0.3486 NaN	1
70.5 77.5 0.1635 0.0799991249952	4
72 77.5 0.119338461538 0.132718088057	13
73.5 77.5 0.199733333333 0.0982230641618	21
75 77.5 0.125516666667 0.11201398871	6
76.5 77.5 0.4408 NaN	1
78 77.5 0.23175 0.161573899501	2
79.5 77.5 0.1062875 0.122645696885	8
94.5 77.5 0.297 0.0429920922961	2
96 77.5 0.212475 0.0338113762906	4
99 77.5 0.1364 NaN	1
100.5 77.5 0.13197 0.0619437029353	10
108 77.5 0.1654 NaN	1
109.5 77.5 0.117333333333 0.113053541888	3
111 77.5 0.0177636363636 0.08718800689	11
124.5 77.5 -0.0149 0.206192337394	2
126 77.5 0.09585 0.0744583440589	2
129 77.5 0.3415 NaN	1
130.5 77.5 0.1257 0.0724530652676	4
132 77.5 0.12845 0.0378302127935	2
133.5 77.5 0.2591 NaN	1
151.5 77.5 0.0324 NaN	1
153 77.5 0.16945 0.049490234727	4
159 77.5 0.17772 0.0962557634638	5
162 77.5 0.14145 0.158291689611	6
163.5 77.5 0.135053333333 0.115449784178	15
165 77.5 0.076034375 0.103617742314	32
166.5 77.5 0.2277 0.0434214232839	4
168 77.5 0.17684 0.11871773433	10
169.5 77.5 0.1947 0.1070361154	3
171 77.5 0.0643571428571 0.11076190466	7
172.5 77.5 0.22904 0.0768240008794	10
174 77.5 0.108 0.149770023703	6
175.5 77.5 0.19195 0.107652298037	12
177 77.5 0.2825 NaN	1
178.5 77.5 0.1279625 0.0784806425178	8
-180 77 0.0447823529412 0.0974762870862	17
-178.5 77 0.0918615384615 0.095849113528	13
-177 77 0.128213333333 0.111618853161	15
-175.5 77 0.135528 0.12471518726	25
-174 77 0.12754 0.071108155139	45
-172.5 77 0.0878714285714 0.119277553519	42
-171 77 0.116068965517 0.090372511242	29
-169.5 77 -0.034325 0.085108807809	4
-163.5 77 0.3503 NaN	1
-157.5 77 -0.0199 NaN	1
-156 77 0.1679 0.0349442412995	4
-154.5 77 0.162466666667 0.0195809431165	3
-153 77 0.05666 0.050252193982	5
-151.5 77 0.12855 0.0501338707861	2
-150 77 0.0068 0.204378195184	4
-148.5 77 0.1647 0.131521861301	2
-145.5 77 0.0236 NaN	1
-144 77 0.036125 0.128744787185	12
-142.5 77 0.165946666667 0.131794547181	15
-141 77 0.134507692308 0.111674627539	13
-139.5 77 0.144705714286 0.0899704197888	35
-138 77 0.148465671642 0.120259656643	67
-136.5 77 0.0756894736842 0.128453230083	38
-135 77 0.143952777778 0.122794363496	36
-133.5 77 0.158425675676 0.115287163872	74
-132 77 0.116317073171 0.126187978632	41
-130.5 77 0.160561956522 0.106423276643	92
-129 77 0.131145652174 0.127623692866	46
-127.5 77 0.1102421875 0.122552854558	64
-126 77 0.115245217391 0.114072613257	115
-124.5 77 0.133713095238 0.116160435149	84
-123 77 0.103308974359 0.121928802075	78
-121.5 77 0.0882243902439 0.106637813877	82
-109.5 77 0.18818 0.182849807219	5
-108 77 0.23495 0.0501338707861	2
-106.5 77 -0.00892727272727 0.126017586796	11
-103.5 77 0.046675 0.0750695439481	8
-100.5 77 0.161709302326 0.0928756357767	43
-99 77 0.15105862069 0.086597990674	87
-16.5 77 0.182928571429 0.0580875119765	7
-15 77 0.072175 0.125947115224	4
-13.5 77 0.2245 0.192948438708	4
-12 77 0.227909803922 0.149337554895	51
-10.5 77 0.117731578947 0.115885628735	19
-9 77 0.307722222222 0.119388444389	18
-7.5 77 0.223033333333 0.0820061379817	6
28.5 77 0.283483333333 0.10077302053	6
69 77 0.21605 0.0424971175493	2
70.5 77 0.17772 0.142920614328	5
72 77 0.0918583333333 0.114523681222	12
73.5 77 0.17372 0.077993409978	5
75 77 0.0299 0.000565685424949	2
78 77 0.151483333333 0.115159948188	6
85.5 77 0.133 NaN	1
94.5 77 0.1799 NaN	1
99 77 0.21905 0.0706399674405	2
114 77 0.149133333333 0.110710661938	6
115.5 77 0.1525 0.17776664479	2
117 77 0.1136 NaN	1
118.5 77 0.1667 0.100801567448	6
121.5 77 0.0873647058824 0.15197833703	17
127.5 77 0.13955 0.0350017856687	2
132 77 0.1837375 0.14507335029	8
147 77 0.036 0.075094740162	2
150 77 0.2656 0.0685893577751	2
151.5 77 0.14034375 0.123330434031	16
154.5 77 0.2509 0.132401586093	5
157.5 77 0.2042 0.0392	3
159 77 0.25484 0.0822854361354	5
160.5 77 0.24025 0.0704985460843	2
163.5 77 0.106993333333 0.140943106387	15
165 77 0.102703846154 0.0943791988979	26
166.5 77 0.0982129032258 0.144840723422	31
168 77 0.0189304347826 0.127953139273	23
169.5 77 0.132368292683 0.10401457215	41
171 77 0.0472 0.161821991469	14
172.5 77 0.198490909091 0.163042469649	11
174 77 0.108147368421 0.123765878301	19
175.5 77 0.09615 0.114273780478	22
177 77 0.1608 0.113180336505	8
178.5 77 0.165876190476 0.0997084796031	21
-180 76.5 0.100803225806 0.126262566329	31
-178.5 76.5 0.130772222222 0.0930628491337	18
-177 76.5 0.14144 0.0914696264966	15
-175.5 76.5 0.0500777777778 0.124575407138	36
-174 76.5 0.130727272727 0.114282037008	22
-172.5 76.5 0.104893939394 0.0862574777171	33
-171 76.5 0.037003125 0.101854473937	32
-169.5 76.5 0.0801151515152 0.0981522577466	33
-168 76.5 0.138683333333 0.0558162379979	12
-166.5 76.5 0.0614909090909 0.0800537875999	11
-165 76.5 0.0795714285714 0.0720444472597	7
-163.5 76.5 0.1226 0.0845266230249	3
-160.5 76.5 -0.0597 0.0325269119346	2
-157.5 76.5 0.0936 0.0298399061661	2
-156 76.5 0.0979333333333 0.136447694496	3
-153 76.5 0.1774 NaN	1
-151.5 76.5 -0.0196 NaN	1
-150 76.5 0.224175 0.090260476242	8
-148.5 76.5 0.0248375 0.156884533859	8
-147 76.5 0.2202 0.0767917964369	2
-145.5 76.5 0.137277777778 0.126484947501	9
-144 76.5 0.1866 0.162135560566	10
-142.5 76.5 0.0355 0.0697110544398	10
-141 76.5 0.13756 0.117295153577	20
-139.5 76.5 0.17475942029 0.0861276127732	69
-138 76.5 0.1138 0.106970568382	17
-136.5 76.5 0.0977136363636 0.0819713154336	44
-135 76.5 0.120605714286 0.0934830061061	70
-133.5 76.5 0.125842105263 0.115782182804	38
-132 76.5 0.10605 0.101190281405	60
-130.5 76.5 0.154317857143 0.148888551542	28
-129 76.5 0.126207476636 0.137718057421	107
-127.5 76.5 0.107590566038 0.113618318295	159
-126 76.5 0.14820942029 0.109232155427	138
-124.5 76.5 0.126508088235 0.106656468995	136
-123 76.5 0.10245 0.0745005247083	12
-106.5 76.5 0.197670588235 0.140691363295	17
-18 76.5 0.0183666666667 0.148487826662	6
-16.5 76.5 0.0671 0.149294253071	11
-15 76.5 0.160078125 0.119434843174	32
-13.5 76.5 0.229391666667 0.154119513592	12
-12 76.5 0.11184 0.152227307012	5
-10.5 76.5 0.314945 0.0996164987128	20
-9 76.5 0.322342857143 0.084319653825	28
51 76.5 0.2676 NaN	1
70.5 76.5 0.18515 0.0426385389055	2
72 76.5 0.17332 0.0658171482214	5
73.5 76.5 0.1533625 0.0989750897593	8
76.5 76.5 0.2717 NaN	1
78 76.5 0.0179 NaN	1
82.5 76.5 0.0723 NaN	1
84 76.5 0.0541666666667 0.0874000762776	3
115.5 76.5 0.2391 NaN	1
120 76.5 0.00205 0.0395272690683	2
127.5 76.5 0.134083333333 0.0697904764711	12
130.5 76.5 0.1366 0.0162634559673	2
133.5 76.5 0.3174 NaN	1
147 76.5 0.239541666667 0.0416664996966	12
148.5 76.5 0.0878333333333 0.032106281836	3
151.5 76.5 0.1979375 0.0346548259884	8
154.5 76.5 0.249666666667 0.0348105348039	3
156 76.5 0.24045 0.046456915524	2
157.5 76.5 0.0876333333333 0.0644434532491	6
159 76.5 0.0893833333333 0.102782827684	6
160.5 76.5 0.204194444444 0.0877067739836	18
162 76.5 0.189885714286 0.0758424777323	7
163.5 76.5 0.156345454545 0.104611666306	11
165 76.5 0.191025 0.101499977896	40
166.5 76.5 0.185197674419 0.103092278332	43
168 76.5 0.106002777778 0.0994589290285	36
169.5 76.5 0.081452 0.116137803861	50
171 76.5 0.187790909091 0.137240675126	11
172.5 76.5 0.08974375 0.107488861951	32
174 76.5 0.1206 0.10553511264	10
175.5 76.5 0.142466666667 0.0805793935611	6
177 76.5 0.113063636364 0.113633912792	33
178.5 76.5 0.10905106383 0.0776339932054	47
-180 76 0.0873974358974 0.133724686709	39
-178.5 76 0.0982652173913 0.122289852795	46
-177 76 0.0595042553191 0.125634577	47
-175.5 76 0.132428571429 0.0932364206888	21
-174 76 0.0644363636364 0.125496160235	22
-172.5 76 0.120436 0.0970899963951	25
-171 76 0.145659322034 0.0961782112371	59
-169.5 76 0.106378846154 0.118721528412	52
-168 76 0.0956605263158 0.109557583377	38
-166.5 76 0.120616666667 0.103509978206	18
-165 76 0.1975 0.0798227285928	6
-163.5 76 0.206433333333 0.0442345264848	3
-162 76 0.186557142857 0.0741147501546	7
-159 76 0.0662818181818 0.113911332344	11
-157.5 76 0.105008 0.123293788435	25
-156 76 0.153911111111 0.0705245957884	9
-154.5 76 0.2367 NaN	1
-153 76 0.05555 0.00982878425849	2
-151.5 76 0.1368 0.133797642322	12
-150 76 0.0415 0.104775760556	3
-148.5 76 0.119866666667 0.105551614546	3
-147 76 0.147033333333 0.121013299545	6
-145.5 76 0.10338125 0.0941697773085	16
-144 76 0.114018181818 0.0949822490593	11
-142.5 76 0.0577866666667 0.112664263934	30
-141 76 0.143558333333 0.0863149285122	24
-139.5 76 0.14325 0.0842042528617	26
-138 76 0.168625 0.0710620402988	8
-136.5 76 0.155506666667 0.13177041434	15
-135 76 0.134416666667 0.0911848191474	60
-133.5 76 0.0468472222222 0.121976022201	36
-132 76 0.0856642857143 0.0992175260419	42
-130.5 76 0.04697375 0.116716761722	80
-129 76 0.138300591716 0.132444285455	169
-127.5 76 0.131804135338 0.0955523581742	266
-126 76 -0.00880526315789 0.12524733962	19
-78 76 0.0554333333333 0.0582056125587	3
-75 76 -0.163 NaN	1
-16.5 76 0.0545212121212 0.108134241679	33
-15 76 0.18125 0.102643866516	4
-13.5 76 0.09809 0.113826119342	10
-12 76 0.252407142857 0.130725219902	42
-10.5 76 0.197286206897 0.106231515112	29
67.5 76 0.18088 0.092919922514	5
69 76 0.1229 0.00636396103068	2
70.5 76 0.15396 0.0980758278069	5
72 76 0.022675 0.152851134005	4
73.5 76 0.0579714285714 0.109216264269	7
75 76 0.1952 0.100050287356	4
78 76 0.17785 0.106566958607	4
91.5 76 0.2281 NaN	1
115.5 76 0.1506 0.0906847837291	3
123 76 0.1276 0.0428506709399	2
124.5 76 0.2227625 0.138039631343	8
126 76 0.16395 0.0689429111657	2
129 76 0.0135 NaN	1
130.5 76 0.2857 NaN	1
132 76 -0.0042 0.155280649149	2
133.5 76 -0.102 NaN	1
148.5 76 0.205842857143 0.0412533173269	7
150 76 0.08745 0.0638384680267	12
154.5 76 0.228033333333 0.0360777401362	3
156 76 0.07372 0.158934523427	20
157.5 76 0.106957142857 0.102085290671	21
159 76 0.0192 NaN	1
160.5 76 0.157736666667 0.0936935779028	30
162 76 0.191455319149 0.0725997449047	47
163.5 76 0.156825 0.192030542276	4
165 76 0.194092307692 0.0622567193367	13
166.5 76 0.167127272727 0.0780857415301	22
168 76 0.177341666667 0.106264979587	48
169.5 76 0.123648 0.138850345456	25
171 76 0.161343478261 0.120403551843	23
172.5 76 0.175096 0.125912345437	25
174 76 0.1088 0.141292511069	20
175.5 76 0.10298852459 0.0972277945486	61
177 76 0.0956666666667 0.113175113578	21
178.5 76 0.144773333333 0.110442389205	30
-180 75.5 0.0815 0.155073930756	36
-178.5 75.5 0.12767721519 0.129933213564	79
-177 75.5 0.127044736842 0.128394248624	38
-175.5 75.5 0.0512042857143 0.0995366095868	70
-174 75.5 0.10734 0.111116905198	30
-172.5 75.5 0.192042857143 0.0681989478183	14
-171 75.5 0.0992615384615 0.135698920745	65
-169.5 75.5 0.148478431373 0.101783488472	51
-168 75.5 0.0845911111111 0.0852369153441	45
-166.5 75.5 0.122718518519 0.0846547196968	27
-165 75.5 0.0745857142857 0.123397804256	7
-163.5 75.5 0.15791875 0.066313580497	16
-162 75.5 0.1998 0.0274060212362	5
-160.5 75.5 0.0819181818182 0.0799704922854	11
-159 75.5 0.157607142857 0.092871617111	42
-157.5 75.5 0.154154545455 0.104103903516	11
-156 75.5 0.132494117647 0.0957585209693	17
-154.5 75.5 0.0626 0.081034437124	2
-153 75.5 0.17475 0.0890803850463	6
-151.5 75.5 0.14399 0.100936486631	10
-148.5 75.5 0.079875 0.0846949181868	4
-144 75.5 0.159833333333 0.0819820386833	6
-142.5 75.5 0.176166666667 0.134123835814	3
-141 75.5 0.192533333333 0.092678440499	3
-139.5 75.5 0.143971428571 0.0601506624885	14
-138 75.5 0.0296666666667 0.16699706185	6
-136.5 75.5 0.14275 0.137309130553	16
-135 75.5 0.0746181818182 0.115275284817	44
-133.5 75.5 0.116624242424 0.136428195469	33
-132 75.5 0.0828178571429 0.118761011352	28
-130.5 75.5 0.0414785714286 0.104387908223	42
-129 75.5 0.131851851852 0.120803649734	54
-127.5 75.5 0.136892198582 0.100556135759	141
-126 75.5 0.111287878788 0.132838816234	33
-124.5 75.5 0.027575 0.154219526974	4
-78 75.5 0.24115 0.105146778362	2
-75 75.5 0.180966666667 0.0937622363732	12
-70.5 75.5 0.1375 0.19001397317	3
-67.5 75.5 -0.1445 NaN	1
-15 75.5 -0.0266 0.218778838099	2
-12 75.5 0.196866666667 0.181900009163	3
63 75.5 0.14435 0.0133643181644	2
64.5 75.5 0.182266666667 0.0631374954629	3
66 75.5 0.122 0.0514773736704	2
67.5 75.5 0.213538461538 0.0647750406981	13
69 75.5 0.116433333333 0.099376481121	9
70.5 75.5 0.070375 0.142413116788	4
72 75.5 0.100175 0.134183890952	12
73.5 75.5 0.0658 0.183268477922	5
85.5 75.5 0.2937 NaN	1
120 75.5 0.2238 0.0607307994349	3
121.5 75.5 0.2055 NaN	1
123 75.5 0.20555 0.0975100251256	2
124.5 75.5 0.258533333333 0.0262481110431	3
129 75.5 -0.00735 0.0727612877841	2
132 75.5 0.15872 0.0788993472723	5
156 75.5 0.122506666667 0.0882432795229	15
157.5 75.5 0.10212 0.111417714031	5
159 75.5 0.146557142857 0.0748448808569	7
160.5 75.5 0.095375 0.143357716126	12
162 75.5 0.138423809524 0.103081118081	21
163.5 75.5 0.2127375 0.0536181189391	8
165 75.5 0.199346666667 0.0722085359682	15
166.5 75.5 0.100525 0.147698358149	8
168 75.5 0.153861538462 0.0780751180693	26
169.5 75.5 0.152485714286 0.0981056136445	7
171 75.5 0.16134 0.070030470919	15
172.5 75.5 0.130728947368 0.0992253071138	38
174 75.5 0.0514785714286 0.145395530415	28
175.5 75.5 0.1030125 0.137180858116	16
177 75.5 0.109133333333 0.176754229087	9
178.5 75.5 0.0658333333333 0.141436902893	9
-180 75 0.120415789474 0.119011515514	38
-178.5 75 0.0900093023256 0.0972102307323	43
-177 75 0.112158333333 0.144060530505	24
-175.5 75 0.05694 0.12274502366	25
-174 75 0.07921875 0.101218196279	48
-172.5 75 0.0978142857143 0.104798949328	14
-171 75 0.138094047619 0.0888921579628	84
-169.5 75 0.133667164179 0.0940521380036	67
-168 75 0.184427272727 0.107823977768	11
-166.5 75 0.146939285714 0.110586792927	28
-165 75 0.0987448275862 0.109192584083	29
-163.5 75 0.114201724138 0.0836988094224	58
-162 75 0.155925 0.121763019651	12
-160.5 75 0.110831914894 0.104766288775	47
-159 75 0.14378125 0.146090142121	16
-157.5 75 0.151367741935 0.0728998600232	31
-156 75 0.11355 0.0768025047563	20
-154.5 75 0.201986206897 0.0875507718989	29
-153 75 0.18795 0.0810916525366	10
-151.5 75 0.0195 0.143883726205	7
-150 75 0.0936 0.14713857414	5
-148.5 75 0.1534 0.157260548136	2
-145.5 75 0.185825 0.057501268102	4
-144 75 0.153733333333 0.0634342441693	3
-142.5 75 -0.0817 NaN	1
-141 75 0.00848333333333 0.144886651099	6
-139.5 75 0.0924666666667 0.151390401973	15
-138 75 0.08268 0.166299750451	5
-136.5 75 0.116960869565 0.141279496483	23
-135 75 0.0719914893617 0.103848430165	47
-133.5 75 0.0949677419355 0.0808103103451	31
-132 75 0.0450215384615 0.11264234119	65
-130.5 75 0.015225 0.116726301051	36
-129 75 0.0993457943925 0.094978267902	107
-127.5 75 0.0679892857143 0.132049172489	28
-126 75 0.02784 0.130870863831	5
-124.5 75 0.194933333333 0.108571868671	6
-120 75 -0.04604 0.0863194242335	5
-118.5 75 0.3974 NaN	1
-117 75 0.25785 0.0243951839509	2
-103.5 75 0.12226 0.109065079451	10
-102 75 0.195914285714 0.0772076945339	7
-76.5 75 0.1643 NaN	1
-75 75 0.181646428571 0.0823243606543	28
-70.5 75 0.0737 0.121634020734	5
-69 75 0.171033333333 0.204101551521	3
-66 75 0.221271428571 0.136377059585	7
-16.5 75 0.03709 0.155475903456	10
-15 75 0.233133333333 0.19675559289	3
63 75 0.11625 0.157348133132	6
66 75 0.223222222222 0.0928886131043	9
70.5 75 0.2471 0.0458032749921	6
72 75 0.195185714286 0.133658824731	7
73.5 75 -0.0412 NaN	1
76.5 75 0.1822125 0.047809904458	8
84 75 0.186 NaN	1
85.5 75 0.1562 0.131946125369	2
114 75 0.1277 NaN	1
118.5 75 0.2379 0.072924584332	9
121.5 75 0.0657 0.182639645203	3
124.5 75 -0.0442 NaN	1
132 75 0.09602 0.147101570352	5
133.5 75 0.06995 0.00162634559673	2
135 75 0.0751333333333 0.0360502889494	3
157.5 75 -0.1397 NaN	1
159 75 0.1075 0.0671360310613	4
160.5 75 0.2109 0.0894793119817	12
162 75 0.22475 0.0410829039869	2
163.5 75 0.170921428571 0.116191004409	14
165 75 0.3297 NaN	1
166.5 75 0.0015 0.172251211897	2
168 75 0.129090909091 0.106255827648	11
169.5 75 0.177308 0.0981425957472	25
171 75 0.1499 0.119370364831	26
172.5 75 0.0973826086957 0.150235801484	23
174 75 0.151990909091 0.104312880807	33
175.5 75 0.139466666667 0.123155669204	36
177 75 0.103217241379 0.113346964384	29
178.5 75 0.10449047619 0.0613505819431	21
-180 74.5 0.0748564102564 0.142333525649	39
-178.5 74.5 0.124525 0.0777484994496	4
-177 74.5 0.0402 0.141765387172	5
-175.5 74.5 0.128545454545 0.109728343794	33
-174 74.5 0.0951071428571 0.128988894196	42
-172.5 74.5 0.0805064516129 0.123390464071	31
-171 74.5 0.105604 0.0942289330323	50
-169.5 74.5 0.151712222222 0.0897893950693	90
-168 74.5 0.132614285714 0.0948764710658	7
-166.5 74.5 0.13773968254 0.100196919886	63
-165 74.5 0.0898714285714 0.14346093213	7
-163.5 74.5 0.11725 0.118404614862	40
-162 74.5 0.22735 0.0594147708907	14
-160.5 74.5 0.16636 0.0963581103414	15
-159 74.5 0.099625 0.146348056261	8
-157.5 74.5 0.150634615385 0.0736217222969	52
-156 74.5 0.198868421053 0.059135663733	19
-154.5 74.5 0.145428571429 0.0571062668565	7
-153 74.5 0.164366666667 0.137997113496	3
-151.5 74.5 0.119657142857 0.0448507471934	7
-150 74.5 0.05448 0.0735691647363	5
-142.5 74.5 0.4034 NaN	1
-141 74.5 0.21436 0.0533489737483	5
-136.5 74.5 0.118316666667 0.0944993490438	12
-135 74.5 0.063593877551 0.088234773021	49
-133.5 74.5 0.119488888889 0.0855680349845	9
-132 74.5 0.0113 0.134696250876	4
-130.5 74.5 0.0339105263158 0.104425278414	19
-129 74.5 0.0847666666667 0.124100765509	18
-127.5 74.5 0.100091666667 0.153796704412	12
-126 74.5 0.0366333333333 0.0574007258955	3
-124.5 74.5 0.107025 0.0967972236172	4
-120 74.5 0.262022222222 0.0365200896007	9
-118.5 74.5 0.255071428571 0.138995104402	7
-117 74.5 0.160025 0.105622957574	4
-109.5 74.5 0.161946666667 0.0620255922603	15
-106.5 74.5 0.154623076923 0.154849406165	13
-105 74.5 0.162386666667 0.152184567768	15
-103.5 74.5 -0.0316 0.120214003621	4
-102 74.5 0.2092 0.135481659275	2
-100.5 74.5 0.164661538462 0.0986810177366	26
-81 74.5 0.3264 0.0888819441732	4
-79.5 74.5 0.2537 0.206758022819	2
-76.5 74.5 0.0339 NaN	1
-73.5 74.5 -0.035 0.0565685424949	2
-72 74.5 0.131837931034 0.107453788784	29
-70.5 74.5 0.0601888888889 0.121542939372	9
-69 74.5 0.151266666667 0.105665241841	3
-67.5 74.5 0.0343 0.103186316922	6
-66 74.5 0.1874 NaN	1
-63 74.5 0.0777 0.118935360596	2
-61.5 74.5 0.218066666667 0.0551226208859	3
-16.5 74.5 0.209225 0.177052639821	44
-15 74.5 0.09325 0.0692257538782	2
60 74.5 0.2907 0.126147849764	2
61.5 74.5 -0.0707333333333 0.140931520014	3
63 74.5 0.151566666667 0.0850970070335	12
64.5 74.5 0.133725 0.0587186724986	4
72 74.5 0.2154 0.0497589187985	5
75 74.5 0.04315 0.0457498087428	2
84 74.5 0.2647 0.017682477202	3
120 74.5 0.142871428571 0.117716392434	7
126 74.5 0.158214285714 0.121946264513	7
127.5 74.5 0.0418 0.0841457069612	2
130.5 74.5 0.2804 NaN	1
133.5 74.5 0.0240333333333 0.0357336442773	3
136.5 74.5 0.1498 0.0497803173955	2
138 74.5 0.17825 0.153227571186	8
144 74.5 0.119875 0.164980269022	4
156 74.5 0.1822 NaN	1
157.5 74.5 0.14195 0.04886107858	2
159 74.5 0.17388 0.119648613309	10
160.5 74.5 0.176976 0.0849994082332	25
162 74.5 0.181144444444 0.041935787554	9
163.5 74.5 0.116811111111 0.0833942810456	9
165 74.5 0.2037 0.0668939160163	11
166.5 74.5 0.178623076923 0.108473769132	13
168 74.5 0.0877 NaN	1
169.5 74.5 0.126933333333 0.0802872658488	30
171 74.5 0.120692307692 0.137713182878	26
172.5 74.5 0.143033333333 0.109882458412	6
174 74.5 0.109816129032 0.135593994697	31
175.5 74.5 0.145969565217 0.135116553843	23
177 74.5 0.100524324324 0.108235636474	37
178.5 74.5 0.0960846153846 0.136308516806	26
-180 74 0.104467647059 0.114340715516	34
-178.5 74 0.11892 0.0831797554354	15
-177 74 0.0970777777778 0.17254836842	9
-175.5 74 0.1348 0.101104210736	15
-174 74 0.0539959183673 0.10229183325	49
-172.5 74 0.108341935484 0.105832017128	31
-171 74 0.06070625 0.104611653071	16
-169.5 74 0.142180357143 0.1046948734	56
-168 74 0.0894037037037 0.13870450739	27
-166.5 74 0.118916129032 0.0982604637236	31
-165 74 0.135475 0.0951159806899	24
-163.5 74 0.110484 0.101815587706	25
-162 74 0.1803 NaN	1
-160.5 74 0.130034615385 0.101421788359	26
-159 74 0.22094 0.149248025113	5
-157.5 74 0.11816 0.109469050421	5
-156 74 0.184089189189 0.0690586255928	37
-154.5 74 0.117575 0.112513919774	8
-153 74 0.125021428571 0.118046906425	28
-151.5 74 0.1015875 0.116413958877	8
-148.5 74 -0.0474 NaN	1
-145.5 74 0.00943333333333 0.0487223083744	3
-144 74 0.119971428571 0.0826775607261	7
-142.5 74 0.171016666667 0.15050070321	6
-141 74 -0.0690333333333 0.0429112261924	3
-139.5 74 -0.00534 0.192341254025	5
-138 74 0.0737 0.108984402554	5
-136.5 74 0.0855541666667 0.125146206596	24
-135 74 0.0389 0.161376305572	11
-133.5 74 -0.10862 0.0624653263819	5
-132 74 0.094920754717 0.0995189030333	53
-130.5 74 0.105756818182 0.1019707263	44
-129 74 0.154330434783 0.0977346567116	23
-127.5 74 0.101263636364 0.12371644055	22
-126 74 0.17915 0.184002871354	4
-115.5 74 0.365166666667 0.0131050880704	3
-114 74 0.16735 0.13742628327	4
-112.5 74 0.0309615384615 0.0899915323652	13
-111 74 0.0702391304348 0.112417483836	23
-109.5 74 0.070275 0.153062013146	20
-108 74 0.157779487179 0.0948251664893	39
-106.5 74 0.0390272727273 0.134053326922	22
-105 74 0.165376923077 0.118736972295	13
-103.5 74 0.250975 0.0834325825642	4
-102 74 0.137766666667 0.101353161437	3
-100.5 74 0.183366666667 0.108642548448	3
-96 74 0.2752 NaN	1
-88.5 74 0.1406 NaN	1
-84 74 0.3734 NaN	1
-82.5 74 0.314071428571 0.131560970837	7
-78 74 0.156127777778 0.0812636653164	18
-76.5 74 0.213984615385 0.0919059106383	13
-75 74 0.144854166667 0.097518100791	24
-73.5 74 0.188045833333 0.113556991932	24
-72 74 0.176848484848 0.129249166151	33
-70.5 74 0.0709 0.201647266284	4
-69 74 0.106055555556 0.101109916812	9
-67.5 74 0.0736 NaN	1
-66 74 0.0601 0.252012856815	2
-63 74 0.14485 0.140056999111	6
-61.5 74 0.111166666667 0.156782022247	9
-18 74 0.174485714286 0.0489751443276	7
-15 74 0.245124137931 0.096265042072	29
60 74 0.0503 NaN	1
63 74 0.07674 0.10184872606	5
64.5 74 0.1246 NaN	1
66 74 0.21935 0.0644174277661	2
72 74 0.08805 0.0803980410209	2
73.5 74 0.23115 0.133006785541	2
76.5 74 -0.1017 NaN	1
118.5 74 0.191975 0.120748260857	4
120 74 0.193061538462 0.123563873755	13
123 74 0.15213 0.0539572062945	10
126 74 0.1824 NaN	1
129 74 0.3041 NaN	1
132 74 0.1895 0.0899	5
133.5 74 0.2314 NaN	1
139.5 74 0.262 0.0524992380897	3
144 74 0.13855 0.112500688887	2
150 74 0.199775 0.0782680596838	4
159 74 0.3045 NaN	1
160.5 74 0.1486 0.182716392259	2
162 74 0.136611111111 0.0527202153933	9
163.5 74 0.0835 NaN	1
165 74 0.217425 0.116156141321	4
166.5 74 0.215257142857 0.089845716966	7
168 74 0.0145 0.0380423448278	2
169.5 74 0.1032 NaN	1
171 74 0.1008 0.116388286925	4
172.5 74 0.0490333333333 0.162811926263	3
174 74 0.0669333333333 0.194247839971	3
175.5 74 0.117885714286 0.111952550781	14
177 74 0.0845571428571 0.133433894404	14
178.5 74 0.0464857142857 0.119461289882	14
-180 73.5 0.087775 0.13792548454	8
-178.5 73.5 0.06525 0.212909851815	2
-177 73.5 0.0374625 0.132997989333	16
-175.5 73.5 0.2183 0.0310584395401	4
-174 73.5 0.06302 0.0277028337901	5
-172.5 73.5 0.12729047619 0.126200066976	21
-171 73.5 0.0661818181818 0.0903934269533	11
-169.5 73.5 0.00409 0.136681539435	10
-168 73.5 0.1239875 0.0943987231472	56
-166.5 73.5 0.148651612903 0.126283015144	31
-165 73.5 0.0782838709677 0.129181779151	31
-163.5 73.5 0.123526923077 0.122739110499	26
-162 73.5 0.1065 0.0698418749748	9
-160.5 73.5 0.0871 0.0928603252202	5
-157.5 73.5 0.0938833333333 0.133130099276	12
-156 73.5 0.0788962962963 0.127463435123	27
-154.5 73.5 0.151233333333 0.133349767927	12
-153 73.5 0.176195454545 0.0862189763516	22
-151.5 73.5 0.03124 0.0675299415075	5
-150 73.5 0.0995625 0.166429890323	8
-148.5 73.5 0.0693833333333 0.1234445465	12
-147 73.5 0.082645 0.0906137695764	20
-144 73.5 -0.110175 0.0842071008486	4
-142.5 73.5 0.0592684210526 0.133848700042	19
-141 73.5 0.1577375 0.117503142055	8
-139.5 73.5 0.0833 0.265447885657	2
-138 73.5 0.25175 0.0856306312017	2
-136.5 73.5 0.001575 0.09863675363	4
-135 73.5 0.0890552631579 0.101867255162	38
-132 73.5 0.219916666667 0.0553467403436	6
-130.5 73.5 0.117740909091 0.108917166687	22
-129 73.5 0.142783333333 0.169110667549	12
-126 73.5 0.0161666666667 0.174434352504	3
-114 73.5 0.2996 NaN	1
-112.5 73.5 0.0885805555556 0.1477976335	36
-111 73.5 0.140802222222 0.0984150637234	45
-109.5 73.5 0.0553210526316 0.112007968858	19
-103.5 73.5 0.4197 NaN	1
-102 73.5 0.1808 NaN	1
-76.5 73.5 0.1021 0.0737185187046	4
-75 73.5 0.183816666667 0.128514802306	18
-73.5 73.5 0.152363636364 0.111269533525	22
-72 73.5 0.19637 0.146396851059	20
-70.5 73.5 0.230670833333 0.0807669512651	24
-69 73.5 0.108795833333 0.120743790836	24
-67.5 73.5 0.3021 NaN	1
-66 73.5 0.24675 0.126354164949	6
-64.5 73.5 0.0287 0.0899435378446	5
-63 73.5 0.1269 NaN	1
-18 73.5 0.165066666667 0.0697502927115	3
-16.5 73.5 0.292742857143 0.117684269351	14
60 73.5 0.0377 NaN	1
61.5 73.5 0.0846 0.139865721319	2
63 73.5 0.0261818181818 0.143831726807	11
64.5 73.5 0.24062 0.151813098908	5
70.5 73.5 0.1156 0.124449146241	3
72 73.5 0.20705 0.051265241636	2
120 73.5 0.264 NaN	1
121.5 73.5 0.1655875 0.168694910055	8
130.5 73.5 0.0953 NaN	1
133.5 73.5 0.0870833333333 0.078747327997	6
135 73.5 0.08175 0.0862997521562	10
136.5 73.5 0.1152 0.0708022316032	6
138 73.5 0.11586 0.0681753600231	15
139.5 73.5 0.2027 NaN	1
145.5 73.5 0.0774888888889 0.103875989098	9
156 73.5 0.1695 0.0694857539356	3
159 73.5 0.2215 0.0688722004876	2
160.5 73.5 0.0872666666667 0.0790360888034	3
162 73.5 0.2292 0.0790336637136	4
163.5 73.5 0.180527272727 0.117525257633	11
165 73.5 0.1884 0.0394234882852	8
166.5 73.5 0.0985333333333 0.140739804249	9
169.5 73.5 0.15346 0.178084609105	5
172.5 73.5 0.16405 0.0742811999544	4
174 73.5 -0.05055 0.0931259630823	2
175.5 73.5 0.12792 0.183748202712	5
177 73.5 -0.1215 NaN	1
178.5 73.5 0.0781583333333 0.190650939765	12
-180 73 0.07734 0.115261414957	10
-178.5 73 0.0624777777778 0.0581462117807	9
-177 73 0.0375333333333 0.252075828538	3
-174 73 0.212633333333 0.139514754297	6
-171 73 0.2024 0.118338624295	15
-169.5 73 0.0933888888889 0.101548983801	9
-168 73 0.0201222222222 0.165773669334	9
-166.5 73 0.1125 0.133058586312	47
-165 73 0.146233962264 0.073103543383	53
-163.5 73 0.0351333333333 0.180090227386	9
-162 73 0.1739 0.157401969492	2
-160.5 73 0.0678416666667 0.09277586342	12
-159 73 0.1634 NaN	1
-157.5 73 0.1214 0.0964493649538	2
-156 73 0.0901222222222 0.136981452396	18
-154.5 73 0.161907142857 0.0890536611288	14
-153 73 0.1737 0.115378334188	7
-151.5 73 0.101552631579 0.138335997438	19
-150 73 0.14692972973 0.111369103198	37
-148.5 73 0.0492833333333 0.153491017406	12
-147 73 0.0775615384615 0.12957654455	13
-145.5 73 0.1118 NaN	1
-144 73 0.1458 0.118178932133	4
-142.5 73 0.128614285714 0.176922162062	7
-141 73 0.1121 0.156188603938	5
-139.5 73 0.103423529412 0.147654006589	17
-138 73 0.184 0.131529502394	3
-136.5 73 0.0789038461538 0.103337549732	26
-135 73 0.0725666666667 0.136409083942	45
-133.5 73 -0.0786 0.0981732651998	3
-132 73 0.0089875 0.113373207184	8
-130.5 73 0.1230125 0.125045985113	8
-127.5 73 0.1409 0.0336582827845	2
-112.5 73 0.18675 0.129783481456	18
-91.5 73 0.18734 0.0733084783637	5
-90 73 0.2208 NaN	1
-75 73 0.20335 0.00388908729653	2
-73.5 73 0.19556 0.130694258991	10
-72 73 0.179353333333 0.159294596208	15
-70.5 73 0.0845785714286 0.109275707615	14
-69 73 0.243076470588 0.0730885039645	17
-67.5 73 0.2164 NaN	1
-66 73 0.129559375 0.128746073813	32
-64.5 73 0.1714 NaN	1
-61.5 73 0.147275 0.0852107932466	8
-19.5 73 0.1104 0.0844285496737	2
-18 73 0.289325925926 0.0655905398467	27
-16.5 73 0.345 NaN	1
60 73 0.0565 0.224859956417	2
61.5 73 0.0878071428571 0.105387500823	14
63 73 -0.00943333333333 0.0828767961092	3
64.5 73 0.265866666667 0.0829249204054	12
67.5 73 0.2081 0.0751415996636	6
133.5 73 0.0201333333333 0.124138726163	3
135 73 0.13115 0.0977092574939	6
136.5 73 0.0826782608696 0.104483308613	23
138 73 0.0816423076923 0.102496931361	26
156 73 0.18755 0.0471849199074	4
157.5 73 0.181555555556 0.0591449302796	9
160.5 73 0.05972 0.144452680834	5
162 73 0.0804555555556 0.0761933250211	9
163.5 73 0.151930434783 0.0987279707755	23
165 73 0.194725 0.0704698669139	8
166.5 73 0.14691 0.058769181863	20
168 73 0.09768 0.0534685608559	5
169.5 73 0.1788 0.0888167213986	13
171 73 0.1562 0.0861256059485	2
172.5 73 0.203666666667 0.0591292088002	3
174 73 0.22633 0.102746268383	10
178.5 73 0.03285 0.167864973846	10
-180 72.5 0.052652173913 0.139500996639	23
-178.5 72.5 0.10195 0.098358553263	2
-177 72.5 0.13925 0.0969158569757	4
-175.5 72.5 0.0896 0.152212110775	7
-174 72.5 0.2286 0.058407020126	2
-172.5 72.5 0.179427272727 0.0805433931606	11
-168 72.5 0.10262 0.168566899347	10
-166.5 72.5 0.168819230769 0.116934193525	26
-165 72.5 0.117444444444 0.161627942494	27
-163.5 72.5 0.0833192307692 0.114003726322	26
-162 72.5 0.0713 0.121908013722	22
-160.5 72.5 0.32395 0.00926309883354	2
-159 72.5 0.117 0.127587631204	12
-157.5 72.5 0.2048 0.0629057390069	6
-154.5 72.5 0.13558 0.187707716943	5
-153 72.5 0.127066666667 0.0735180476708	3
-151.5 72.5 -0.0401 0.166028672223	2
-150 72.5 0.112066666667 0.0682798896699	3
-148.5 72.5 0.143214285714 0.130390802699	7
-147 72.5 0.111213333333 0.114150507581	15
-145.5 72.5 0.102125 0.0961958336369	12
-142.5 72.5 0.170662962963 0.0952637195778	27
-141 72.5 0.107738461538 0.11906135251	26
-139.5 72.5 0.1124625 0.139406014807	8
-138 72.5 0.0564666666667 0.0725027815558	3
-136.5 72.5 -0.02815 0.126501403154	2
-135 72.5 0.0857666666667 0.0941265356097	18
-133.5 72.5 0.0757586956522 0.0976751545256	46
-130.5 72.5 0.118366666667 0.0872540810889	6
-103.5 72.5 0.07625 0.0376887914372	2
-91.5 72.5 0.22378 0.0568737813056	5
-75 72.5 -0.0263 NaN	1
-73.5 72.5 -0.0632111111111 0.129105368251	9
-72 72.5 0.1953 0.112748557165	8
-70.5 72.5 0.169006666667 0.106959628005	30
-69 72.5 0.125742857143 0.080262058421	14
-67.5 72.5 0.143 0.0216859401456	3
-66 72.5 0.06658 0.080941183035	10
-63 72.5 0.0917 0.0753933153536	11
-18 72.5 0.199175 0.0457267402373	12
-16.5 72.5 0.211786206897 0.107877290488	29
-15 72.5 0.2278 0.0551533317217	3
57 72.5 0.3464 NaN	1
58.5 72.5 0.2295 NaN	1
60 72.5 0.1572 NaN	1
67.5 72.5 0.1115 0.0902487119022	3
132 72.5 0.1696 0.0548805976644	8
135 72.5 0.0977928571429 0.110978886643	28
136.5 72.5 0.0997666666667 0.0319230846463	3
138 72.5 0.0458 0.0881787814613	9
156 72.5 0.0648 NaN	1
157.5 72.5 0.2993 NaN	1
159 72.5 0.2127 0.0869072916005	16
165 72.5 0.08685 0.0620247531232	4
168 72.5 0.169258823529 0.120692481429	17
169.5 72.5 0.15532 0.0309070703885	5
171 72.5 0.15612 0.113966913745	15
172.5 72.5 0.0968 0.0734147707987	8
174 72.5 0.1414 0.149739411741	8
175.5 72.5 0.09975 0.0102530483272	2
177 72.5 0.1368 NaN	1
178.5 72.5 0.102428571429 0.127360704488	7
-180 72 0.22794 0.0779915572354	5
-177 72 0.015925 0.142570371095	8
-168 72 0.3434 NaN	1
-166.5 72 0.04207 0.156826245323	10
-165 72 0.11396 0.106233865941	45
-163.5 72 -0.0221222222222 0.123569320401	9
-162 72 0.100223913043 0.121850814404	46
-160.5 72 0.0403125 0.147587484189	24
-157.5 72 0.2678 NaN	1
-156 72 0.4509 NaN	1
-154.5 72 0.2104 NaN	1
-153 72 0.1801 NaN	1
-150 72 0.1315 0.112853134649	7
-145.5 72 0.1637 0.125616838043	3
-144 72 0.3428 NaN	1
-142.5 72 0.061075 0.110266869458	4
-139.5 72 -0.1014 0.0145663996924	2
-136.5 72 0.086425 0.102508255765	4
-135 72 0.17285 0.0190211724139	2
-132 72 -0.0497 0.0657609306503	2
-103.5 72 0.139871428571 0.11631432499	14
-93 72 0.156688888889 0.115152501541	9
-91.5 72 0.189409090909 0.149000801706	11
-73.5 72 0.3325 NaN	1
-72 72 0.235246666667 0.148074526924	15
-70.5 72 0.145546428571 0.0880054900735	28
-69 72 0.240903333333 0.131947869757	30
-67.5 72 0.086225 0.108270875585	4
-66 72 0.1388 0.0248901586978	2
-63 72 0.3628 NaN	1
-61.5 72 0.1668 0.0842871283174	2
-16.5 72 0.03055 0.0242537625947	2
58.5 72 0.1695 NaN	1
66 72 0.0973666666667 0.0777424808797	3
136.5 72 0.139 0.0552504945033	8
153 72 0.22485 0.0854892098455	2
157.5 72 0.08675 0.0064346717088	2
163.5 72 0.2105 0.116106933471	2
165 72 0.277475 0.103262945113	4
166.5 72 0.1148 NaN	1
168 72 0.1252 NaN	1
169.5 72 0.2126 NaN	1
171 72 0.175721052632 0.118402531781	19
172.5 72 -0.0038 0.132936074863	2
175.5 72 0.147983333333 0.180886897443	6
177 72 0.138795833333 0.0810240730689	24
178.5 72 0.1483 0.0804453023281	4
-177 71.5 0.20745 0.04886107858	2
-172.5 71.5 0.3006 NaN	1
-171 71.5 0.36 NaN	1
-166.5 71.5 -0.0651 0.0199404112295	2
-165 71.5 -0.034 0.0610273381363	6
-163.5 71.5 0.116633333333 0.105550387221	12
-162 71.5 0.122115 0.0895530790854	20
-160.5 71.5 0.122286363636 0.099449878716	22
-159 71.5 0.227138461538 0.116350917046	13
-157.5 71.5 0.105966666667 0.122892649631	3
-156 71.5 0.303933333333 0.0829390941193	3
-150 71.5 0.01405 0.233840212538	2
-148.5 71.5 0.2018125 0.108023508519	8
-147 71.5 0.1539 0.168494102271	9
-145.5 71.5 0.152175 0.105113474398	4
-144 71.5 0.10276 0.156605277689	5
-139.5 71.5 0.01 NaN	1
-138 71.5 -0.0268 NaN	1
-136.5 71.5 0.2753 NaN	1
-103.5 71.5 0.208 NaN	1
-102 71.5 0.144319230769 0.0903481887776	26
-100.5 71.5 0.193175 0.107210071044	16
-93 71.5 0.186833333333 0.111632626652	3
-91.5 71.5 0.155317391304 0.138930095739	23
-69 71.5 0.232184210526 0.0656627770689	19
-67.5 71.5 0.173266666667 0.0541000308071	3
-66 71.5 0.10903 0.118915385884	10
-64.5 71.5 -0.0358 NaN	1
-61.5 71.5 -0.069425 0.0521309489011	4
-21 71.5 0.17274 0.0858186052089	5
57 71.5 0.1633 0.10046078837	3
58.5 71.5 0.216183333333 0.0319918375006	6
60 71.5 0.11945 0.0474468650176	2
163.5 71.5 0.251575 0.0842355576147	4
166.5 71.5 0.178492307692 0.153099937195	13
168 71.5 0.21936 0.154942063366	5
172.5 71.5 0.1033 NaN	1
174 71.5 0.0941333333333 0.0846153847319	3
175.5 71.5 0.23485 0.0969606400262	8
177 71.5 0.0789090909091 0.115223673388	11
-169.5 71 0.2037 0.0962126291087	3
-166.5 71 0.186 NaN	1
-165 71 0.167103030303 0.101243902547	33
-163.5 71 0.186558823529 0.148113487143	17
-160.5 71 -0.1329 NaN	1
-154.5 71 0.232733333333 0.0309958599386	3
-150 71 0.3497 NaN	1
-147 71 0.171853846154 0.13744645391	13
-145.5 71 0.32755 0.0562149891043	2
-141 71 -0.022925 0.177351184095	4
-132 71 -0.0409 NaN	1
-121.5 71 0.264175 0.0729615138275	4
-102 71 0.132023076923 0.155752132076	26
-100.5 71 0.141443478261 0.154750461377	23
-99 71 0.074925 0.0743635231241	8
-91.5 71 0.21095 0.0932673844385	2
-67.5 71 0.192142857143 0.10796804167	14
-66 71 0.1215 0.246638845278	2
-64.5 71 0.175463636364 0.102324564722	11
-63 71 0.2117 NaN	1
-61.5 71 -0.1709 NaN	1
162 71 0.14585 0.00629325035256	2
166.5 71 -0.078 NaN	1
168 71 0.277333333333 0.0762528906556	3
169.5 71 0.153991666667 0.119864783351	12
171 71 0.2867 NaN	1
172.5 71 0.222066666667 0.0605757652311	3
174 71 0.13258 0.143675114499	20
-180 70.5 0.2323 0.141139363751	4
-178.5 70.5 0.23464 0.075551988723	5
-177 70.5 0.1808 0.11087434329	2
-171 70.5 0.0895 NaN	1
-169.5 70.5 0.0813 0.204495281119	2
-168 70.5 0.192233333333 0.0529052871816	18
-166.5 70.5 0.1700125 0.113269557599	8
-165 70.5 0.165984 0.101111710829	25
-142.5 70.5 0.0912 0.0464115287402	5
-139.5 70.5 0.11435 0.000494974746826	2
-138 70.5 0.1723 0.0515682072599	6
-136.5 70.5 0.03175 0.0126572113832	2
-135 70.5 0.2233 NaN	1
-133.5 70.5 0.244266666667 0.116190596292	6
-132 70.5 0.24115 0.0273650324319	2
-102 70.5 0.2194 0.0790569836679	4
-99 70.5 0.173876 0.101150334816	25
-97.5 70.5 0.141845454545 0.154651934121	11
-90 70.5 0.217783333333 0.0725639419179	6
-66 70.5 0.25075 0.0635884947665	4
-64.5 70.5 0.171336363636 0.14436792769	11
-19.5 70.5 0.310266666667 0.0712151142666	9
163.5 70.5 0.0240666666667 0.0572741943054	3
169.5 70.5 0.1874 0.118280471761	3
171 70.5 0.259 0.144391204718	2
172.5 70.5 0.143275 0.0979674107621	8
174 70.5 0.019 NaN	1
175.5 70.5 0.152745454545 0.124538470873	11
177 70.5 0.3501 NaN	1
-180 70 0.2712 NaN	1
-169.5 70 0.08185 0.118766367293	4
-168 70 0.0995 NaN	1
-166.5 70 0.1937 0.135218730211	5
-165 70 0.079275 0.108191631685	4
-99 70 0.2269 0.112774873088	6
-64.5 70 0.18142 0.0954333368262	10
-21 70 0.1357 NaN	1
61.5 70 0.05905 0.184794994521	4
64.5 70 0.2112 0.0886711903608	2
163.5 70 0.3338 NaN	1
165 70 -0.01925 0.125652875017	2
166.5 70 0.07155 0.17725507421	16
174 70 0.2516 0.0659023520066	2
175.5 70 0.23365 0.100904137675	2
177 70 0.160183333333 0.0520954688892	12
178.5 70 0.1039 NaN	1
-180 69.5 0.0284 NaN	1
-178.5 69.5 0.176492857143 0.112286039027	14
-177 69.5 0.18208 0.0862784876349	15
-175.5 69.5 0.1866 NaN	1
-171 69.5 0.15424 0.133793321956	5
-169.5 69.5 -0.0558 NaN	1
-168 69.5 0.0859 0.090134954374	3
-166.5 69.5 0.0562666666667 0.124375265494	6
-165 69.5 0.15494 0.16167278064	5
-118.5 69.5 0.22566 0.0495893436133	5
-99 69.5 0.130233333333 0.0634479839449	6
-64.5 69.5 0.2889 0.088493446085	3
-22.5 69.5 0.1041 NaN	1
-21 69.5 0.2568 NaN	1
-177 69 0.26175 0.0505066002287	4
-175.5 69 -0.0066 NaN	1
-174 69 0.133075 0.154453366749	4
-171 69 -0.1648 NaN	1
-168 69 -0.108 NaN	1
-166.5 69 0.21206 0.0533093143831	5
-24 69 -0.1395 NaN	1
-22.5 69 0.27336 0.0866467425816	5
-175.5 68.5 -0.01665 0.19169664838	2
-100.5 68.5 -0.0183 NaN	1
-78 68.5 0.3591 NaN	1
-64.5 68.5 0.1661 NaN	1
-61.5 68.5 -0.089 NaN	1
-175.5 68 0.2531 NaN	1
-174 68 0.144266666667 0.0638431150034	3
-169.5 68 0.165433333333 0.0595542050013	3
-168 68 0.04165 0.233133105757	2
-100.5 68 0.13268125 0.0775203819973	16
-31.5 68 -0.0128 NaN	1
-28.5 68 0.188085714286 0.176348428105	7
-174 67.5 0.136 NaN	1
-172.5 67.5 0.14026 0.0905706624073	10
-169.5 67.5 0.1557 0.0641411724246	3
-168 67.5 0.037 NaN	1
-61.5 67.5 0.172825 0.142756351289	4
-31.5 67.5 0.2601 NaN	1
-30 67.5 0.086925 0.10422163483	4
-172.5 67 0.286725 0.0876165652146	4
-166.5 67 0.219833333333 0.127148848587	12
-31.5 67 0.141166666667 0.0644662896404	9
-31.5 66.5 0.1436 NaN	1
-163.5 64 -0.144 NaN	1
-163.5 63.5 0.29905 0.056639253173	2
-87 63 0.277 NaN	1
-87 61.5 0.1684 0.197961915529	3
-90 61 0.1818 NaN	1
-85.5 61 0.137933333333 0.0798925528444	9
-85.5 60 0.15906 0.0822919680163	5
