lon, lat, freeboard (m), standard deviation, count
-180 81.5 0.12075 0.168991960361	16
-178.5 81.5 0.26428 0.110330804777	30
-177 81.5 0.224866666667 0.124757878843	21
-175.5 81.5 0.299105555556 0.077962445501	18
-174 81.5 0.247252631579 0.123673200045	19
-172.5 81.5 0.172827272727 0.0901540025835	11
-171 81.5 0.085675 0.145747160428	12
-169.5 81.5 0.168323076923 0.109123333541	13
-168 81.5 0.172141176471 0.135979157681	17
-166.5 81.5 0.176995454545 0.0996183645207	22
-165 81.5 0.30464 0.123162425277	5
-163.5 81.5 0.22875 0.0908388628286	6
-162 81.5 0.3228 0.100316897879	3
-160.5 81.5 0.2485 0.134491709782	2
-159 81.5 0.4438 NaN	1
-157.5 81.5 0.29615 0.0597505230103	2
-154.5 81.5 0.2747 NaN	1
-153 81.5 0.13635 0.143635128015	4
-151.5 81.5 0.268277777778 0.125776953153	9
-150 81.5 0.200273333333 0.130880564238	15
-148.5 81.5 0.163840425532 0.114085482176	47
-147 81.5 0.111363157895 0.115840801728	19
-145.5 81.5 0.0206 NaN	1
-144 81.5 0.237791666667 0.141514859216	12
-142.5 81.5 0.2035875 0.116022220009	8
-141 81.5 0.170811111111 0.211356052932	9
-139.5 81.5 0.0542166666667 0.172872801987	6
-138 81.5 0.2289 0.0778605484183	5
-136.5 81.5 0.195162068966 0.150444169554	29
-135 81.5 0.127333333333 0.176428005012	15
-133.5 81.5 0.228509677419 0.139744126543	31
-132 81.5 0.205690243902 0.161876122089	41
-130.5 81.5 0.251458333333 0.105306811127	12
-129 81.5 0.219908695652 0.138880523908	23
-127.5 81.5 0.1919 0.137594661122	14
-126 81.5 0.175717391304 0.129048590856	46
-124.5 81.5 0.2689875 0.104152514894	24
-123 81.5 0.242164516129 0.131907691331	31
-121.5 81.5 0.220002631579 0.142345220801	38
-120 81.5 0.173047826087 0.219861166668	23
-118.5 81.5 0.181113043478 0.144808768269	23
-117 81.5 0.173038235294 0.129848625189	34
-115.5 81.5 0.243066666667 0.164009595063	45
-114 81.5 0.156877777778 0.18038948679	9
-112.5 81.5 0.172040540541 0.155206554951	37
-111 81.5 0.179944954128 0.111376866477	109
-109.5 81.5 0.25288 0.14231908388	45
-108 81.5 0.210295833333 0.160852912802	48
-106.5 81.5 0.21602962963 0.161401572328	27
-105 81.5 0.17296 0.148838086524	10
-103.5 81.5 0.17509375 0.141021544768	32
-102 81.5 0.211446666667 0.163300139387	15
-100.5 81.5 0.190385714286 0.159347099425	7
-99 81.5 0.338158823529 0.103949435177	17
-97.5 81.5 0.392789285714 0.138651388953	28
-96 81.5 0.2783 0.354260497374	2
-10.5 81.5 -0.163 NaN	1
-9 81.5 0.079925 0.153476347255	4
-7.5 81.5 0.02376 0.155827253714	5
-6 81.5 0.0480321428571 0.137086188227	28
-4.5 81.5 0.12778 0.143977350071	10
-3 81.5 0.18807 0.206293738201	20
-1.5 81.5 0.317618181818 0.106044494664	55
0 81.5 0.277454285714 0.077003656685	35
1.5 81.5 0.25471641791 0.151087599111	67
3 81.5 0.242346428571 0.112961157202	224
4.5 81.5 0.295475 0.104698440799	88
6 81.5 0.222409375 0.122269747688	32
7.5 81.5 0.221585106383 0.13570191274	47
9 81.5 0.202202040816 0.135727997741	49
10.5 81.5 0.1748 0.203081067557	2
12 81.5 0.215727272727 0.241334568974	11
13.5 81.5 0.118842105263 0.127260752944	19
15 81.5 0.1221 0.144639759402	11
16.5 81.5 0.207570588235 0.145001054394	34
18 81.5 0.10524 0.166357243605	25
19.5 81.5 0.10135 0.149655667005	16
21 81.5 0.14955 0.129542457063	12
22.5 81.5 0.0857 0.0797201041143	5
24 81.5 0.2738 0.156329569962	19
25.5 81.5 0.034 0.230671021154	7
27 81.5 0.105546666667 0.162305865868	15
28.5 81.5 0.212314285714 0.101454857426	7
30 81.5 0.180363636364 0.111788830146	11
31.5 81.5 0.257725 0.111235409958	8
33 81.5 0.12183125 0.0903140130784	16
34.5 81.5 0.186713636364 0.120269028968	22
36 81.5 0.00394 0.130741512153	5
37.5 81.5 0.184014285714 0.155510336511	7
39 81.5 0.127988461538 0.115140753261	26
40.5 81.5 0.202083333333 0.104300399018	18
42 81.5 0.169413333333 0.117332554651	15
49.5 81.5 -0.1472 0.0330925973595	2
66 81.5 -0.0256 0.12535194454	3
67.5 81.5 0.141170967742 0.125205972151	31
69 81.5 0.176909090909 0.127759039971	22
70.5 81.5 0.100785714286 0.116149279657	14
72 81.5 0.253258333333 0.0516955679186	12
73.5 81.5 0.143363157895 0.140213421495	19
75 81.5 -0.0912 NaN	1
76.5 81.5 0.1995 0.145522575568	2
78 81.5 0.160257894737 0.103869963126	19
79.5 81.5 0.0708095238095 0.118038472138	21
81 81.5 0.140721428571 0.0598276393364	14
82.5 81.5 0.13970625 0.0971972253976	16
84 81.5 0.148380952381 0.122917188538	42
85.5 81.5 0.24186969697 0.108049550221	33
87 81.5 0.24136 0.0580299036212	15
88.5 81.5 0.15205 0.0771457531055	10
90 81.5 -0.01715 0.081670833227	2
91.5 81.5 0.1596 NaN	1
93 81.5 -0.0131363636364 0.120778651033	11
94.5 81.5 0.2179 0.11653119754	2
99 81.5 0.240295833333 0.10580450175	24
100.5 81.5 0.125632142857 0.101219713545	28
102 81.5 0.2405 0.106358897136	5
103.5 81.5 0.222483333333 0.0605566649236	6
105 81.5 0.1770125 0.102303280739	8
106.5 81.5 0.217295833333 0.124187241098	24
108 81.5 0.198913333333 0.0952982451245	15
109.5 81.5 0.144825 0.171550556896	8
111 81.5 0.243433333333 0.0525739796224	3
114 81.5 0.288 0.0703124277777	9
115.5 81.5 0.28035 0.122846519315	14
117 81.5 0.3289625 0.0630921307636	8
118.5 81.5 0.186183333333 0.109723478193	6
120 81.5 0.220361538462 0.139852371798	13
121.5 81.5 0.192546153846 0.0605850588757	13
123 81.5 0.218383333333 0.0838207949537	6
124.5 81.5 0.187888888889 0.165795887584	18
126 81.5 0.233277272727 0.125675572244	22
127.5 81.5 0.269887096774 0.0926563642064	31
129 81.5 0.192328947368 0.130602714901	38
130.5 81.5 0.264180952381 0.0953416123368	42
132 81.5 0.235825925926 0.15748817927	27
133.5 81.5 0.270636363636 0.111586101336	33
135 81.5 0.279444067797 0.0850987079427	59
136.5 81.5 0.313786046512 0.0797560971886	43
138 81.5 0.2646925 0.118613951243	40
139.5 81.5 0.28355625 0.0954521332781	48
141 81.5 0.280223300971 0.11826793957	103
142.5 81.5 0.257943589744 0.100393095262	39
144 81.5 0.2496325 0.0947406402589	40
145.5 81.5 0.230005714286 0.105674040641	70
147 81.5 0.258143209877 0.130979224439	81
148.5 81.5 0.235224590164 0.0888977102362	61
150 81.5 0.230394202899 0.113253287037	69
151.5 81.5 0.255885365854 0.0964660363938	123
153 81.5 0.231157142857 0.0986500804694	133
154.5 81.5 0.238856470588 0.0953931532023	85
156 81.5 0.255727672956 0.0882119419224	159
157.5 81.5 0.280184459459 0.0856349502646	296
159 81.5 0.289320833333 0.0937416688052	288
160.5 81.5 0.28366618705 0.0768535144868	139
162 81.5 0.2348312 0.0950605956287	125
163.5 81.5 0.254440540541 0.098082166806	185
165 81.5 0.248819727891 0.125997316532	294
166.5 81.5 0.256653909465 0.0939787369081	243
168 81.5 0.25834965035 0.0991390571789	143
169.5 81.5 0.237753658537 0.132992936086	41
171 81.5 0.2510828125 0.0840501731388	64
172.5 81.5 0.272461904762 0.0955725874725	21
174 81.5 0.196277777778 0.115307152758	18
175.5 81.5 0.269572727273 0.0716994154915	11
177 81.5 0.291593939394 0.0798607653177	33
178.5 81.5 0.278125 0.0977233629072	20
-180 81 0.2553 0.145066812194	4
-177 81 0.189929411765 0.116477239004	17
-175.5 81 0.0962333333333 0.136993367236	6
-174 81 0.1949625 0.11899074964	16
-172.5 81 0.235305 0.101469951347	20
-171 81 0.259440909091 0.13077892891	22
-169.5 81 0.184925 0.132625790204	12
-168 81 0.243085714286 0.141387604697	7
-166.5 81 0.212402325581 0.113630947093	43
-165 81 0.318288235294 0.083462011436	17
-163.5 81 0.192425 0.0950066899558	12
-162 81 0.2101 0.105709673162	5
-160.5 81 -0.0514 NaN	1
-159 81 0.22988 0.173753135224	5
-157.5 81 0.1036 NaN	1
-156 81 0.288771428571 0.0804738407659	7
-154.5 81 0.24014 0.118391319917	20
-153 81 0.17655 0.0525380338422	2
-151.5 81 0.110263636364 0.140368873136	11
-148.5 81 0.33705 0.0663973267534	2
-147 81 0.2469 0.118393205042	21
-145.5 81 0.2728875 0.0921090504058	16
-144 81 0.1883 NaN	1
-142.5 81 0.18615 0.155690895688	6
-141 81 0.225777777778 0.128836328124	9
-139.5 81 0.2414 NaN	1
-138 81 0.111566666667 0.114293321473	3
-136.5 81 0.085125 0.201774583385	4
-135 81 0.2605375 0.229380519396	8
-133.5 81 0.158635294118 0.170226319723	17
-132 81 0.309961111111 0.1271697477	36
-130.5 81 0.259928571429 0.123357018318	28
-129 81 0.213014285714 0.184338020262	28
-127.5 81 0.0920666666667 0.175093982383	6
-126 81 0.305773214286 0.0963024902747	56
-124.5 81 0.270824242424 0.111403317256	66
-123 81 0.2077875 0.145358065577	24
-121.5 81 0.204 0.0587707977372	4
-120 81 0.275722222222 0.158403630215	18
-118.5 81 0.2117 NaN	1
-117 81 0.22572173913 0.141887560979	23
-115.5 81 0.225705882353 0.105445806404	17
-114 81 0.201813333333 0.157901264945	30
-112.5 81 0.191810714286 0.162028455067	28
-111 81 0.2348 0.158899826935	17
-109.5 81 0.154783333333 0.147291793472	12
-108 81 0.250209375 0.136981520674	32
-106.5 81 0.263433333333 0.17419013259	33
-105 81 0.324475862069 0.199506053713	29
-103.5 81 0.281695454545 0.203535887738	22
-102 81 0.236175 0.0901993856224	4
-100.5 81 0.265383333333 0.147925216467	6
-99 81 -0.159 NaN	1
-97.5 81 0.073275 0.298443131099	4
-7.5 81 0.1987375 0.0878998283356	8
-6 81 0.266554545455 0.159952739232	22
-4.5 81 0.282320967742 0.145930868584	62
-3 81 0.260596551724 0.131731874554	29
-1.5 81 0.284857142857 0.119897888102	21
0 81 0.359775757576 0.117411589159	33
1.5 81 0.294833333333 0.150735977789	9
3 81 0.236547368421 0.14965606261	19
4.5 81 0.190016666667 0.160180428619	30
6 81 0.242001666667 0.144249649991	60
7.5 81 0.2152 0.13378152075	69
9 81 0.23458 0.100422243552	5
15 81 0.0788272727273 0.12435159099	11
21 81 0.0407 NaN	1
22.5 81 0.13314 0.193714023757	5
24 81 0.21858 0.177727451453	5
25.5 81 0.1902 0.0765499836708	5
27 81 0.1271 0.185679616544	5
28.5 81 0.1425 0.105392623082	5
30 81 0.143005882353 0.0680144145622	17
31.5 81 0.174635714286 0.0838645575377	14
33 81 0.231223529412 0.108956720361	17
34.5 81 0.24254 0.14526129216	5
37.5 81 0.212644444444 0.161921355225	9
39 81 0.173511111111 0.150529269948	9
67.5 81 0.1458 0.148960095328	11
69 81 0.08314 0.109376693783	15
70.5 81 0.158014705882 0.115667486153	34
72 81 0.17912 0.149297843997	10
73.5 81 0.11232 0.106905692084	5
75 81 0.185616666667 0.0270926127693	6
76.5 81 -0.0095 NaN	1
81 81 0.32785 0.0366988419436	2
82.5 81 0.200903773585 0.111166586641	53
84 81 0.214746808511 0.0981305670834	47
85.5 81 0.228475862069 0.0981085100982	29
87 81 0.182905660377 0.120437943509	53
88.5 81 0.135816666667 0.175302454649	12
90 81 0.171533333333 0.0555030029218	3
100.5 81 0.136728571429 0.170583515365	7
102 81 0.146516 0.111228554787	25
103.5 81 0.15068 0.146133757603	10
105 81 0.259823076923 0.0991799639867	13
106.5 81 0.228326666667 0.0906480357258	15
108 81 0.1165 NaN	1
109.5 81 0.0814111111111 0.15656368069	9
111 81 0.176683333333 0.0832931069577	6
112.5 81 0.26804 0.0731537984128	10
114 81 0.215057142857 0.129450207379	7
115.5 81 0.366166666667 0.104389495001	6
117 81 0.3042 NaN	1
118.5 81 0.27104 0.0994352201184	5
120 81 0.263122222222 0.0775956309623	9
121.5 81 0.1112125 0.0984394438584	8
123 81 0.285311111111 0.0732581982519	9
124.5 81 0.240757692308 0.138805207894	26
126 81 0.22551 0.115676488056	10
127.5 81 0.22255 0.136568454364	12
129 81 0.333092307692 0.0824696401014	26
130.5 81 0.261461111111 0.101264354909	18
132 81 0.242 0.151876405343	9
133.5 81 0.258202439024 0.105765765935	41
135 81 0.19206 0.114813252719	5
136.5 81 0.242905405405 0.159576085903	37
138 81 0.330942857143 0.111522862455	42
139.5 81 0.264895652174 0.0947926320543	46
141 81 0.251548780488 0.0817512755923	41
142.5 81 0.253864 0.0859923117541	100
144 81 0.284073684211 0.111631747159	57
145.5 81 0.208714285714 0.146503418527	28
147 81 0.254390076336 0.0990183960025	131
148.5 81 0.296633333333 0.0725435930647	153
150 81 0.265505405405 0.0935523912177	148
151.5 81 0.253489090909 0.126633610705	55
153 81 0.246016049383 0.0917067724555	81
154.5 81 0.230766055046 0.0710537449429	109
156 81 0.232131390135 0.0726317349382	223
157.5 81 0.244135981308 0.0855898213899	214
159 81 0.25823625 0.0761846321415	160
160.5 81 0.232991666667 0.0928851273197	96
162 81 0.254806410256 0.0883861470411	234
163.5 81 0.278056170213 0.106185138242	235
165 81 0.277283088235 0.132431888045	136
166.5 81 0.239835106383 0.111423375192	94
168 81 0.261444615385 0.0891891775083	65
169.5 81 0.191956 0.107833713936	50
171 81 0.258069230769 0.0893888638162	13
172.5 81 0.27314 0.0921731956699	5
174 81 0.219452941176 0.103902208336	17
175.5 81 0.236725 0.0912176226442	48
177 81 0.293448076923 0.0764055600338	52
178.5 81 0.318226315789 0.0865125091046	76
-180 80.5 0.262566666667 0.0899515564068	9
-178.5 80.5 0.178881818182 0.152514838111	22
-177 80.5 0.211709090909 0.106400399008	11
-175.5 80.5 0.239504761905 0.137127132531	21
-174 80.5 0.256170833333 0.0712939687623	24
-172.5 80.5 0.24405 0.121038789532	8
-171 80.5 0.192292307692 0.0970796877273	13
-169.5 80.5 0.177253846154 0.141761740345	13
-168 80.5 0.118233333333 0.0370386734824	3
-166.5 80.5 0.161433333333 0.0983748104615	3
-165 80.5 0.206581818182 0.162239667271	11
-163.5 80.5 0.164733333333 0.0892857738487	18
-162 80.5 0.191325 0.0780192604425	8
-160.5 80.5 0.11212 0.104047444306	10
-159 80.5 0.1611 0.139327456016	4
-157.5 80.5 0.150333333333 0.119730994118	15
-154.5 80.5 0.085 NaN	1
-153 80.5 0.270554545455 0.0647270787791	11
-151.5 80.5 0.209066666667 0.116515159447	15
-150 80.5 0.2661 0.0356053366786	4
-148.5 80.5 0.294833333333 0.219677407426	3
-147 80.5 0.129272727273 0.106327034106	11
-145.5 80.5 0.3503 0.0879570246303	12
-142.5 80.5 0.26915 0.000353553390539	2
-141 80.5 -0.0952 0.0265872149726	2
-138 80.5 0.1891 NaN	1
-136.5 80.5 0.262719230769 0.120689608564	26
-135 80.5 0.203028571429 0.0987445308913	7
-133.5 80.5 0.248215384615 0.14852145101	13
-132 80.5 0.183025 0.148398920893	28
-130.5 80.5 0.20206 0.110228843775	5
-129 80.5 0.215578571429 0.108182802405	14
-127.5 80.5 0.27066 0.105407570886	10
-126 80.5 0.338479710145 0.124720404458	69
-124.5 80.5 0.251749152542 0.151360021111	59
-123 80.5 0.229330434783 0.169302946424	23
-121.5 80.5 0.2599 0.104510382259	2
-120 80.5 0.064 NaN	1
-118.5 80.5 0.2142875 0.208842876259	8
-117 80.5 0.253 0.146658855853	9
-115.5 80.5 0.066425 0.191191345814	8
-114 80.5 0.282731578947 0.161342372518	19
-112.5 80.5 0.271482352941 0.177680046837	17
-109.5 80.5 -0.1371 NaN	1
-108 80.5 0.2737 0.176471783796	22
-106.5 80.5 0.425261111111 0.186410038668	18
-105 80.5 0.363890909091 0.109490798285	11
-103.5 80.5 0.121683333333 0.26595190856	6
-102 80.5 0.05374 0.185273481643	5
-100.5 80.5 0.390833333333 0.122136074139	12
-99 80.5 0.348875 0.104128554361	4
-9 80.5 0.176366666667 0.0502764689824	3
-7.5 80.5 0.1987 0.204851474651	4
-6 80.5 0.2388175 0.113488139869	40
-4.5 80.5 0.341385714286 0.0731346117004	7
-3 80.5 0.266703333333 0.10838374507	30
-1.5 80.5 0.176925 0.121374413652	20
0 80.5 0.223691666667 0.165955933134	12
1.5 80.5 0.1834 0.126377877811	6
3 80.5 0.06844 0.175200907532	5
4.5 80.5 -0.1972 NaN	1
66 80.5 0.0778142857143 0.0395714302905	7
67.5 80.5 0.193206666667 0.113897437025	30
69 80.5 0.207923684211 0.0980604128027	38
70.5 80.5 0.214239393939 0.0918192856219	33
72 80.5 0.0529 NaN	1
73.5 80.5 0.2624625 0.0898119294892	8
75 80.5 0.197183333333 0.145135377034	6
76.5 80.5 0.16216 0.0623365010922	20
78 80.5 0.10525 0.0599997916663	6
79.5 80.5 0.188823529412 0.0709035923756	17
81 80.5 0.20723 0.088521315304	20
82.5 80.5 0.124196153846 0.127928240763	26
84 80.5 0.21158627451 0.0920683550838	51
85.5 80.5 0.304982608696 0.0814647478259	23
87 80.5 0.29180625 0.0938165263959	16
88.5 80.5 0.174133333333 0.0715370579956	6
90 80.5 0.125607142857 0.131776736971	14
100.5 80.5 0.0892 0.0644385754032	3
102 80.5 0.16875 0.216138111709	4
103.5 80.5 0.4315 NaN	1
105 80.5 0.3223 0.183615685604	3
106.5 80.5 0.319475 0.0900437810179	4
108 80.5 0.10116 0.263710026355	5
109.5 80.5 0.30285 0.127159781378	4
111 80.5 0.2622 NaN	1
112.5 80.5 0.250416666667 0.12631119375	6
118.5 80.5 0.1224 0.163200245098	2
121.5 80.5 0.2710625 0.0972174137473	8
123 80.5 0.30858 0.0601509102176	5
124.5 80.5 0.248035714286 0.109073677337	14
126 80.5 0.294151724138 0.0986972568299	58
127.5 80.5 0.292865853659 0.10046635907	41
129 80.5 0.295433333333 0.0715789773607	9
130.5 80.5 0.25915 0.0782767206774	2
132 80.5 0.3085 0.105993018638	6
133.5 80.5 0.350466666667 0.0545446147663	9
135 80.5 0.231157692308 0.1166395925	26
136.5 80.5 0.325444444444 0.102066277327	18
138 80.5 0.2855625 0.0996999097837	24
139.5 80.5 0.221566666667 0.102185280325	12
141 80.5 0.264288571429 0.109745217694	35
142.5 80.5 0.293583636364 0.11526950508	55
144 80.5 0.31391986755 0.0749861605186	151
145.5 80.5 0.271604210526 0.0816219032397	95
147 80.5 0.275096385542 0.0649318914888	166
148.5 80.5 0.268014537445 0.0879229253689	227
150 80.5 0.26533271028 0.0933233289765	107
151.5 80.5 0.28446125 0.0940301897302	80
153 80.5 0.25280125 0.0801146749208	80
154.5 80.5 0.264736170213 0.0871985743336	94
156 80.5 0.211325531915 0.100002755807	94
157.5 80.5 0.236175 0.0902193447035	64
159 80.5 0.274855952381 0.0941594294636	84
160.5 80.5 0.287971 0.0804416185752	100
162 80.5 0.28473 0.106624805214	70
163.5 80.5 0.305342528736 0.0814769629764	87
165 80.5 0.279979268293 0.109061831752	82
166.5 80.5 0.303643333333 0.0975013283541	120
168 80.5 0.290856190476 0.0911548417675	105
169.5 80.5 0.276168067227 0.0867699627134	119
171 80.5 0.202856 0.0800938516159	25
172.5 80.5 0.232165517241 0.0979646374823	29
174 80.5 0.284654545455 0.0948106994346	11
175.5 80.5 0.327576923077 0.0775027220366	13
177 80.5 0.252193333333 0.0977694844787	15
178.5 80.5 0.4065 0.00410121933089	2
-180 80 0.226357142857 0.0975283131615	14
-178.5 80 0.229690909091 0.112059747051	11
-177 80 0.249185 0.128535951452	20
-175.5 80 0.174465714286 0.105809000904	35
-174 80 0.224427272727 0.102591823172	11
-172.5 80 0.186135714286 0.0966038429491	14
-171 80 0.13376 0.166543396747	5
-169.5 80 0.18034375 0.121831729374	32
-168 80 -0.104733333333 0.0824158560796	3
-166.5 80 0.151425 0.127791050808	16
-165 80 0.269933333333 0.0310863099558	6
-162 80 0.150972727273 0.136459459847	11
-160.5 80 0.2077 0.210602896466	4
-157.5 80 0.292366666667 0.03228394854	3
-156 80 0.25935 0.0638517423411	2
-154.5 80 0.197842857143 0.102559752618	7
-151.5 80 0.143825 0.177631460708	4
-150 80 0.161757142857 0.198868037126	7
-148.5 80 0.265375 0.0841342330248	4
-147 80 0.18542 0.232441513074	5
-144 80 0.0635333333333 0.0939688423539	3
-142.5 80 0.3531 0.0241642987346	4
-141 80 0.3155 0.0918455769213	3
-139.5 80 0.06735 0.0858934417365	4
-138 80 0.1135 0.0537401153702	2
-136.5 80 0.10855 0.200687904469	6
-135 80 0.278444444444 0.136944412176	18
-133.5 80 0.1876 0.16903327314	36
-132 80 0.29491 0.158495480954	30
-130.5 80 0.1959 NaN	1
-129 80 0.206225 0.143873523326	8
-127.5 80 0.324858333333 0.126179651568	12
-126 80 0.222034782609 0.111036429766	23
-124.5 80 0.18414375 0.110240379588	16
-123 80 0.330882352941 0.111796764462	17
-121.5 80 0.15594 0.110616807041	5
-120 80 0.1482 NaN	1
-118.5 80 0.15925 0.111312366788	6
-117 80 0.2384 0.183647243377	3
-115.5 80 0.06145 0.143395432284	4
-114 80 0.101884615385 0.19459739141	13
-112.5 80 0.332009090909 0.167694403333	11
-111 80 0.314742857143 0.124104255328	7
-109.5 80 0.3294875 0.122208321903	40
-108 80 0.367566666667 0.106738505056	27
-106.5 80 0.3737 0.121178329333	17
-105 80 0.375733333333 0.202087971526	18
-102 80 0.211071428571 0.0976267674067	7
-7.5 80 0.0988 NaN	1
-6 80 0.277136363636 0.133112803837	11
-3 80 0.273242857143 0.139759350995	7
-1.5 80 0.277483333333 0.137137819972	6
34.5 80 0.2077 NaN	1
63 80 0.0964 NaN	1
64.5 80 0.187583333333 0.0355673680031	6
66 80 0.2106125 0.0904390313574	8
67.5 80 0.246591463415 0.076709844848	82
69 80 0.233093333333 0.0685058902577	45
70.5 80 0.19975 0.0895607250878	24
72 80 0.185082352941 0.128300912094	17
73.5 80 0.235666666667 0.0889062614968	3
75 80 0.164315384615 0.0534359561555	13
76.5 80 0.124681481481 0.114984403749	27
78 80 0.10536 0.0880454249643	15
79.5 80 0.1707 0.116274825306	5
81 80 0.18322 0.118401565305	10
82.5 80 0.25212 0.101439547405	10
84 80 0.2598 0.00791959594929	2
85.5 80 0.1713 NaN	1
87 80 0.24046 0.0681838177283	5
88.5 80 0.103544444444 0.138579463766	9
90 80 0.064 0.182433549546	2
105 80 0.224355555556 0.119681975576	9
106.5 80 0.2957 0.0958728672079	4
108 80 0.2418 0.0384989177337	4
109.5 80 0.21845 0.0912874854512	2
111 80 0.3703 NaN	1
112.5 80 -0.0738 NaN	1
114 80 0.3398 NaN	1
115.5 80 0.3462 0.0572927918677	6
118.5 80 0.30186 0.092050763169	5
120 80 0.2208 0.0875220543635	3
121.5 80 0.2199 NaN	1
124.5 80 0.335 NaN	1
126 80 0.3010875 0.0777012306852	8
127.5 80 0.336114285714 0.082608644192	7
129 80 0.3143125 0.136695150269	8
130.5 80 0.120325 0.141685246821	4
132 80 0.286575 0.0423127049478	8
133.5 80 0.315808695652 0.0651354247496	23
135 80 0.269873684211 0.0885572748885	19
136.5 80 0.268273684211 0.122288265277	19
138 80 0.263305555556 0.0835460526207	18
139.5 80 0.309742857143 0.0792259817893	7
141 80 0.350882608696 0.0789227968689	23
142.5 80 0.297269767442 0.0963290603803	43
144 80 0.257383928571 0.0666923023411	56
145.5 80 0.301887692308 0.0778817202311	65
147 80 0.277756666667 0.0884647711893	90
148.5 80 0.258531468531 0.0772511100422	143
150 80 0.223571304348 0.0925126371313	115
151.5 80 0.228006015038 0.074317767523	133
153 80 0.236320909091 0.102539970363	110
154.5 80 0.236998484848 0.0677375625653	66
156 80 0.18035 0.0681035156666	14
157.5 80 0.269525 0.112855306598	12
159 80 0.218882142857 0.0798116125229	56
160.5 80 0.264206829268 0.0806854407269	205
162 80 0.318086394558 0.0772242426265	147
163.5 80 0.261296825397 0.0937355252796	63
165 80 0.183139473684 0.11242754433	38
166.5 80 0.222041176471 0.110270832204	34
168 80 0.214357446809 0.112601115418	47
169.5 80 0.313066666667 0.0940895141164	15
171 80 0.217411764706 0.144393178	17
172.5 80 0.265536363636 0.0513893621818	11
174 80 0.2089625 0.0772098982829	8
175.5 80 0.167085714286 0.0850230052902	7
177 80 0.2581875 0.108597611238	16
178.5 80 0.2052125 0.129206296148	8
-180 79.5 0.179754545455 0.0520279802344	11
-178.5 79.5 0.33195 0.113207795668	2
-177 79.5 0.288058823529 0.110538336443	17
-175.5 79.5 0.253505882353 0.117474361408	17
-174 79.5 0.238816666667 0.104424679395	6
-172.5 79.5 0.261266666667 0.081795069126	12
-171 79.5 0.188173333333 0.118787796792	15
-169.5 79.5 0.156842105263 0.133632195538	19
-168 79.5 0.222036363636 0.098141543423	11
-166.5 79.5 0.29605 0.122117341111	2
-165 79.5 0.19205 0.098199222106	10
-163.5 79.5 0.137363157895 0.107283597227	19
-162 79.5 0.276022222222 0.120385544998	9
-160.5 79.5 0.216565384615 0.0750914852287	26
-159 79.5 0.200725 0.167514006877	4
-156 79.5 0.1575 0.119706000963	4
-154.5 79.5 0.234314285714 0.166737522557	7
-153 79.5 0.1598 0.122294834996	4
-151.5 79.5 0.0189 NaN	1
-150 79.5 0.3876 NaN	1
-148.5 79.5 0.0961 0.0637811100562	3
-147 79.5 0.1114 0.214450437164	3
-145.5 79.5 0.287883333333 0.0685576083791	6
-144 79.5 0.21715 0.0652659559035	2
-142.5 79.5 0.1226 0.233529676915	3
-141 79.5 0.4766 0.0432357490972	3
-139.5 79.5 0.2704 NaN	1
-136.5 79.5 0.21005 0.139905347874	12
-135 79.5 0.11435 0.130646471654	10
-133.5 79.5 0.299309090909 0.104083884003	11
-132 79.5 0.28012 0.142367799329	15
-130.5 79.5 0.17218 0.0665444847034	10
-129 79.5 0.193044444444 0.135894488579	18
-127.5 79.5 0.308680555556 0.138148735208	36
-126 79.5 0.27462 0.105895035597	40
-124.5 79.5 0.334816666667 0.048618696678	6
-123 79.5 0.16605 0.189781813319	4
-121.5 79.5 0.0506 NaN	1
-120 79.5 -0.0624666666667 0.211711840324	3
-118.5 79.5 0.139866666667 0.195304795981	3
-117 79.5 0.2144 0.0434808923551	6
-115.5 79.5 0.2326 0.142411305731	2
-114 79.5 0.330325 0.136835748419	12
-112.5 79.5 0.286642857143 0.153293402509	14
-111 79.5 0.23604 0.226136270863	5
-109.5 79.5 0.323708333333 0.130339329572	12
-108 79.5 0.2569 0.312014631067	3
-105 79.5 0.1416 NaN	1
-103.5 79.5 0.1712 0.0766503750806	2
-102 79.5 0.338866666667 0.0876770969714	12
-69 79.5 0.2866 0.110640860445	5
-67.5 79.5 0.23988 0.0515933630529	10
-9 79.5 -0.1765 NaN	1
-7.5 79.5 0.3561 NaN	1
-6 79.5 0.189053846154 0.149168990384	13
-4.5 79.5 0.25871 0.151907090372	20
-3 79.5 0.324266666667 0.123794926429	15
-1.5 79.5 0.1372 0.218079853494	9
28.5 79.5 0.1975 NaN	1
52.5 79.5 -0.0564 NaN	1
58.5 79.5 0.14846 0.105771565177	15
60 79.5 -0.00035 0.0419630392925	4
61.5 79.5 0.0351 0.135527697046	7
63 79.5 0.13905 0.0985712505174	8
64.5 79.5 0.1169 NaN	1
66 79.5 0.103554545455 0.103342222631	22
67.5 79.5 0.142990909091 0.100204764902	11
69 79.5 0.1592 NaN	1
72 79.5 0.2659 0.0390286524785	15
73.5 79.5 0.185342857143 0.127255986855	7
75 79.5 0.195214285714 0.0564719820965	7
79.5 79.5 0.1051 0.0885297690046	2
81 79.5 0.247353846154 0.0679977280918	13
82.5 79.5 0.255230769231 0.0527372162174	13
84 79.5 0.247125 0.110257237445	12
85.5 79.5 0.2181 0.0942927508197	8
87 79.5 0.147105555556 0.0966131185357	18
88.5 79.5 0.0902666666667 0.0686117579817	3
90 79.5 0.189988888889 0.086985795456	9
106.5 79.5 0.1527 0.244800367647	2
108 79.5 0.1246 0.177724534041	5
109.5 79.5 0.291483333333 0.109823429498	6
111 79.5 0.3085625 0.0480177924613	8
112.5 79.5 0.247 NaN	1
114 79.5 0.3249 NaN	1
115.5 79.5 0.234225 0.224153331078	4
118.5 79.5 0.26466 0.0332137471539	5
121.5 79.5 0.36152 0.0494007287396	5
124.5 79.5 0.0381 NaN	1
127.5 79.5 -0.011 NaN	1
129 79.5 0.262757142857 0.099574917403	14
130.5 79.5 0.311277777778 0.0971274906731	9
132 79.5 0.2678375 0.106173178503	16
133.5 79.5 0.3098 0.0632496245048	13
135 79.5 0.2756 0.0878961237566	8
136.5 79.5 0.295753333333 0.0866859262483	15
138 79.5 0.111266666667 0.180688267466	9
139.5 79.5 0.23516 0.13040442392	10
141 79.5 0.299346666667 0.0747723675724	15
142.5 79.5 0.273421052632 0.0825117067717	19
144 79.5 0.268995238095 0.106416354364	21
145.5 79.5 0.294914634146 0.111797599619	41
147 79.5 0.296369411765 0.123968890129	85
148.5 79.5 0.286838961039 0.075939243644	77
150 79.5 0.274433333333 0.0870804161209	66
151.5 79.5 0.238882352941 0.0923836089049	34
153 79.5 0.225853731343 0.107628401581	67
154.5 79.5 0.220365853659 0.0949753109173	82
156 79.5 0.185816666667 0.113992077019	24
157.5 79.5 0.254495454545 0.0804492413921	66
159 79.5 0.289444186047 0.104310156339	43
160.5 79.5 0.236792307692 0.0748008632958	39
162 79.5 0.277161290323 0.0814913479146	31
163.5 79.5 0.246983333333 0.0810015013756	78
165 79.5 0.273038636364 0.102043094444	44
166.5 79.5 0.307417391304 0.0963953878665	46
168 79.5 0.235728571429 0.135959463497	7
169.5 79.5 0.27205 0.00233345237791	2
171 79.5 0.188763636364 0.126614819612	11
172.5 79.5 0.13825 0.0945376291925	4
174 79.5 0.1246 NaN	1
175.5 79.5 0.282684615385 0.118228034226	13
177 79.5 0.275080952381 0.0901655456316	21
178.5 79.5 0.25836 0.133888098799	5
-180 79 0.294057894737 0.0788342023616	19
-178.5 79 0.1962 0.118896700772	12
-177 79 0.245116666667 0.0743586825237	6
-175.5 79 0.250484615385 0.0957334045336	13
-174 79 0.12736 0.201673775081	10
-172.5 79 0.104436363636 0.131425791021	11
-171 79 0.0335 NaN	1
-169.5 79 0.2094 0.154987651121	6
-168 79 0.1648 NaN	1
-166.5 79 0.2005525 0.109798493725	40
-165 79 0.169604166667 0.122212685171	24
-163.5 79 0.32545 0.0502121399663	6
-162 79 0.1973 0.0575584919886	2
-160.5 79 0.146242857143 0.060061298053	7
-159 79 0.150033333333 0.0817352025344	3
-157.5 79 0.0416 0.0384984415269	3
-154.5 79 0.17535 0.15110871914	2
-153 79 0.214157142857 0.0908795880482	7
-151.5 79 0.174364705882 0.10873737824	17
-150 79 0.195788888889 0.168149572141	9
-148.5 79 0.344 NaN	1
-147 79 0.0724125 0.13701322603	8
-145.5 79 0.1887 0.0404465078839	2
-142.5 79 0.23685 0.0628617928475	2
-141 79 0.0699 0.085993081117	5
-139.5 79 0.1942 0.155442127494	5
-138 79 0.3428 0.111722871427	2
-136.5 79 0.0418666666667 0.145219362804	3
-135 79 -0.0142 NaN	1
-133.5 79 0.1374125 0.112379363097	8
-132 79 0.234283333333 0.166216333935	6
-129 79 0.20455 0.127774214926	4
-127.5 79 0.289535714286 0.122420948478	14
-126 79 0.2123875 0.133084295923	8
-124.5 79 0.181292857143 0.185877802971	14
-123 79 0.127846666667 0.12730965549	15
-121.5 79 -0.0149 NaN	1
-120 79 0.286933333333 0.195030262609	3
-118.5 79 0.100325 0.174178210941	4
-117 79 0.13384 0.0930070051125	5
-115.5 79 0.223009090909 0.102832479835	11
-114 79 0.205833333333 0.253364408182	3
-112.5 79 0.342366666667 0.128456309044	3
-111 79 0.1801 0.166015270382	3
-109.5 79 0.303525 0.05151287056	4
-9 79 0.270365217391 0.153655217965	23
-7.5 79 0.230946666667 0.0721248309398	15
27 79 0.2102 NaN	1
33 79 0.27855 0.0133643181644	2
36 79 0.088 0.120280976606	4
58.5 79 0.15845 0.0501338707861	2
60 79 0.006 NaN	1
61.5 79 0.20995 0.0968450824771	4
63 79 0.124823076923 0.121212294164	13
69 79 0.243133333333 0.0400663283402	6
70.5 79 0.173325 0.0350505706088	4
73.5 79 0.206071428571 0.0625362224705	14
75 79 0.3061 NaN	1
76.5 79 0.2452 0.0359210244843	2
78 79 0.229483333333 0.0407908597902	12
79.5 79 0.184071428571 0.112101145459	14
81 79 0.15456 0.171242278658	5
84 79 0.2030625 0.118543903962	16
85.5 79 0.260925 0.0564105264999	12
87 79 0.2369 NaN	1
88.5 79 0.2624 0.0767877594412	3
90 79 0.3138 0.110044849443	10
91.5 79 0.331066666667 0.0505148987923	9
93 79 0.225757894737 0.09828823438	19
108 79 0.173533333333 0.0882305124848	3
109.5 79 0.3178 0.0472231934541	3
112.5 79 0.206983333333 0.037452765808	6
114 79 0.3259 0.0636580447914	4
117 79 0.29498 0.0512536535283	5
118.5 79 0.4061 NaN	1
120 79 0.219 NaN	1
123 79 0.3736 0.059373450857	4
126 79 0.241915384615 0.130871539089	13
132 79 0.21345 0.0744583440589	2
135 79 0.271623076923 0.10010294829	13
136.5 79 0.355645454545 0.0576134596017	11
138 79 0.253128571429 0.0775182503857	21
139.5 79 0.279808333333 0.0859773727395	24
141 79 0.321746153846 0.112801903171	13
142.5 79 0.2579 0.0812086202321	13
144 79 0.212780769231 0.0813375486192	26
145.5 79 0.244022580645 0.0896976763344	31
147 79 0.307691666667 0.0463949930358	12
148.5 79 0.288522 0.0718471969544	50
150 79 0.226221052632 0.119060979511	38
151.5 79 0.289428571429 0.102114288504	49
153 79 0.272236956522 0.0718687642201	46
154.5 79 0.208593939394 0.145856821788	33
156 79 0.195704761905 0.120447851184	42
157.5 79 0.263820833333 0.0822534509613	48
159 79 0.304646728972 0.0846783150581	107
160.5 79 0.287352380952 0.0839430677248	21
162 79 0.241243636364 0.104012329689	55
163.5 79 0.263672413793 0.0793253467713	29
165 79 0.295328571429 0.0740037700607	35
166.5 79 0.26854 0.148059005693	25
169.5 79 0.282964285714 0.114287159297	14
171 79 0.21485 0.084255119829	24
174 79 0.210143478261 0.139294439053	23
175.5 79 0.192415789474 0.109129873001	19
177 79 0.23465 0.0583363094479	2
178.5 79 0.243983333333 0.115957775361	6
-180 78.5 0.238811111111 0.0794623093744	9
-178.5 78.5 0.2417 0.0450488623608	5
-177 78.5 0.184466666667 0.104538716911	3
-175.5 78.5 0.158633333333 0.182425487985	6
-174 78.5 0.206725 0.15101618409	8
-172.5 78.5 0.131071428571 0.144787404083	7
-171 78.5 0.222914285714 0.0580665545896	7
-169.5 78.5 0.176271428571 0.113658106367	21
-168 78.5 0.30176 0.0838282947459	5
-166.5 78.5 0.193242857143 0.112499749206	21
-165 78.5 0.168163636364 0.154938402423	11
-163.5 78.5 0.158153846154 0.130537463431	13
-162 78.5 0.2779 0.0870223616582	8
-160.5 78.5 0.1944 0.119260890488	3
-159 78.5 0.209041176471 0.08413950513	17
-157.5 78.5 0.236908823529 0.108393381123	34
-156 78.5 0.13655 0.168797396038	12
-154.5 78.5 0.223242857143 0.130438432841	28
-153 78.5 0.105428571429 0.130959048488	7
-151.5 78.5 0.32525 0.0982171319068	2
-150 78.5 0.204363157895 0.12247436562	19
-148.5 78.5 0.194125 0.119111554855	4
-142.5 78.5 0.16135 0.160301107295	2
-141 78.5 0.0154 NaN	1
-139.5 78.5 0.2402 0.142694148443	2
-136.5 78.5 0.0627666666667 0.0224437816184	3
-135 78.5 0.264855555556 0.10230716142	9
-133.5 78.5 0.2069 0.16780212156	6
-130.5 78.5 0.245925 0.0935745121183	12
-129 78.5 0.206514285714 0.195490676918	7
-127.5 78.5 0.1438 NaN	1
-126 78.5 0.4294 NaN	1
-124.5 78.5 0.203615384615 0.150192653206	13
-123 78.5 0.17808 0.0725287038964	10
-121.5 78.5 0.289490909091 0.194618578016	11
-120 78.5 0.16082 0.174588049419	5
-118.5 78.5 0.215772727273 0.161800939991	11
-117 78.5 0.2108 0.214351766963	15
-115.5 78.5 0.328525 0.0359320075513	4
-13.5 78.5 0.25816 0.145538503496	10
-12 78.5 0.2973125 0.0490222526002	8
-10.5 78.5 0.1499 0.0447107145995	6
-9 78.5 0.295482857143 0.117466737434	35
-7.5 78.5 0.28848 0.0802860946864	5
24 78.5 0.241028571429 0.0753209513634	7
27 78.5 -0.0025 NaN	1
28.5 78.5 -0.0656 NaN	1
30 78.5 0.171653333333 0.136358361191	15
33 78.5 0.230961538462 0.086743535191	13
72 78.5 0.19696 0.107501851147	5
73.5 78.5 0.16332 0.157986080761	15
75 78.5 0.26045 0.0764382430463	2
76.5 78.5 0.199488888889 0.120824315282	18
78 78.5 0.130229166667 0.153955974732	24
79.5 78.5 0.131333333333 0.0537786512785	3
81 78.5 0.253633333333 0.0998502044732	3
82.5 78.5 -0.0821 NaN	1
84 78.5 0.2686 NaN	1
85.5 78.5 0.29435 0.0489751297429	4
87 78.5 0.203783333333 0.122278966575	6
88.5 78.5 0.2244 0.210050636752	3
90 78.5 0.1424 NaN	1
91.5 78.5 0.224233333333 0.0886377083037	3
94.5 78.5 0.203765384615 0.0782843736249	26
96 78.5 0.170442857143 0.104013783956	14
97.5 78.5 0.238214285714 0.0569257829275	7
99 78.5 0.247136363636 0.0625159543273	11
109.5 78.5 0.07445 0.110237947187	2
111 78.5 0.2053 NaN	1
112.5 78.5 0.192008333333 0.137441441801	12
114 78.5 0.19174 0.0229998478256	5
115.5 78.5 0.2814 NaN	1
117 78.5 0.22075 0.0495681853612	2
118.5 78.5 0.237116666667 0.0282645655666	6
120 78.5 0.31399 0.0931812504984	10
121.5 78.5 0.28005 0.101662464394	4
123 78.5 0.3365 NaN	1
124.5 78.5 0.2311 NaN	1
127.5 78.5 0.23485 0.0279307178569	2
129 78.5 0.269433333333 0.109472386168	3
130.5 78.5 0.266536363636 0.117923986302	11
132 78.5 0.307647619048 0.0683776397593	21
133.5 78.5 0.241827777778 0.065877049521	18
135 78.5 0.119557142857 0.253158855643	7
139.5 78.5 0.2086 0.0580120677101	4
141 78.5 0.1692 0.110309927024	3
142.5 78.5 0.202914285714 0.161872546865	7
144 78.5 0.28692 0.0813259614145	5
145.5 78.5 0.308709302326 0.0823481251816	43
147 78.5 0.266722222222 0.120218265009	18
148.5 78.5 0.236104545455 0.0878839682941	22
150 78.5 0.252186363636 0.0833983001737	22
151.5 78.5 0.205561538462 0.0974626418349	78
153 78.5 0.175651612903 0.100500964742	31
154.5 78.5 0.256015789474 0.116437094429	19
156 78.5 0.195933333333 0.189061359087	9
157.5 78.5 0.302779487179 0.0858529746273	39
159 78.5 0.284694285714 0.0933478408275	70
160.5 78.5 0.296810447761 0.0873295276773	67
162 78.5 0.268325 0.0938004145149	20
163.5 78.5 0.279084615385 0.072696661229	26
165 78.5 0.241733333333 0.0754679225455	21
166.5 78.5 0.22680625 0.125542882282	16
168 78.5 0.261644444444 0.0665028811603	18
169.5 78.5 0.183966666667 0.116495831113	6
171 78.5 0.2287375 0.0374200457165	8
172.5 78.5 0.187504761905 0.168824211759	21
174 78.5 0.203732142857 0.12494391943	28
177 78.5 0.22364 0.123566061504	10
178.5 78.5 0.1827 0.135902048059	4
-180 78 0.188033333333 0.214770210535	3
-178.5 78 0.164468181818 0.121362681117	22
-177 78 0.159641666667 0.0897591368693	12
-175.5 78 0.209033333333 0.0904221949155	3
-174 78 0.284323529412 0.0584615027893	34
-172.5 78 0.201806896552 0.109229303143	29
-171 78 0.238056862745 0.0873870888745	51
-169.5 78 0.251655882353 0.0952503374405	34
-168 78 0.225877777778 0.0873660792005	27
-166.5 78 0.212685185185 0.0831792549595	54
-165 78 0.193357894737 0.0780246206173	38
-163.5 78 0.138166666667 0.121707374468	9
-162 78 0.215488 0.0654956571079	25
-160.5 78 0.236160869565 0.0943207811823	23
-157.5 78 0.11251875 0.0994334834198	16
-156 78 0.11115 0.112474434132	10
-154.5 78 0.188395833333 0.110164736247	24
-153 78 0.152484615385 0.147126173585	26
-151.5 78 0.20062 0.0977019408271	30
-150 78 0.2883 0.102587401761	5
-148.5 78 0.23095 0.0187383297014	2
-147 78 0.13535 0.175686738259	4
-145.5 78 0.2568 0.0696268626322	4
-144 78 0.152725 0.1741677578	8
-142.5 78 0.269533333333 0.225512956021	3
-139.5 78 0.24955 0.19086296131	4
-138 78 0.2014625 0.101639206967	8
-135 78 0.200175 0.0356819632307	4
-132 78 0.26932 0.12631194322	5
-130.5 78 0.306532 0.105029474911	25
-129 78 0.301378571429 0.173944213774	14
-127.5 78 0.287036363636 0.0707847762266	11
-126 78 0.0343 0.06752606904	3
-124.5 78 0.121411111111 0.164730760974	9
-123 78 0.1865 0.233357601119	3
-121.5 78 0.234768421053 0.136570523307	19
-120 78 0.295078947368 0.18532029804	19
-118.5 78 0.33155 0.0341182746731	4
-117 78 0.1253 NaN	1
-15 78 0.2059875 0.118365082176	8
-12 78 -0.1391 NaN	1
-10.5 78 0.155589473684 0.220161208347	19
-9 78 0.261965217391 0.0803382825574	23
-7.5 78 0.369975 0.113155313618	8
28.5 78 0.112333333333 0.0636120533652	3
30 78 0.1986 0.0999848988598	2
72 78 0.252455555556 0.063072559626	9
73.5 78 0.20966 0.0578205884132	10
75 78 0.219136363636 0.0893289905095	11
76.5 78 0.27305 0.0411496861065	4
78 78 0.207126666667 0.0981336731684	15
79.5 78 0.1098 NaN	1
82.5 78 0.0333 0.0685264912278	3
87 78 0.0864357142857 0.170591926976	14
88.5 78 0.225225 0.136717308707	4
94.5 78 0.23078 0.082217042029	5
96 78 0.219582352941 0.127974417538	17
97.5 78 0.2284875 0.0999000134063	8
109.5 78 0.3414 0.128834855532	2
112.5 78 0.1089 0.0504874241767	2
115.5 78 0.32594 0.068165455572	10
117 78 0.40345 0.00629325035256	2
118.5 78 0.2445 0.0425678282274	2
120 78 0.279954545455 0.0680165768565	11
121.5 78 0.267033333333 0.117825053929	3
123 78 0.28322 0.0419977618451	5
124.5 78 0.277954545455 0.0552981439767	11
130.5 78 0.35642 0.0744034407807	5
132 78 0.348828571429 0.0507499659864	7
133.5 78 0.0345666666667 0.137898598011	3
138 78 0.2616 0.0920913509678	14
139.5 78 0.2227 0.0301227488785	2
141 78 0.209414285714 0.0734554383866	7
142.5 78 0.4614 NaN	1
144 78 0.1955 0.0785634138769	3
145.5 78 0.264025 0.113918815077	8
147 78 0.268376 0.0644981865378	25
148.5 78 0.209805 0.0874062774754	20
150 78 0.261433333333 0.0524615160538	6
151.5 78 0.269404166667 0.128318040614	24
153 78 0.222217142857 0.0970246253936	35
154.5 78 0.30185 0.0718946799144	10
156 78 0.256474074074 0.0860416070756	27
157.5 78 0.25655 0.0816614908688	12
159 78 0.296341666667 0.0730724888257	24
160.5 78 0.278085714286 0.105495963362	21
162 78 0.253842857143 0.139256706588	14
163.5 78 0.259616666667 0.0815662132433	36
165 78 0.180765 0.10857927143	20
166.5 78 0.245636842105 0.0839786494727	19
168 78 -0.0124 NaN	1
169.5 78 0.166 0.0551543289326	2
172.5 78 0.23674 0.108683545213	5
174 78 0.24715 0.0898047418941	10
175.5 78 0.272485714286 0.0569590386849	14
177 78 0.264048 0.104154593114	25
178.5 78 0.2552 NaN	1
-180 77.5 0.226272222222 0.130891283157	18
-178.5 77.5 0.21300625 0.105439767759	16
-177 77.5 0.250527777778 0.0663863274863	18
-175.5 77.5 0.298494117647 0.0813158692276	17
-174 77.5 0.1824625 0.071640108645	16
-172.5 77.5 0.254858695652 0.0761971640653	46
-171 77.5 0.283567857143 0.0583977235323	28
-169.5 77.5 0.273227906977 0.06765113706	43
-168 77.5 0.235209677419 0.0926937658991	31
-166.5 77.5 0.253266666667 0.0623620267547	15
-165 77.5 0.262783333333 0.0868549921805	6
-163.5 77.5 0.13815 0.106843834637	2
-162 77.5 0.18002173913 0.0920325928261	23
-160.5 77.5 0.177981132075 0.0841747679547	53
-159 77.5 0.157915384615 0.120788681368	39
-157.5 77.5 0.18150625 0.0975643751154	16
-156 77.5 0.08265 0.102273336968	12
-154.5 77.5 0.144657142857 0.115509189492	7
-153 77.5 0.14273125 0.157522581318	16
-151.5 77.5 0.229221428571 0.0996727324692	28
-150 77.5 0.2491 0.120134008507	4
-147 77.5 0.0468 0.0605267984725	4
-145.5 77.5 0.0432 NaN	1
-144 77.5 0.192733333333 0.0977082732765	6
-142.5 77.5 0.1594 0.179086054733	5
-141 77.5 0.1442 0.250174379184	2
-139.5 77.5 0.3305 NaN	1
-138 77.5 0.1448 NaN	1
-136.5 77.5 0.165275 0.138147991299	12
-135 77.5 0.35345 0.00615182899632	2
-133.5 77.5 0.185411111111 0.122336150058	9
-132 77.5 0.376385714286 0.0831487708583	7
-130.5 77.5 0.1219 NaN	1
-129 77.5 0.161717647059 0.15766703934	17
-127.5 77.5 0.1541 0.013717871555	2
-126 77.5 0.2569 0.182716392259	2
-124.5 77.5 0.181025 0.116417363396	4
-123 77.5 0.180528571429 0.258239254144	7
-121.5 77.5 0.2712375 0.131791501325	8
-16.5 77.5 0.1474 0.213181409446	4
-15 77.5 0.0841210526316 0.103349528725	19
-13.5 77.5 0.1786 NaN	1
-12 77.5 0.175275 0.153354386495	8
-10.5 77.5 0.261328571429 0.0847204854763	14
-9 77.5 0.192329411765 0.134758277875	17
30 77.5 -0.1294 NaN	1
73.5 77.5 0.164407692308 0.11589160497	13
75 77.5 0.1897 0.137123314332	7
76.5 77.5 0.215171428571 0.143446270014	7
78 77.5 0.170995238095 0.137687699074	21
79.5 77.5 0.1983625 0.128717042245	8
81 77.5 0.1935 NaN	1
85.5 77.5 0.2562 0.0161220346111	2
87 77.5 0.0720875 0.104928838981	8
93 77.5 0.251318181818 0.105392018846	11
94.5 77.5 0.225652380952 0.132984763914	42
97.5 77.5 0.1847 0.0702842087527	3
99 77.5 0.1274 NaN	1
111 77.5 0.1373 NaN	1
112.5 77.5 0.161585714286 0.117148245521	7
114 77.5 0.3683 NaN	1
115.5 77.5 0.31233 0.0768493474958	20
120 77.5 0.167433333333 0.17630817716	3
121.5 77.5 0.287584615385 0.0678037590668	13
124.5 77.5 0.31275 0.101413164826	4
127.5 77.5 0.29335 0.103337104386	8
129 77.5 0.1472 NaN	1
130.5 77.5 0.195966666667 0.122353739215	9
132 77.5 0.206914285714 0.169551275916	14
135 77.5 0.30555 0.0485782358675	2
136.5 77.5 0.2749 0.00353553390593	2
139.5 77.5 0.0743 NaN	1
141 77.5 0.383366666667 0.0340520679744	3
145.5 77.5 0.35566 0.040826621217	5
147 77.5 0.165446666667 0.0696739946021	15
148.5 77.5 0.240481818182 0.1040933698	11
150 77.5 0.211386666667 0.111661151108	15
151.5 77.5 0.2912 0.0140007142675	2
153 77.5 0.276795454545 0.0619753904867	22
154.5 77.5 0.365025 0.0493769429997	4
156 77.5 0.236275 0.0583048525711	4
157.5 77.5 0.16512 0.0762231395312	5
159 77.5 0.229905405405 0.111362959995	37
160.5 77.5 0.267065 0.101533560323	40
162 77.5 0.225435 0.0752732724985	20
163.5 77.5 0.2205 0.103665682288	20
165 77.5 0.257025 0.146140648578	4
166.5 77.5 0.251572727273 0.14003828113	11
168 77.5 0.299846666667 0.0767272801799	15
169.5 77.5 0.28438 0.039361618361	5
171 77.5 0.280584615385 0.070173212436	13
172.5 77.5 0.2218125 0.146834014565	16
174 77.5 0.195670833333 0.0928677436356	24
175.5 77.5 0.263704761905 0.0700507921168	21
177 77.5 0.250425 0.0386208385029	4
178.5 77.5 0.3047 0.0594813135923	7
-180 77 0.233757142857 0.0404110074585	7
-178.5 77 0.264492307692 0.0677706236942	13
-177 77 0.267429411765 0.0900537115053	17
-175.5 77 0.202564285714 0.108125925264	28
-174 77 0.327625 0.0449362789588	4
-172.5 77 0.212058333333 0.0905639573027	24
-171 77 0.256407142857 0.0638591052996	14
-169.5 77 0.249952941176 0.06275763019	17
-168 77 0.27284 0.0893974590478	20
-166.5 77 0.171394736842 0.138455666686	19
-165 77 0.194924324324 0.0981994269202	37
-163.5 77 0.20506 0.16258677068	5
-162 77 0.152877027027 0.107079627966	74
-160.5 77 0.121492857143 0.149563063438	14
-159 77 0.150683333333 0.0758913219915	24
-157.5 77 0.251257575758 0.108499714949	33
-156 77 0.14440952381 0.0914440300883	42
-154.5 77 0.193979166667 0.115289100101	72
-153 77 0.197166666667 0.111640812495	24
-151.5 77 0.4108 NaN	1
-150 77 0.18718 0.0606189079413	5
-148.5 77 0.2430625 0.0970720047549	8
-147 77 0.236741666667 0.144686752847	24
-145.5 77 0.0265 NaN	1
-144 77 0.201975 0.0975205063905	4
-142.5 77 -0.0272 0.105500331753	2
-139.5 77 0.0759666666667 0.156408179667	6
-138 77 0.1232 NaN	1
-136.5 77 0.1226 0.124668801229	3
-133.5 77 0.221442857143 0.107689830348	14
-132 77 0.32168 0.0682405084975	5
-130.5 77 0.148233333333 0.155066626541	6
-129 77 0.16935 0.198391086829	4
-127.5 77 0.18855 0.205338897922	6
-126 77 0.0650333333333 0.183909932666	3
-124.5 77 0.28118 0.214151166235	5
-123 77 0.131828571429 0.190336856777	7
-121.5 77 -0.1856 NaN	1
-76.5 77 0.1111 0.0800966915671	3
-75 77 0.12376 0.125140296379	10
-16.5 77 0.18145 0.0361331565186	2
-15 77 0.24058125 0.155078437009	16
-13.5 77 0.22065 0.0350017856687	2
-9 77 0.2317375 0.162784168566	8
-7.5 77 0.14202 0.137817186882	5
72 77 0.01155 0.0898732718888	2
73.5 77 0.0945882352941 0.124701087016	17
76.5 77 -0.07435 0.070922810153	2
78 77 0.19905 0.101816305178	16
79.5 77 0.178745454545 0.0627728502402	11
81 77 0.153536842105 0.136570381572	19
84 77 0.2336 0.0883883476483	2
85.5 77 0.2627375 0.0839699595519	8
91.5 77 0.32002 0.0655926283121	10
111 77 0.1031 NaN	1
114 77 0.13704 0.207862509847	5
115.5 77 0.1724 NaN	1
118.5 77 0.0317 0.0646295598005	2
120 77 0.2528 NaN	1
121.5 77 0.3445 0.030405591591	2
124.5 77 0.247 NaN	1
126 77 0.3681 0.0165462986798	2
127.5 77 0.282788235294 0.0925360192192	17
132 77 0.311257142857 0.139677841921	7
133.5 77 0.30416 0.0617937132725	5
139.5 77 0.0044 0.0267286363289	2
141 77 0.236209090909 0.0945623969086	11
142.5 77 0.3172375 0.0819798744902	8
144 77 0.304458333333 0.108517828098	12
145.5 77 0.311988235294 0.0941415083953	17
147 77 0.1045 0.0848528137424	2
150 77 0.1292 0.094186623254	2
151.5 77 0.1828 NaN	1
153 77 0.291196153846 0.0948310517954	26
154.5 77 0.276115384615 0.0762486922965	13
156 77 0.34754 0.0178149656188	5
157.5 77 0.3295 NaN	1
159 77 0.27261875 0.0907936643391	64
160.5 77 0.282098823529 0.0907956057439	85
162 77 0.315272727273 0.0915253417465	11
163.5 77 0.271780769231 0.0901911659498	26
165 77 0.202876470588 0.124681742496	17
166.5 77 0.288184615385 0.060844896337	13
168 77 0.268885185185 0.0944175696806	27
169.5 77 0.239617391304 0.0879631723154	23
175.5 77 0.27246 0.0739215327222	5
177 77 0.2672 0.10698838722	13
178.5 77 0.28365 0.154242114871	4
-180 76.5 0.272231818182 0.0722079759898	22
-178.5 76.5 0.161788235294 0.121928051953	17
-177 76.5 0.337877777778 0.0733759662172	18
-175.5 76.5 0.24238 0.100036868714	50
-174 76.5 0.240815789474 0.0726936399003	57
-172.5 76.5 0.226604651163 0.0780447062159	43
-171 76.5 0.182120689655 0.111991365673	29
-169.5 76.5 0.276302380952 0.0790181809524	42
-168 76.5 0.1489 0.124089843125	25
-166.5 76.5 0.273215384615 0.0916991578291	39
-165 76.5 0.245171428571 0.0332570651284	7
-163.5 76.5 0.285930769231 0.0660159498987	13
-162 76.5 0.2736 0.124682043615	11
-160.5 76.5 0.152457142857 0.0940780678859	7
-159 76.5 0.256855 0.0806271370994	20
-157.5 76.5 0.0635666666667 0.160782457584	6
-156 76.5 0.19576 0.115379651586	15
-154.5 76.5 0.14755 0.0950206205691	10
-151.5 76.5 0.152876923077 0.133026495818	13
-150 76.5 0.133075 0.0390333511244	4
-148.5 76.5 0.207345454545 0.131188928566	22
-147 76.5 0.19652 0.140270780992	5
-145.5 76.5 0.14175 0.129754094348	2
-144 76.5 0.3414 NaN	1
-141 76.5 0.3249 NaN	1
-139.5 76.5 0.2522 0.207747972313	2
-138 76.5 0.3692125 0.093291837608	8
-136.5 76.5 0.244033333333 0.0925951762602	6
-135 76.5 0.1259 NaN	1
-133.5 76.5 0.32812 0.0731542685016	5
-132 76.5 0.164266666667 0.233452486244	3
-130.5 76.5 0.24168125 0.11694672986	16
-129 76.5 0.175314285714 0.175167500187	28
-127.5 76.5 0.2942 0.109421907084	17
-126 76.5 0.254058333333 0.153136750879	12
-124.5 76.5 0.0292 0.143259833868	2
-78 76.5 0.135983333333 0.0678620193235	6
-76.5 76.5 0.3745 0.0415778787338	2
-75 76.5 0.00973333333333 0.0376914225432	3
-73.5 76.5 -0.019 0.0725033102693	3
-72 76.5 0.06205 0.0641345850536	2
-16.5 76.5 0.14366 0.147104088998	5
-15 76.5 0.181214285714 0.0361624772645	7
-13.5 76.5 0.0405 0.177647924277	5
-12 76.5 0.207647058824 0.136827158843	17
-10.5 76.5 0.22431875 0.142945468478	16
72 76.5 0.19995 0.0112429978209	2
73.5 76.5 0.1251 0.133496416931	10
75 76.5 0.14157 0.0865315446377	70
76.5 76.5 0.07775 0.302853834382	2
78 76.5 0.137142857143 0.130620276265	21
79.5 76.5 0.213571875 0.0713284055726	32
81 76.5 0.194456097561 0.0818660981383	41
82.5 76.5 0.179573076923 0.0970652216098	26
84 76.5 0.1281875 0.116594099796	8
85.5 76.5 0.250247826087 0.0616851011153	23
87 76.5 0.21465 0.0214016354515	4
88.5 76.5 0.21838 0.0800509337859	5
93 76.5 0.2528 0.0615182899632	2
115.5 76.5 0.240575 0.106958258992	4
117 76.5 0.3286375 0.0610202996083	8
118.5 76.5 0.253107692308 0.105879164314	13
120 76.5 0.260816666667 0.0934947430057	12
121.5 76.5 0.206014285714 0.148823670032	7
123 76.5 0.0656 0.122616842236	3
124.5 76.5 0.275542857143 0.0918976397438	7
126 76.5 0.285644444444 0.0498898564618	9
129 76.5 0.31671 0.0577872768732	20
132 76.5 0.234 0.0857987826901	10
133.5 76.5 0.235623076923 0.0628927016678	13
135 76.5 0.22485 0.0579120453792	2
142.5 76.5 0.0954833333333 0.138268831147	6
144 76.5 0.23344 0.209052380996	5
147 76.5 0.196566666667 0.0546645528047	3
150 76.5 0.259 NaN	1
154.5 76.5 0.309452941176 0.0995877823684	17
156 76.5 0.284661904762 0.0781993448678	42
157.5 76.5 0.24564 0.116992959495	15
159 76.5 0.23775 0.0998912928368	14
160.5 76.5 0.2467 0.082310934875	3
162 76.5 0.296735 0.100800366932	20
163.5 76.5 0.290362222222 0.0829646592036	45
165 76.5 0.273393103448 0.0872926970069	29
166.5 76.5 0.266856666667 0.0971254705162	30
168 76.5 0.26354137931 0.11632690549	29
169.5 76.5 0.2533 0.00862670273048	2
171 76.5 0.305466666667 0.0911864357271	12
172.5 76.5 0.02915 0.122824447892	2
174 76.5 0.216169230769 0.133147671056	13
175.5 76.5 0.276483333333 0.0684020589359	6
177 76.5 0.3045 NaN	1
178.5 76.5 0.296845454545 0.0876545875997	11
-180 76 0.288633333333 0.0947025474842	9
-178.5 76 0.228042857143 0.110872372557	42
-177 76 0.2576325 0.0889788116164	40
-175.5 76 0.252042465753 0.0857429166459	73
-174 76 0.22994 0.0813502928105	115
-172.5 76 0.27626 0.0732686028478	50
-171 76 0.233041071429 0.082606653434	56
-169.5 76 0.243318867925 0.0930148252381	53
-168 76 0.193992857143 0.094170707597	28
-166.5 76 0.22807037037 0.122666319792	27
-165 76 0.258488 0.0855017266882	25
-163.5 76 0.204846153846 0.102835853146	13
-162 76 0.215222222222 0.0847828753211	18
-160.5 76 0.261825714286 0.0568214610598	35
-159 76 0.230911111111 0.125119330753	18
-157.5 76 0.28263125 0.0856706384455	16
-156 76 0.163135714286 0.0950282355379	14
-154.5 76 0.23375 0.0841838634011	8
-153 76 0.238176 0.157594916585	25
-151.5 76 -0.000866666666667 0.0984382208968	3
-150 76 0.1425 0.262478037176	2
-148.5 76 0.219483333333 0.124348855559	12
-144 76 0.3432 NaN	1
-142.5 76 0.2406 0.0962961318019	5
-138 76 0.3096 NaN	1
-136.5 76 0.249633333333 0.0918384632566	3
-135 76 0.0835333333333 0.104376255282	6
-133.5 76 0.0556 0.067835020454	3
-132 76 0.2661 0.162930516888	4
-130.5 76 0.131609090909 0.110364554587	11
-129 76 0.285385714286 0.0778482161768	7
-127.5 76 0.201766666667 0.262605489915	3
-126 76 0.0146 0.0326683332908	2
-124.5 76 0.22085 0.118053165989	4
-75 76 0.18855 0.0785595633898	2
-73.5 76 0.0361076923077 0.0840486908637	13
-72 76 0.143033333333 0.102165407983	18
-70.5 76 0.11015 0.01364319122	4
-63 76 0.161088888889 0.0807973614118	9
-16.5 76 -0.0316727272727 0.074445829732	44
-15 76 -0.0316 NaN	1
-10.5 76 0.27847 0.109497075664	20
69 76 0.0865 0.063190980369	8
70.5 76 0.08645 0.0780306136505	4
72 76 0.0785481481481 0.114255740035	27
73.5 76 0.0497 0.147731580916	4
75 76 0.08274 0.120407587432	10
76.5 76 0.205227272727 0.0628463060316	11
78 76 0.2407 NaN	1
79.5 76 0.183983333333 0.093164915688	12
85.5 76 -0.054225 0.114492921906	4
88.5 76 0.0404307692308 0.169823547565	13
90 76 0.2061 0.133166024195	3
91.5 76 -0.06335 0.176847405975	2
115.5 76 -0.00775 0.233698791182	2
117 76 0.1599125 0.199604397586	8
118.5 76 0.236628571429 0.0715506536934	14
120 76 0.14795 0.0703571247281	2
121.5 76 0.1867 0.0579186498461	3
123 76 0.322033333333 0.0587119522187	3
124.5 76 0.13705 0.0263750829383	2
126 76 0.26047 0.0804944311393	10
127.5 76 0.2709 0.14361629434	3
129 76 0.351616666667 0.0790401522434	6
133.5 76 0.20205 0.164685169338	2
147 76 0.3261 NaN	1
148.5 76 0.281985714286 0.0672156601808	28
154.5 76 0.210370588235 0.103174953142	17
156 76 0.26268 0.0814969173001	35
157.5 76 0.271873684211 0.089297461252	38
159 76 0.327411111111 0.0637015000696	9
160.5 76 0.339766666667 0.0262877030821	3
162 76 0.224907142857 0.0544396555729	14
163.5 76 0.220066666667 0.0234120339427	3
165 76 0.29378974359 0.0753332868164	39
166.5 76 0.289038461538 0.0997283072229	26
168 76 0.2008 0.108308448424	3
171 76 0.3945 NaN	1
172.5 76 0.286 0.0895409961973	3
174 76 0.2785 0.0929988978429	5
175.5 76 0.267436363636 0.137375887788	11
177 76 0.339081818182 0.0776634639735	11
178.5 76 0.19365 0.132024100073	6
-180 75.5 0.234439285714 0.090272490126	28
-178.5 75.5 0.251614285714 0.0804304609437	28
-177 75.5 0.22745 0.159791548956	18
-175.5 75.5 0.303590909091 0.059719534246	22
-174 75.5 0.273598461538 0.0607944551653	65
-172.5 75.5 0.278494594595 0.0917070109686	74
-171 75.5 0.212494285714 0.0844883944096	35
-169.5 75.5 0.248895 0.0776098647977	80
-168 75.5 0.261562162162 0.126306752594	37
-166.5 75.5 0.215904878049 0.128401253793	41
-165 75.5 0.17606 0.103998274711	15
-163.5 75.5 0.2063375 0.0831810801611	32
-162 75.5 0.266474193548 0.0878361959094	31
-160.5 75.5 0.2185 0.102549614009	25
-159 75.5 0.2540125 0.118427065409	8
-157.5 75.5 0.264295238095 0.0978867584313	21
-156 75.5 0.2201125 0.142394516723	8
-154.5 75.5 0.13219 0.114088363667	30
-153 75.5 0.178383333333 0.0941726260956	30
-151.5 75.5 -0.0008 NaN	1
-150 75.5 0.21795 0.0249608693759	2
-148.5 75.5 0.16549 0.043675201456	10
-145.5 75.5 0.03908 0.0818018989185	10
-141 75.5 0.1157 0.250457221896	2
-139.5 75.5 0.2492 NaN	1
-138 75.5 0.0776166666667 0.125372858573	6
-136.5 75.5 0.178733333333 0.144237134443	15
-135 75.5 0.201763636364 0.111873976176	11
-133.5 75.5 0.211128571429 0.111555243628	7
-130.5 75.5 0.2012 0.164768616984	8
-129 75.5 0.363577272727 0.0781758453245	22
-126 75.5 0.28454 0.121684789518	5
-124.5 75.5 0.254425 0.147150498357	4
-78 75.5 -0.06315 0.19056527753	2
-75 75.5 0.120096551724 0.0988560225883	29
-72 75.5 0.0749916666667 0.0488960949981	12
-70.5 75.5 0.134225 0.102927561172	44
-69 75.5 -0.02475 0.102176929881	2
-67.5 75.5 0.1651 NaN	1
-66 75.5 0.15132 0.0520482660614	5
-64.5 75.5 0.028775 0.043496388739	4
-63 75.5 0.2264 0.0921377038491	35
-61.5 75.5 0.0635133333333 0.17715000047	15
-16.5 75.5 0.23967 0.0721937370321	10
-13.5 75.5 0.227673333333 0.11351780519	15
-12 75.5 0.0028 0.137313388519	4
64.5 75.5 0.0717 NaN	1
66 75.5 0.0685166666667 0.0775111712379	6
67.5 75.5 0.125190909091 0.129610190484	33
69 75.5 0.0971857142857 0.0936917895473	7
70.5 75.5 0.0912 0.123036579926	2
72 75.5 0.118852380952 0.10485576102	21
73.5 75.5 0.113676190476 0.144679148134	21
75 75.5 0.1131875 0.104669891803	40
76.5 75.5 0.0531 0.122452210066	17
78 75.5 0.1437 0.0725765572803	7
79.5 75.5 0.214216666667 0.0504629071695	18
81 75.5 0.212533333333 0.0766505707741	9
84 75.5 0.30844 0.0707762177571	5
88.5 75.5 -0.0206 NaN	1
117 75.5 0.1470375 0.0606650743839	8
118.5 75.5 0.2939 NaN	1
120 75.5 0.3151 0.0869572691997	4
121.5 75.5 0.3226 0.0875398195109	2
123 75.5 0.264033333333 0.108481586763	6
124.5 75.5 0.233383333333 0.10898470382	6
126 75.5 0.1378 NaN	1
130.5 75.5 0.180363636364 0.126756666671	11
153 75.5 0.230816666667 0.107446825426	18
154.5 75.5 0.08008 0.149216711531	5
156 75.5 0.235240625 0.0969429358566	32
157.5 75.5 0.229953125 0.0756120104147	32
159 75.5 0.222135714286 0.107687215205	14
160.5 75.5 0.203688888889 0.084931508353	9
162 75.5 0.213632258065 0.101028667176	31
163.5 75.5 0.241288 0.0839367982473	25
165 75.5 0.266016666667 0.110582612749	12
168 75.5 0.244323333333 0.106143477014	30
169.5 75.5 0.247213333333 0.127872608854	15
171 75.5 0.253357142857 0.10544475421	7
172.5 75.5 0.262376923077 0.0960253625685	13
174 75.5 0.306827272727 0.0677117876135	11
175.5 75.5 0.28152 0.0783455094893	15
177 75.5 0.272784615385 0.0629699511163	13
178.5 75.5 0.256772972973 0.103789810698	37
-180 75 0.159841176471 0.121996526891	17
-178.5 75 0.230987096774 0.0921194613602	31
-177 75 0.293272972973 0.0815317479018	37
-175.5 75 0.127325 0.176005688829	4
-174 75 0.252792307692 0.129320528681	26
-172.5 75 0.271494871795 0.0885497420387	39
-171 75 0.228394117647 0.113655670688	34
-169.5 75 0.197630434783 0.0888941885552	23
-168 75 0.249553125 0.105698695278	32
-166.5 75 0.203830769231 0.137420063944	13
-165 75 0.212869230769 0.142038811507	13
-163.5 75 0.129052 0.13914477209	25
-162 75 0.22685625 0.0881983575939	32
-160.5 75 0.237784210526 0.092706342005	19
-159 75 0.206233333333 0.122460883056	12
-157.5 75 0.2003 0.031277947503	3
-156 75 0.206728571429 0.146052737728	14
-154.5 75 0.1768 0.123036579926	2
-153 75 0.12446 0.172315313049	10
-151.5 75 0.146611111111 0.20671250231	9
-150 75 0.1779 0.0943786663747	31
-148.5 75 0.1045 NaN	1
-144 75 0.1748 0.0592555482634	2
-142.5 75 0.22169 0.0511878772541	10
-141 75 0.20058 0.0769031396556	10
-139.5 75 0.204235 0.171311388613	20
-138 75 0.303488888889 0.103467214977	18
-136.5 75 0.09055 0.129186596312	4
-135 75 0.19344 0.196780303892	5
-133.5 75 0.300983333333 0.111781010205	12
-132 75 0.193573913043 0.141851539606	23
-130.5 75 0.293537735849 0.111109172277	53
-129 75 0.143542857143 0.171021391032	7
-126 75 0.245422222222 0.0947753234996	9
-123 75 0.210666666667 0.0926296028996	3
-121.5 75 -0.0476666666667 0.137020813504	3
-120 75 0.1934 0.0823776061803	3
-100.5 75 0.1568 0.0337997041407	2
-78 75 0.0912153846154 0.112712886324	13
-75 75 0.0928666666667 0.149087401659	3
-73.5 75 0.210475 0.0874598717508	4
-72 75 0.178090909091 0.132957762391	22
-70.5 75 0.112433333333 0.143967091147	3
-69 75 0.0870551724138 0.104101583583	29
-67.5 75 0.0801 0.243103311372	2
-66 75 0.104175 0.163467454457	16
-64.5 75 0.135633333333 0.175749807017	6
-63 75 0.221266666667 0.0388420304996	3
-61.5 75 0.0816047619048 0.107021182371	21
-60 75 0.0888684210526 0.120358178657	19
-15 75 -0.0646 NaN	1
-13.5 75 -0.120442857143 0.0524968207654	7
61.5 75 0.3666 NaN	1
63 75 0.11544 0.0892860889736	20
64.5 75 0.0183 0.0874221367847	3
66 75 0.1674 0.140997092169	2
67.5 75 0.0937466666667 0.0990673642865	15
73.5 75 0.09604 0.126435696813	15
75 75 0.130357894737 0.106205761069	19
76.5 75 0.17138 0.0559858672643	10
78 75 0.1797 0.179322279709	2
79.5 75 0.24564 0.106061647168	5
81 75 -0.0352 0.0860629420831	3
82.5 75 0.141838709677 0.0801698225744	31
84 75 0.203489655172 0.126720813334	29
117 75 0.2869 NaN	1
120 75 0.20181 0.110769625299	10
121.5 75 0.16725 0.146169815626	6
123 75 0.1899 0.0991120325692	5
124.5 75 0.28825 0.0636958845946	8
126 75 0.210814285714 0.0766244614679	7
127.5 75 0.240257142857 0.0421473548851	7
129 75 0.20344 0.071722322575	10
153 75 0.3887 0.0778389148605	7
154.5 75 0.1731 0.0155545491738	6
156 75 0.193385714286 0.0400942401753	7
157.5 75 0.25506 0.0591816525623	5
159 75 0.281038709677 0.0480466903294	31
160.5 75 0.23742 0.154432342611	10
162 75 0.33527037037 0.102520672643	27
163.5 75 0.274935483871 0.0871290596314	31
165 75 0.240725 0.138122793195	16
166.5 75 0.13964375 0.146654282668	16
168 75 0.213517391304 0.0984154258611	23
169.5 75 0.267485714286 0.117928473075	7
171 75 0.317342857143 0.0620102103728	7
172.5 75 0.272688888889 0.0783923695975	9
174 75 0.183946875 0.131190777076	32
175.5 75 0.247867857143 0.0828324326066	28
177 75 0.29563125 0.0891045070997	32
178.5 75 0.245770588235 0.110356498153	34
-180 74.5 0.197752 0.109781431035	25
-178.5 74.5 0.2671 0.0448066321622	8
-177 74.5 0.259316666667 0.114179604687	30
-175.5 74.5 0.137623809524 0.139465737387	21
-174 74.5 0.220786363636 0.0888365931437	22
-172.5 74.5 0.2347625 0.0828782178221	48
-171 74.5 0.283217647059 0.0594507102722	34
-169.5 74.5 0.202566666667 0.103599481176	9
-166.5 74.5 0.0972142857143 0.165258333234	14
-165 74.5 0.228847826087 0.137264667604	23
-163.5 74.5 0.180234782609 0.0831636918629	23
-162 74.5 -0.00336666666667 0.0956201512932	3
-160.5 74.5 0.2681 NaN	1
-159 74.5 0.174007142857 0.144299951833	14
-157.5 74.5 0.2294875 0.120907360493	8
-156 74.5 0.31646 0.118970008826	5
-154.5 74.5 0.211873333333 0.136321183066	15
-153 74.5 0.29484 0.174970177459	5
-151.5 74.5 0.161677777778 0.179475115112	9
-150 74.5 -0.0103 0.11765817722	10
-148.5 74.5 0.1008 0.0825900720426	2
-145.5 74.5 0.170795833333 0.117372822864	24
-144 74.5 0.23525 0.0974124393152	4
-142.5 74.5 0.266 0.125387103461	15
-141 74.5 0.0424 NaN	1
-139.5 74.5 0.26675 0.0854158474757	6
-138 74.5 0.10825 0.0372645273685	2
-136.5 74.5 0.199496296296 0.121833049329	27
-135 74.5 0.31275 0.144728430748	16
-133.5 74.5 0.28035 0.0834779192362	6
-132 74.5 0.1127 0.17274743124	5
-130.5 74.5 0.1305 0.152642359783	5
-120 74.5 0.124075 0.111977419599	4
-105 74.5 0.249948148148 0.11919577745	27
-103.5 74.5 0.166426086957 0.152898838266	23
-102 74.5 0.303785714286 0.0677035262932	14
-76.5 74.5 0.176157142857 0.10606878047	7
-73.5 74.5 0.1409 0.0643659071248	3
-72 74.5 0.21294 0.0756296767149	5
-70.5 74.5 0.0989 NaN	1
-69 74.5 0.1868 0.0963369953168	19
-67.5 74.5 0.0144333333333 0.126418869899	6
-66 74.5 0.171477777778 0.0682835774139	9
-64.5 74.5 0.0098 0.0216374675043	2
-61.5 74.5 0.104963636364 0.134968339048	11
-60 74.5 0.17116875 0.0620683678831	16
-16.5 74.5 -0.0402333333333 0.0803075546467	3
-15 74.5 0.155492857143 0.157614961533	14
60 74.5 0.112 0.0650192718683	8
61.5 74.5 -0.0092 NaN	1
64.5 74.5 0.2081125 0.0857931043266	56
66 74.5 0.21276 0.0842837452555	15
75 74.5 0.14788 0.0988905556664	5
76.5 74.5 0.177944444444 0.0397497204742	9
117 74.5 0.192166666667 0.119532101685	3
124.5 74.5 0.1491 0.143057730188	25
126 74.5 0.240362962963 0.104620604487	27
127.5 74.5 0.27065 0.0707120687483	4
154.5 74.5 0.246553333333 0.0566755536449	15
156 74.5 0.211245454545 0.136479591104	22
157.5 74.5 0.1671875 0.136261918745	16
160.5 74.5 0.231371428571 0.0920209292964	14
162 74.5 0.218141666667 0.0953685717084	12
163.5 74.5 0.2319234375 0.102751374675	64
165 74.5 0.266216666667 0.100356007721	36
166.5 74.5 0.29752 0.0856057649928	5
168 74.5 0.2929125 0.0906732349468	8
169.5 74.5 0.330006666667 0.10056062469	15
171 74.5 0.1387 0.185688242313	7
172.5 74.5 0.197191666667 0.116121353003	24
174 74.5 0.300242857143 0.082860788855	14
175.5 74.5 0.382116666667 0.0605789209764	6
177 74.5 0.241424528302 0.100027865167	53
178.5 74.5 0.261910526316 0.116335864885	57
-180 74 0.2516 NaN	1
-174 74 0.184311111111 0.0635270305548	9
-172.5 74 0.206533333333 0.145737172106	3
-171 74 0.183647368421 0.120591619844	38
-169.5 74 0.1869 0.105741760908	7
-168 74 -0.0531 NaN	1
-166.5 74 0.20657 0.121371505442	10
-165 74 0.173971428571 0.19138549853	7
-163.5 74 0.28515 0.0473054436614	2
-162 74 -0.0904 NaN	1
-160.5 74 0.125161538462 0.169772895061	13
-159 74 0.132213888889 0.115742524974	36
-157.5 74 0.185739130435 0.134618017635	23
-156 74 0.1562 0.154014658393	9
-154.5 74 0.07765 0.0376175934017	4
-153 74 0.138733333333 0.0688457890264	6
-151.5 74 0.2648 0.117468583034	6
-150 74 0.175957142857 0.0917087210892	7
-145.5 74 0.24275 0.0457498087428	2
-144 74 0.20063 0.0749768712486	10
-142.5 74 0.220569230769 0.138364292025	13
-141 74 0.308233333333 0.0189225614897	3
-139.5 74 0.187165217391 0.12265436511	23
-138 74 0.15435 0.141298844062	4
-136.5 74 0.22735 0.0869524966097	4
-135 74 0.0962363636364 0.134629916978	11
-130.5 74 0.2529 0.00692964645563	2
-129 74 0.2046 0.0889540330733	2
-103.5 74 0.173581818182 0.15736650385	33
-102 74 0.292216666667 0.0661516416801	12
-90 74 0.2229 0.0200818325857	2
-84 74 0.239833333333 0.0416329596994	3
-78 74 0.1127 0.0115965512115	2
-76.5 74 -0.000566666666667 0.111202422036	6
-73.5 74 0.0542666666667 0.138000241546	6
-69 74 0.143354545455 0.0787519950685	11
-67.5 74 0.137025 0.0993055443385	12
-66 74 0.183846153846 0.100321521581	13
-61.5 74 0.115776923077 0.112314819101	13
-16.5 74 0.311390909091 0.0860105968504	22
-15 74 0.2952 NaN	1
60 74 0.104295454545 0.11800726159	22
61.5 74 0.0452857142857 0.125647886686	7
63 74 0.167617647059 0.087169262324	17
64.5 74 0.14636875 0.0945549696825	16
66 74 0.185766666667 0.152179568117	15
126 74 0.1687 0.0125868979499	3
127.5 74 -0.0576 NaN	1
154.5 74 0.3238 0.15033090168	2
156 74 0.299540740741 0.0572030476545	27
159 74 0.247365116279 0.0912039182631	43
160.5 74 0.220790909091 0.12431665371	22
162 74 0.2138 0.0930168085169	4
163.5 74 0.2884 NaN	1
165 74 0.16306 0.0849007243785	5
166.5 74 0.263316666667 0.110593406976	6
168 74 0.1419 0.116834840694	16
169.5 74 0.209218367347 0.0997830723651	49
171 74 0.231607692308 0.10397848705	13
172.5 74 0.238185714286 0.131259819769	21
174 74 0.20137 0.112119401136	10
175.5 74 0.235653333333 0.160589253628	15
177 74 0.163828571429 0.0763826374354	28
178.5 74 0.194556363636 0.139738714861	55
-180 73.5 0.18860952381 0.1582625695	21
-178.5 73.5 0.22315 0.0193040151264	2
-177 73.5 0.139729411765 0.104936401958	17
-174 73.5 0.271381818182 0.0688217381091	11
-171 73.5 0.253940740741 0.0881665131758	27
-169.5 73.5 0.257819230769 0.0964625606927	26
-168 73.5 0.2407 0.156512427622	9
-166.5 73.5 0.2509 0.119559831605	4
-165 73.5 0.311933333333 0.0272070456561	3
-163.5 73.5 0.191528571429 0.117887979663	42
-160.5 73.5 0.27165 0.137501527264	4
-159 73.5 0.201785714286 0.125113375397	14
-157.5 73.5 0.20326 0.073338891456	5
-156 73.5 0.22455 0.0866496970566	4
-153 73.5 0.10016 0.133798756015	10
-151.5 73.5 0.0714333333333 0.168291778369	6
-150 73.5 0.230763636364 0.084086744172	11
-148.5 73.5 0.1355 0.215884656704	17
-147 73.5 0.2977 0.0125865007051	2
-145.5 73.5 0.269038461538 0.11402208513	13
-144 73.5 -0.00155 0.165816540188	2
-142.5 73.5 0.237764705882 0.142985881913	17
-141 73.5 0.215666666667 0.15459030755	24
-139.5 73.5 0.2287 0.150212837889	13
-138 73.5 0.25829 0.119424252609	10
-136.5 73.5 -0.159 NaN	1
-135 73.5 0.306309090909 0.140441920056	11
-133.5 73.5 0.385433333333 0.0141765063867	3
-132 73.5 0.1899 0.13491597385	2
-130.5 73.5 0.22488 0.118176021256	5
-129 73.5 0.24526 0.0895292857114	5
-127.5 73.5 0.2333 0.109344470977	4
-103.5 73.5 0.2559 NaN	1
-75 73.5 0.0149 0.155392760449	3
-73.5 73.5 -0.0273666666667 0.0975900780476	3
-72 73.5 0.0254 0.100362642452	5
-69 73.5 0.2531625 0.11526451489	8
-67.5 73.5 0.0693 NaN	1
-66 73.5 0.18708 0.0658051061849	5
-64.5 73.5 0.17422 0.0979902196286	15
-61.5 73.5 -0.0069 0.0703716562261	3
-60 73.5 0.1775 0.137037294194	2
-18 73.5 0.131466666667 0.065521802987	6
-16.5 73.5 0.0479 NaN	1
58.5 73.5 0.0868105263158 0.139721313473	19
60 73.5 0.15975 0.0920104128949	38
61.5 73.5 0.22626 0.0996705272385	15
63 73.5 0.137854545455 0.100801174236	11
64.5 73.5 0.222346153846 0.0799626956293	13
78 73.5 -0.09014 0.0224054234506	5
157.5 73.5 0.260396774194 0.0537982309738	31
159 73.5 0.25249047619 0.0796720396674	21
160.5 73.5 0.241371428571 0.0937913769008	7
162 73.5 0.144223076923 0.131862618874	13
163.5 73.5 0.231973913043 0.0844817044066	23
165 73.5 0.1937 0.00381837661841	2
166.5 73.5 0.21645 0.105729117861	12
168 73.5 0.282958333333 0.0894682113006	12
169.5 73.5 0.205925 0.0682469732065	28
171 73.5 0.191822222222 0.0976487810699	9
172.5 73.5 0.327139473684 0.0764661894529	38
174 73.5 0.196074683544 0.102819563723	79
175.5 73.5 0.244064912281 0.101894569972	57
177 73.5 0.210932786885 0.100937128487	61
178.5 73.5 0.199872340426 0.104224378985	47
-180 73 0.231541666667 0.133865402605	24
-178.5 73 0.21743125 0.0854593604684	16
-177 73 0.224451515152 0.120081782343	33
-175.5 73 0.198852173913 0.113124544422	46
-174 73 0.209222641509 0.104789137432	53
-172.5 73 0.199174418605 0.0869066113245	43
-171 73 0.273455555556 0.0940104467736	27
-169.5 73 0.245976666667 0.130681966366	30
-168 73 0.207491666667 0.113577738362	12
-166.5 73 0.247234482759 0.102408744311	29
-165 73 0.190380487805 0.102577039876	41
-163.5 73 0.25778125 0.100925397032	32
-162 73 0.226136842105 0.114561260713	19
-160.5 73 0.196053333333 0.0731896447268	15
-159 73 0.3004 0.033941125497	2
-157.5 73 0.2476625 0.100978228736	8
-153 73 0.0434 0.128834855532	2
-150 73 0.30715 0.0873276874765	2
-148.5 73 0.226205882353 0.103921054595	17
-147 73 0.290278571429 0.0906732610791	14
-145.5 73 0.14078 0.204408480744	5
-144 73 0.1893875 0.118277354885	8
-142.5 73 0.103866666667 0.227376787147	3
-141 73 0.11715 0.164747197245	6
-138 73 0.2519375 0.0949555676168	8
-136.5 73 0.1288 0.0476759198478	4
-135 73 0.26856875 0.141183567121	16
-132 73 0.237257894737 0.0851517163381	19
-73.5 73 0.0468 0.133077496219	2
-72 73 -0.0617 NaN	1
-67.5 73 0.1813 0.322157849509	2
-66 73 0.135875 0.132226597001	12
-64.5 73 0.21105 0.047284423087	4
-63 73 0.0565 NaN	1
-60 73 0.00548333333333 0.125889783806	6
-21 73 0.214925 0.120828097588	4
-18 73 0.359823913043 0.103975456901	46
57 73 0.26385 0.0749145513235	4
58.5 73 0.302995833333 0.103387172189	24
60 73 0.269050943396 0.0941750265415	53
61.5 73 0.278987142857 0.0926294189369	70
63 73 0.246405263158 0.0650863825464	19
64.5 73 0.288266666667 0.0509170174565	6
78 73 -0.1591 0.0384695983863	3
160.5 73 0.202 NaN	1
162 73 0.294437288136 0.0873448770744	59
163.5 73 0.24004375 0.0876175246455	16
165 73 0.2849 NaN	1
166.5 73 0.162 0.113577286462	5
169.5 73 0.196583333333 0.0614360840569	12
171 73 0.24434 0.0537730250425	10
172.5 73 0.188971428571 0.0960033977573	7
174 73 0.267420408163 0.0815850118475	49
175.5 73 0.230874603175 0.0756462117002	63
177 73 0.190952542373 0.0890658616359	59
178.5 73 0.4034 0.094884139876	3
-180 72.5 0.268561538462 0.101656820877	13
-178.5 72.5 0.1196 0.071948731747	6
-175.5 72.5 0.225413636364 0.0887782195853	66
-174 72.5 0.249440714286 0.0894761323397	140
-172.5 72.5 0.21410212766 0.0810677666593	94
-171 72.5 0.182709375 0.140202913686	32
-169.5 72.5 0.303814285714 0.0840384775819	77
-168 72.5 0.219646153846 0.109136799594	13
-166.5 72.5 0.205032 0.0916406283625	25
-165 72.5 0.310518181818 0.083547960097	11
-163.5 72.5 0.191711764706 0.154956130414	17
-162 72.5 0.2847 0.0629325035256	2
-160.5 72.5 0.25037826087 0.0822999776677	23
-159 72.5 0.196258823529 0.164252245262	17
-157.5 72.5 0.1984 0.104701432655	3
-156 72.5 0.212133333333 0.114652024259	6
-153 72.5 0.130264705882 0.142222070813	17
-150 72.5 0.201233333333 0.0877248159493	3
-148.5 72.5 0.222166666667 0.0522838725931	3
-147 72.5 0.2321 NaN	1
-144 72.5 0.3693 0.0744131932747	7
-142.5 72.5 0.311257142857 0.0639306097041	7
-141 72.5 0.218775 0.115589381	8
-139.5 72.5 0.230425 0.162985080386	8
-138 72.5 0.242458823529 0.114155574646	34
-72 72.5 0.2722 0.128834855532	2
-70.5 72.5 0.161653333333 0.129956810774	15
-67.5 72.5 0.231921428571 0.141043251296	14
-64.5 72.5 0.132633333333 0.123525314545	3
-63 72.5 0.0919125 0.0772478467106	8
-61.5 72.5 -0.0918 0.111363481447	5
-60 72.5 -0.0508 0.163274523426	3
-21 72.5 0.179485714286 0.218498538733	7
57 72.5 0.147 0.111931934204	20
58.5 72.5 0.0881333333333 0.0474744668217	9
60 72.5 0.127366666667 0.186789087833	3
61.5 72.5 0.135258064516 0.0919055636989	62
63 72.5 0.171843243243 0.0963004930087	74
64.5 72.5 0.223316666667 0.100480394439	6
163.5 72.5 0.316878947368 0.0822434433655	19
165 72.5 0.255154545455 0.0734851494396	44
166.5 72.5 0.0932333333333 0.100219775161	3
168 72.5 0.197989473684 0.0865984724957	19
171 72.5 0.33371 0.0883113740001	10
172.5 72.5 0.103025 0.111118266575	4
174 72.5 0.247263636364 0.0775346287358	55
175.5 72.5 0.232464285714 0.0797476366387	14
177 72.5 0.14794 0.105587516208	20
-180 72 0.18072 0.0794224821236	10
-178.5 72 0.333883333333 0.104696158796	6
-175.5 72 0.251280555556 0.060528405702	36
-174 72 0.168869642857 0.0967681726783	56
-172.5 72 0.150988888889 0.0908714262632	9
-171 72 0.222502702703 0.129160749298	37
-169.5 72 0.324423529412 0.132826548219	17
-168 72 0.264109090909 0.127129959412	22
-166.5 72 0.344 0.100919039334	9
-165 72 0.18582 0.105284866637	15
-163.5 72 0.22025 0.0444711479501	6
-162 72 0.1662 0.044374767605	3
-160.5 72 0.184 NaN	1
-159 72 0.116614285714 0.171424292605	7
-157.5 72 0.16745 0.0823779400082	2
-154.5 72 0.142888888889 0.155672576619	9
-151.5 72 0.12516 0.180018201857	5
-150 72 0.1568 0.137772725893	6
-148.5 72 0.3237 NaN	1
-144 72 0.05615 0.116141822786	6
-142.5 72 0.17438 0.159064058075	15
-141 72 0.3139 NaN	1
-139.5 72 0.388566666667 0.0217277088837	3
-136.5 72 0.33875 0.0241123412385	2
-135 72 0.282 0.0158391918986	2
-133.5 72 -0.1817 NaN	1
-132 72 0.1379 NaN	1
-130.5 72 0.27635 0.0793843603405	4
-129 72 0.2584 0.152285368087	4
-127.5 72 0.26974 0.141797930168	5
-91.5 72 0.2479 0.0575584919886	2
-72 72 -0.0667 0.0520430590953	2
-70.5 72 0.189028571429 0.14213943523	7
-69 72 0.12145 0.151701615021	8
-67.5 72 0.27992 0.0432125791871	5
-66 72 0.2677 0.141172830247	6
-64.5 72 0.198307692308 0.124639636964	13
-63 72 0.15 0.136597193724	4
-61.5 72 0.0400333333333 0.178194968129	6
-60 72 0.156222222222 0.159967565289	9
-21 72 0.16975 0.167756261681	4
-19.5 72 0.2085 NaN	1
57 72 0.4305 NaN	1
60 72 0.13082 0.0285043330039	5
61.5 72 0.164775968992 0.10092477534	129
63 72 0.205780952381 0.0665823596687	21
64.5 72 0.212023333333 0.0631571039679	30
66 72 0.276 NaN	1
163.5 72 0.206910869565 0.0770079165577	46
165 72 0.211293478261 0.11200541535	46
166.5 72 0.201584126984 0.101357449885	63
168 72 0.270009090909 0.0833202070874	11
169.5 72 0.265416666667 0.0457159673054	6
171 72 0.239810714286 0.0872456444388	28
172.5 72 0.1983625 0.111318551111	8
174 72 0.1483375 0.153964049027	8
178.5 72 0.06265 0.0692257538782	2
-178.5 71.5 0.2804125 0.100372854007	8
-175.5 71.5 0.225573333333 0.122902222848	15
-174 71.5 0.219221052632 0.136127418166	19
-172.5 71.5 0.2099625 0.129273080733	24
-171 71.5 0.2301 0.0458205194209	2
-169.5 71.5 0.14898 0.158847621953	5
-168 71.5 0.29245 0.0854981634445	22
-166.5 71.5 0.24564375 0.0647668430475	16
-165 71.5 0.13162 0.18315160933	5
-163.5 71.5 0.335377777778 0.0841637210706	9
-162 71.5 0.3096 0.0923317659313	5
-160.5 71.5 0.304414285714 0.121403506657	7
-159 71.5 0.3894 0.0234693417036	3
-157.5 71.5 0.2906 0.156783056057	4
-153 71.5 0.2571 0.103242481566	3
-151.5 71.5 0.2995 NaN	1
-147 71.5 0.2806 NaN	1
-144 71.5 0.2536 0.0418607214462	2
-142.5 71.5 0.186071428571 0.0502250838488	7
-141 71.5 0.3329 NaN	1
-139.5 71.5 0.258883333333 0.148655351961	6
-138 71.5 0.274366666667 0.0240668513382	3
-135 71.5 0.280466666667 0.139023163538	9
-132 71.5 0.2439 0.0479418397644	2
-130.5 71.5 0.3289 0.113001017695	3
-129 71.5 0.2489 NaN	1
-70.5 71.5 0.191357142857 0.0288919744994	7
-69 71.5 0.234066666667 0.0383636981186	3
-66 71.5 0.25045 0.0189171615207	6
-64.5 71.5 0.252452 0.124883719649	25
-63 71.5 0.1963 NaN	1
-61.5 71.5 0.216205 0.0941997847522	20
-18 71.5 0.08095 0.155351868351	6
58.5 71.5 0.0778 NaN	1
60 71.5 0.0487 NaN	1
61.5 71.5 0.0734142857143 0.0673522439263	7
63 71.5 0.085725 0.0856754025684	20
64.5 71.5 0.2386875 0.0468688576928	8
166.5 71.5 0.240697222222 0.0878135859652	108
168 71.5 0.244387341772 0.0861541944558	79
169.5 71.5 0.241666666667 0.144448719274	9
171 71.5 0.19474375 0.0982258348145	16
172.5 71.5 0.185384615385 0.101219652622	13
174 71.5 0.122722222222 0.109774692013	18
-177 71 0.2385 NaN	1
-175.5 71 0.21492972973 0.0799940270856	37
-174 71 0.217386666667 0.0835030184798	15
-172.5 71 0.256728571429 0.0718765061954	21
-171 71 0.1985625 0.137801450766	16
-169.5 71 -0.0684 NaN	1
-168 71 0.213914285714 0.124512147046	7
-166.5 71 0.13758 0.0541603821995	5
-163.5 71 0.290175 0.115330983839	4
-153 71 0.294133333333 0.124790475064	6
-150 71 0.207116666667 0.12150191793	12
-148.5 71 0.144518181818 0.129902446614	11
-147 71 0.314466666667 0.0350060947074	6
-144 71 0.2205 NaN	1
-139.5 71 0.303505263158 0.0562266492143	19
-138 71 0.191925 0.0785089940253	8
-136.5 71 0.309233333333 0.072638442531	3
-133.5 71 0.0591 NaN	1
-91.5 71 0.268310810811 0.0664743216245	37
-90 71 0.299725 0.0739570765151	4
-67.5 71 0.0711833333333 0.089091714916	6
-66 71 0.2411375 0.119758064894	8
-64.5 71 0.20242962963 0.0629108332044	27
-63 71 0.2514 NaN	1
-61.5 71 0.10906 0.129577708988	10
-21 71 -0.0961 NaN	1
-19.5 71 0.1237 0.122514924261	7
58.5 71 -0.0648 NaN	1
61.5 71 0.11884 0.112798971627	5
63 71 0.198586666667 0.117983357583	15
64.5 71 0.1542875 0.0843183497653	8
166.5 71 0.253408823529 0.106271537217	68
168 71 0.226194117647 0.0686600623704	51
169.5 71 0.261055172414 0.0894113351164	29
171 71 0.2119 0.0629024490401	22
174 71 0.11631 0.153896246321	20
175.5 71 0.210430769231 0.157510752991	13
-178.5 70.5 0.208438461538 0.0995331229496	13
-177 70.5 0.365 0.010748023074	2
-175.5 70.5 0.282075 0.0831666170059	20
-174 70.5 0.222059183673 0.0794556659587	98
-172.5 70.5 0.19694375 0.105206273379	16
-171 70.5 0.262573076923 0.0832834848344	26
-169.5 70.5 0.20251 0.0985931533571	10
-168 70.5 0.1445875 0.157327923573	8
-145.5 70.5 0.235366666667 0.0810433423134	3
-144 70.5 0.263766666667 0.0246433222868	3
-141 70.5 0.3565 NaN	1
-139.5 70.5 0.1391 NaN	1
-138 70.5 0.2439 0.0608074008654	7
-136.5 70.5 0.2817625 0.073044271067	8
-135 70.5 0.27664 0.0666979524209	15
-133.5 70.5 0.2871 0.0400222438152	2
-132 70.5 0.3882 0.0379193881807	3
-126 70.5 0.2111 0.0463492179006	3
-123 70.5 0.1506 NaN	1
-121.5 70.5 -0.028875 0.102390148452	4
-120 70.5 0.03725 0.113510377122	8
-90 70.5 0.2404 0.08343860018	2
-66 70.5 0.120625 0.211872137149	4
-64.5 70.5 0.3827 NaN	1
-63 70.5 -0.037025 0.1366560006	4
-61.5 70.5 0.0256 NaN	1
-60 70.5 0.104766666667 0.121704669864	6
61.5 70.5 0.121966666667 0.114308763152	3
165 70.5 0.141958181818 0.0928880522774	55
166.5 70.5 0.260697777778 0.0843974888922	45
168 70.5 0.173906060606 0.0737073390994	33
169.5 70.5 0.268287878788 0.0696130993311	33
171 70.5 0.10045625 0.150109688645	16
172.5 70.5 0.262794444444 0.111223793858	18
174 70.5 0.2177 0.175171503716	15
175.5 70.5 0.148869230769 0.15889257579	13
177 70.5 0.19122 0.123948671889	20
178.5 70.5 0.26022 0.175262337654	5
-178.5 70 0.204615 0.0843789027947	20
-177 70 0.270778947368 0.0912941435322	19
-175.5 70 0.2567 0.0557998655912	5
-174 70 0.213273684211 0.101627615985	57
-172.5 70 0.237163636364 0.119678778584	22
-171 70 0.178083333333 0.147102418231	24
-169.5 70 0.231642857143 0.159155394266	7
-168 70 0.1585 0.0403050865276	2
-166.5 70 0.0752 NaN	1
-138 70 0.173422222222 0.0979537362455	9
-136.5 70 0.258118518519 0.0728171420912	27
-135 70 0.20294 0.0696239398483	5
-123 70 0.13515 0.0752126540772	4
-121.5 70 0.11055 0.0170412734266	2
-120 70 0.192622222222 0.053086080515	9
-64.5 70 0.2167 NaN	1
-60 70 0.1733 0.10111626971	2
-58.5 70 0.2277 0.025597265479	2
63 70 0.1799 0.0112481109525	3
165 70 0.120009677419 0.0764990875541	62
169.5 70 0.0599636363636 0.0978404034408	11
174 70 -0.0523555555556 0.0915483903615	9
-178.5 69.5 0.1395125 0.0583926961553	8
-175.5 69.5 0.1882 NaN	1
-174 69.5 0.25381 0.0707584851606	10
-172.5 69.5 0.226653571429 0.101701493623	56
-171 69.5 0.39955 0.0588888501048	4
-169.5 69.5 0.211789655172 0.0864492970509	29
-166.5 69.5 0.14315 0.0443355951804	2
-88.5 69.5 0.0888692307692 0.0765720726355	13
-87 69.5 0.294558974359 0.087965204598	39
-64.5 69.5 -0.0011 NaN	1
-61.5 69.5 0.154765 0.145889072045	20
-60 69.5 0.3062 NaN	1
-58.5 69.5 0.0319333333333 0.176830966368	6
-22.5 69.5 0.273628571429 0.0769689052862	7
-178.5 69 0.318130769231 0.065335140739	26
-177 69 0.3436125 0.0772241160982	8
-175.5 69 0.220328301887 0.122687491334	53
-174 69 0.1728 0.150817192172	12
-172.5 69 0.2909 0.0844711916704	10
-169.5 69 0.0429 0.0683285445476	3
-168 69 0.285425 0.0602297921061	8
-87 69 0.287736842105 0.0728255389462	19
-22.5 69 0.23791875 0.119555634016	16
-177 68.5 0.308685714286 0.0739298613255	14
-175.5 68.5 0.228817647059 0.0992652584952	17
-174 68.5 0.289566666667 0.0675986871174	9
-172.5 68.5 0.341 0.00212132034356	2
-171 68.5 0.316755882353 0.0970979580074	34
-168 68.5 0.3024 NaN	1
-66 68.5 0.1927 0.0697473655416	5
-63 68.5 0.21984 0.0785731817409	10
-174 68 0.259933333333 0.113760805871	15
-172.5 68 0.233045454545 0.0705578679332	11
-171 68 0.262814634146 0.111811116534	41
-168 68 0.23275 0.0485904311568	4
-166.5 68 0.029 NaN	1
-63 68 0.33244 0.106807363978	5
-61.5 68 0.244466666667 0.183126739355	6
-172.5 67.5 0.277005 0.0803849323076	20
-171 67.5 0.259516 0.104050134871	25
-168 67.5 0.2125 NaN	1
-166.5 67.5 0.05925 0.116260876603	8
-81 67.5 0.14925 0.020859650045	2
-61.5 67.5 -0.0308 NaN	1
-171 67 0.2067875 0.102937795884	8
-168 67 0.17055 0.110261230721	6
-166.5 67 0.227329411765 0.146222761415	17
-166.5 66.5 0.3541 NaN	1
-82.5 66.5 -0.01455 0.079832355596	2
-168 66 0.263083333333 0.0825903969398	6
-78 66 0.1007 0.118369675171	2
-81 65.5 -0.0807 NaN	1
-79.5 65 -0.1935 NaN	1
-61.5 65 -0.0832 NaN	1
-79.5 64.5 0.0813 NaN	1
-180 64 0.20855 0.106702413281	2
-175.5 64 0.1823 NaN	1
-166.5 64 -0.0596 NaN	1
-79.5 64 0.07865 0.00445477272148	2
178.5 64 0.0728333333333 0.0725731584908	3
-175.5 63.5 0.0893 NaN	1
-63 63.5 0.205333333333 0.067013157912	3
-174 63 0.00284 0.129344184253	5
-166.5 63 -0.108216666667 0.04991197919	6
-174 62.5 0.0819 0.114975562621	2
-168 62.5 0.0474 0.109976406561	5
-166.5 62.5 0.1186125 0.0945195279647	16
-91.5 62.5 0.0924 NaN	1
-88.5 62.5 0.2856 NaN	1
-174 62 -0.12845 0.0393858477121	2
-91.5 62 0.16085 0.0854772776824	10
-90 62 0.09925 0.136542319447	2
-88.5 62 0.2112 0.0251511431152	6
-87 62 0.1866 0.0138592929113	2
-166.5 61.5 0.107575 0.100348323354	16
-93 61.5 0.2086 NaN	1
-87 61.5 0.109505555556 0.0647297319832	18
-85.5 61.5 0.141604 0.100720709059	25
-168 61 0.12637 0.0976329640371	10
-91.5 61 0.2549 0.030010664771	3
-90 61 -0.1562 0.0486489465456	2
-88.5 61 0.185460526316 0.0998015721576	38
-87 61 0.00607 0.124116478	10
-85.5 61 0.155330434783 0.0818861618198	46
-84 61 0.1636675 0.0726959258461	40
-82.5 61 0.122782142857 0.10365779188	28
-94.5 60.5 0.0632 NaN	1
-93 60.5 0.1741 0.136817140739	11
-91.5 60.5 0.1765875 0.128540109823	16
-88.5 60.5 0.14734 0.0488343936176	5
-87 60.5 0.306125 0.0478608623288	8
-85.5 60.5 0.173566666667 0.119507412065	27
-84 60.5 -0.0297 NaN	1
-91.5 60 0.0803 NaN	1
-90 60 0.200653846154 0.145110226009	13
-88.5 60 0.013 0.148596877491	6
-85.5 60 0.162067857143 0.161500819981	28
-84 60 0.1982 0.106201694902	7
-82.5 60 0.159765217391 0.0697590242367	23
