lon, lat, freeboard (m), standard deviation, count
-180 81.5 0.24892 0.104723271675	120
-178.5 81.5 0.198830597015 0.0974783116249	134
-177 81.5 0.230434090909 0.104361721922	176
-175.5 81.5 0.239210638298 0.0876647456367	94
-174 81.5 0.278471328671 0.0950500406549	143
-172.5 81.5 0.225872941176 0.0742999653724	85
-171 81.5 0.225614009662 0.0869889779139	207
-169.5 81.5 0.234106666667 0.0700654836564	45
-168 81.5 0.19819047619 0.088071498822	21
-166.5 81.5 0.234515384615 0.0990706805965	26
-165 81.5 0.259008333333 0.0480115792536	12
-163.5 81.5 0.252717647059 0.114100105364	17
-162 81.5 0.245835087719 0.127011357045	57
-160.5 81.5 0.242751764706 0.100139306078	85
-159 81.5 0.243228 0.087076473638	50
-157.5 81.5 0.2287 0.137713323157	33
-156 81.5 0.21536 0.0820272316785	20
-154.5 81.5 0.205276923077 0.0726571532822	13
-153 81.5 0.12776 0.10043644978	10
-151.5 81.5 0.193108695652 0.0997671147908	23
-150 81.5 0.194938095238 0.105595021077	21
-148.5 81.5 0.204022 0.0927835143036	50
-147 81.5 0.2042 0.124985977395	23
-145.5 81.5 0.202685185185 0.116490728267	27
-144 81.5 0.183433333333 0.116760413429	75
-142.5 81.5 0.202328 0.126274717206	75
-141 81.5 0.205428125 0.149767798312	96
-139.5 81.5 0.196388 0.130830270247	125
-138 81.5 0.218704166667 0.119218335422	192
-136.5 81.5 0.210211450382 0.128906113504	131
-135 81.5 0.173750574713 0.115541684689	87
-133.5 81.5 0.180410132159 0.111236563406	227
-132 81.5 0.198327513228 0.119353034727	189
-130.5 81.5 0.193179120879 0.115448604256	182
-129 81.5 0.169555042017 0.110708736138	238
-127.5 81.5 0.202478729282 0.11645509836	362
-126 81.5 0.246652419355 0.107771633719	372
-124.5 81.5 0.270506989247 0.108584632324	372
-123 81.5 0.234443085106 0.107270536122	188
-121.5 81.5 0.2469933687 0.106830672261	377
-120 81.5 0.225926428571 0.11288812879	280
-118.5 81.5 0.255737037037 0.112846022508	351
-117 81.5 0.217351515152 0.113558634047	165
-115.5 81.5 0.194863529412 0.131055727739	85
-114 81.5 0.220691851852 0.126368380617	135
-112.5 81.5 0.190928947368 0.122462931334	76
-111 81.5 0.167697435897 0.134068190598	39
-109.5 81.5 0.2059078125 0.122029035453	64
-108 81.5 0.247902380952 0.110308558499	168
-106.5 81.5 0.188634831461 0.119595661693	89
-105 81.5 0.114362295082 0.131597481187	61
-103.5 81.5 0.247873684211 0.168776234795	76
-102 81.5 0.328732191781 0.117990214051	146
-100.5 81.5 0.276571794872 0.123221891776	195
-99 81.5 0.313322926829 0.123773685835	205
-97.5 81.5 0.343476243094 0.126405911663	362
-96 81.5 0.298725 0.153746921378	4
-9 81.5 0.06928 0.155606846465	10
-7.5 81.5 0.171536111111 0.119428010381	72
-6 81.5 0.166997641509 0.148343029982	212
-4.5 81.5 0.224689130435 0.126422612171	230
-3 81.5 0.233466666667 0.128388080255	111
-1.5 81.5 0.240759927798 0.107722821738	277
0 81.5 0.240727413127 0.125409923438	259
1.5 81.5 0.261448965517 0.121194914817	145
3 81.5 0.258641945289 0.101945910772	329
4.5 81.5 0.288483606557 0.103851943543	305
6 81.5 0.265201435407 0.112050757505	209
7.5 81.5 0.279209818182 0.116968408042	275
9 81.5 0.26036039604 0.102522394704	101
10.5 81.5 0.255596536797 0.102178324453	231
12 81.5 0.23879 0.112908283798	170
13.5 81.5 0.182770454545 0.124459612539	44
15 81.5 0.184525 0.0818794357577	16
18 81.5 0.07175 0.0776504254427	8
21 81.5 0.2016 NaN	1
22.5 81.5 0.0856 NaN	1
24 81.5 0.1038 0.0326683332908	2
25.5 81.5 0.1599 0.163112086392	12
27 81.5 0.138588888889 0.111668017405	9
28.5 81.5 0.0952615384615 0.126809946629	13
30 81.5 0.08378 0.160706617785	5
31.5 81.5 0.130892307692 0.123349148501	13
33 81.5 0.177766666667 0.144034310149	9
34.5 81.5 0.129740740741 0.111203639465	27
36 81.5 0.1974 0.095833378954	24
37.5 81.5 0.10332 0.142245793944	20
39 81.5 0.0594690909091 0.116805195332	55
40.5 81.5 0.0685019230769 0.0977144268361	52
42 81.5 0.154672 0.0958776538414	50
43.5 81.5 0.0339 0.111220155547	21
45 81.5 0.0977296296296 0.121997335453	27
46.5 81.5 0.1460125 0.079505436921	16
48 81.5 0.187844444444 0.103108909995	18
49.5 81.5 0.0743666666667 0.146387071378	6
66 81.5 0.237416666667 0.0509858575162	6
67.5 81.5 0.149566666667 0.112161356982	9
69 81.5 0.1845125 0.0529729968272	8
70.5 81.5 0.226154545455 0.148880181057	22
72 81.5 0.164084615385 0.0740322561715	26
73.5 81.5 0.103377777778 0.147595953059	18
75 81.5 0.186977777778 0.114528848678	27
76.5 81.5 0.265490909091 0.0781195040249	11
78 81.5 0.154953846154 0.14251159377	13
79.5 81.5 0.0608 0.178918833243	10
81 81.5 0.147673076923 0.111845427471	26
82.5 81.5 0.179605263158 0.143766567454	38
84 81.5 0.183197297297 0.153245602909	111
85.5 81.5 0.224814864865 0.125862451213	74
87 81.5 0.218871428571 0.138265986657	42
88.5 81.5 0.14419047619 0.0835922119863	21
90 81.5 0.102266666667 0.146138464022	6
93 81.5 0.1492125 0.145069677666	40
94.5 81.5 0.0397444444444 0.142739886779	9
97.5 81.5 0.0537 0.0360066660495	3
99 81.5 0.227492857143 0.116547796358	28
100.5 81.5 0.172533333333 0.0689054243148	9
102 81.5 0.239530952381 0.089390924099	42
103.5 81.5 0.18340106383 0.116023223013	94
105 81.5 0.199136842105 0.107756308452	57
106.5 81.5 0.136528 0.135371525116	50
108 81.5 0.184945045045 0.101877005826	111
109.5 81.5 0.150945833333 0.12028333918	48
111 81.5 0.192204878049 0.123507738525	41
112.5 81.5 0.153703947368 0.123305510491	76
114 81.5 0.143703614458 0.082907701319	83
115.5 81.5 0.192936065574 0.0920115246999	61
117 81.5 0.185333333333 0.0750270937173	33
118.5 81.5 0.172083333333 0.0881152541515	48
120 81.5 0.185811111111 0.0699502467177	36
121.5 81.5 0.169095833333 0.0764447198914	24
123 81.5 0.226165116279 0.0673714079658	43
124.5 81.5 0.259194545455 0.0669956311958	55
126 81.5 0.189985714286 0.0976934505774	21
127.5 81.5 0.18888 0.0590368274893	5
129 81.5 0.233966666667 0.03468390597	3
130.5 81.5 0.26687 0.0639655645206	10
132 81.5 0.22005 0.140643538778	2
133.5 81.5 0.189025 0.0746171282839	4
135 81.5 0.177485 0.0892935977843	20
136.5 81.5 0.204003125 0.0924438713207	32
138 81.5 0.175530232558 0.122043219384	43
139.5 81.5 0.210877272727 0.0853959457709	22
141 81.5 0.231409090909 0.0710930158953	11
142.5 81.5 0.227937837838 0.0823952309547	37
144 81.5 0.214896078431 0.0982978717181	51
145.5 81.5 0.231406315789 0.0861314616333	95
147 81.5 0.244920481928 0.0815758718498	83
148.5 81.5 0.22651559633 0.0855531545561	109
150 81.5 0.214736206897 0.1104012136	58
151.5 81.5 0.178231884058 0.109404685206	69
153 81.5 0.147591452991 0.0996580875247	117
154.5 81.5 0.185702890173 0.0969899086262	173
156 81.5 0.215154017857 0.0733067067691	224
157.5 81.5 0.257738979118 0.078596388241	431
159 81.5 0.283388452656 0.0715881013524	433
160.5 81.5 0.28990358209 0.080503267232	335
162 81.5 0.256726512968 0.0894427826935	347
163.5 81.5 0.240888690476 0.0879638972249	336
165 81.5 0.250760204082 0.0901936568806	196
166.5 81.5 0.289576470588 0.0840706918198	102
168 81.5 0.303827488152 0.078315263384	211
169.5 81.5 0.300019905213 0.0858209769117	211
171 81.5 0.281805128205 0.0868461429822	195
172.5 81.5 0.285808252427 0.0999617847948	206
174 81.5 0.274303726708 0.104378954349	161
175.5 81.5 0.271748514851 0.102194175581	101
177 81.5 0.292867096774 0.0820356986829	155
178.5 81.5 0.258664285714 0.0858770688501	126
-180 81 0.24915 0.11467970753	48
-178.5 81 0.214488073394 0.0984486947836	109
-177 81 0.218210833333 0.0915170653102	120
-175.5 81 0.262975483871 0.0952473037706	155
-174 81 0.259624358974 0.0803459884153	156
-172.5 81 0.26608115942 0.0961505856295	138
-171 81 0.230976623377 0.0811968253465	77
-169.5 81 0.267225531915 0.0580494184822	47
-168 81 0.21785 0.0221324422511	2
-166.5 81 0.222022222222 0.0907913999267	18
-165 81 0.240566666667 0.0454440681864	3
-163.5 81 0.252646153846 0.0905713035439	13
-162 81 0.247788235294 0.118194108791	17
-160.5 81 0.234447058824 0.0820355419746	17
-159 81 0.133445454545 0.159042223096	11
-157.5 81 0.209625 0.118887188947	24
-156 81 0.208215151515 0.0972520376432	33
-154.5 81 0.17165 0.0144956890143	2
-153 81 0.175885714286 0.13107427193	7
-151.5 81 0.2403 NaN	1
-150 81 0.219506666667 0.093939254435	15
-148.5 81 0.11950625 0.134546343946	32
-147 81 0.150937931034 0.118476964047	29
-145.5 81 0.13145 0.09239854668	8
-144 81 0.213045833333 0.113982008417	24
-142.5 81 0.199049230769 0.11519015681	65
-141 81 0.171239622642 0.12680185533	53
-139.5 81 0.167964285714 0.126346004147	70
-138 81 0.235848611111 0.101849687635	72
-136.5 81 0.1803675 0.12027820575	80
-135 81 0.201934453782 0.107216612232	119
-133.5 81 0.182755555556 0.103612939098	90
-132 81 0.221 0.128799915151	141
-130.5 81 0.209610294118 0.107841582222	136
-129 81 0.200778612717 0.110313530735	173
-127.5 81 0.187604316547 0.113647771946	139
-126 81 0.193285858586 0.132045360952	99
-124.5 81 0.265591304348 0.115714070769	161
-123 81 0.201605172414 0.108957623071	116
-121.5 81 0.183402013423 0.122866578081	149
-120 81 0.20146350365 0.112663654087	137
-118.5 81 0.211625242718 0.107615024537	206
-117 81 0.198208955224 0.141719369232	67
-115.5 81 0.190783950617 0.135301358508	81
-114 81 0.1653 0.164307120043	67
-112.5 81 0.179638888889 0.136839998037	54
-111 81 0.188526923077 0.162788190131	26
-109.5 81 0.159917241379 0.133603197323	29
-108 81 0.16978 0.214450775497	10
-106.5 81 0.205629032258 0.158847677968	31
-105 81 0.186509677419 0.161898674804	31
-103.5 81 0.18890952381 0.132060336545	63
-102 81 0.278466666667 0.124315032777	180
-100.5 81 0.28909 0.119044881955	200
-99 81 0.32329245283 0.150510214358	159
-97.5 81 0.29840952381 0.109238943314	42
-12 81 0.2029 0.218785260015	3
-10.5 81 0.171133333333 0.151370681882	3
-9 81 0.0178714285714 0.136310927836	7
-7.5 81 0.175373913043 0.163620406644	23
-6 81 0.215075652174 0.1179287278	115
-4.5 81 0.192530666667 0.127854766607	75
-3 81 0.217293630573 0.126301793987	157
-1.5 81 0.297178082192 0.109692008003	146
0 81 0.236526785714 0.103406469888	112
1.5 81 0.247796842105 0.112094230357	95
3 81 0.281803587444 0.0943233583638	223
4.5 81 0.286218681319 0.102318943891	182
6 81 0.290324712644 0.0894721238512	174
7.5 81 0.30560617284 0.0954168635507	162
9 81 0.286514285714 0.0725612657395	21
10.5 81 0.263949152542 0.123719424468	59
12 81 0.325657142857 0.0446838097877	7
25.5 81 0.0662111111111 0.0894177617205	9
27 81 0.25115 0.0751654508401	2
28.5 81 0.08106875 0.126527160292	16
30 81 0.185177777778 0.0640686502468	9
31.5 81 -0.04164 0.0789980477959	10
33 81 0.185875 0.160614496321	8
34.5 81 0.167941666667 0.108489844169	12
36 81 0.0815266666667 0.137148378807	15
37.5 81 0.09495 0.0684895815272	10
39 81 0.110062162162 0.101229086596	37
40.5 81 0.115406666667 0.0839901466082	45
42 81 0.127444186047 0.12278156815	43
43.5 81 0.128938461538 0.137652579213	13
67.5 81 0.329 0.0703826683211	3
69 81 -0.031 NaN	1
70.5 81 0.0932571428571 0.151837323663	7
72 81 0.131252380952 0.129084207473	21
73.5 81 0.157155 0.126263519234	20
75 81 0.250988888889 0.084891083814	9
76.5 81 0.157175 0.025157421039	4
82.5 81 0.24995 0.109351619406	4
84 81 0.242514705882 0.0825578846788	34
85.5 81 0.249269230769 0.102967349269	26
87 81 0.162492307692 0.148143003677	26
88.5 81 0.259946153846 0.0902650321312	13
99 81 0.176566666667 0.0931460680866	9
100.5 81 0.210083333333 0.128919396843	18
102 81 0.166323255814 0.117073153438	43
103.5 81 0.196945901639 0.104693335626	61
105 81 0.2921 0.0927400822576	15
106.5 81 0.149882978723 0.159749060444	47
108 81 0.146281355932 0.0960307980772	118
109.5 81 0.148785185185 0.0950906316817	27
111 81 0.20648125 0.0841376396562	48
112.5 81 0.17604375 0.115574036152	48
114 81 0.2001 0.0986065600465	20
115.5 81 0.173782608696 0.0948380996137	23
117 81 0.1989925 0.0846844077541	40
118.5 81 0.21140877193 0.0998023283451	57
120 81 0.182110714286 0.0885630570054	28
121.5 81 0.239752 0.0556213771854	25
123 81 0.25138 0.0470889265114	5
124.5 81 0.12699375 0.133849629404	16
126 81 0.138565384615 0.0969465128504	26
127.5 81 0.193473333333 0.0580172568745	15
129 81 0.193716666667 0.0957447664059	18
130.5 81 0.183428571429 0.148746156413	7
132 81 0.12515 0.119098492854	6
133.5 81 0.3098 0.115965512115	2
135 81 0.18415 0.0767159872015	14
136.5 81 0.169496 0.0973152201183	25
138 81 0.2224 0.0708983779786	12
139.5 81 0.285486363636 0.0838091669918	22
141 81 0.2035 0.0434675971271	6
142.5 81 0.1682 0.110032053181	12
144 81 0.205506666667 0.0605647052648	15
145.5 81 0.23197755102 0.0858185616706	49
147 81 0.204138095238 0.0818348722626	42
148.5 81 0.213170967742 0.0822664743118	31
150 81 0.152748 0.102214678526	50
151.5 81 0.175989333333 0.101463676863	75
153 81 0.190955223881 0.0849716481835	67
154.5 81 0.198711111111 0.101421483093	54
156 81 0.231845508982 0.0671564211703	167
157.5 81 0.241328176796 0.085477806941	181
159 81 0.281164044944 0.0708423022288	267
160.5 81 0.25026271777 0.0841596217129	287
162 81 0.255512380952 0.0841831026644	210
163.5 81 0.272350627615 0.0903262643018	239
165 81 0.289421004566 0.0767468118867	219
166.5 81 0.26548343949 0.0804966983294	157
168 81 0.277545588235 0.0737959497711	136
169.5 81 0.264560714286 0.0692067256498	112
171 81 0.25292875 0.08691865885	160
172.5 81 0.250822222222 0.100990724706	153
174 81 0.266326627219 0.0956204105708	169
175.5 81 0.269568041237 0.0857477219702	194
177 81 0.244444755245 0.0818882927524	143
178.5 81 0.294757352941 0.109472691771	68
-180 80.5 0.25054 0.0820232974288	110
-178.5 80.5 0.240328571429 0.0868391091138	119
-177 80.5 0.252895145631 0.076878516822	103
-175.5 80.5 0.268519298246 0.0841792639184	114
-174 80.5 0.264238028169 0.0673799586471	142
-172.5 80.5 0.296998 0.0714907086585	50
-171 80.5 0.27623125 0.0771614862487	48
-169.5 80.5 0.233964285714 0.0752817028249	14
-168 80.5 0.256825 0.0699759405658	32
-166.5 80.5 0.1814625 0.0803135451572	8
-163.5 80.5 0.236125 0.0403152842339	8
-162 80.5 0.22721875 0.0859831318244	16
-160.5 80.5 0.2287 0.0613051928197	7
-159 80.5 0.272766666667 0.0646901331992	3
-157.5 80.5 0.130614285714 0.0893967297261	21
-156 80.5 0.219214285714 0.110139562763	21
-154.5 80.5 0.20515 0.0824435766651	4
-153 80.5 0.25932 0.0639040452554	5
-151.5 80.5 0.222383333333 0.0869917533535	12
-150 80.5 0.2143 0.0731261163258	10
-148.5 80.5 0.181414285714 0.132220520095	14
-147 80.5 0.1466 0.152502206073	8
-145.5 80.5 0.171088235294 0.116490873475	17
-144 80.5 0.227138095238 0.106892901898	21
-142.5 80.5 0.14409375 0.103813367596	16
-141 80.5 0.254927272727 0.0799247931127	22
-139.5 80.5 0.135333333333 0.135748467149	21
-138 80.5 0.159977669903 0.109958006184	103
-136.5 80.5 0.184257671958 0.113274108828	189
-135 80.5 0.187743571429 0.112217273328	140
-133.5 80.5 0.157722641509 0.115482310567	106
-132 80.5 0.197847368421 0.129603323515	57
-130.5 80.5 0.156631884058 0.114677685779	69
-129 80.5 0.177753488372 0.122261414374	129
-127.5 80.5 0.219196183206 0.125847854054	131
-126 80.5 0.242890853659 0.107059234114	164
-124.5 80.5 0.215759139785 0.1084494094	93
-123 80.5 0.198966666667 0.107867543554	141
-121.5 80.5 0.186758035714 0.131649452385	112
-120 80.5 0.197573643411 0.13374299311	129
-118.5 80.5 0.184085294118 0.113131479977	102
-117 80.5 0.141122222222 0.144439751558	18
-115.5 80.5 0.1567775 0.170828877472	40
-114 80.5 0.105263157895 0.135716953049	19
-112.5 80.5 0.148611363636 0.119601184594	44
-111 80.5 0.01568125 0.111452316972	16
-109.5 80.5 0.183376923077 0.152582858112	13
-108 80.5 0.160994736842 0.137571740774	19
-106.5 80.5 0.205493548387 0.154424197406	62
-105 80.5 0.285094444444 0.145870854508	54
-103.5 80.5 0.2152875 0.131836143808	40
-102 80.5 0.271075757576 0.17765804413	33
-100.5 80.5 0.304784615385 0.185407095209	26
-99 80.5 0.281013636364 0.116022515448	22
-97.5 80.5 0.094 NaN	1
-15 80.5 -0.1118 NaN	1
-13.5 80.5 0.18025 0.167937860532	2
-12 80.5 0.1192 NaN	1
-10.5 80.5 0.19810952381 0.113394549714	21
-9 80.5 0.171966666667 0.187092739927	3
-7.5 80.5 0.110588888889 0.122763516754	18
-6 80.5 0.228272368421 0.114052401522	76
-4.5 80.5 0.180553333333 0.122229426353	15
-3 80.5 0.175727586207 0.120859309874	29
-1.5 80.5 0.129739622642 0.148464777407	53
0 80.5 0.277996428571 0.126635269448	28
1.5 80.5 0.196756521739 0.152121365501	23
4.5 80.5 0.326383333333 0.133394413926	6
33 80.5 0.1688375 0.0789041178991	8
37.5 80.5 0.2307 0.147292090758	5
39 80.5 0.1037125 0.110050825109	8
40.5 80.5 0.17385 0.141505022627	8
42 80.5 0.155741176471 0.096227621157	17
43.5 80.5 0.12274 0.0396189965659	10
45 80.5 0.3419 0.100974848353	2
64.5 80.5 0.1883 NaN	1
66 80.5 -0.1739 0.0181019335984	2
67.5 80.5 0.123276923077 0.18183677733	13
69 80.5 0.0103142857143 0.159195544625	7
70.5 80.5 0.114257142857 0.116099726836	21
72 80.5 0.0388818181818 0.147403044868	11
73.5 80.5 0.17147 0.0898527443469	10
75 80.5 0.124322222222 0.151752370474	9
76.5 80.5 0.118833333333 0.106365854483	9
79.5 80.5 0.1450375 0.123142425525	8
81 80.5 0.0334333333333 0.163868402486	3
82.5 80.5 0.3144 NaN	1
84 80.5 0.129023076923 0.12617167639	13
85.5 80.5 0.24372 0.0923605543509	5
87 80.5 0.18995 0.094242833503	10
88.5 80.5 0.10825 0.194525075504	2
100.5 80.5 0.2432 NaN	1
102 80.5 0.190033333333 0.108851389518	9
103.5 80.5 0.241973684211 0.101674922299	19
105 80.5 0.273366666667 0.0985916561716	6
106.5 80.5 0.135436842105 0.155211898923	19
108 80.5 0.2084 0.0427092495837	2
109.5 80.5 0.263225 0.107943023992	8
111 80.5 0.166966666667 0.135167833945	3
112.5 80.5 0.0938571428571 0.0927948248762	7
114 80.5 0.20866875 0.086508494595	32
115.5 80.5 0.0585375 0.0715233016476	8
117 80.5 0.199961538462 0.127917392214	13
118.5 80.5 0.23513 0.0916320048661	20
120 80.5 0.222009090909 0.0645501425954	11
121.5 80.5 0.0846818181818 0.121808783084	11
123 80.5 0.171910526316 0.0796083042481	19
124.5 80.5 0.162357142857 0.0943191367668	14
126 80.5 0.18629 0.080307304912	10
127.5 80.5 0.0908785714286 0.0872318853011	14
129 80.5 0.226442857143 0.0847738141199	14
130.5 80.5 0.177555555556 0.056953471435	18
132 80.5 0.223361764706 0.0802726792827	34
133.5 80.5 0.17205 0.106374266369	12
135 80.5 0.178569230769 0.0389546827441	13
136.5 80.5 0.17754 0.115742010523	5
138 80.5 0.20698 0.0210573502607	5
139.5 80.5 0.1993 0.0588000944822	10
141 80.5 0.18415 0.0438953642199	6
142.5 80.5 0.174542857143 0.111370081014	14
144 80.5 0.14286 0.12648024747	5
145.5 80.5 0.1822 0.0230331066077	6
147 80.5 0.176242857143 0.0724284211513	7
148.5 80.5 0.183522222222 0.100912347829	9
150 80.5 0.158608333333 0.0890413880491	36
151.5 80.5 0.209638709677 0.116707005438	31
153 80.5 0.159808333333 0.101896207962	12
154.5 80.5 0.14554 0.173634097211	15
156 80.5 0.198918181818 0.0696564468801	44
157.5 80.5 0.258649350649 0.0758344311874	77
159 80.5 0.269397512438 0.086281882477	201
160.5 80.5 0.282678417266 0.0836333585434	139
162 80.5 0.250989285714 0.0920810408722	168
163.5 80.5 0.23408 0.0725523249776	115
165 80.5 0.257132188841 0.100027112889	233
166.5 80.5 0.269143421053 0.090697814576	228
168 80.5 0.274553515625 0.0770882523752	256
169.5 80.5 0.271175 0.0890712362088	168
171 80.5 0.251726857143 0.0769189132599	175
172.5 80.5 0.217559302326 0.102858073981	86
174 80.5 0.210864864865 0.0887442183066	74
175.5 80.5 0.215291111111 0.0782753032636	45
177 80.5 0.256421428571 0.0990340592428	14
178.5 80.5 0.228193103448 0.0750328854928	87
-180 80 0.286486585366 0.0947906006204	82
-178.5 80 0.26463875 0.0774498669925	80
-177 80 0.1912 0.0663995481912	19
-175.5 80 0.234813636364 0.0915355048434	44
-174 80 0.187481818182 0.091516536243	44
-172.5 80 0.2314125 0.10038279318	16
-171 80 0.2341 0.0850491355309	23
-169.5 80 0.265494444444 0.0727470757223	18
-168 80 0.218183333333 0.183576185984	12
-166.5 80 0.228951612903 0.105653619187	31
-165 80 0.3198375 0.072901909391	8
-163.5 80 0.247625 0.0698874034907	4
-162 80 0.153916666667 0.100050355655	6
-160.5 80 0.20336 0.0832212893435	5
-159 80 0.2645 0.105780685067	4
-157.5 80 0.1455 NaN	1
-156 80 0.10622 0.114642127219	10
-154.5 80 0.208442857143 0.0739525040627	7
-153 80 0.13416 0.106409717601	5
-151.5 80 0.210925 0.0319488523529	4
-150 80 0.188525 0.06491293528	4
-148.5 80 0.16735 0.0798244681428	8
-147 80 0.16089375 0.0631817217107	16
-145.5 80 0.235657142857 0.0700545467747	7
-144 80 0.2772875 0.109399535615	8
-142.5 80 0.252411111111 0.134783769702	18
-141 80 0.165054545455 0.105852105844	22
-139.5 80 0.165772222222 0.132038139791	18
-138 80 0.150778125 0.123417063008	32
-136.5 80 0.188619047619 0.115125334026	63
-135 80 0.189762295082 0.102316654174	61
-133.5 80 0.151976119403 0.138200252258	67
-132 80 0.171336065574 0.102671302438	61
-130.5 80 0.22558 0.122889138133	60
-129 80 0.21730078125 0.118418349222	128
-127.5 80 0.268470833333 0.110693603817	72
-126 80 0.218520588235 0.0902499440754	68
-124.5 80 0.18538115942 0.124638731205	69
-123 80 0.252988461538 0.118173743497	104
-121.5 80 0.235566929134 0.115917192019	127
-120 80 0.199581632653 0.121477337862	49
-118.5 80 0.170936363636 0.124660230136	110
-117 80 0.153769230769 0.177903444332	52
-115.5 80 0.0874449275362 0.121366447462	69
-114 80 0.14288 0.0661189466879	10
-112.5 80 0.21858125 0.123404339301	16
-111 80 0.0835 0.181446814981	7
-109.5 80 0.177542857143 0.0917793145073	21
-108 80 0.2438 0.154348426188	7
-106.5 80 0.263774747475 0.15717710688	99
-105 80 0.329531914894 0.136703067785	47
-103.5 80 0.339932 0.126898866294	25
-102 80 0.16381 0.124943208877	10
-15 80 0.166860465116 0.0986958293603	43
-13.5 80 0.204331343284 0.117473890341	67
-12 80 0.21434 0.0445146380419	5
-10.5 80 0.3783 NaN	1
-9 80 0.1292125 0.125092268089	8
-7.5 80 0.28855 0.0485782358675	2
-6 80 0.168396875 0.101229994251	64
-4.5 80 0.0732916666667 0.120720604187	24
-3 80 0.1413 0.137403056735	7
-1.5 80 0.183989473684 0.121839525126	19
31.5 80 0.2126 NaN	1
34.5 80 0.3492 0.160088975261	2
36 80 0.2219 0.0406590703288	3
39 80 0.123383333333 0.0830409878715	6
42 80 0.223111111111 0.0926928761073	18
43.5 80 0.26465 0.173711073749	8
45 80 0.106652941176 0.116387274421	17
46.5 80 0.172566666667 0.0720752615905	3
48 80 0.243744444444 0.110303944978	9
49.5 80 0.2031 NaN	1
54 80 0.190446666667 0.0659206001475	15
55.5 80 0.189669230769 0.072637173502	13
57 80 0.2664 0.0234857403545	4
63 80 0.215841176471 0.057106502025	17
64.5 80 0.160416666667 0.10752918279	12
67.5 80 0.2027875 0.110349942553	8
70.5 80 -0.022 NaN	1
72 80 0.1734 0.11351463562	9
78 80 0.2085 0.244800367647	2
79.5 80 0.2202 0.0737030019741	9
81 80 0.198193333333 0.0671918730913	15
82.5 80 0.11544 0.0671307764208	15
84 80 0.054 0.141755299725	5
85.5 80 0.228376923077 0.097330666235	13
87 80 0.180064285714 0.0960698992893	14
88.5 80 0.200540740741 0.12869883228	27
102 80 0.0520833333333 0.136618452878	6
103.5 80 0.20408 0.0542054148587	5
105 80 0.186916666667 0.13448106806	6
106.5 80 0.178066666667 0.0872725806501	3
108 80 0.105425 0.125993761183	8
109.5 80 0.131875 0.16826862205	4
111 80 0.0952 0.0278600071787	2
112.5 80 0.1601 0.271108963334	3
114 80 0.156369230769 0.125837371136	13
115.5 80 0.252705555556 0.101603968613	18
117 80 0.14751 0.115618524563	10
118.5 80 0.28355 0.115187694655	2
120 80 0.1687 0.0488808415094	7
121.5 80 0.21 0.0183847763108	2
123 80 0.1868 NaN	1
124.5 80 0.13672 0.078450363642	10
126 80 0.216677777778 0.112215514947	27
127.5 80 0.0651076923077 0.101594163723	13
129 80 0.273375 0.0258613450282	4
130.5 80 0.20805 0.0108187337522	2
132 80 0.201914285714 0.054885469497	7
133.5 80 0.178865625 0.0798959024722	32
135 80 0.160475 0.0607200337615	4
136.5 80 0.220966666667 0.0796230023297	9
138 80 0.180266666667 0.0517330004285	3
139.5 80 0.167307142857 0.108881372513	28
141 80 0.144995833333 0.0815252133801	24
142.5 80 0.153913333333 0.109590679131	15
144 80 0.168564285714 0.0626791783259	14
145.5 80 0.163015 0.0793304499513	20
147 80 0.190222222222 0.0812924931617	9
148.5 80 0.21395 0.0583102735373	16
150 80 0.216495454545 0.0846037963646	22
151.5 80 0.173108571429 0.0902126878106	35
153 80 0.195185714286 0.0890081757139	28
154.5 80 0.143984615385 0.118879265407	13
156 80 0.187544444444 0.0898623919511	27
157.5 80 0.23833 0.0934127079149	60
159 80 0.292960606061 0.0890968501807	33
160.5 80 0.26656374269 0.0903495296125	171
162 80 0.284472881356 0.0905764329087	118
163.5 80 0.268938383838 0.0725660736313	99
165 80 0.305577536232 0.0952479369419	138
166.5 80 0.284613084112 0.105380205965	214
168 80 0.213948412698 0.0934050043491	126
169.5 80 0.239317894737 0.0879248385245	95
171 80 0.283189864865 0.111958427501	148
172.5 80 0.245546969697 0.0977980969135	66
174 80 0.195773195876 0.0798669877508	97
175.5 80 0.255112820513 0.0556289501471	39
177 80 0.239562637363 0.0806057478628	91
178.5 80 0.271778813559 0.0947658444472	118
-180 79.5 0.260135555556 0.0819864433238	45
-178.5 79.5 0.182030612245 0.114942681738	49
-177 79.5 0.1926 0.0717861236978	46
-175.5 79.5 0.215372222222 0.0922145906203	54
-174 79.5 0.191175 0.0884132075981	28
-172.5 79.5 0.151855555556 0.0922147237581	9
-171 79.5 0.113025 0.118176996493	4
-169.5 79.5 0.2671 0.0793788384899	3
-168 79.5 0.323275 0.0696202736277	4
-165 79.5 0.12355 0.0779828079344	10
-163.5 79.5 0.1728 0.0901925717562	6
-162 79.5 0.18366 0.134306707039	10
-160.5 79.5 0.24625 0.0366355428512	6
-159 79.5 0.2326 NaN	1
-157.5 79.5 0.2207 0.0707106781187	2
-156 79.5 0.248733333333 0.0722911705074	3
-154.5 79.5 -0.0121 NaN	1
-151.5 79.5 0.133666666667 0.0195592262969	3
-148.5 79.5 0.1656 0.0776069799266	7
-147 79.5 0.165219230769 0.0980137827828	26
-145.5 79.5 0.163366666667 0.0178149749743	3
-144 79.5 0.1811 0.168857099347	2
-142.5 79.5 0.138155555556 0.107746416543	9
-141 79.5 0.146766666667 0.139827294835	15
-139.5 79.5 0.209535294118 0.158176005375	17
-138 79.5 0.144729032258 0.1459627651	31
-136.5 79.5 0.185514285714 0.101789450758	21
-135 79.5 0.150554347826 0.13856612975	46
-133.5 79.5 0.185155555556 0.118881108291	18
-132 79.5 0.2163875 0.0858830590903	32
-130.5 79.5 0.162591666667 0.0843410824474	24
-129 79.5 0.195123809524 0.105700142387	105
-127.5 79.5 0.208419047619 0.121554423803	84
-126 79.5 0.193607317073 0.101060810175	82
-124.5 79.5 0.115207272727 0.125199417012	55
-123 79.5 0.201851162791 0.13960287604	86
-121.5 79.5 0.220865137615 0.125925005883	109
-120 79.5 0.200739325843 0.125895584096	89
-118.5 79.5 0.0656125 0.0645872928126	8
-117 79.5 0.109707272727 0.136946569541	55
-115.5 79.5 0.128414285714 0.157942616664	28
-114 79.5 0.151652941176 0.174490189974	17
-112.5 79.5 0.237797727273 0.141923370232	44
-111 79.5 0.180941666667 0.184642978455	24
-109.5 79.5 0.127145 0.100908517584	20
-108 79.5 0.128206451613 0.122156115785	31
-106.5 79.5 0.23479 0.173710253328	10
-105 79.5 0.23617 0.074610083471	10
-103.5 79.5 0.160589473684 0.136186044703	19
-102 79.5 0.223992857143 0.130242881169	28
-70.5 79.5 0.0552 NaN	1
-69 79.5 0.2721 NaN	1
-15 79.5 0.418736263736 0.213871038254	91
-13.5 79.5 0.400023170732 0.159574882224	82
-12 79.5 0.00923333333333 0.142174587509	3
-10.5 79.5 -0.0509 NaN	1
-7.5 79.5 0.232853846154 0.137586346315	13
-6 79.5 0.181028571429 0.189988224042	14
-4.5 79.5 0.163197058824 0.120807584262	34
-3 79.5 0.193341666667 0.138241241434	12
-1.5 79.5 0.191623809524 0.0967370399835	21
30 79.5 0.3759 NaN	1
31.5 79.5 0.132266666667 0.152572682133	3
33 79.5 0.0691714285714 0.117655765042	7
36 79.5 0.0910944444444 0.0863102847953	18
37.5 79.5 0.111 0.0957086725433	7
39 79.5 -0.07965 0.0286378246381	2
40.5 79.5 0.20604 0.0877853233747	5
43.5 79.5 0.06495 0.123092390775	4
45 79.5 0.3388 NaN	1
46.5 79.5 0.224591666667 0.129919642705	12
48 79.5 0.228575 0.0599675840464	12
49.5 79.5 0.25061 0.123932216689	10
51 79.5 0.195911764706 0.0894888322806	17
54 79.5 0.2588 NaN	1
55.5 79.5 0.14605 0.102626845632	10
57 79.5 0.188033802817 0.087750721517	71
58.5 79.5 0.180020588235 0.0846934678867	34
60 79.5 0.196370833333 0.0702308830815	24
61.5 79.5 0.1780875 0.0543340313642	8
63 79.5 0.22135 0.0287792459943	2
64.5 79.5 0.25858 0.0616209947989	5
66 79.5 0.19055 0.0700288273975	4
67.5 79.5 0.15718 0.0719755305642	5
69 79.5 -0.0723 NaN	1
70.5 79.5 0.0691166666667 0.146715771704	6
72 79.5 0.1834 NaN	1
82.5 79.5 0.164766666667 0.0996004183391	3
84 79.5 0.208033333333 0.118706374443	3
87 79.5 0.237172727273 0.0860466628163	11
90 79.5 0.1468 0.127624527423	6
105 79.5 0.217133333333 0.157743541865	9
106.5 79.5 0.108657142857 0.112072429811	7
112.5 79.5 0.291957142857 0.0631961459042	7
115.5 79.5 0.2846 NaN	1
117 79.5 0.144133333333 0.134070777328	3
118.5 79.5 0.2841 0.0922502574522	3
121.5 79.5 0.2505 0.0803273303428	2
123 79.5 0.178466666667 0.0632013712931	3
124.5 79.5 0.2392 0.0222771631946	6
126 79.5 0.213 NaN	1
127.5 79.5 0.2537375 0.0653999767912	8
129 79.5 0.1803 0.0527122084823	14
130.5 79.5 0.2497 0.143789081644	5
132 79.5 0.1723 NaN	1
133.5 79.5 0.190613333333 0.0805800832062	15
135 79.5 0.243614285714 0.0845208472885	14
136.5 79.5 0.171368181818 0.0983631531203	22
138 79.5 0.233482352941 0.0810952775698	17
139.5 79.5 0.163834615385 0.0948400672387	26
141 79.5 0.138441666667 0.10421841975	12
142.5 79.5 0.215142857143 0.0817543917562	21
144 79.5 0.13496 0.135103378936	5
145.5 79.5 0.17085 0.0846068503753	24
147 79.5 0.2466 0.0671063606252	12
148.5 79.5 0.17535 0.0710449985445	12
150 79.5 0.19035 0.0953491864304	18
151.5 79.5 0.183981818182 0.0863066770929	22
153 79.5 0.0909888888889 0.170629514185	9
154.5 79.5 0.142495454545 0.0887726924833	22
156 79.5 0.115807692308 0.0791776847933	13
157.5 79.5 0.246484210526 0.0804202383536	19
159 79.5 0.167818181818 0.102759996091	22
160.5 79.5 0.212205555556 0.0844770729232	18
162 79.5 0.229055172414 0.0893572348426	29
163.5 79.5 0.294656962025 0.0851435630516	79
165 79.5 0.297966363636 0.0949417303453	110
166.5 79.5 0.275608695652 0.125865650525	69
168 79.5 0.258602666667 0.0952676286777	75
169.5 79.5 0.182468181818 0.106207989986	88
171 79.5 0.23774137931 0.0756110065688	87
172.5 79.5 0.241252040816 0.0843036561431	98
174 79.5 0.216990909091 0.0701294370616	77
175.5 79.5 0.263398095238 0.0936598592093	105
177 79.5 0.216145454545 0.0908511777056	44
178.5 79.5 0.235375675676 0.0715774072262	37
-180 79 0.19296 0.0833907428915	10
-178.5 79 0.26113 0.0862695523732	10
-177 79 0.118985 0.0948073685511	20
-175.5 79 0.119366666667 0.105517620961	21
-174 79 0.254183333333 0.0974801603746	6
-172.5 79 0.232331578947 0.0639228185013	19
-171 79 0.113 0.108569010311	9
-168 79 0.18795 0.08257191142	10
-165 79 0.16745 0.127915616717	2
-163.5 79 0.16658 0.12470557147	10
-162 79 0.230766666667 0.101483069195	3
-160.5 79 0.228614285714 0.0841835777447	7
-159 79 0.3047 0.0309555595438	4
-157.5 79 0.2672 NaN	1
-154.5 79 0.148866666667 0.156542944055	3
-150 79 0.2881 NaN	1
-148.5 79 0.195457142857 0.0473798078349	7
-147 79 0.15025625 0.120551515786	16
-145.5 79 0.11176 0.128052754754	5
-144 79 0.22195 0.0129400540957	2
-142.5 79 0.259966666667 0.114883413366	6
-141 79 0.255483333333 0.045035160338	6
-139.5 79 0.225816666667 0.109100328444	6
-138 79 0.170986666667 0.145126072614	15
-136.5 79 0.157044444444 0.131477147359	9
-135 79 0.142746153846 0.124012321433	52
-133.5 79 0.208022222222 0.155644156117	27
-132 79 0.133851724138 0.121665538673	29
-130.5 79 0.201242857143 0.112752026857	14
-129 79 0.206948648649 0.0968127764227	37
-127.5 79 0.21735 0.0873174667521	24
-126 79 0.235880851064 0.11394495551	47
-124.5 79 0.206510526316 0.124915915554	57
-123 79 0.174584375 0.115751636398	128
-121.5 79 0.177424175824 0.110115111831	91
-120 79 0.219165517241 0.127673935781	58
-118.5 79 0.192905769231 0.134546557892	52
-117 79 0.2476648 0.112246237279	125
-115.5 79 0.122771428571 0.110961181213	14
-114 79 0.185704166667 0.151497640903	24
-112.5 79 0.209828571429 0.130116884369	28
-111 79 0.234473076923 0.162194279943	26
-109.5 79 0.224559090909 0.137584542526	22
-108 79 0.23077254902 0.141204136028	51
-73.5 79 -0.0849 0.101823376491	2
-72 79 0.18405 0.00657609306504	2
-16.5 79 0.280325 0.171896586909	12
-15 79 0.463907407407 0.137619746625	54
-13.5 79 0.334338461538 0.159836381625	78
-12 79 0.163261904762 0.0738627069379	21
-10.5 79 0.197333333333 0.0654279247213	3
-9 79 0.23275 0.124097240098	2
-7.5 79 0.110892857143 0.215094496101	14
-6 79 0.180876470588 0.104704868138	17
-4.5 79 0.209085185185 0.134082832331	27
33 79 0.1249 0.0883180615729	19
34.5 79 0.136523076923 0.0881147561786	13
36 79 0.182766666667 0.19503764423	6
37.5 79 -0.04575 0.039292789839	4
39 79 0.2674125 0.0506888107546	8
40.5 79 0.0529 0.0989921545713	4
45 79 0.0702 0.141764146854	7
46.5 79 0.1906 0.124449668541	3
48 79 0.1679125 0.0856999656193	8
49.5 79 0.07647 0.152686760322	10
51 79 0.1248 0.0311126983722	2
52.5 79 0.145857142857 0.150225284791	7
54 79 0.20654 0.0635157933116	10
55.5 79 0.1508625 0.159667412701	8
57 79 0.2132 0.0609351880514	8
58.5 79 0.200981818182 0.0633374741868	11
61.5 79 0.31745 0.0486052466304	4
63 79 0.193614285714 0.0620226149231	7
64.5 79 0.177781818182 0.11579744227	11
66 79 0.271946666667 0.0633505988997	15
67.5 79 0.15665 0.119679609149	14
69 79 0.1951 0.0521087564618	9
70.5 79 0.164323076923 0.195765587518	13
72 79 0.2644 0.105432964485	3
76.5 79 0.18425 0.0499924494299	2
78 79 0.1862 0.0721361213263	6
79.5 79 0.168757894737 0.100639849164	19
81 79 0.17715 0.0499924494299	2
82.5 79 0.138103846154 0.145917501297	26
84 79 0.08015 0.207598870421	6
85.5 79 0.20383125 0.0519285498706	16
87 79 0.134375 0.0749114064465	20
88.5 79 0.105255555556 0.11621270489	9
90 79 0.0823666666667 0.0893610373709	9
91.5 79 0.17966122449 0.101712412829	49
93 79 0.18405 0.121309270653	42
94.5 79 0.1607 0.0970553244289	21
106.5 79 0.212433333333 0.139355528535	3
112.5 79 0.223835714286 0.0930312818121	14
114 79 0.215266666667 0.0640517238904	3
115.5 79 0.09196 0.165456861447	5
117 79 0.2633 0.0638977307891	3
123 79 0.23595 0.12483296268	8
124.5 79 0.22635 0.0145222817307	4
126 79 0.206025 0.061787949588	8
129 79 0.276475 0.0337243341563	8
130.5 79 0.219366666667 0.0793075718477	15
132 79 0.12885 0.135088466898	10
133.5 79 0.151914285714 0.134104467097	7
135 79 0.3364 0.0741047906684	2
136.5 79 0.206478571429 0.0518984834308	14
138 79 0.203625 0.0301030867742	4
139.5 79 0.109975 0.0965859332408	4
141 79 0.24675 0.117506935965	8
142.5 79 0.181355882353 0.0965280841256	34
144 79 0.2287 0.138536168563	3
145.5 79 0.160807692308 0.0613507058033	13
147 79 0.200923076923 0.0623036001347	13
148.5 79 0.211771428571 0.0492688107659	7
150 79 0.22009 0.0552304153323	10
151.5 79 0.19775 0.0521470448416	8
153 79 0.180483333333 0.0662380681079	6
154.5 79 0.173413333333 0.106080258475	15
156 79 0.186106666667 0.0565805553003	15
157.5 79 0.114995238095 0.109713984871	21
159 79 0.210909090909 0.109577711735	11
160.5 79 0.139603030303 0.102823050324	33
162 79 0.162410526316 0.0875625230255	19
163.5 79 0.210516363636 0.100124522034	55
165 79 0.245512048193 0.114136149334	83
166.5 79 0.261867741935 0.0885855995665	62
168 79 0.229972307692 0.104233692531	65
169.5 79 0.225221621622 0.127270890307	37
171 79 0.179059259259 0.1418497804	27
172.5 79 0.235642857143 0.096162951496	42
174 79 0.258282758621 0.0791319425705	29
175.5 79 0.189402 0.119243849779	50
177 79 0.219626315789 0.0814750939593	19
178.5 79 0.214641666667 0.0602444031098	12
-180 78.5 0.19249245283 0.0855465749192	53
-178.5 78.5 0.205786956522 0.0765671321862	23
-177 78.5 0.176390909091 0.0883527988027	22
-175.5 78.5 0.176742105263 0.112656322581	19
-174 78.5 0.168427777778 0.0681404328925	18
-172.5 78.5 0.0865615384615 0.0764945917311	13
-171 78.5 0.2036625 0.0951313399114	16
-169.5 78.5 0.0421 0.110025815153	2
-168 78.5 0.18695 0.00219203102168	2
-166.5 78.5 0.186775 0.06940995966	4
-165 78.5 0.140053333333 0.160011150802	15
-163.5 78.5 0.1909125 0.13331808834	8
-162 78.5 0.17287 0.0971911181356	10
-160.5 78.5 0.16474 0.0204270164243	5
-159 78.5 0.1856 NaN	1
-157.5 78.5 0.22809 0.130977431898	10
-150 78.5 0.2208 NaN	1
-148.5 78.5 0.193845454545 0.0817330015953	22
-147 78.5 0.197514285714 0.069547934296	14
-145.5 78.5 0.106 0.0759606312507	17
-144 78.5 0.197390909091 0.0809304325275	11
-142.5 78.5 0.13185 0.117408716031	26
-141 78.5 0.194538461538 0.110770685931	26
-139.5 78.5 0.22521 0.13116725074	10
-138 78.5 0.1093 0.180196254123	3
-136.5 78.5 0.14835 0.138581885541	6
-135 78.5 0.18665 0.0960195405837	24
-133.5 78.5 0.135063043478 0.106788547781	46
-132 78.5 0.178502941176 0.0928485521021	34
-130.5 78.5 0.179186666667 0.104703423785	15
-129 78.5 0.133563333333 0.151187810773	30
-127.5 78.5 0.211458064516 0.11414848389	93
-126 78.5 0.1483975 0.148233759412	40
-124.5 78.5 0.124783333333 0.122621312588	42
-123 78.5 0.135071698113 0.139634918734	53
-121.5 78.5 0.190622222222 0.136969757593	45
-120 78.5 0.152485365854 0.119586179599	82
-118.5 78.5 0.199238709677 0.157119796498	31
-117 78.5 0.187696875 0.142926411213	32
-115.5 78.5 0.236992424242 0.136411759374	66
-106.5 78.5 0.2123625 0.0787073302389	16
-16.5 78.5 0.317428571429 0.209712679976	21
-15 78.5 0.214966666667 0.134234328694	9
-13.5 78.5 0.15234 0.126809514627	5
-12 78.5 0.1805 NaN	1
-10.5 78.5 0.1603 0.186110504808	2
-9 78.5 0.176652173913 0.11258633806	23
-7.5 78.5 0.161233333333 0.179454737097	6
-6 78.5 0.1008 0.119783888733	2
24 78.5 0.227138461538 0.0611242251275	13
25.5 78.5 0.0975909090909 0.123160898458	11
27 78.5 -0.0729 NaN	1
28.5 78.5 0.133856321839 0.0850403197137	87
30 78.5 0.0995 0.221927916225	3
31.5 78.5 0.111036 0.0884669565431	25
33 78.5 0.0563235294118 0.125134720049	17
34.5 78.5 0.122922222222 0.0872397669899	9
36 78.5 0.18259 0.0969813091958	10
39 78.5 0.16065 0.0675991969521	8
40.5 78.5 0.1785 NaN	1
42 78.5 0.0832272727273 0.139340303508	11
45 78.5 -0.0582666666667 0.154328686035	3
46.5 78.5 0.30745 0.120420284836	2
49.5 78.5 0.181692857143 0.131656730023	14
51 78.5 0.2186 NaN	1
52.5 78.5 0.190716666667 0.0838268977589	12
55.5 78.5 0.136436363636 0.15206986074	11
58.5 78.5 0.2147 NaN	1
60 78.5 0.13405 0.0557907250356	2
61.5 78.5 0.198457142857 0.120943014917	7
63 78.5 0.178357142857 0.138554909177	7
64.5 78.5 0.189071428571 0.0616393465866	7
66 78.5 -0.1852 NaN	1
67.5 78.5 0.2546 NaN	1
69 78.5 0.02828 0.19248610859	5
70.5 78.5 -0.0984 NaN	1
72 78.5 0.1381 0.120966978965	3
73.5 78.5 0.245933333333 0.12761888575	9
75 78.5 0.0704625 0.151656415601	8
76.5 78.5 0.0855666666667 0.134661986717	6
78 78.5 0.156222222222 0.125702294905	9
79.5 78.5 0.206413333333 0.0922617926389	15
81 78.5 0.155347058824 0.136320477725	17
82.5 78.5 0.264035714286 0.0821436509756	14
85.5 78.5 0.206675 0.0281691764168	4
87 78.5 0.246025 0.0861916925065	8
88.5 78.5 0.2896 NaN	1
90 78.5 0.17145 0.111875213221	4
91.5 78.5 0.152977142857 0.118353352013	35
93 78.5 0.1561 0.101441287525	55
94.5 78.5 0.198669565217 0.137727324267	23
96 78.5 0.200991428571 0.0943562877715	35
97.5 78.5 0.13905 0.11575338008	2
99 78.5 0.1154 NaN	1
109.5 78.5 -0.0513 0.138168665044	2
111 78.5 0.2993 0.1383100864	2
112.5 78.5 0.2575 0.0253572474847	3
115.5 78.5 0.178433333333 0.0763485647104	3
117 78.5 0.24377 0.0748801865204	10
118.5 78.5 0.3149 NaN	1
120 78.5 0.199416666667 0.207802958753	6
123 78.5 0.09674 0.107506339348	5
127.5 78.5 0.20575 0.0864319578243	4
129 78.5 0.0872 0.0872569767984	2
130.5 78.5 0.2446 0.0254962742376	4
132 78.5 0.197766666667 0.0844408704719	12
133.5 78.5 0.222469230769 0.0401681753095	13
136.5 78.5 0.324 NaN	1
138 78.5 0.3496 NaN	1
141 78.5 0.132857142857 0.116955188814	7
142.5 78.5 0.1486 0.0702799639537	13
144 78.5 0.116173333333 0.121150587916	15
145.5 78.5 0.242225 0.0655097928141	12
147 78.5 0.2165 0.0539693122679	4
148.5 78.5 0.20815 0.048840710478	6
150 78.5 0.227863636364 0.0595707860067	11
151.5 78.5 0.2136 0.0782565560923	15
153 78.5 0.155175 0.0440968158336	4
154.5 78.5 0.215483333333 0.0924452576754	6
156 78.5 0.176379166667 0.0764931368286	24
157.5 78.5 0.179009090909 0.113037304879	22
159 78.5 0.204941666667 0.0976387570796	24
160.5 78.5 0.178578125 0.130343142003	32
162 78.5 0.0757266666667 0.10574661404	15
163.5 78.5 0.142907692308 0.14324005005	26
165 78.5 0.217006024096 0.0850382687876	83
166.5 78.5 0.291828205128 0.0898451444042	39
168 78.5 0.302134210526 0.0930763293255	76
169.5 78.5 0.2251125 0.0961041024098	16
171 78.5 0.0449 NaN	1
174 78.5 0.18715 0.0832877942238	4
175.5 78.5 0.238588 0.0896584273786	25
177 78.5 0.203104651163 0.0749785650433	43
178.5 78.5 0.1946 0.0782450900546	18
-180 78 0.193351428571 0.0873805045272	35
-178.5 78 0.179834615385 0.0700302959714	26
-175.5 78 0.180393333333 0.0875060689052	15
-174 78 0.178375 0.113244348645	4
-172.5 78 0.207066666667 0.171144807108	9
-171 78 0.133975 0.137070146276	8
-169.5 78 0.14756 0.0797127216948	5
-165 78 0.134166666667 0.126474358403	3
-163.5 78 0.210395454545 0.0827381323803	22
-157.5 78 0.233716666667 0.0876499039741	6
-156 78 0.1951 0.0700222821679	6
-154.5 78 0.183614285714 0.061744188082	7
-153 78 0.216325 0.119552760319	4
-151.5 78 0.1571 0.029174303762	4
-150 78 0.1438 NaN	1
-148.5 78 0.23815 0.0453255446741	2
-147 78 0.2313 0.0758214538053	15
-145.5 78 0.168385714286 0.100961003787	21
-144 78 0.290611111111 0.0454925115938	9
-142.5 78 0.179081818182 0.109736683264	22
-141 78 0.128683333333 0.103937739376	6
-139.5 78 0.109558333333 0.131427950938	12
-138 78 0.24224 0.0835923321842	5
-136.5 78 0.144533333333 0.0926658471648	27
-135 78 0.1375375 0.0878580988624	8
-133.5 78 0.0766 NaN	1
-132 78 0.229833333333 0.184311092088	6
-130.5 78 0.166986486486 0.138558832595	37
-129 78 0.160378787879 0.151528031148	33
-127.5 78 0.143906666667 0.13588940277	60
-126 78 0.234171794872 0.101011192576	39
-124.5 78 0.194708333333 0.0987863215169	24
-123 78 0.169268571429 0.118411676619	35
-121.5 78 0.175566666667 0.150307312647	18
-120 78 0.218736842105 0.133052254608	19
-118.5 78 0.216859259259 0.129412225256	27
-117 78 0.261394285714 0.104844298964	35
-115.5 78 0.261875 0.130582958944	4
-15 78 0.19485 0.137945971308	6
-13.5 78 0.205 0.0219203102168	2
-12 78 0.2212 0.153094774568	3
-10.5 78 0.0145 0.0776403245743	2
-9 78 0.15855 0.22026376234	2
-7.5 78 0.218971428571 0.137892841418	7
25.5 78 0.24935 0.0053033008589	2
27 78 0.13478 0.0367400598802	5
28.5 78 0.15157 0.043210853832	10
30 78 -0.1458 NaN	1
31.5 78 0.069075 0.109257363696	24
33 78 0.2181 NaN	1
34.5 78 0.17388 0.136158704786	10
36 78 0.269233333333 0.0169512044803	3
66 78 0.28055 0.00742462120246	2
70.5 78 0.04034 0.224162458944	5
72 78 0.05202 0.096515656761	5
73.5 78 0.19616 0.13523667402	5
75 78 0.185933333333 0.0318850016988	3
76.5 78 0.182388888889 0.0829146616173	9
79.5 78 0.15694 0.10082989636	5
81 78 0.139976 0.136432826206	25
82.5 78 0.124775 0.104047180804	4
84 78 0.24004 0.110862541014	5
85.5 78 0.1604 0.0664570538017	7
87 78 0.255 NaN	1
90 78 0.1801 NaN	1
91.5 78 0.1251 NaN	1
93 78 0.1773 NaN	1
94.5 78 0.201 0.0217788888605	2
96 78 0.218288888889 0.126343702301	9
97.5 78 0.23136 0.105307373911	5
99 78 0.09265 0.112541898864	6
109.5 78 0.0933181818182 0.148370615812	11
111 78 0.1511 0.119937254429	5
112.5 78 0.172433333333 0.0874616182486	6
121.5 78 0.266 NaN	1
126 78 0.0874 NaN	1
127.5 78 0.1729 NaN	1
129 78 0.23415 0.0592545075641	4
132 78 0.215 NaN	1
142.5 78 0.196766666667 0.0593216936148	3
144 78 0.203255555556 0.135751234903	9
145.5 78 0.2101 0.0392370360756	5
147 78 0.274513333333 0.093127814371	15
148.5 78 0.206644444444 0.0658764963988	9
150 78 0.219414285714 0.0836448529712	7
151.5 78 0.25675 0.0782767206774	2
153 78 0.169322222222 0.0646037301125	9
154.5 78 0.21909 0.0876528117849	30
156 78 0.2594375 0.0457494316905	16
157.5 78 0.218436842105 0.0919718025057	19
159 78 0.163295238095 0.111003042644	21
160.5 78 0.132618181818 0.0797651414096	33
162 78 0.189815384615 0.0673134084254	26
163.5 78 0.268758823529 0.0917875185205	34
165 78 0.243352845528 0.0948077851175	123
166.5 78 0.255028070175 0.0695905236631	57
168 78 0.259795 0.0995003013748	20
169.5 78 0.14515 0.0975100251256	2
171 78 0.217180769231 0.0579809694243	26
172.5 78 0.083825 0.151491458977	8
174 78 0.12861 0.0985501051355	10
175.5 78 0.200938709677 0.0843423605607	31
177 78 0.2022 0.0611319594859	18
178.5 78 0.172802272727 0.0821796938893	44
-180 77.5 0.191391666667 0.0872391223574	12
-178.5 77.5 0.174086666667 0.131051052575	15
-177 77.5 0.259225 0.138069967166	4
-175.5 77.5 0.119425 0.168873372186	4
-174 77.5 0.07782 0.0878944935704	5
-172.5 77.5 0.28655 0.122824447892	2
-166.5 77.5 0.0558 0.0176776695297	2
-162 77.5 0.16835 0.0256679761571	2
-159 77.5 0.2186 NaN	1
-157.5 77.5 0.1565 0.0060811183182	2
-156 77.5 0.222921428571 0.0748396252362	14
-154.5 77.5 0.1966 NaN	1
-153 77.5 0.21385 0.106985255994	2
-151.5 77.5 0.10785 0.0853477884892	2
-150 77.5 0.1784 NaN	1
-148.5 77.5 0.197807692308 0.0652593730374	13
-147 77.5 0.197291666667 0.0616067065171	12
-145.5 77.5 0.2461 0.109037012065	3
-144 77.5 0.2368 0.0448271123317	3
-142.5 77.5 0.209314285714 0.0788660135625	7
-141 77.5 0.130866666667 0.127368975814	36
-139.5 77.5 0.194823809524 0.100897001466	21
-138 77.5 0.121022222222 0.0932283188974	9
-136.5 77.5 0.1121375 0.145655680173	16
-135 77.5 0.1626625 0.0957653521822	8
-133.5 77.5 0.119328 0.140916312399	25
-132 77.5 0.219871428571 0.0691241085364	7
-130.5 77.5 0.200122222222 0.12135581886	18
-129 77.5 0.218464285714 0.10326450114	28
-127.5 77.5 0.15661875 0.119397081029	16
-126 77.5 0.231164583333 0.126109168326	48
-124.5 77.5 0.191293548387 0.120878506321	31
-123 77.5 0.13325483871 0.149935939296	31
-121.5 77.5 0.184911111111 0.0937515357608	18
-120 77.5 0.242082352941 0.0762206110191	17
-118.5 77.5 0.158266666667 0.158312675845	3
-16.5 77.5 0.2155 0.0164048773235	2
-15 77.5 0.0801666666667 0.194336817579	6
-13.5 77.5 0.1938 NaN	1
-12 77.5 0.2993 NaN	1
-10.5 77.5 0.0767294117647 0.10494893261	17
-9 77.5 0.141022222222 0.0913943075057	9
-7.5 77.5 0.248078571429 0.069431174317	14
-6 77.5 0.317114285714 0.0562736891916	7
25.5 77.5 0.3057 NaN	1
28.5 77.5 0.157515384615 0.0653024609816	13
70.5 77.5 0.245366666667 0.0671522399726	3
72 77.5 0.2919 0.0124450793489	2
73.5 77.5 0.19164 0.0283287486487	5
75 77.5 0.30405 0.0823073305767	4
76.5 77.5 0.1995 0.119759585559	13
78 77.5 0.09675 0.218347559333	4
79.5 77.5 0.111877777778 0.0484792166237	9
81 77.5 0.286866666667 0.0564631148037	3
84 77.5 0.211044444444 0.0809236694532	9
85.5 77.5 0.140083333333 0.0632822697654	6
87 77.5 0.17073125 0.111288739884	16
88.5 77.5 0.1182625 0.163802624587	8
93 77.5 0.2649 0.0430031394203	3
94.5 77.5 0.144627272727 0.188234083475	11
96 77.5 0.11 0.162631731221	4
97.5 77.5 0.092137037037 0.0776068352865	27
99 77.5 0.123815384615 0.105783062965	13
111 77.5 0.081 0.0261629509039	2
112.5 77.5 0.0800692307692 0.074171258861	13
115.5 77.5 0.1 NaN	1
127.5 77.5 0.212 NaN	1
132 77.5 0.2418 0	2
133.5 77.5 0.2482 0.0363818636136	3
135 77.5 0.231585714286 0.105383133195	7
136.5 77.5 0.0041 NaN	1
141 77.5 0.323 NaN	1
144 77.5 0.04 NaN	1
145.5 77.5 0.255406666667 0.0526670467135	15
147 77.5 0.174166666667 0.081639839131	3
148.5 77.5 0.16605 0.0559087599974	10
150 77.5 0.306742857143 0.0801261267657	7
151.5 77.5 0.127525 0.067944309303	4
153 77.5 0.2363 0.0667203717016	6
154.5 77.5 0.258625 0.0305049039773	4
156 77.5 0.2057 0.0535986940139	2
157.5 77.5 0.2513 0.0497803173955	2
159 77.5 0.157196153846 0.100341012476	26
160.5 77.5 0.106928571429 0.171991537721	7
162 77.5 0.17654516129 0.111118545823	31
163.5 77.5 0.237585714286 0.0617367822754	21
165 77.5 0.233143478261 0.0763952927279	23
166.5 77.5 0.237103846154 0.0886774436062	52
168 77.5 0.279094594595 0.0769881302032	37
169.5 77.5 0.217314285714 0.0995387098666	7
171 77.5 0.179645454545 0.0728266072756	11
172.5 77.5 0.214676923077 0.0980930608644	13
174 77.5 0.240375 0.0813897371797	12
175.5 77.5 0.199794444444 0.0642144978336	18
177 77.5 0.240259375 0.0854086975957	64
178.5 77.5 0.196015789474 0.0741077248274	38
-180 77 0.2741 0.0380423448278	2
-178.5 77 0.186233333333 0.0371523171103	6
-177 77 0.209316666667 0.0410993146739	6
-175.5 77 0.1075 NaN	1
-174 77 0.200292857143 0.120699094792	14
-171 77 0.0792 0.221607265224	2
-166.5 77 0.2375 0.111275648729	3
-163.5 77 0.24425 0.00502045814642	2
-159 77 0.1446 0.00806101730553	2
-157.5 77 0.22766 0.0741561745388	10
-156 77 0.161785714286 0.0811148365177	14
-154.5 77 0.190833333333 0.0583174281347	12
-151.5 77 0.203866666667 0.0751038392272	6
-150 77 0.247111111111 0.0659341043096	9
-148.5 77 0.139233333333 0.0498292149915	6
-147 77 0.251 NaN	1
-145.5 77 0.0433 0.152452222024	2
-144 77 0.140463636364 0.0958019339338	11
-142.5 77 0.172388888889 0.100478473372	9
-141 77 0.219428571429 0.10664876521	14
-139.5 77 0.19665 0.13294525843	24
-138 77 0.198555555556 0.0667796396949	9
-136.5 77 0.16688125 0.11333051133	32
-135 77 0.228776923077 0.183681105696	13
-133.5 77 0.27216 0.0841031535939	10
-132 77 0.17200625 0.127459930795	16
-130.5 77 0.22423 0.204581578675	10
-129 77 0.242833333333 0.101970338825	9
-127.5 77 0.185504761905 0.0879115321001	21
-126 77 0.199369387755 0.134594253227	49
-124.5 77 0.1308 0.141710046415	52
-123 77 0.17605625 0.146890068761	48
-121.5 77 0.18866 0.170806097666	5
-75 77 0.11375 0.153371460839	2
-16.5 77 0.109216666667 0.168494930685	6
-15 77 0.2639 0.279731442637	2
-12 77 0.255 NaN	1
-10.5 77 0.0482 NaN	1
-9 77 0.152193333333 0.148368688777	15
-7.5 77 0.1346625 0.142977354267	16
-6 77 0.178 NaN	1
27 77 0.138266666667 0.0174242168643	3
34.5 77 -0.02295 0.154927095758	2
69 77 0.3278 NaN	1
75 77 0.3133 0.0693206679137	9
76.5 77 0.0857 0.131059576148	9
78 77 0.16175 0.198903522916	8
79.5 77 0.27662 0.109603932411	5
81 77 0.1523625 0.115301318757	8
82.5 77 0.21194 0.0607516108611	10
84 77 0.19485 0.0431408932066	4
85.5 77 0.199965 0.104521134982	20
87 77 0.2621 NaN	1
90 77 0.0112666666667 0.169157687775	3
91.5 77 0.241436363636 0.06859219012	11
93 77 0.245333333333 0.0635180551759	3
94.5 77 0.1799 0.198845216186	4
109.5 77 0.1872 0.137141838984	6
115.5 77 0.268266666667 0.0295645621198	3
117 77 0.19066 0.0744404661458	5
118.5 77 0.3238 0.00551543289326	2
120 77 -0.1762 NaN	1
121.5 77 0.230125 0.0835019909942	4
132 77 0.25662 0.142832741345	5
133.5 77 0.247385 0.0828164125292	20
135 77 0.195154166667 0.105257402834	24
136.5 77 0.173436363636 0.0775344345788	11
138 77 0.24396 0.0548651346485	5
139.5 77 0.201375 0.0841485280485	12
141 77 0.131425 0.130390167702	4
144 77 0.2352 NaN	1
150 77 0.158855 0.169630426376	20
151.5 77 0.244014285714 0.126223445109	7
153 77 0.102171428571 0.133293832244	7
154.5 77 0.261654545455 0.0967812726062	11
159 77 0.251225 0.0310095012321	4
160.5 77 0.214875 0.102815672443	4
162 77 0.20422 0.111193578951	5
165 77 0.24455 0.0608818938602	2
166.5 77 0.202415789474 0.116602034024	38
168 77 0.278685 0.0894685612233	20
169.5 77 0.17894 0.0552676035305	5
171 77 0.233283333333 0.0680055120315	6
172.5 77 0.119025 0.0943875710644	8
174 77 0.1663875 0.102779437042	8
175.5 77 0.197371428571 0.0578642367107	14
177 77 0.19271 0.0991283281633	10
178.5 77 0.2605 0.082321610164	9
-180 76.5 0.2017 NaN	1
-178.5 76.5 0.0371 NaN	1
-177 76.5 0.1805 0.130758964001	7
-168 76.5 0.17692 0.0844255707709	5
-166.5 76.5 0.1915 NaN	1
-162 76.5 0.189184615385 0.127505776641	13
-157.5 76.5 0.0255 0.153999069261	4
-154.5 76.5 0.018 0.0547300648638	2
-150 76.5 0.133966666667 0.0808683188894	9
-147 76.5 0.3157 NaN	1
-144 76.5 0.29342 0.0634168510729	5
-142.5 76.5 0.152853333333 0.115093178814	15
-141 76.5 0.203122727273 0.0869674812341	22
-139.5 76.5 0.240916666667 0.108335974327	12
-138 76.5 0.152873333333 0.134798645959	15
-136.5 76.5 0.106388235294 0.116616979265	17
-135 76.5 0.181116666667 0.121314441295	6
-133.5 76.5 0.1430375 0.139990309641	24
-132 76.5 0.133333333333 0.190993543895	15
-130.5 76.5 0.19685 0.127588663289	6
-129 76.5 0.1781 0.18093542796	12
-127.5 76.5 0.0695222222222 0.137595226699	27
-126 76.5 0.142360869565 0.137891511174	23
-124.5 76.5 0.201029166667 0.111913120337	24
-123 76.5 0.284688235294 0.057760690378	17
-78 76.5 0.1045 0.131097597232	2
-75 76.5 0.129289655172 0.102143992708	29
-72 76.5 0.2246 NaN	1
-18 76.5 0.2321 0.0719834703248	2
-16.5 76.5 0.12285 0.179723621152	16
-15 76.5 0.175825 0.0479488181989	4
-12 76.5 0.0199 NaN	1
-10.5 76.5 0.162556 0.108439146068	25
-9 76.5 0.2101875 0.101755149747	16
-7.5 76.5 0.2999 0.100778536075	4
70.5 76.5 0.188225 0.0892610917477	4
72 76.5 0.22246 0.040484663763	5
73.5 76.5 0.3182 NaN	1
76.5 76.5 0.0817555555556 0.155654112627	9
78 76.5 0.188275 0.168617048861	4
79.5 76.5 0.3125 NaN	1
81 76.5 0.2856 0.0766503750806	2
82.5 76.5 0.134628571429 0.133558872341	7
84 76.5 0.1796375 0.0848619103799	16
85.5 76.5 0.2228 0.133515954103	3
87 76.5 0.19225 0.169938997458	8
88.5 76.5 -0.0866333333333 0.030914775324	3
91.5 76.5 0.146916666667 0.0837079971561	12
117 76.5 0.2896 NaN	1
118.5 76.5 0.332566666667 0.0638960353491	3
120 76.5 0.11964 0.140652810139	5
124.5 76.5 0.1193 0.0472347329833	2
130.5 76.5 0.2305 0.0868820935626	12
132 76.5 0.211357575758 0.121748747505	33
133.5 76.5 0.155918518519 0.0949861651345	27
135 76.5 0.200508 0.080790381647	25
136.5 76.5 0.10388 0.151166603455	5
138 76.5 0.256364285714 0.112739431414	14
139.5 76.5 0.31155 0.0454758910486	4
141 76.5 0.153475 0.07403464842	4
142.5 76.5 0.1001 0.0656195092941	2
153 76.5 0.195166666667 0.0560910569224	6
154.5 76.5 0.218633333333 0.0743594199368	3
156 76.5 0.188471428571 0.0435058890376	7
157.5 76.5 0.0805 0.0152735064736	2
159 76.5 0.1427 0.0858427438207	13
163.5 76.5 0.204228571429 0.146940415524	7
165 76.5 0.1822 0.107594702472	7
166.5 76.5 0.0661375 0.0948976582204	8
168 76.5 0.1355875 0.115118349971	16
169.5 76.5 0.150094117647 0.144026700956	17
171 76.5 0.2109375 0.0784473315884	16
172.5 76.5 0.181936842105 0.0829420226592	19
174 76.5 0.156762962963 0.102525903474	27
175.5 76.5 0.155732 0.107218024449	25
177 76.5 0.185086666667 0.054357373881	15
178.5 76.5 0.21575 0.032173358544	2
-180 76 0.256057142857 0.119250252148	14
-178.5 76 0.2135 0.0598212336884	2
-177 76 0.1669 0.192588888568	4
-175.5 76 0.067075 0.0516430940849	4
-174 76 0.1777 NaN	1
-172.5 76 0.1824 0.0823755424868	3
-171 76 0.189557142857 0.072325068762	21
-169.5 76 0.202107142857 0.112453056628	14
-168 76 0.183218181818 0.0700470244647	11
-166.5 76 0.151616666667 0.0694270096336	6
-165 76 0.1739 NaN	1
-163.5 76 0.15452 0.0482774999353	5
-162 76 0.168053658537 0.0676750105192	41
-160.5 76 0.25035 0.0252437120884	2
-157.5 76 0.170385714286 0.0496356198904	7
-156 76 0.18414 0.0618149092048	5
-154.5 76 0.139730769231 0.0744704794378	13
-153 76 0.1897 0.0834245715029	24
-151.5 76 0.193783333333 0.0696382057277	12
-148.5 76 0.148731578947 0.10253976493	19
-147 76 0.156884615385 0.0637574027879	13
-145.5 76 0.169209090909 0.0877288715822	11
-144 76 0.18775 0.0641409602187	10
-142.5 76 0.192553125 0.0743947621482	32
-141 76 0.195234615385 0.0666106954914	26
-139.5 76 0.182192307692 0.0765721387706	13
-138 76 0.135304545455 0.14429245922	22
-136.5 76 0.207545454545 0.131850410418	11
-135 76 0.26655 0.0391030049996	2
-133.5 76 0.184727272727 0.125464210761	11
-132 76 0.08555 0.189156851014	8
-130.5 76 0.1414625 0.168098142571	8
-129 76 0.23294 0.126472089329	30
-127.5 76 0.2953 0.107445055726	7
-126 76 0.18225 0.130523862442	16
-88.5 76 0.1358 0.0670337228565	2
-78 76 0.0997 NaN	1
-73.5 76 0.185166666667 0.0466008941259	3
-72 76 0.162572222222 0.119391534854	18
-70.5 76 -0.0480666666667 0.143775252854	3
-18 76 0.254728571429 0.0542229568321	7
-16.5 76 0.0850318181818 0.0970537915962	22
-15 76 -0.1282 NaN	1
-13.5 76 0.107825 0.169796689701	4
-12 76 0.240670588235 0.11257969824	17
-10.5 76 0.1348 0.104524255558	3
-9 76 0.132107692308 0.121716345404	26
69 76 0.175514285714 0.0758251591618	7
72 76 0.199566666667 0.141357501864	3
73.5 76 0.3032 NaN	1
78 76 0.119966666667 0.167613314905	3
79.5 76 0.03915 0.00968736290226	2
81 76 0.1941 NaN	1
85.5 76 0.179322222222 0.130652571519	9
87 76 0.2548 NaN	1
88.5 76 0.118133333333 0.139328423866	12
90 76 0.02786 0.120650188562	5
91.5 76 0.234066666667 0.122967326284	3
115.5 76 0.197464285714 0.0766383074241	14
117 76 0.28245 0.0721581804094	6
120 76 0.16674 0.0680715652824	5
121.5 76 0.1346 0.135534743393	4
124.5 76 0.18575 0.0665387481097	2
127.5 76 0.16514 0.0287670471199	5
129 76 0.11955 0.13881412232	10
130.5 76 0.1244 0.0262228907636	3
132 76 0.222557575758 0.0677696651824	33
133.5 76 0.190786666667 0.108423092339	15
136.5 76 0.2025 0.0701155831467	17
145.5 76 0.197557142857 0.0894535607106	7
154.5 76 0.1992 0.0710350852279	7
156 76 0.3309 NaN	1
157.5 76 0.272 0.0596633891092	3
159 76 0.194566666667 0.0972705676622	3
160.5 76 0.213975 0.0688610860114	4
163.5 76 0.195975 0.0582286513096	4
165 76 0.217275 0.0347425531589	8
166.5 76 0.155233333333 0.0994430238881	9
168 76 0.325166666667 0.0837109510956	3
169.5 76 0.187133333333 0.0644670640943	18
171 76 0.171815 0.0855272949661	20
172.5 76 0.172358333333 0.0831350337739	24
174 76 0.2019 0.0806194606525	40
175.5 76 0.138269230769 0.117337905105	13
177 76 0.237414285714 0.0725451144211	14
178.5 76 0.167107692308 0.0621893273472	13
-178.5 75.5 0.03322 0.0954686702536	5
-177 75.5 0.0913 0.0259154394136	3
-172.5 75.5 0.2233 0.0558724977068	6
-171 75.5 0.182884615385 0.0707397206449	13
-169.5 75.5 0.145157142857 0.10148850275	7
-168 75.5 0.168240740741 0.118688030824	27
-166.5 75.5 0.10832 0.136323499152	20
-165 75.5 0.143536842105 0.0932878830439	19
-163.5 75.5 0.204833333333 0.075644349004	24
-162 75.5 0.157390909091 0.11690672739	11
-160.5 75.5 0.13326875 0.112669343472	16
-159 75.5 0.22838 0.0659007738953	30
-157.5 75.5 0.203775 0.0349585366644	8
-156 75.5 0.166616666667 0.0443533275715	6
-154.5 75.5 0.171153846154 0.0968578908796	13
-153 75.5 0.187183870968 0.071374949372	31
-151.5 75.5 0.215516666667 0.051245433082	18
-150 75.5 0.201746153846 0.0767407607401	13
-148.5 75.5 0.14848 0.082979196188	5
-147 75.5 0.197342857143 0.063043658342	7
-145.5 75.5 0.166085714286 0.110972825932	7
-144 75.5 0.225522222222 0.0408333129252	9
-142.5 75.5 0.181783333333 0.06326333588	6
-141 75.5 0.11021 0.136997108242	10
-139.5 75.5 0.165535294118 0.144881908555	17
-138 75.5 0.155571428571 0.128334871025	14
-136.5 75.5 0.3957 NaN	1
-135 75.5 0.0923611111111 0.161363258953	18
-133.5 75.5 0.1711 0.146408484337	15
-132 75.5 0.189585 0.15305439788	20
-130.5 75.5 0.316 NaN	1
-129 75.5 0.08435 0.136029328003	14
-127.5 75.5 0.143327777778 0.181805166579	18
-126 75.5 0.2837 NaN	1
-120 75.5 0.181228571429 0.153968489355	7
-78 75.5 0.08135 0.122258762467	2
-73.5 75.5 0.128208333333 0.0761005165764	24
-72 75.5 0.0465666666667 0.125679048904	3
-70.5 75.5 0.0703333333333 0.0707373640071	6
-69 75.5 0.165475 0.0678582529984	4
-67.5 75.5 0.0006 0.00509116882454	2
-66 75.5 0.12575 0.135269527241	2
-64.5 75.5 0.0641607142857 0.12626168399	28
-63 75.5 0.0767102941176 0.123876361254	68
-61.5 75.5 0.13119375 0.147357282226	16
-16.5 75.5 0.11 NaN	1
-15 75.5 0.22974 0.178627050023	5
-13.5 75.5 0.17895 0.125120609813	6
-12 75.5 0.142683333333 0.191738607658	6
63 75.5 0.25965 0.00657609306503	2
64.5 75.5 0.273733333333 0.0655800528616	3
67.5 75.5 0.266166666667 0.055706361097	6
69 75.5 0.243 NaN	1
70.5 75.5 0.2122 0.0367676488234	4
73.5 75.5 0.2882 NaN	1
79.5 75.5 0.0858 0.0821030450105	3
84 75.5 0.0764666666667 0.154229512956	6
85.5 75.5 0.136607692308 0.12123817098	13
88.5 75.5 -0.1929 NaN	1
120 75.5 0.1788 NaN	1
123 75.5 0.3415 NaN	1
124.5 75.5 0.12605 0.0511238202798	2
126 75.5 0.270266666667 0.0343258406064	3
127.5 75.5 0.194561764706 0.0910583795911	34
129 75.5 0.266269565217 0.08145164856	46
130.5 75.5 0.187604761905 0.0870309569992	21
132 75.5 0.213835 0.0886968029083	40
133.5 75.5 0.1546 NaN	1
154.5 75.5 0.232545454545 0.0656896546442	11
156 75.5 0.190435 0.0691650830299	20
157.5 75.5 0.11725 0.0967648273816	12
159 75.5 0.2033 NaN	1
160.5 75.5 0.125125 0.0484317647142	4
163.5 75.5 0.21561 0.0772273907943	10
165 75.5 0.220466666667 0.0579340573411	9
166.5 75.5 0.14412 0.139237825321	5
169.5 75.5 0.2412 0.0482594032288	3
171 75.5 0.142972222222 0.0754968936296	18
172.5 75.5 0.198715789474 0.109989339196	19
174 75.5 0.191877777778 0.0768780113877	36
175.5 75.5 0.145846875 0.110191487243	32
177 75.5 0.103613793103 0.0977508521122	29
178.5 75.5 0.167378571429 0.0751193290564	28
-180 75 0.0995 0.129966226382	2
-178.5 75 0.1347 NaN	1
-177 75 -0.00893333333333 0.0994048959224	3
-175.5 75 0.21845 0.0724763340684	6
-172.5 75 0.22905 0.0899102248324	18
-171 75 0.20675 0.0585008632415	6
-169.5 75 0.0128 NaN	1
-168 75 0.2384 NaN	1
-166.5 75 0.154551515152 0.0903831259183	33
-165 75 0.20724 0.0540389026536	5
-163.5 75 0.2272 0.116672618896	2
-162 75 0.3001 NaN	1
-160.5 75 0.2144 0.0401028677279	5
-159 75 0.26236 0.0693425771082	5
-157.5 75 0.1855125 0.10883625982	32
-156 75 0.172494117647 0.0941755612035	34
-154.5 75 0.210888888889 0.0585919577787	18
-153 75 0.200868571429 0.0553084280963	35
-151.5 75 0.217925 0.0965390335564	8
-150 75 0.104533333333 0.102774234774	3
-148.5 75 0.1665 NaN	1
-147 75 0.207333333333 0.0562946415449	6
-145.5 75 0.26815 0.0827468629818	4
-144 75 0.095675 0.107687993127	12
-141 75 0.30665 0.0860548952704	2
-139.5 75 0.18673 0.134075161756	10
-138 75 0.242233333333 0.0939260524739	3
-136.5 75 0.15108 0.057819607401	5
-135 75 0.187775 0.0680021261922	4
-133.5 75 0.174218518519 0.109538247753	27
-132 75 0.0935461538462 0.0734814332035	13
-130.5 75 0.0893529411765 0.148800966553	17
-129 75 0.0858210526316 0.163043867917	19
-127.5 75 -0.0973 NaN	1
-126 75 0.121366666667 0.219738397494	3
-124.5 75 0.256066666667 0.0957504221052	3
-123 75 0.155818181818 0.0894857398492	11
-121.5 75 0.0537 NaN	1
-120 75 0.1906 NaN	1
-118.5 75 0.178742857143 0.0936964221505	7
-100.5 75 0.291875 0.0259249397299	4
-78 75 -0.093775 0.157663527352	8
-76.5 75 0.14634 0.144627151669	5
-75 75 0.16328 0.178414901283	5
-73.5 75 -0.1145 NaN	1
-70.5 75 0.1225 0.0969261574602	3
-69 75 -0.0542 NaN	1
-67.5 75 0.118333333333 0.204104685558	6
-66 75 0.0572181818182 0.105730883078	11
-64.5 75 0.0933380952381 0.0657686967804	21
-63 75 0.134077272727 0.105726362169	44
-61.5 75 0.0693380952381 0.103041488098	42
-60 75 0.129081818182 0.110001016524	11
-15 75 0.143054545455 0.120254957184	11
61.5 75 0.160788888889 0.0353297482458	9
63 75 0.161839473684 0.0952407065466	38
64.5 75 0.149725925926 0.107086879152	27
66 75 0.18395 0.095344053456	18
69 75 0.2063 0.0405508322973	3
73.5 75 0.121666666667 0.126345805893	6
75 75 0.23845 0.0243672594547	4
76.5 75 0.1424 0.0588312841947	2
79.5 75 0.278816666667 0.0719909832317	6
81 75 0.0596 NaN	1
84 75 0.12821 0.135530270911	10
115.5 75 0.261325 0.0213693511054	4
117 75 0.201375 0.117365138918	4
118.5 75 0.2161 NaN	1
121.5 75 0.3663 NaN	1
123 75 0.250433333333 0.041930458301	3
126 75 0.3211 NaN	1
127.5 75 0.12303 0.0883973610717	10
129 75 0.153591304348 0.0991085397341	23
132 75 0.162024 0.127028960871	25
133.5 75 0.1389 0.115417560767	4
135 75 0.136425 0.0379979275751	4
153 75 0.1793 NaN	1
154.5 75 0.2289 NaN	1
157.5 75 0.26665 0.0497096067174	2
159 75 0.1759 0.129055590559	12
160.5 75 0.1948 NaN	1
162 75 0.26492 0.0409670233236	5
163.5 75 0.205888 0.0645490402717	25
165 75 0.2268625 0.0950535779367	8
166.5 75 0.2872 NaN	1
168 75 0.184311111111 0.070949857098	18
169.5 75 0.194113333333 0.0743387311728	15
171 75 0.206618181818 0.102756349063	22
172.5 75 0.21285 0.0495681853612	2
174 75 0.183623809524 0.100877420193	21
175.5 75 0.223918181818 0.0785353401577	22
177 75 0.14763125 0.12622089483	16
178.5 75 0.161765 0.126122126591	20
-178.5 74.5 0.244133333333 0.0290558657302	3
-175.5 74.5 0.12122 0.0563772737901	5
-174 74.5 0.0595 NaN	1
-172.5 74.5 0.184947826087 0.0877414428336	23
-171 74.5 0.3039 0.0591141269072	2
-169.5 74.5 0.166744444444 0.129252186743	9
-168 74.5 0.145776470588 0.110036570792	17
-166.5 74.5 0.171967857143 0.0744121010349	28
-165 74.5 0.19909 0.0883506167137	20
-162 74.5 0.184114285714 0.0842717417349	28
-160.5 74.5 0.152616666667 0.0805896622816	6
-159 74.5 0.08466875 0.0974433970313	16
-157.5 74.5 0.152739130435 0.119028853412	23
-156 74.5 0.147120833333 0.117982599967	24
-154.5 74.5 0.117296296296 0.0728307652738	27
-153 74.5 0.161865217391 0.0971222828505	23
-151.5 74.5 0.17774375 0.0499659346455	16
-150 74.5 0.2155 NaN	1
-148.5 74.5 0.17225 0.0135917867356	4
-147 74.5 0.1466 NaN	1
-144 74.5 0.209425 0.121667809355	4
-142.5 74.5 0.1955375 0.124963914125	16
-141 74.5 0.1469 0.151745115243	2
-139.5 74.5 0.141566666667 0.104784994155	9
-138 74.5 0.17217 0.143260229807	10
-136.5 74.5 0.213376190476 0.121540597764	21
-135 74.5 0.201954545455 0.131647283904	22
-133.5 74.5 0.272827272727 0.119061379892	11
-132 74.5 0.181080769231 0.156259200098	26
-130.5 74.5 0.250270588235 0.0895023656441	17
-129 74.5 0.252333333333 0.118768811843	6
-127.5 74.5 0.2054 0.0932476005053	5
-124.5 74.5 0.14565 0.120559004067	14
-123 74.5 0.2913 0.0780348640032	3
-120 74.5 0.0788842105263 0.0888368558599	19
-109.5 74.5 0.17372 0.110314219392	5
-106.5 74.5 0.218125806452 0.146075966464	31
-105 74.5 0.25248 0.103521746508	5
-103.5 74.5 0.3143 0.0263043722601	2
-102 74.5 0.1658 0.0486829881307	4
-100.5 74.5 0.086525 0.12556154723	8
-97.5 74.5 0.03605 0.0917117495199	2
-78 74.5 0.271757142857 0.201258804007	7
-76.5 74.5 0.130272727273 0.123259444463	22
-73.5 74.5 0.202754545455 0.120524407185	11
-70.5 74.5 0.0897 NaN	1
-69 74.5 0.21015 0.0432042243305	2
-67.5 74.5 0.163422222222 0.0807401043128	9
-66 74.5 0.14805 0.10408890246	14
-64.5 74.5 0.133625 0.117729663091	8
-63 74.5 0.088085 0.124132600048	20
-61.5 74.5 0.0954535714286 0.113684327341	28
-60 74.5 0.112297674419 0.11316976815	43
-58.5 74.5 0.102235294118 0.0773202184197	17
-16.5 74.5 0.0833 NaN	1
-15 74.5 0.13688 0.0844283542419	5
-13.5 74.5 0.193755555556 0.0880106117339	9
-12 74.5 0.2495 0.0146482080815	3
61.5 74.5 0.106422222222 0.135200386258	9
63 74.5 0.113492307692 0.145902704233	13
64.5 74.5 0.2181 NaN	1
66 74.5 0.1414 0.115444137525	10
67.5 74.5 0.1611 0.0798615468587	4
72 74.5 0.114 NaN	1
73.5 74.5 0.2934 0.080468751699	2
75 74.5 0.2143 0.0577812830133	7
76.5 74.5 0.2616 0.0828255697234	9
81 74.5 0.16313 0.0906390895561	10
82.5 74.5 0.159728571429 0.114697031555	7
84 74.5 0.18084 0.124499650602	5
115.5 74.5 0.0624 NaN	1
117 74.5 0.116457142857 0.0588228656545	7
118.5 74.5 0.223990909091 0.0494440988298	11
127.5 74.5 0.165157142857 0.0655909764409	7
129 74.5 0.246657142857 0.114305304502	14
133.5 74.5 0.16392 0.0785935766187	15
135 74.5 0.180633333333 0.0889366441163	6
136.5 74.5 0.244885714286 0.101219735042	7
153 74.5 0.3018 NaN	1
154.5 74.5 0.1449 0.00791959594929	2
160.5 74.5 0.276666666667 0.0664791596417	6
162 74.5 0.253 NaN	1
165 74.5 0.2178 0.0033941125497	2
166.5 74.5 0.1164 NaN	1
168 74.5 0.262957142857 0.0990899413842	14
169.5 74.5 0.180416666667 0.0996416299132	18
171 74.5 0.20945 0.100715351042	32
172.5 74.5 0.208253333333 0.116870024671	15
174 74.5 0.182576315789 0.0978600253374	38
175.5 74.5 0.203433333333 0.0790936364908	3
177 74.5 0.188736363636 0.0837051488742	22
178.5 74.5 0.199915384615 0.123041563751	13
-180 74 0.191255555556 0.0763802512288	9
-174 74 0.2802 NaN	1
-172.5 74 0.194626315789 0.0971942204621	19
-169.5 74 0.248485714286 0.0992616112731	14
-168 74 0.3746 NaN	1
-166.5 74 0.199683333333 0.0437697345967	6
-165 74 0.235625 0.0544660980182	4
-163.5 74 0.2003625 0.113425582117	8
-162 74 0.0982307692308 0.106043861873	13
-160.5 74 0.130875 0.103656903154	8
-159 74 0.2656 0.0806694489878	7
-157.5 74 0.215908333333 0.0976998786482	12
-156 74 0.14942 0.186518516507	5
-154.5 74 0.202266666667 0.0940504539	12
-153 74 0.1191375 0.136141501361	8
-151.5 74 0.140981818182 0.1166482046	11
-150 74 0.181285714286 0.142487045359	7
-148.5 74 0.22639375 0.0561299737959	16
-147 74 0.221981818182 0.068495208857	11
-144 74 0.254025 0.107505267313	4
-142.5 74 0.124775 0.0925230556852	4
-141 74 0.125666666667 0.175294571127	6
-139.5 74 0.181325 0.073219196351	8
-138 74 0.0389 NaN	1
-136.5 74 0.126441666667 0.177829568348	12
-135 74 0.257283333333 0.0947584384985	6
-133.5 74 0.09492 0.171168022715	5
-132 74 0.0904125 0.149131279056	8
-130.5 74 0.130395652174 0.151758433878	23
-129 74 -0.0361666666667 0.11625516476	3
-127.5 74 0.17322 0.184057808854	5
-126 74 0.108766666667 0.0754429806764	3
-115.5 74 0.141025 0.122702878648	8
-109.5 74 0.190322222222 0.0773900020565	18
-108 74 0.1963 0.0279209598689	4
-106.5 74 0.284847826087 0.0948534988551	23
-105 74 0.141076595745 0.140676677114	47
-103.5 74 0.177153333333 0.158790638743	15
-102 74 0.177222222222 0.0995640846111	9
-97.5 74 -0.0131333333333 0.113533798198	3
-88.5 74 0.247266666667 0.182572761751	3
-87 74 0.3088 NaN	1
-85.5 74 0.0677 NaN	1
-84 74 0.1602 0.130956175876	2
-79.5 74 0.32505 0.0785804258918	4
-78 74 0.202827272727 0.122855143082	11
-76.5 74 0.4385 NaN	1
-75 74 0.31725 0.116177644149	2
-73.5 74 0.0666222222222 0.203883911686	9
-72 74 0.148857142857 0.0447329430116	7
-69 74 0.18145 0.0958608129245	12
-67.5 74 0.0438 0.202719589581	6
-66 74 0.2483 0.0376180807591	2
-64.5 74 0.138566666667 0.0230959592425	3
-61.5 74 0.0674055555556 0.0944191706163	54
-60 74 0.0783394736842 0.106755913596	76
-18 74 0.0762333333333 0.175430252047	3
-16.5 74 0.186721428571 0.132231202989	14
-15 74 0.206126666667 0.195929577242	15
61.5 74 0.145369230769 0.141711528493	13
63 74 -0.0276 0.0854189674487	4
64.5 74 0.1939375 0.103654108009	8
66 74 0.0953566666667 0.135182266954	30
67.5 74 0.21787 0.0790028839136	10
69 74 0.208728571429 0.0829336011385	14
72 74 0.1239 0.0486489465456	2
73.5 74 0.1594 0.0741524780436	3
75 74 0.121171428571 0.111575986033	14
76.5 74 0.200633333333 0.112499266664	9
79.5 74 0.2328 0.0579671027394	13
81 74 0.21432 0.10720171174	5
120 74 0.06265 0.0877964634823	6
129 74 0.26848 0.0994992311528	5
132 74 0.157338235294 0.140326714048	34
133.5 74 0.127435897436 0.0793299123487	39
138 74 0.2008 NaN	1
147 74 0.1751 0.0714737014572	3
154.5 74 0.1296 0.0121622366364	2
162 74 0.192233333333 0.0952840140492	3
163.5 74 0.231425 0.0241317736605	4
166.5 74 0.2276 0.0246373699895	3
168 74 0.18975 0.0402831850776	6
169.5 74 0.220055555556 0.0973489099979	9
171 74 0.209133333333 0.0808299149543	12
172.5 74 0.15158 0.102746128881	5
174 74 0.240938461538 0.0456546737013	13
175.5 74 0.209463636364 0.0997588117385	22
177 74 0.134338461538 0.052915522903	13
178.5 74 0.185927027027 0.125538530271	37
-180 73.5 0.105357142857 0.154758304647	7
-177 73.5 0.2493 0.00982242332625	3
-174 73.5 0.0497625 0.163404641808	8
-172.5 73.5 0.175711111111 0.0821259922991	9
-171 73.5 0.1984 0.0560932853973	7
-169.5 73.5 0.155658333333 0.0855533800228	12
-168 73.5 0.118725 0.168516584601	8
-166.5 73.5 0.16934 0.0498813420601	15
-163.5 73.5 0.181766666667 0.13151776496	9
-162 73.5 0.1612875 0.0570870122207	8
-156 73.5 0.163823809524 0.128334102657	21
-154.5 73.5 0.154973684211 0.143315141644	19
-153 73.5 0.112954545455 0.108414725602	11
-151.5 73.5 0.241775510204 0.0984169225172	49
-150 73.5 0.136094444444 0.0855826705398	18
-148.5 73.5 0.164694117647 0.121763790136	17
-147 73.5 0.220233333333 0.139244864828	15
-145.5 73.5 0.121971428571 0.140991733969	7
-144 73.5 0.199377777778 0.15601446069	9
-142.5 73.5 0.257096 0.089879083032	25
-141 73.5 0.22245 0.0286378246381	2
-139.5 73.5 0.238158333333 0.105279778412	12
-138 73.5 0.118266666667 0.130454449266	3
-136.5 73.5 0.181292 0.103543617701	25
-135 73.5 0.125 0.16437978282	21
-133.5 73.5 0.209539130435 0.144282937752	23
-132 73.5 0.09252 0.119131553335	5
-130.5 73.5 0.17549 0.154317972825	20
-129 73.5 0.24962 0.127845598282	5
-127.5 73.5 0.146655555556 0.119907673974	9
-112.5 73.5 0.311713043478 0.0854197938757	23
-111 73.5 0.220943243243 0.0613328647652	37
-109.5 73.5 0.135994736842 0.0703554583975	19
-103.5 73.5 0.227785714286 0.19451380781	7
-76.5 73.5 0.156881818182 0.125123433602	11
-75 73.5 0.3052 NaN	1
-73.5 73.5 0.165514285714 0.0925164026641	7
-72 73.5 -0.1775 NaN	1
-70.5 73.5 0.266116666667 0.0712342169654	6
-69 73.5 -0.0539 NaN	1
-67.5 73.5 0.1487 NaN	1
-66 73.5 0.12 0.120220946594	6
-64.5 73.5 0.0976681818182 0.111742132508	22
-63 73.5 0.0863 0.088697294209	3
-61.5 73.5 0.098 0.122312531593	14
-60 73.5 0.0940222222222 0.11378327984	18
-58.5 73.5 0.192 NaN	1
-19.5 73.5 0.0738 NaN	1
-16.5 73.5 0.128433333333 0.14571837867	18
-15 73.5 0.19356 0.121858824055	5
-13.5 73.5 0.0810083333333 0.143642089668	12
58.5 73.5 0.228825 0.0898405392905	4
60 73.5 0.12663125 0.11648197545	32
61.5 73.5 0.185566666667 0.106456673503	3
63 73.5 0.106636363636 0.124433462322	11
64.5 73.5 0.061025 0.130746969372	16
66 73.5 0.0807208333333 0.130452530028	24
67.5 73.5 0.0583 0.191060252277	2
73.5 73.5 0.13175 0.162907318085	8
129 73.5 0.0699 0.0920653029105	2
130.5 73.5 0.246042857143 0.0479941960777	7
132 73.5 0.1654 0.0909339320606	2
133.5 73.5 0.2342375 0.0369112037773	8
138 73.5 0.107426666667 0.095662303866	15
160.5 73.5 0.1261 0.0369109739779	2
163.5 73.5 0.260725 0.022222430753	8
166.5 73.5 0.237166666667 0.046389797729	3
171 73.5 0.189983333333 0.0443918058232	12
172.5 73.5 -0.06635 0.0325976226127	2
174 73.5 0.18449 0.0757937013075	20
175.5 73.5 0.27402 0.1109096492	15
177 73.5 0.120566666667 0.0865421092109	15
178.5 73.5 0.22565 0.0979156969759	36
-180 73 0.297533333333 0.019159679886	3
-178.5 73 0.2201 NaN	1
-177 73 0.21898 0.138181825867	5
-175.5 73 0.2099125 0.13634509198	8
-172.5 73 0.182169230769 0.0888144617469	26
-171 73 0.13075 0.0927016990136	2
-169.5 73 0.140338888889 0.116118525344	18
-165 73 0.065032 0.105374940569	25
-162 73 0.02268 0.092144462666	5
-160.5 73 0.381333333333 0.0161630236445	3
-159 73 0.2603 0.0711994438181	26
-157.5 73 0.154408333333 0.0590848766734	12
-156 73 0.1336 0.0992483501122	5
-154.5 73 0.09825 0.0202939646201	2
-153 73 0.092512 0.113060549117	25
-151.5 73 0.087075 0.103597824141	4
-150 73 0.22378 0.0816236201624	20
-148.5 73 0.245023076923 0.0661025645959	26
-147 73 0.0387 NaN	1
-145.5 73 0.204073684211 0.105768404451	19
-144 73 0.1809 0.100519218726	13
-142.5 73 0.1064 0.0644656807922	6
-141 73 0.201722580645 0.11734946871	31
-139.5 73 0.213496875 0.11814728229	32
-138 73 0.182662162162 0.112208168031	37
-136.5 73 0.112215384615 0.12801274576	13
-135 73 0.1291875 0.169393999198	8
-133.5 73 0.159643902439 0.154534324745	41
-132 73 0.146263157895 0.140771111346	19
-130.5 73 0.194115789474 0.158835537806	19
-129 73 -0.1179 NaN	1
-112.5 73 0.2963 NaN	1
-109.5 73 0.215383333333 0.0490960453261	6
-105 73 0.1289 0.00509116882454	2
-103.5 73 -0.0106375 0.0868394567579	8
-75 73 0.275 NaN	1
-73.5 73 0.119292307692 0.141580739401	13
-72 73 0.242733333333 0.126916087764	3
-69 73 -0.011 0.0822492147886	4
-66 73 0.3824 NaN	1
-64.5 73 0.233366666667 0.132319112376	9
-63 73 0.157841666667 0.121266880121	36
-61.5 73 0.17318 0.124402346399	20
-60 73 0.053044 0.118925866544	25
-58.5 73 0.1796625 0.0675641058022	8
-21 73 0.342290909091 0.193984713081	11
-19.5 73 0.1417 0.0125865007051	2
-18 73 0.0923333333333 0.161007525704	3
-16.5 73 0.0609571428571 0.0528678811486	7
-15 73 0.142733333333 0.119856241668	6
58.5 73 0.168734782609 0.109728850141	23
60 73 0.19578 0.10597908389	10
61.5 73 0.10745 0.169022077395	18
63 73 0.156385294118 0.106922178249	34
64.5 73 0.0696736842105 0.100088509953	19
66 73 0.172585714286 0.123996314195	14
130.5 73 0.00145 0.048295393155	2
132 73 0.0891333333333 0.0985584767198	3
154.5 73 0.23705 0.0543946382162	4
157.5 73 0.203430769231 0.0461969404581	13
159 73 0.2598 NaN	1
166.5 73 0.2143875 0.0602302353474	8
168 73 0.22344 0.0463011122977	5
169.5 73 0.1831 NaN	1
171 73 0.111047368421 0.0673417929374	19
172.5 73 0.196463157895 0.119253279529	19
174 73 0.197144444444 0.120978614961	9
175.5 73 0.17282 0.135387082102	5
177 73 0.2194 0.121889895671	13
178.5 73 0.26 0.0454319270998	6
-180 72.5 0.150616666667 0.126793918935	12
-178.5 72.5 0.156475 0.111289753197	4
-177 72.5 0.151138461538 0.073450843845	26
-175.5 72.5 0.0933571428571 0.158417832089	7
-174 72.5 0.314675 0.103132418925	4
-172.5 72.5 0.155742857143 0.0739147224203	7
-171 72.5 0.153433333333 0.22163953468	3
-169.5 72.5 0.209 0.0436608520302	3
-168 72.5 0.1012 NaN	1
-166.5 72.5 0.2402 NaN	1
-165 72.5 0.095 0.101320021055	19
-163.5 72.5 0.121103125 0.133363818386	32
-162 72.5 0.1805 0.113268375993	5
-160.5 72.5 0.27495625 0.108290528787	16
-157.5 72.5 0.183163636364 0.0785173264029	11
-156 72.5 0.194885714286 0.0761622703743	7
-154.5 72.5 0.2201625 0.139283585417	16
-153 72.5 0.216283333333 0.103792113458	30
-151.5 72.5 0.2114625 0.13607463577	16
-150 72.5 0.225295652174 0.0764454319835	23
-148.5 72.5 0.245122222222 0.0537556922051	9
-147 72.5 0.164673333333 0.0886803607399	15
-145.5 72.5 0.08604 0.14172539469	25
-144 72.5 -0.0252666666667 0.0363065191575	3
-142.5 72.5 0.0265833333333 0.079873936091	6
-141 72.5 0.148159090909 0.154062194179	22
-139.5 72.5 0.0860857142857 0.102387001593	7
-138 72.5 0.187144444444 0.12829639499	18
-136.5 72.5 0.213148979592 0.110076424441	49
-135 72.5 -0.0744666666667 0.154210386594	3
-133.5 72.5 0.153233333333 0.21847618482	3
-132 72.5 0.0640125 0.131832650862	16
-130.5 72.5 0.216114285714 0.161030415642	7
-103.5 72.5 0.137942105263 0.0778574360667	19
-93 72.5 0.212475 0.0891923903705	4
-73.5 72.5 0.0843666666667 0.0304972676372	3
-72 72.5 0.151975 0.142890269671	4
-70.5 72.5 0.0507166666667 0.183168407938	6
-64.5 72.5 0.202064285714 0.113395744101	14
-63 72.5 0.161831578947 0.0806854527204	19
-61.5 72.5 0.1181875 0.142113250027	16
-60 72.5 0.081934375 0.137250904244	32
-57 72.5 0.16055 0.126560159169	10
-21 72.5 0.147408695652 0.0959262733611	23
-19.5 72.5 0.06955 0.175998877837	2
-18 72.5 0.199328571429 0.13123596705	7
-16.5 72.5 0.12572 0.0833366186019	5
-15 72.5 0.2667 0.108832830525	5
57 72.5 0.14085 0.0673957194486	6
58.5 72.5 0.195383333333 0.106836986417	6
60 72.5 0.34785 0.00431335136524	2
61.5 72.5 0.0643352941176 0.150880469831	17
63 72.5 0.170833333333 0.0750043554291	3
133.5 72.5 0.179085714286 0.0842723130769	28
154.5 72.5 0.209568 0.067617359211	25
156 72.5 0.16885 0.107458581984	20
159 72.5 0.2093 NaN	1
160.5 72.5 0.229556 0.0455014933821	25
163.5 72.5 0.152241176471 0.0758438202725	17
165 72.5 0.3016 0.0457697498355	3
168 72.5 0.14362 0.088752161789	10
169.5 72.5 0.15275 0.150684455071	2
171 72.5 0.15574 0.0875443024353	10
172.5 72.5 0.2606 NaN	1
174 72.5 0.161603030303 0.106403922287	33
177 72.5 0.232032258065 0.109431672402	31
178.5 72.5 0.1558 0.0970284494362	3
-180 72 0.1966 0.0886905180952	6
-178.5 72 0.0949142857143 0.129730161342	7
-177 72 0.3154 0.00579827560573	2
-175.5 72 0.12541 0.0785065729732	20
-174 72 0.3618 NaN	1
-172.5 72 0.14953 0.0954316631592	10
-171 72 0.3063 NaN	1
-169.5 72 0.12415 0.000353553390593	2
-168 72 0.131445454545 0.131112015953	11
-165 72 0.148216666667 0.0143036242494	6
-163.5 72 0.0021625 0.0714315644016	8
-162 72 0.182295238095 0.12145870276	21
-160.5 72 0.25054 0.0947461239313	5
-159 72 0.15896744186 0.115021043046	43
-157.5 72 0.105622727273 0.0992679583456	22
-156 72 0.138355 0.0851959751644	20
-154.5 72 0.233685 0.0901575730283	40
-150 72 0.0933 0.0681650937064	2
-148.5 72 0.252657142857 0.121152400619	14
-147 72 0.141230769231 0.132281274718	13
-145.5 72 0.15413 0.0922324364491	10
-141 72 0.0167666666667 0.131820227962	9
-139.5 72 0.171166666667 0.143642205961	3
-138 72 0.0809 0.10096662815	4
-135 72 0.2424 NaN	1
-133.5 72 0.2624 NaN	1
-105 72 0.2304 0.0265872149726	2
-103.5 72 0.112865517241 0.137330987752	29
-102 72 0.2409 0.110464598401	9
-93 72 0.00134 0.150212592681	5
-91.5 72 0.1166 0.0861480702047	3
-73.5 72 0.1205 0.417617264969	2
-72 72 0.219211111111 0.131689164745	9
-70.5 72 0.168625 0.217717421979	4
-69 72 0.33255 0.00219203102168	2
-67.5 72 0.0491 NaN	1
-66 72 0.21975 0.0549421968982	2
-64.5 72 0.18425 0.142831243889	14
-63 72 0.1154 0.173280581716	5
-61.5 72 0.194218181818 0.125053419131	11
-60 72 0.130662121212 0.0947636505534	66
-58.5 72 0.12257 0.151714586203	10
-57 72 0.115891304348 0.135514390088	23
-21 72 0.162211111111 0.115270811003	18
-19.5 72 0.21166 0.213467058088	10
-18 72 0.400905882353 0.0816833097287	17
-16.5 72 -0.14475 0.0239709198822	2
57 72 0.0786125 0.13891048955	8
58.5 72 0.205133333333 0.131649089122	6
60 72 0.173443333333 0.0975311009047	30
61.5 72 0.0964166666667 0.080536983223	6
63 72 0.0571571428571 0.131463552798	14
153 72 0.210975 0.0712356850608	24
154.5 72 0.190618181818 0.0721279658884	22
156 72 0.21473877551 0.0940313773347	49
160.5 72 0.1616 0.0356660436083	4
162 72 0.19845 0.0919945922324	2
163.5 72 0.1122 0.0338153811157	3
165 72 0.158880769231 0.0502880026983	26
166.5 72 0.25956 0.0278593431365	5
168 72 0.0898625 0.0902726020372	8
169.5 72 0.1689 0.110964597139	12
171 72 0.196025 0.0801719973973	4
172.5 72 0.222333333333 0.0728972917982	12
174 72 0.13361 0.104331857817	10
175.5 72 0.126093548387 0.109189010239	31
177 72 0.19112 0.116200847673	5
-180 71.5 0.1984 NaN	1
-178.5 71.5 0.155775 0.0989903825295	4
-177 71.5 0.0599333333333 0.191114660174	3
-175.5 71.5 0.164821052632 0.137871153936	19
-174 71.5 0.195933333333 0.128315600506	3
-172.5 71.5 0.2334 NaN	1
-171 71.5 0.24818 0.0776108046602	5
-169.5 71.5 0.16725 0.0440637200946	8
-165 71.5 0.146586666667 0.133936876746	15
-163.5 71.5 0.1637625 0.110660749935	24
-162 71.5 0.0808941176471 0.144028254479	17
-160.5 71.5 0.170273684211 0.105426192413	19
-159 71.5 0.158046666667 0.1176914845	15
-154.5 71.5 0.31225 0.00841457069612	2
-151.5 71.5 0.117416666667 0.156789826413	6
-150 71.5 0.183933333333 0.0844057067581	3
-148.5 71.5 0.14895 0.00346482322781	2
-139.5 71.5 0.2805 NaN	1
-130.5 71.5 0.298733333333 0.112274603837	6
-129 71.5 0.249 0.0791671017532	3
-127.5 71.5 0.3335 NaN	1
-126 71.5 0.05044 0.152248195392	5
-103.5 71.5 0.17344 0.143871915258	5
-102 71.5 0.131997058824 0.104775180629	34
-100.5 71.5 0.184956666667 0.127937634816	30
-93 71.5 0.2303 NaN	1
-91.5 71.5 0.225585714286 0.0697299894491	7
-70.5 71.5 0.0112 0.0272943217538	2
-69 71.5 0.18065 0.0303348809129	2
-66 71.5 0.16137 0.12057789402	20
-64.5 71.5 0.24636 0.0974770383219	5
-63 71.5 0.138645454545 0.135300261372	11
-61.5 71.5 0.11308 0.10921849791	15
-60 71.5 0.127105357143 0.105029477109	56
-58.5 71.5 0.19575625 0.121637467818	48
-57 71.5 0.0796 NaN	1
-21 71.5 0.22515 0.17817873851	8
-19.5 71.5 0.0791 0.179012591736	6
-18 71.5 0.32205 0.20145472196	2
58.5 71.5 0.2469 NaN	1
60 71.5 0.2566 NaN	1
61.5 71.5 0.109992592593 0.110191186741	27
63 71.5 0.1498 0.0989138682558	4
64.5 71.5 0.1304 0.127779796383	12
66 71.5 0.23118 0.101379307553	10
154.5 71.5 0.15978 0.0694752617843	5
156 71.5 0.1946 NaN	1
160.5 71.5 0.1723 0.0813452149791	6
162 71.5 0.166180952381 0.0910893880704	21
163.5 71.5 0.164128571429 0.086339421554	7
165 71.5 0.237683333333 0.0515708309615	12
166.5 71.5 0.1195625 0.166972229834	8
171 71.5 0.265161111111 0.0796167004273	18
172.5 71.5 0.182825 0.0402166114104	4
174 71.5 0.206206756757 0.0581861686975	74
175.5 71.5 0.213863063063 0.0755768855091	111
177 71.5 0.276633333333 0.103099518266	6
-177 71 0.199188571429 0.0926976513803	35
-175.5 71 0.266658333333 0.0536508655922	12
-174 71 0.21898 0.0720425360464	5
-171 71 0.13105 0.0945174939716	4
-169.5 71 0.176833333333 0.107406951979	3
-168 71 0.160425 0.044907038901	8
-166.5 71 0.1386625 0.0699599872887	8
-165 71 0.199377777778 0.0748560915654	9
-163.5 71 0.2204 0.00113137084991	2
-162 71 0.269666666667 0.0940993659206	6
-160.5 71 0.1901 NaN	1
-151.5 71 0.2057 0.0753626963424	6
-150 71 0.2882 NaN	1
-148.5 71 0.251085714286 0.138525562365	7
-147 71 0.1685 NaN	1
-139.5 71 0.23985 0.120622510337	4
-138 71 0.33785 0.00374766594029	2
-135 71 0.299666666667 0.107422173378	3
-133.5 71 0.19165 0.0931259630823	2
-130.5 71 0.2924 NaN	1
-129 71 0.1815 NaN	1
-126 71 0.3455 NaN	1
-124.5 71 0.1768 NaN	1
-120 71 0.169969230769 0.120810065042	26
-103.5 71 0.0934947368421 0.112870537804	19
-102 71 0.137719047619 0.132345138252	21
-91.5 71 0.22285 0.0520140278282	12
-67.5 71 0.3383 NaN	1
-66 71 0.13025 0.151674404565	2
-64.5 71 0.278033333333 0.0229269128609	3
-63 71 0.106388888889 0.116852090743	9
-61.5 71 0.0991277777778 0.131470013604	18
-60 71 0.0975 0.143324945491	5
-58.5 71 0.0597153846154 0.112557813305	39
-57 71 0.0961259259259 0.126122424019	27
-21 71 0.3051 0.0896611398545	2
-19.5 71 0.1222 0.0802427566825	4
-18 71 0.25558 0.0672315864919	10
57 71 0.1848 NaN	1
58.5 71 0.15852 0.0838198783106	5
60 71 0.128358333333 0.148487051522	12
61.5 71 0.244425 0.076491802393	4
63 71 0.222390909091 0.138604238424	11
64.5 71 0.105261538462 0.153938702836	13
66 71 0.166109090909 0.119100751085	11
163.5 71 0.17516 0.111391462869	5
165 71 0.186655555556 0.0963478088893	9
166.5 71 0.17474 0.0451667244772	5
168 71 0.204255555556 0.0321843561032	9
169.5 71 0.2052 0.130845404963	3
171 71 0.124447058824 0.093381764264	17
172.5 71 0.179444444444 0.0888332301438	9
174 71 0.235083333333 0.0468401715055	6
175.5 71 0.2427625 0.0717172212333	8
177 71 0.2524 NaN	1
-180 70.5 0.2061 NaN	1
-178.5 70.5 0.19768125 0.0860543256224	16
-177 70.5 0.23055 0.0704672973797	8
-175.5 70.5 0.19316969697 0.0912363253732	66
-174 70.5 0.27185 0.0252437120884	2
-172.5 70.5 0.1564 0.0696961978877	4
-171 70.5 0.176444444444 0.101587574426	9
-169.5 70.5 0.1718875 0.06956956308	8
-168 70.5 0.0969333333333 0.218295503084	6
-166.5 70.5 0.163285 0.0802859185071	20
-163.5 70.5 0.1877 0.0922151831316	5
-162 70.5 0.054325 0.0885582435463	4
-148.5 70.5 0.2832 NaN	1
-147 70.5 0.252 0.056696648931	3
-145.5 70.5 0.124477777778 0.0621082276711	9
-144 70.5 0.210716666667 0.070519796275	6
-136.5 70.5 0.1772 0.0811673887716	5
-135 70.5 0.25085 0.00657609306503	2
-133.5 70.5 0.11726 0.0893615577304	5
-132 70.5 0.0147 NaN	1
-126 70.5 0.2273 0.0743138389983	10
-123 70.5 0.0501 NaN	1
-121.5 70.5 0.2234 NaN	1
-120 70.5 0.21066 0.0767223109662	5
-118.5 70.5 0.268966666667 0.108275642075	6
-90 70.5 0.250982352941 0.0847548541036	17
-66 70.5 0.0884636363636 0.133745364576	11
-64.5 70.5 0.0583285714286 0.147292325148	7
-63 70.5 0.354 NaN	1
-61.5 70.5 0.237166666667 0.0327875623129	12
-60 70.5 0.1472359375 0.0731154997729	64
-58.5 70.5 0.160205970149 0.124906293216	67
-57 70.5 0.117172727273 0.106386043172	11
-19.5 70.5 0.0649 0.217062310562	4
60 70.5 0.10905 0.22095089198	4
61.5 70.5 0.167228571429 0.086909895237	14
63 70.5 -0.1916 NaN	1
64.5 70.5 0.2526 NaN	1
66 70.5 0.26085 0.0170412734266	2
162 70.5 0.13002 0.1346378418	10
163.5 70.5 0.255866666667 0.0668785375728	12
166.5 70.5 0.1539 NaN	1
168 70.5 0.170925 0.16620006769	4
169.5 70.5 0.13816875 0.090948400893	16
171 70.5 0.0776333333333 0.0811751604043	15
172.5 70.5 0.17367 0.131388195394	10
174 70.5 0.02795 0.0979550407075	4
175.5 70.5 0.1314 0.169630309256	12
177 70.5 0.0628636363636 0.133442401603	11
178.5 70.5 0.0241666666667 0.0486759009504	3
-180 70 0.250075 0.107528278673	8
-178.5 70 0.226836 0.0864085541676	25
-177 70 0.140231818182 0.129153409653	22
-175.5 70 0.173067741935 0.0786515614765	62
-174 70 0.276 0.0298055363985	3
-172.5 70 0.1845 0.0582168145814	9
-171 70 0.206253846154 0.0897994303563	13
-169.5 70 0.197933333333 0.126680247079	9
-168 70 0.161433333333 0.0318522108076	3
-166.5 70 0.166845833333 0.118191583527	24
-165 70 0.155666666667 0.165161446268	3
-141 70 0.1257 0.114958866786	20
-139.5 70 0.04086 0.0618567134594	5
-136.5 70 0.3359 0.0213546247918	2
-135 70 0.25495 0.038154903573	4
-133.5 70 0.192115384615 0.0770863568361	13
-123 70 -0.0877 NaN	1
-118.5 70 0.10276 0.192707039311	5
-91.5 70 0.236133333333 0.0360837728996	6
-90 70 0.129057142857 0.0982890780155	7
-88.5 70 0.2098 NaN	1
-66 70 0.1991 0.144083852901	7
-64.5 70 0.187877777778 0.114101487477	9
-63 70 -0.01145 0.246002449175	2
-61.5 70 0.16978 0.0828497944744	10
-60 70 0.137536842105 0.154343067406	19
-58.5 70 0.106466666667 0.115646868492	60
-57 70 0.0888846153846 0.0958297352279	26
-21 70 0.216766666667 0.0444198529189	3
-19.5 70 0.0449333333333 0.132629810626	6
162 70 0.1797 NaN	1
165 70 0.161636842105 0.109200326671	19
166.5 70 0.11 0.0907519696756	4
175.5 70 -0.0387 NaN	1
177 70 0.10985 0.155811820262	4
178.5 70 0.180328571429 0.1416008837	28
-180 69.5 0.18775 0.0514225307299	4
-178.5 69.5 0.22916 0.128597406661	5
-177 69.5 0.0793166666667 0.131929383647	48
-175.5 69.5 0.164905 0.0817092372218	20
-174 69.5 0.182119230769 0.0805121621271	52
-172.5 69.5 0.177985714286 0.0754891919101	7
-169.5 69.5 0.18124 0.0424742327117	10
-168 69.5 0.18108 0.144928655245	10
-166.5 69.5 0.4029 0.127562063326	2
-165 69.5 0.0558636363636 0.0697524662321	11
-88.5 69.5 0.255528571429 0.0586512777436	7
-87 69.5 0.21264 0.0876768091182	50
-66 69.5 0.13300625 0.102838322745	16
-64.5 69.5 0.226427272727 0.0832659244939	11
-63 69.5 0.123145454545 0.174594601083	11
-61.5 69.5 0.0954333333333 0.17691360415	3
-60 69.5 0.18972 0.0431046633208	5
-58.5 69.5 0.144269230769 0.0727624780734	26
-57 69.5 0.17946 0.125322755316	5
-24 69.5 0.1942 NaN	1
-22.5 69.5 0.1910125 0.178483624199	8
57 69.5 0.238525 0.0474321532999	4
178.5 69.5 0.2946 NaN	1
-175.5 69 0.142009090909 0.0797316681695	11
-174 69 0.109916129032 0.104758853554	31
-172.5 69 0.168366666667 0.0981018008669	3
-171 69 0.183325 0.0939301104447	28
-168 69 0.2396 0.0699282846922	5
-166.5 69 0.0121833333333 0.0447847139777	12
-165 69 0.0455 NaN	1
-87 69 0.253983333333 0.0780312971399	12
-78 69 0.322033333333 0.0473658386041	6
-66 69 0.2157625 0.132774631156	8
-64.5 69 0.160667857143 0.0938575084452	28
-63 69 0.123684 0.111815993489	25
-61.5 69 -0.03675 0.107550941418	2
-60 69 0.0505388888889 0.0778690389193	18
-58.5 69 0.0950954545455 0.141396788801	22
-57 69 -0.0431333333333 0.079105899485	3
-24 69 0.173066666667 0.14558896209	18
55.5 69 0.15 0.0060811183182	2
-175.5 68.5 0.152582051282 0.0982998925731	39
-174 68.5 0.12788 0.144662125889	10
-171 68.5 0.172152380952 0.115023465515	21
-169.5 68.5 0.229285714286 0.0884180303741	7
-66 68.5 0.078925 0.13173105448	8
-64.5 68.5 0.238963636364 0.0957656960788	11
-63 68.5 0.177290909091 0.0665782669323	22
-61.5 68.5 0.173642857143 0.148763513192	7
-60 68.5 0.02995 0.038113055506	2
-27 68.5 0.24845625 0.128219312967	32
-25.5 68.5 0.17148 0.10005387049	5
-24 68.5 0.112775 0.0699892075013	4
-174 68 0.172625 0.0361832719177	4
-172.5 68 0.15111 0.121120054767	10
-171 68 0.1667 NaN	1
-81 68 -0.0454333333333 0.174753149709	3
-78 68 0.0849 0.142823632498	3
-63 68 0.265271428571 0.0733534061772	14
-61.5 68 0.06736 0.13773493747	5
-60 68 0.273475 0.142467899893	4
-58.5 68 0.132485714286 0.148912842837	7
-57 68 0.0339 0.219971770916	5
-28.5 68 0.272566666667 0.0878265525529	3
-27 68 0.330223333333 0.142888395522	30
-25.5 68 0.40518 0.0512521414187	5
-169.5 67.5 0.3203 NaN	1
-168 67.5 0.059 0.0806407947492	10
-166.5 67.5 0.112142857143 0.160106754564	7
-81 67.5 0.04945 0.0836507322144	2
-79.5 67.5 0.122 NaN	1
-73.5 67.5 -0.1129 0.083957846566	3
-63 67.5 0.278042857143 0.0870292069201	7
-61.5 67.5 0.202875 0.0420285121475	4
-31.5 67.5 0.1618 0.022061731573	2
-30 67.5 0.194166666667 0.0745173447371	6
-25.5 67.5 0.065175 0.165398516217	4
-171 67 0.05 NaN	1
-169.5 67 0.122008333333 0.150418370846	12
-168 67 0.2647 NaN	1
-166.5 67 0.179314814815 0.141386107205	27
-81 67 0.058125 0.0898639725999	8
-75 67 0.2211 0.0536589849575	4
-73.5 67 0.09242 0.0350118963909	10
-60 67 0.2407 0.0816568021253	10
-31.5 67 0.181866666667 0.0423779817043	3
-30 67 0.2047 NaN	1
-169.5 66.5 0.220825 0.072494982585	4
-168 66.5 0.08135 0.127705442327	8
-166.5 66.5 0.0769 0.0404465078839	2
-81 66.5 0.231966666667 0.0207271480592	6
-79.5 66.5 0.099825 0.0870724452068	8
-75 66.5 0.1555 NaN	1
-58.5 66.5 0.135425 0.0879610661979	4
-82.5 66 0.2981 NaN	1
-79.5 66 0.152484615385 0.0870192492704	13
-78 66 0.31585 0.505793480583	2
36 66 0.2749 NaN	1
-169.5 65.5 0.367025 0.103099769641	4
-81 65.5 0.1679 0.0529002835531	3
-79.5 65.5 0.23671 0.0737397264923	20
-78 65.5 0.10972 0.0387006718288	5
-66 65.5 -0.0164 0.0268700576851	2
22.5 65.5 -0.04595 0.0283549819256	2
36 65.5 0.18365 0.0144956890143	2
37.5 65.5 0.29195 0.0818750877862	4
-178.5 65 0.047725 0.138762203668	4
-79.5 65 0.161636363636 0.105880718478	11
-66 65 0.0072 0.130934067377	7
-63 65 0.167468 0.0999353988001	25
-61.5 65 0.0984 0.201571724208	3
-60 65 0.2869 0.0549153439396	5
-39 65 0.443873684211 0.0617541797245	19
22.5 65 0.06621 0.0874509316385	10
-178.5 64.5 -0.034475 0.0905857742695	4
-169.5 64.5 0.1605 0.11518760784	5
-81 64.5 0.211653846154 0.113028017289	13
-64.5 64.5 0.287828571429 0.0387674998887	7
-63 64.5 0.24468 0.0936721272769	15
-61.5 64.5 0.165606896552 0.123056363193	29
-180 64 0.271266666667 0.107890422806	3
-178.5 64 0.0484222222222 0.132729209319	18
-177 64 0.19355 0.105616316749	12
-175.5 64 0.219118181818 0.0849936093854	11
-171 64 0.0879333333333 0.0311548284112	3
-169.5 64 0.293611111111 0.0663956595804	9
-166.5 64 0.25592 0.0395400050582	5
-79.5 64 0.17032 0.0739119543782	5
-63 64 0.0536 0.134732735443	3
-61.5 64 0.4471 NaN	1
21 64 0.0914 NaN	1
-180 63.5 0.110066666667 0.0874871800132	6
-178.5 63.5 0.09175 0.142771715096	20
-175.5 63.5 -0.0563 0.0130107647738	2
-174 63.5 -0.01535 0.106126041416	4
-169.5 63.5 0.0916 0.0464555701719	3
-168 63.5 0.273383333333 0.0840155560993	6
-166.5 63.5 0.14935 0.0919236803006	6
-165 63.5 0.0938 0.0574018292391	3
-90 63.5 0.350375 0.0851931286353	4
-88.5 63.5 0.2403 NaN	1
-87 63.5 0.3596 0.0459619407771	2
-79.5 63.5 0.0910545454545 0.101099222189	11
-61.5 63.5 0.248766666667 0.0775036988365	3
-178.5 63 0.1359 0.107796598586	4
-177 63 0.0948 NaN	1
-174 63 0.0665 0.113473991146	4
-168 63 0.215383333333 0.0423959156838	6
-166.5 63 0.285609090909 0.0701156252849	11
-90 63 0.2133 NaN	1
-76.5 63 0.272375 0.0758145269721	4
-75 63 0.2293 0.0685506382173	11
-73.5 63 0.1978 0.0523259018078	2
-180 62.5 0.0969846153846 0.0867698377525	13
-178.5 62.5 0.161814285714 0.0960848651905	14
-175.5 62.5 0.28182 0.0343969039304	5
-172.5 62.5 0.2167 NaN	1
-169.5 62.5 0.174155555556 0.14213202587	9
-87 62.5 0.3223 NaN	1
-81 62.5 0.14012 0.179431162288	5
-178.5 62 0.111645454545 0.159913922869	11
-177 62 0.208454545455 0.132983467872	11
-175.5 62 0.130966666667 0.0673454774527	3
-168 62 0.23666 0.118691798369	5
-82.5 62 0.0906384615385 0.0881753134241	13
-81 62 0.226883333333 0.106927646877	6
178.5 62 0.299275 0.0679407769066	4
-180 61.5 0.342025 0.0509661570718	4
-178.5 61.5 0.0716222222222 0.108444430214	9
-177 61.5 0.1781 0.108364863477	12
-175.5 61.5 0.225271428571 0.06798027348	14
-174 61.5 0.109433333333 0.0161593110414	3
-171 61.5 -0.0359 NaN	1
-168 61.5 0.19465 0.124804346879	2
-91.5 61.5 0.24318 0.0889172761616	5
-85.5 61.5 0.13332 0.0367030243985	5
-84 61.5 0.111376923077 0.162511554224	13
-82.5 61.5 0.218368 0.10669587121	25
-81 61.5 0.2079 0.0705594784561	8
-64.5 61.5 0.262577777778 0.113309463173	9
178.5 61.5 0.3307 0.0367695526217	2
-177 61 0.0793 0.128132529047	9
-175.5 61 0.1981 0.0813099747878	6
-174 61 0.0946133333333 0.0852230759047	15
-171 61 0.12922 0.0763607687232	5
-169.5 61 0.184475 0.085591174584	4
-90 61 0.29 NaN	1
-88.5 61 0.2457 0.00919238815543	2
-85.5 61 0.1512 0.00961665222414	2
-84 61 0.2995 0.0131521861301	2
-82.5 61 0.138496774194 0.1023963394	31
-79.5 61 0.10835 0.171024998173	4
-178.5 60.5 0.137833333333 0.0285463366009	3
-177 60.5 0.149183333333 0.105184721641	6
-175.5 60.5 0.180652941176 0.0764363061448	17
-172.5 60.5 0.21665 0.00841457069612	2
-169.5 60.5 0.215275 0.0639035927524	4
-87 60.5 0.1942 NaN	1
-85.5 60.5 0.211057142857 0.048586275742	7
-84 60.5 0.0843 NaN	1
-82.5 60.5 -0.035825 0.0922544443374	4
-81 60.5 0.16966875 0.0904219864026	16
-64.5 60.5 0.295766666667 0.0431301905089	3
156 60.5 0.232069230769 0.155462687831	13
-172.5 60 0.0657 NaN	1
-94.5 60 0.243285714286 0.0820330711476	7
-88.5 60 0.249566666667 0.0771712597625	3
-87 60 0.2292 0.094752308679	2
-85.5 60 0.15929 0.0535604632376	10
-84 60 0.11904 0.0951243916918	20
-82.5 60 0.128922222222 0.123437643952	9
-81 60 0.149591666667 0.136881942885	12
-79.5 60 0.184733333333 0.13837544339	3
-78 60 0.0593142857143 0.147792144904	7
-67.5 60 0.33225 0.0123743686708	2
156 60 0.1422 0.0970227980082	7
