lon, lat, freeboard (m), standard deviation, count
-180 81.5 0.278807462687 0.0761789707399	134
-178.5 81.5 0.230293043478 0.0919225100066	115
-177 81.5 0.269810948905 0.0891481678731	137
-175.5 81.5 0.300890295359 0.0777378190273	237
-174 81.5 0.282735849057 0.0861036718979	159
-172.5 81.5 0.22363030303 0.0883721080461	99
-171 81.5 0.212160714286 0.10025199645	56
-169.5 81.5 0.174907894737 0.0831536753233	38
-168 81.5 0.17401754386 0.105854603994	57
-166.5 81.5 0.166548888889 0.132964003369	45
-165 81.5 0.260188 0.0947482035543	100
-163.5 81.5 0.230672972973 0.0961882747066	74
-162 81.5 0.213915662651 0.120112836667	83
-160.5 81.5 0.173779166667 0.0996585232625	48
-159 81.5 0.172951111111 0.0949122312796	45
-157.5 81.5 0.184623809524 0.102866617057	21
-156 81.5 0.202745098039 0.087158539028	51
-154.5 81.5 0.137443478261 0.149621716564	46
-153 81.5 0.186105555556 0.0849481587943	36
-151.5 81.5 0.229768518519 0.114147527555	54
-150 81.5 0.134841176471 0.130280721227	17
-148.5 81.5 0.154484507042 0.112438659655	71
-147 81.5 0.152130188679 0.12350555659	106
-145.5 81.5 0.159440650407 0.113938729463	123
-144 81.5 0.163356321839 0.132314268862	87
-142.5 81.5 0.1797832 0.128047971565	125
-141 81.5 0.178745714286 0.122014304133	140
-139.5 81.5 0.139096261682 0.124948011774	107
-138 81.5 0.186723611111 0.114394228768	72
-136.5 81.5 0.167473684211 0.102238950724	57
-135 81.5 0.16058372093 0.122617187991	86
-133.5 81.5 0.158799242424 0.117142860844	132
-132 81.5 0.169075784753 0.108142644147	223
-130.5 81.5 0.169103 0.113764718692	400
-129 81.5 0.170106024096 0.102389210243	415
-127.5 81.5 0.208958057395 0.0951591492154	453
-126 81.5 0.199636338798 0.108945602697	366
-124.5 81.5 0.261965753425 0.102098870804	438
-123 81.5 0.208998947368 0.098394477861	285
-121.5 81.5 0.219624229075 0.0976449876537	227
-120 81.5 0.219483044983 0.0855098692103	289
-118.5 81.5 0.198213744076 0.122906752694	211
-117 81.5 0.158001724138 0.110489391962	116
-115.5 81.5 0.164906086957 0.1385536512	115
-114 81.5 0.217835416667 0.138498267501	96
-112.5 81.5 0.140958992806 0.114492670997	139
-111 81.5 0.194926451613 0.124932520528	155
-109.5 81.5 0.226597052154 0.101895831235	441
-108 81.5 0.250678370787 0.0936995976581	356
-106.5 81.5 0.158482022472 0.122227379913	89
-105 81.5 0.182597468354 0.130634920896	79
-103.5 81.5 0.197726573427 0.127266753207	143
-102 81.5 0.269732110092 0.125022506034	109
-100.5 81.5 0.225115384615 0.170156379499	52
-99 81.5 0.174823076923 0.144388784806	65
-97.5 81.5 0.264548351648 0.119848911664	182
-96 81.5 0.276863636364 0.0927340512507	33
-9 81.5 0.184875 0.0578385622722	8
-7.5 81.5 0.16354 0.120344061884	40
-6 81.5 0.175549295775 0.145071434496	71
-4.5 81.5 0.224529292929 0.154457748171	99
-3 81.5 0.210726086957 0.143665069892	138
-1.5 81.5 0.189620588235 0.128983423161	68
0 81.5 0.263986896552 0.128278435907	145
1.5 81.5 0.30305 0.12611990037	220
3 81.5 0.323211447811 0.136042684094	297
4.5 81.5 0.359358964143 0.112923187828	251
6 81.5 0.327844686649 0.115579750897	367
7.5 81.5 0.28197005988 0.0977853738509	167
9 81.5 0.239253896104 0.0950725448043	154
10.5 81.5 0.207758064516 0.131266013717	124
12 81.5 0.260816190476 0.129755332236	210
13.5 81.5 0.198297752809 0.105331629949	89
15 81.5 0.165097058824 0.0741524902432	34
16.5 81.5 0.201608333333 0.126780658021	48
18 81.5 0.183671428571 0.111547481636	14
22.5 81.5 0.0197 0.217415178863	5
24 81.5 0.2085875 0.0834949517293	8
25.5 81.5 0.0534428571429 0.133897967551	14
27 81.5 0.0499 0.083299099635	6
28.5 81.5 0.0384 NaN	1
30 81.5 0.291166666667 0.0236155316123	3
33 81.5 -0.1928 NaN	1
34.5 81.5 0.0814111111111 0.143509759637	9
36 81.5 0.101385714286 0.158817803668	7
37.5 81.5 0.11288 0.107407481117	5
39 81.5 0.1936 0.141522585555	10
40.5 81.5 0.0917 NaN	1
42 81.5 0.0129466666667 0.102121712164	15
43.5 81.5 0.213321428571 0.130772569334	14
45 81.5 0.242645454545 0.0880986306776	11
46.5 81.5 0.179577777778 0.162427682199	9
48 81.5 0.114006666667 0.127945437404	15
49.5 81.5 0.190789473684 0.12497538822	19
51 81.5 0.218016666667 0.098195751775	6
52.5 81.5 0.22975 0.0795702394115	6
66 81.5 0.1527 0.0913736176366	11
67.5 81.5 0.174943617021 0.096120998521	94
69 81.5 0.153935483871 0.0968052049165	31
70.5 81.5 0.198720588235 0.0952424713621	34
72 81.5 0.2309 0.097104003522	9
73.5 81.5 0.20353 0.150949800707	10
75 81.5 0.269166666667 0.0755724729426	6
76.5 81.5 0.2079875 0.124277323622	16
78 81.5 0.186228571429 0.0881699445439	14
79.5 81.5 0.145013333333 0.175472081079	15
81 81.5 0.246006666667 0.075137278808	15
82.5 81.5 0.19625 0.0776961389002	12
84 81.5 0.247009433962 0.0844140260496	53
85.5 81.5 0.254838392857 0.0818243242822	112
87 81.5 0.210493023256 0.113677781771	86
88.5 81.5 0.173685135135 0.120471816385	74
90 81.5 0.1557 0.133254382998	18
91.5 81.5 0.162842857143 0.174816142194	21
93 81.5 0.1402 0.108209724353	28
94.5 81.5 0.0396615384615 0.140394601858	13
97.5 81.5 0.267682352941 0.132028445019	17
99 81.5 0.225482926829 0.0974554921552	41
100.5 81.5 0.154992405063 0.121689545905	79
102 81.5 0.132323809524 0.112548430934	84
103.5 81.5 0.170775714286 0.115881990743	70
105 81.5 0.198975384615 0.120748224664	65
106.5 81.5 0.148975912409 0.114923295087	137
108 81.5 0.16065 0.111034081502	52
109.5 81.5 0.184817073171 0.144156465173	41
111 81.5 0.163141935484 0.115624330698	31
112.5 81.5 0.150182222222 0.109623386873	45
114 81.5 0.187752083333 0.0760167086604	48
115.5 81.5 0.2539575 0.0795507091541	40
117 81.5 0.140761538462 0.0890975265132	13
118.5 81.5 0.18042 0.056853865304	5
120 81.5 0.1869625 0.0619366221768	16
121.5 81.5 0.179825 0.0943632944176	16
123 81.5 0.2691 0.0267286363289	2
124.5 81.5 0.14053 0.077119285794	30
126 81.5 0.138918181818 0.0353293028004	11
127.5 81.5 0.152941176471 0.0998096692387	17
129 81.5 0.217271428571 0.0992613841378	7
130.5 81.5 0.13945 0.134338431901	8
132 81.5 0.246375 0.0844555292954	8
133.5 81.5 0.144781818182 0.0754265307043	33
135 81.5 0.195254545455 0.0931429794994	44
136.5 81.5 0.188491596639 0.0956874392513	119
138 81.5 0.186472340426 0.0852930866165	94
139.5 81.5 0.227264285714 0.0815735397108	28
141 81.5 0.188588888889 0.0434796353804	18
142.5 81.5 0.2172 0.114171625196	23
144 81.5 0.203173333333 0.0680261840155	75
145.5 81.5 0.222915625 0.0924098449004	64
147 81.5 0.235015217391 0.082899564313	46
148.5 81.5 0.209161111111 0.164835248011	18
150 81.5 0.177410447761 0.111097763573	67
151.5 81.5 0.230223287671 0.0881853217828	73
153 81.5 0.233687179487 0.10873515082	117
154.5 81.5 0.233928282828 0.0701773070476	198
156 81.5 0.254128705882 0.0808571237248	425
157.5 81.5 0.284021044304 0.0778709624886	632
159 81.5 0.303353923541 0.0815585371964	497
160.5 81.5 0.286532038835 0.0770939632245	412
162 81.5 0.265142516269 0.0763647148014	461
163.5 81.5 0.274272054795 0.0879853773902	365
165 81.5 0.28997283237 0.0849093904884	346
166.5 81.5 0.281805411765 0.0769058521087	425
168 81.5 0.310821881838 0.0822865127346	457
169.5 81.5 0.304314849188 0.080248698098	431
171 81.5 0.308967341772 0.0767491128061	395
172.5 81.5 0.303045421245 0.0778521387173	273
174 81.5 0.293275324675 0.0888089794384	308
175.5 81.5 0.300012972973 0.0707911889961	185
177 81.5 0.254828571429 0.0923595864775	105
178.5 81.5 0.251895757576 0.0926889437137	165
-180 81 0.248551401869 0.0953845912999	107
-178.5 81 0.252859139785 0.0852948149453	186
-177 81 0.2714495 0.0859752652273	200
-175.5 81 0.262655 0.0872701909807	140
-174 81 0.268201785714 0.0767551471199	112
-172.5 81 0.280786842105 0.0928853701309	38
-171 81 0.236517241379 0.0736398866539	29
-169.5 81 0.224825714286 0.0750491029176	35
-168 81 0.2389 0.0725136006947	36
-166.5 81 0.228563291139 0.0992629558517	79
-165 81 0.222813888889 0.0778234417595	36
-163.5 81 0.233129787234 0.113293316728	47
-162 81 0.190383333333 0.121281860608	30
-160.5 81 0.196544444444 0.106566096765	45
-159 81 0.192490909091 0.108832839218	44
-157.5 81 0.123307142857 0.125163225518	14
-156 81 0.150225 0.0939810341118	12
-154.5 81 0.197354545455 0.145213534931	11
-153 81 0.182129411765 0.11669812426	17
-151.5 81 0.134572972973 0.149935865268	37
-150 81 0.138186956522 0.10912210552	23
-148.5 81 0.147739130435 0.0949940511971	23
-147 81 0.098508 0.109620149049	50
-145.5 81 0.132466666667 0.115631107152	18
-144 81 0.143566666667 0.118333460681	33
-142.5 81 0.128174468085 0.149390865311	47
-141 81 0.157748076923 0.125278113342	52
-139.5 81 0.189061176471 0.136346859057	85
-138 81 0.191549333333 0.138550521933	75
-136.5 81 0.22547755102 0.144549058152	98
-135 81 0.182875221239 0.120452107058	113
-133.5 81 0.142854166667 0.12997022946	72
-132 81 0.191620089286 0.105493245477	224
-130.5 81 0.20527716895 0.101890830359	219
-129 81 0.173915966387 0.099161384453	119
-127.5 81 0.177703383459 0.109904254848	266
-126 81 0.195797087379 0.101056939193	309
-124.5 81 0.195708333333 0.104567579358	228
-123 81 0.180961835749 0.10788126133	207
-121.5 81 0.167056521739 0.103832092692	161
-120 81 0.213736697248 0.101152315372	218
-118.5 81 0.157388297872 0.120314287227	94
-117 81 0.169248101266 0.127382905367	79
-115.5 81 0.215646496815 0.122379151551	157
-114 81 0.218083870968 0.122311172892	62
-112.5 81 0.144988636364 0.114459224416	44
-111 81 0.123263636364 0.105665691675	77
-109.5 81 0.199771666667 0.0994788945002	120
-108 81 0.198514 0.137732319522	50
-106.5 81 0.216369465649 0.112574639099	131
-105 81 0.194898 0.140205957092	50
-103.5 81 0.257417391304 0.123397571676	161
-102 81 0.298542622951 0.129084062983	183
-100.5 81 0.335392121212 0.119162115945	165
-99 81 0.330818181818 0.126781634074	242
-97.5 81 0.299864516129 0.11555234439	62
-10.5 81 0.106281818182 0.205824584626	11
-7.5 81 0.15788 0.268573010558	5
-6 81 0.27974 0.0923046124183	20
-4.5 81 0.291842028986 0.143715565089	69
-3 81 0.191213333333 0.166303856819	75
-1.5 81 0.197492592593 0.132542605884	108
0 81 0.238042168675 0.125463460933	83
1.5 81 0.311288888889 0.142167069851	81
3 81 0.317006730769 0.164145042578	104
4.5 81 0.339321387283 0.114043714866	173
6 81 0.405936428571 0.120165732203	140
7.5 81 0.308093457944 0.0973369204818	107
9 81 0.266270731707 0.114825074012	41
10.5 81 0.300725925926 0.0865345044236	27
12 81 0.2442825 0.0907783575458	40
13.5 81 0.234615384615 0.0820755226012	13
15 81 0.1122 NaN	1
31.5 81 0.27235 0.0768864747534	4
33 81 0.137065 0.146910098807	20
34.5 81 0.089 NaN	1
36 81 0.179036363636 0.117145441847	11
37.5 81 0.13378 0.174887069276	5
39 81 0.207845454545 0.147179831252	11
40.5 81 0.00435 0.175904609566	10
42 81 0.185363636364 0.12876207728	11
43.5 81 0.236725 0.0717367177021	16
46.5 81 -0.114 NaN	1
48 81 0.12856 0.161087532106	5
67.5 81 0.3032 0.0233770542769	4
69 81 0.145690909091 0.0981301732857	11
70.5 81 0.1351 0.152015810581	4
72 81 0.275975 0.0865406407418	4
73.5 81 0.199318181818 0.0942574327911	11
75 81 0.217366666667 0.13628685879	12
78 81 0.03256 0.0992957098771	5
82.5 81 0.174307142857 0.145002137733	28
84 81 0.155509756098 0.102252099746	41
85.5 81 0.206635555556 0.100791411872	45
87 81 0.204670930233 0.0942699289166	86
88.5 81 0.169803125 0.114794108774	32
90 81 0.2649 0.00438406204336	2
99 81 0.184726666667 0.106082093996	15
100.5 81 0.1971 0.13066747555	25
102 81 0.150336363636 0.146170394845	22
103.5 81 0.2075 0.159202567091	39
105 81 0.148361403509 0.148536421405	57
106.5 81 0.159278205128 0.120418789412	78
108 81 0.159202631579 0.112539860775	38
109.5 81 0.161238666667 0.123238575364	75
111 81 0.145727586207 0.140722694579	58
112.5 81 0.16955 0.120384507905	40
114 81 0.146557142857 0.105725798987	21
115.5 81 0.18861 0.0752246523142	20
117 81 0.146666666667 0.11181960174	3
118.5 81 0.20679375 0.129687251847	16
120 81 0.231677777778 0.0660209015725	9
121.5 81 0.1506 0.0718420489686	2
123 81 0.31785 0.0283549819256	2
124.5 81 0.2684 0.0101823376491	2
126 81 0.102666666667 0.151569532998	3
127.5 81 0.150344444444 0.0446652580624	9
129 81 0.200614814815 0.0801937831069	27
130.5 81 0.210425 0.0503015975321	8
132 81 0.216463636364 0.0382909982301	11
133.5 81 0.174440625 0.103263911378	32
135 81 0.218116666667 0.0954605947578	12
136.5 81 0.266290909091 0.0670194069587	11
138 81 0.27745 0.0855131401766	8
139.5 81 0.128436363636 0.1167429336	11
141 81 0.183713043478 0.0697634399195	23
142.5 81 0.151177272727 0.0548788443219	22
144 81 0.200007894737 0.100427821012	38
145.5 81 0.2050525 0.0650647960567	40
147 81 0.214720408163 0.0674826767264	49
148.5 81 0.171428571429 0.0898862114303	28
150 81 0.170451162791 0.0812676951342	43
151.5 81 0.197147222222 0.101284302792	36
153 81 0.249388235294 0.083489155062	119
154.5 81 0.245702097902 0.0892382761215	143
156 81 0.241556928839 0.0780260018999	267
157.5 81 0.272463421829 0.0770798933565	339
159 81 0.26688556962 0.0682268846289	395
160.5 81 0.241138497653 0.0918284719225	426
162 81 0.259106142506 0.090222902058	407
163.5 81 0.246945614035 0.0977232612823	228
165 81 0.268462162162 0.0795189847541	296
166.5 81 0.289602690583 0.0770519831077	223
168 81 0.291062222222 0.0937909926203	180
169.5 81 0.274715923567 0.0965712540905	157
171 81 0.26555620915 0.100779135026	153
172.5 81 0.270483969466 0.0855656318648	131
174 81 0.258188489209 0.0826644562694	139
175.5 81 0.261219496855 0.0775827948743	159
177 81 0.258808024691 0.0865131749406	162
178.5 81 0.259857017544 0.0938854093193	114
-180 80.5 0.22660483871 0.109425203957	124
-178.5 80.5 0.224283333333 0.0953424339815	60
-177 80.5 0.236024409449 0.0957546283158	127
-175.5 80.5 0.265474264706 0.0690079898716	136
-174 80.5 0.244048 0.0529005286678	25
-172.5 80.5 0.250816666667 0.0559211734633	54
-171 80.5 0.223515789474 0.0638904988864	19
-169.5 80.5 0.172207692308 0.119269788446	13
-168 80.5 0.251469230769 0.0685434094159	13
-166.5 80.5 0.211011111111 0.149495390009	18
-165 80.5 0.21 NaN	1
-163.5 80.5 0.18 0.0854954969574	10
-162 80.5 0.0697166666667 0.0639486486696	6
-160.5 80.5 0.17362 0.114031104918	10
-159 80.5 0.193772222222 0.104718051736	18
-157.5 80.5 0.1966 NaN	1
-156 80.5 0.18006875 0.132572077094	16
-154.5 80.5 0.1488 0.126757083957	13
-153 80.5 0.201385714286 0.11364283359	14
-151.5 80.5 0.111108333333 0.0800016870087	12
-150 80.5 0.128148571429 0.119789615506	35
-148.5 80.5 0.125222727273 0.0966713624401	22
-147 80.5 0.155764705882 0.0793951898825	17
-145.5 80.5 0.151107142857 0.13279451138	14
-144 80.5 0.156597674419 0.122917784153	43
-142.5 80.5 0.1642375 0.116471341484	32
-141 80.5 0.172379746835 0.1120616856	79
-139.5 80.5 0.172426315789 0.100743472894	57
-138 80.5 0.134780434783 0.118591687753	92
-136.5 80.5 0.203030172414 0.114913686489	116
-135 80.5 0.160149253731 0.119874907493	67
-133.5 80.5 0.195855172414 0.131995578305	58
-132 80.5 0.16283362069 0.125148384237	116
-130.5 80.5 0.1944072 0.101625992973	125
-129 80.5 0.205539516129 0.115345751589	124
-127.5 80.5 0.212356179775 0.125911054424	89
-126 80.5 0.234346357616 0.103399743891	151
-124.5 80.5 0.210723913043 0.148724702065	92
-123 80.5 0.190149112426 0.125121488637	169
-121.5 80.5 0.1426 0.132483904144	141
-120 80.5 0.222047368421 0.115056796189	95
-118.5 80.5 0.145435 0.122091270146	60
-117 80.5 0.197173684211 0.131207685051	57
-115.5 80.5 0.179359459459 0.109762640448	74
-114 80.5 0.146785294118 0.114709499749	68
-112.5 80.5 0.01635 0.141670624337	26
-111 80.5 0.12902238806 0.127754439905	67
-109.5 80.5 0.110162790698 0.139877849813	43
-108 80.5 0.205976190476 0.121545063612	63
-106.5 80.5 0.242996363636 0.141312676881	110
-105 80.5 0.228696153846 0.148173836649	52
-103.5 80.5 0.294724817518 0.117811861345	137
-102 80.5 0.31429338843 0.117857758715	121
-100.5 80.5 0.325065591398 0.122490034639	93
-99 80.5 0.280016363636 0.14175962932	55
-12 80.5 0.19905 0.121127391617	2
-10.5 80.5 0.1286375 0.140738815212	8
-9 80.5 0.0302 0.137501745443	3
-7.5 80.5 0.164333333333 0.120617074524	6
-6 80.5 0.239628571429 0.204606970509	7
-4.5 80.5 0.161470588235 0.156405144793	51
-3 80.5 0.229645833333 0.15997239517	48
-1.5 80.5 0.203577142857 0.115627406393	35
0 80.5 0.237969811321 0.140356375516	53
1.5 80.5 0.22618 0.218307688825	5
3 80.5 0.317322222222 0.104464991478	9
31.5 80.5 0.293 NaN	1
34.5 80.5 0.1366 0.0931669469286	8
36 80.5 0.19115 0.112409726447	26
37.5 80.5 0.0552 NaN	1
39 80.5 0.245125 0.0489892079952	4
40.5 80.5 0.194327272727 0.0488439165282	11
42 80.5 0.017225 0.0505092000106	8
43.5 80.5 0.166630769231 0.147274456852	13
45 80.5 -0.0102 NaN	1
63 80.5 0.3551 NaN	1
66 80.5 0.10085 0.0924188563011	2
67.5 80.5 0.225978571429 0.112681710881	14
69 80.5 0.1933 0.0922238942285	4
70.5 80.5 0.152591666667 0.165843833762	12
72 80.5 0.2702 NaN	1
73.5 80.5 0.3525 NaN	1
75 80.5 0.3695 0.00268700576851	2
78 80.5 0.1976 0.198098805314	7
79.5 80.5 0.2226 0.0260215295477	2
81 80.5 0.2704 0.104793224972	2
82.5 80.5 0.0897444444444 0.144590975783	9
84 80.5 0.213343478261 0.0996600525167	46
85.5 80.5 0.174996296296 0.109330369071	27
87 80.5 0.198104 0.119282023932	25
88.5 80.5 0.158234782609 0.130363905381	23
90 80.5 0.05875 0.146681051946	6
100.5 80.5 0.151966666667 0.141525274539	3
102 80.5 0.162754545455 0.14493542261	11
103.5 80.5 0.165938888889 0.0848761737432	18
105 80.5 0.15892195122 0.143767116393	41
106.5 80.5 0.214953333333 0.0994575034299	30
108 80.5 0.19575 0.0993213732546	28
109.5 80.5 0.218916666667 0.106440430061	12
111 80.5 0.134283333333 0.110067405106	6
112.5 80.5 0.1635 0.0904300184413	18
114 80.5 0.13765 0.057204938598	2
115.5 80.5 0.19182 0.0733748730834	5
117 80.5 0.29355 0.0463154941677	2
118.5 80.5 0.210933333333 0.0133125254303	3
121.5 80.5 0.0003 NaN	1
123 80.5 0.20582 0.0324172330713	5
124.5 80.5 0.208375 0.106536817915	8
126 80.5 0.227566666667 0.0500713823789	3
127.5 80.5 0.202311111111 0.0929541747912	9
129 80.5 0.18116875 0.131096827924	16
130.5 80.5 0.1423 0.033375440072	2
132 80.5 0.164342857143 0.111737583522	21
133.5 80.5 0.231381818182 0.0866718041601	11
136.5 80.5 0.213613043478 0.0517313981003	23
138 80.5 0.2693 0.0539255968905	5
139.5 80.5 0.1796 0.0438745028462	6
141 80.5 0.1872 0.067861525673	4
142.5 80.5 0.2085 0.131648661216	3
144 80.5 0.152209090909 0.107064368065	11
145.5 80.5 0.191233333333 0.106951849424	15
147 80.5 0.138691176471 0.112046933802	34
148.5 80.5 0.146096666667 0.0989315349582	30
150 80.5 0.17744375 0.101173639312	16
151.5 80.5 0.211320731707 0.0908165886541	82
153 80.5 0.235904411765 0.0752587207895	68
154.5 80.5 0.187242857143 0.116440174707	35
156 80.5 0.253293333333 0.073348073056	150
157.5 80.5 0.259805586592 0.0762650020023	179
159 80.5 0.26974 0.0816089906282	260
160.5 80.5 0.262102314815 0.0813248944649	216
162 80.5 0.229155958549 0.0896688669857	193
163.5 80.5 0.258727807487 0.075294178451	187
165 80.5 0.26892254902 0.0694025949052	102
166.5 80.5 0.288953793103 0.0679561603175	145
168 80.5 0.266392682927 0.0918922544148	123
169.5 80.5 0.253028037383 0.0966481586218	107
171 80.5 0.292709090909 0.102939661434	99
172.5 80.5 0.230077669903 0.101056501311	103
174 80.5 0.2497375 0.0792377377408	80
175.5 80.5 0.25956460177 0.0793067044999	113
177 80.5 0.271500980392 0.0873232221244	204
178.5 80.5 0.238898611111 0.0838855415584	72
-180 80 0.231002912621 0.0851360093584	103
-178.5 80 0.248632258065 0.0679975321823	93
-177 80 0.202021212121 0.0574746191881	66
-175.5 80 0.241446478873 0.0736615209319	71
-174 80 0.189453846154 0.0941639607173	39
-172.5 80 0.217769230769 0.0735829206772	26
-171 80 0.18439 0.0934190969056	10
-169.5 80 0.21465 0.0589308115976	10
-168 80 0.204633333333 0.0677661263375	12
-166.5 80 0.2559 NaN	1
-165 80 0.1789 0.0999437841989	11
-163.5 80 0.233958333333 0.0616259015547	12
-162 80 0.230865217391 0.0875132021661	23
-160.5 80 0.226045454545 0.0937289321782	11
-159 80 0.1337875 0.119239224581	8
-157.5 80 0.1397 0.10041551175	13
-156 80 0.2217 0.0720270782415	8
-154.5 80 0.1943 0.0313240540741	12
-153 80 0.2338 0.0758226439353	7
-151.5 80 0.0931555555556 0.0937548413565	9
-150 80 0.08945 0.0980163846847	10
-148.5 80 0.191025 0.0676956116254	4
-147 80 0.1905 0.0740648514629	10
-145.5 80 0.113723076923 0.0816788646045	13
-144 80 0.170244444444 0.142421821635	9
-142.5 80 0.04643125 0.0951058197921	16
-141 80 0.153923076923 0.143592212845	13
-139.5 80 0.155569230769 0.116528953154	39
-138 80 0.170458333333 0.128917266751	24
-136.5 80 0.121736363636 0.110880626613	99
-135 80 0.167898387097 0.118326459344	62
-133.5 80 0.138813513514 0.137173159348	37
-132 80 0.167309009009 0.122770894944	111
-130.5 80 0.20174375 0.113106586724	80
-129 80 0.2032304 0.10860274474	125
-127.5 80 0.224468243243 0.110305843239	148
-126 80 0.222888990826 0.106621370886	109
-124.5 80 0.216896226415 0.118043940584	53
-123 80 0.19466344086 0.105983744431	93
-121.5 80 0.198926282051 0.123334868111	156
-120 80 0.206269672131 0.105630358841	122
-118.5 80 0.202089655172 0.119471940022	58
-117 80 0.0976 0.120094148739	58
-115.5 80 0.135502941176 0.125860517999	34
-114 80 0.127436666667 0.114094080963	60
-112.5 80 0.113072727273 0.122066982357	11
-111 80 0.194546511628 0.105265445307	43
-109.5 80 0.187728571429 0.136614732525	21
-108 80 0.190372727273 0.126279627633	44
-106.5 80 0.3064288 0.124635379702	125
-105 80 0.364947 0.112688596983	100
-103.5 80 0.274388888889 0.133265307332	54
-102 80 0.325713636364 0.13633196633	22
-15 80 0.163645205479 0.125194506492	73
-13.5 80 0.171763736264 0.111091872406	91
-12 80 0.0924066666667 0.131700317098	15
-10.5 80 0.17107037037 0.137075994686	27
-9 80 0.226118181818 0.103804294884	11
-7.5 80 0.08575 0.119890074652	12
-6 80 0.169866666667 0.0644847165355	6
-4.5 80 0.2082 0.128156394749	67
-3 80 0.158993814433 0.123267277199	97
-1.5 80 0.210783333333 0.164580022553	18
0 80 0.22206 0.0980097721075	15
30 80 0.18195 0.150260191002	2
34.5 80 0.3339 NaN	1
36 80 0.2256 0.104510382259	2
37.5 80 0.283266666667 0.0272456112674	3
39 80 0.04822 0.125766517802	5
40.5 80 0.0546 0.105351485778	10
42 80 0.144083333333 0.0814035973816	6
43.5 80 0.169606666667 0.143334446397	15
46.5 80 0.28945 0.0883176369702	2
55.5 80 0.281366666667 0.0318279541703	6
64.5 80 0.0564 0.242166120669	3
66 80 0.171133333333 0.0772393077822	6
67.5 80 0.2514 0.0648807367406	3
69 80 0.01854 0.150611795687	5
70.5 80 0.142825 0.0695229638321	4
73.5 80 0.111788888889 0.101017831209	18
75 80 0.19105 0.0565410470366	4
76.5 80 0.166666666667 0.126558142106	3
78 80 0.192 NaN	1
79.5 80 0.2012 NaN	1
81 80 0.072452173913 0.132864582015	23
82.5 80 0.223354545455 0.0728580999428	11
84 80 0.176223809524 0.120255880957	21
85.5 80 0.262125 0.0420963096448	8
87 80 0.2022 0.121054969804	8
88.5 80 0.158016666667 0.0615369942934	6
90 80 0.298366666667 0.0830524131698	3
102 80 -0.02985 0.0806808837334	2
103.5 80 0.1799 0.113419927702	2
105 80 0.25272 0.10727809966	10
106.5 80 0.075 0.0486489465456	2
108 80 0.09350625 0.0891789995365	16
109.5 80 0.0332571428571 0.144406761812	7
111 80 0.2399 NaN	1
112.5 80 0.231366666667 0.124919472728	6
114 80 0.231616666667 0.112857368686	6
117 80 0.0151 0.17153864482	7
120 80 0.148775 0.149757011522	4
121.5 80 0.15015 0.0253851334446	2
123 80 0.21325 0.00841457069612	2
124.5 80 0.153508333333 0.0486904033541	12
127.5 80 0.1553 0.0705700125171	4
129 80 0.24716 0.0499524173589	15
130.5 80 0.183221052632 0.105593079418	19
132 80 0.203 0.0585277643516	26
133.5 80 0.193263636364 0.0606866422325	11
135 80 0.199496 0.0489174515553	25
136.5 80 0.2612 NaN	1
138 80 0.150118181818 0.0769571155668	11
139.5 80 0.256122222222 0.0795010814042	9
141 80 0.143372727273 0.0933201059891	11
142.5 80 0.201925 0.0921618549075	12
144 80 0.252118181818 0.0701574489015	11
145.5 80 0.200877777778 0.113422909548	27
147 80 0.177051724138 0.108985879232	29
148.5 80 0.146953846154 0.0975091678447	39
150 80 0.131325 0.0946998428049	12
151.5 80 0.192079166667 0.0812298455493	24
153 80 0.274753333333 0.092856994966	60
154.5 80 0.210905970149 0.0943110567132	67
156 80 0.226562711864 0.0893563225448	59
157.5 80 0.267647368421 0.0870881683342	114
159 80 0.276370588235 0.0785090593098	102
160.5 80 0.251987969925 0.108226962723	133
162 80 0.223935185185 0.0727526793788	162
163.5 80 0.260078142077 0.0795866723812	183
165 80 0.260937297297 0.0850863229394	185
166.5 80 0.263202542373 0.097470983756	236
168 80 0.256179464286 0.0973388839097	224
169.5 80 0.220810465116 0.111074174506	86
171 80 0.265362244898 0.0801000180384	98
172.5 80 0.207368918919 0.0739563086969	74
174 80 0.196377011494 0.0795098117408	87
175.5 80 0.214442335766 0.095338258263	137
177 80 0.25091 0.09057430013	110
178.5 80 0.26009125 0.0907059446976	80
-180 79.5 0.233938666667 0.0691975411478	75
-178.5 79.5 0.209725531915 0.0846000757223	47
-177 79.5 0.233141860465 0.0949550425767	43
-175.5 79.5 0.178657894737 0.0778003450134	19
-174 79.5 0.194680769231 0.089626638983	26
-172.5 79.5 0.1995 0.12989862201	6
-171 79.5 0.186825 0.0855985357245	12
-169.5 79.5 0.24215 0.0755897149088	2
-168 79.5 0.179233333333 0.060170114398	6
-163.5 79.5 0.23645 0.109955104475	2
-160.5 79.5 0.151525 0.0927138878486	8
-159 79.5 0.139033333333 0.0912729678857	6
-157.5 79.5 0.21645 0.0605582089123	4
-156 79.5 0.1492625 0.0424967876937	8
-154.5 79.5 0.2137 0.0207889393669	2
-153 79.5 0.15568 0.0229593553916	5
-151.5 79.5 0.236866666667 0.0661432889012	6
-150 79.5 0.22695 0.0248014112502	4
-148.5 79.5 0.119959090909 0.115214837252	22
-147 79.5 0.147552380952 0.103601074411	21
-145.5 79.5 0.0862869565217 0.0670235664412	23
-144 79.5 0.10165 0.115653876418	24
-142.5 79.5 0.200533333333 0.0986370881135	12
-141 79.5 0.160357142857 0.112084266769	7
-139.5 79.5 0.115383333333 0.108253497389	12
-138 79.5 0.132179411765 0.131803910319	34
-136.5 79.5 0.09285 0.149835926933	2
-135 79.5 0.174670967742 0.137494274289	31
-133.5 79.5 0.144765517241 0.134275144695	29
-132 79.5 0.146419642857 0.122467324651	56
-130.5 79.5 0.220093939394 0.0994726122464	33
-129 79.5 0.220595 0.0978839999338	80
-127.5 79.5 0.216741346154 0.111309401386	104
-126 79.5 0.234122580645 0.105070866488	93
-124.5 79.5 0.210072916667 0.124391727157	96
-123 79.5 0.205918487395 0.109162541665	119
-121.5 79.5 0.198085333333 0.108151700807	150
-120 79.5 0.193004040404 0.116279717219	99
-118.5 79.5 0.149203571429 0.134788491503	56
-117 79.5 0.149879069767 0.110697030213	86
-115.5 79.5 0.156324074074 0.121257035486	54
-114 79.5 0.25375 0.104953846047	26
-112.5 79.5 0.232004444444 0.0870158317767	45
-111 79.5 0.162115384615 0.131061718162	39
-109.5 79.5 0.223364788732 0.110912098092	142
-108 79.5 0.200830952381 0.110706933813	126
-106.5 79.5 0.160152173913 0.105628112088	23
-105 79.5 0.247285714286 0.206288603891	7
-103.5 79.5 0.23514 0.241988935468	10
-102 79.5 0.254796226415 0.121377217103	53
-99 79.5 0.04169 0.130124030149	10
-69 79.5 0.0262333333333 0.0822724667667	12
-15 79.5 0.484984738956 0.156126764331	249
-13.5 79.5 0.302106050955 0.147797678592	314
-12 79.5 0.1348525 0.0893864527896	40
-10.5 79.5 0.15495 0.10658405272	18
-9 79.5 0.1388 0.101964797847	2
-7.5 79.5 0.222275 0.0605847271733	4
-6 79.5 0.232096 0.0671394288031	25
-4.5 79.5 0.199092307692 0.122273617088	13
-3 79.5 0.202342857143 0.120513750982	14
-1.5 79.5 0.2169 0.0159806132548	2
27 79.5 0.0279 0.193908122574	3
30 79.5 0.30885 0.0682358043845	2
31.5 79.5 0.1082 0.170326369068	11
33 79.5 0.027 0.124206145849	4
34.5 79.5 0.0277 NaN	1
36 79.5 0.108025 0.075761264289	4
37.5 79.5 0.205166666667 0.12245331083	3
39 79.5 0.0139666666667 0.100521357598	3
42 79.5 -0.00835 0.227051987439	2
43.5 79.5 0.0366 0.222738636074	2
45 79.5 0.0903 0.177813683388	11
49.5 79.5 0.187633333333 0.172157379549	3
52.5 79.5 0.211452941176 0.100382195369	17
54 79.5 0.030725 0.139003234803	8
55.5 79.5 0.214025 0.0765826722034	12
60 79.5 0.177775 0.120624526646	8
61.5 79.5 0.219033333333 0.0814317300975	15
63 79.5 0.17682 0.114387289504	5
64.5 79.5 0.20645 0.043487067043	2
66 79.5 0.311728571429 0.08790868014	14
67.5 79.5 0.24104 0.0312858274623	5
69 79.5 0.2863 NaN	1
78 79.5 0.2439 0.0661851947191	2
79.5 79.5 0.131523076923 0.100199901428	26
81 79.5 0.1607 NaN	1
84 79.5 0.14114 0.149743423896	5
85.5 79.5 0.1267 0.0921924074965	5
87 79.5 0.135375 0.125359047198	8
88.5 79.5 0.25322 0.0512093448503	5
90 79.5 0.2111 NaN	1
106.5 79.5 -0.1809 NaN	1
108 79.5 0.109514285714 0.128421382287	7
112.5 79.5 0.170936363636 0.146348975211	11
114 79.5 0.022425 0.1081236445	4
115.5 79.5 0.1798 NaN	1
118.5 79.5 0.12815 0.0700742820156	2
124.5 79.5 0.2301 NaN	1
126 79.5 0.1771 NaN	1
127.5 79.5 0.170705882353 0.0799674439104	34
129 79.5 0.181155555556 0.0555193910069	9
130.5 79.5 0.1292375 0.0801404292031	8
132 79.5 0.14988 0.0820908460183	5
133.5 79.5 0.137022222222 0.0853879496442	9
135 79.5 0.1555 0.112758307898	6
136.5 79.5 0.15778 0.111611993083	5
138 79.5 0.166766666667 0.0669332104913	6
139.5 79.5 0.172259090909 0.108921171404	22
141 79.5 0.124656 0.131223238796	25
142.5 79.5 0.175237931034 0.110590600911	29
144 79.5 0.177990625 0.0924965190605	32
145.5 79.5 0.194995 0.113668439702	20
147 79.5 0.204405882353 0.113372596284	17
148.5 79.5 0.21874375 0.0921483584137	16
150 79.5 0.198638461538 0.0638377048781	13
151.5 79.5 0.0648 0.0698386712359	3
153 79.5 0.267166666667 0.0862406709931	3
154.5 79.5 0.171923809524 0.0988381298121	21
156 79.5 0.22465 0.0862033916783	20
157.5 79.5 0.272926923077 0.0585165239455	52
159 79.5 0.221630434783 0.104387266007	23
160.5 79.5 0.251995098039 0.0883841484572	102
162 79.5 0.228617977528 0.091552689978	178
163.5 79.5 0.237345652174 0.0863705994851	138
165 79.5 0.220334722222 0.0871909159239	72
166.5 79.5 0.195891304348 0.114105148157	115
168 79.5 0.218674683544 0.0916076996377	79
169.5 79.5 0.220781896552 0.0941268705332	116
171 79.5 0.231471428571 0.0836482966101	98
172.5 79.5 0.214142857143 0.0836733724548	140
174 79.5 0.253175 0.0807493414798	88
175.5 79.5 0.224655113636 0.069128240886	176
177 79.5 0.221159459459 0.099012011059	74
178.5 79.5 0.222843548387 0.0796035414423	62
-180 79 0.186735294118 0.100938756957	34
-178.5 79 0.214577966102 0.101622080596	59
-177 79 0.178054054054 0.088474524251	37
-175.5 79 0.208535 0.0861817007991	20
-174 79 0.277138461538 0.0972833279521	13
-172.5 79 0.23936 0.0483451445339	5
-171 79 0.2376 NaN	1
-169.5 79 0.205477777778 0.0796895190376	9
-168 79 0.178166666667 0.0347321656873	3
-163.5 79 0.221975 0.0729947657941	4
-162 79 0.23488 0.054078988526	5
-160.5 79 0.182066666667 0.0222823547529	3
-157.5 79 0.2271 NaN	1
-156 79 0.25225 0.0249608693759	2
-153 79 0.247814285714 0.0404572790555	7
-151.5 79 0.2093 NaN	1
-150 79 0.1262 0.0664602888949	3
-147 79 0.1549 NaN	1
-145.5 79 0.20766 0.0681485990726	10
-144 79 0.135628571429 0.133241600647	21
-142.5 79 0.129944444444 0.125647107736	36
-141 79 0.154502325581 0.106417657612	43
-139.5 79 0.166254545455 0.0876266211107	11
-138 79 0.159570731707 0.164043854264	41
-136.5 79 0.15038125 0.156729562515	32
-135 79 0.144686206897 0.115467919862	29
-133.5 79 0.189392307692 0.130977322993	26
-132 79 0.168892307692 0.12084630213	26
-130.5 79 0.166505555556 0.109270944888	36
-129 79 0.247495238095 0.0958384811868	21
-127.5 79 0.220378846154 0.113627976285	52
-126 79 0.216192307692 0.113993731094	39
-124.5 79 0.219101010101 0.113874915708	99
-123 79 0.194951086957 0.100155690335	92
-121.5 79 0.20329375 0.103079463684	64
-120 79 0.2045175 0.145811224217	80
-118.5 79 0.142909090909 0.109960932541	66
-117 79 0.210310743802 0.0983339461577	121
-115.5 79 0.175518309859 0.115491470693	71
-114 79 0.258973684211 0.0962491184493	38
-112.5 79 0.181225 0.190234979004	20
-111 79 0.154193333333 0.106948468677	15
-109.5 79 0.0949571428571 0.0571283132591	14
-108 79 0.165719230769 0.125499427447	52
-97.5 79 0.0687666666667 0.0901728525296	3
-72 79 0.203425 0.139187939492	4
-16.5 79 0.308892857143 0.0957639649562	28
-15 79 0.395512631579 0.202062921653	95
-13.5 79 0.362176923077 0.250388118318	91
-12 79 0.0970892857143 0.108949020832	28
-10.5 79 0.07652 0.163812221766	10
-9 79 0.215133333333 0.0585227363224	6
-7.5 79 0.0641888888889 0.172884292552	9
-6 79 0.222823076923 0.115148817868	13
-4.5 79 0.243910869565 0.084678052327	46
-3 79 0.298948 0.0930104703783	25
-1.5 79 0.188825 0.123653580042	8
25.5 79 0.1942 NaN	1
30 79 0.1352 0.234943759228	3
31.5 79 0.1563 0.117485658699	3
33 79 0.1927 NaN	1
34.5 79 0.18488 0.117562906565	5
36 79 -0.0607 NaN	1
37.5 79 0.0493 NaN	1
39 79 0.16185 0.0571025101608	4
42 79 0.04706 0.102266260321	5
45 79 0.307 NaN	1
46.5 79 0.22654 0.0309201067269	5
48 79 0.153316666667 0.0615364417778	6
49.5 79 0.156583333333 0.0923915887225	6
51 79 0.0529363636364 0.120018509179	11
52.5 79 0.249093333333 0.079750678158	15
54 79 0.08 0.155563491861	2
55.5 79 0.138723076923 0.11792034143	13
57 79 0.18934 0.0663495516187	5
58.5 79 0.231664285714 0.0602500763759	14
60 79 0.120376923077 0.0853964202396	13
61.5 79 0.107833333333 0.124411518287	18
64.5 79 0.0877714285714 0.047956046344	7
66 79 0.270616666667 0.110025913614	6
70.5 79 0.2204 NaN	1
78 79 0.163818181818 0.138363621073	11
79.5 79 0.155306666667 0.119680893968	15
82.5 79 0.1808 0.122304170002	3
87 79 0.251725 0.0421722954082	4
88.5 79 0.3432 NaN	1
90 79 0.240914285714 0.086660911756	14
91.5 79 0.146084946237 0.0938479366087	93
93 79 0.1818375 0.0754950128438	8
106.5 79 0.0782 NaN	1
109.5 79 0.06635 0.0869034234078	2
111 79 0.22445 0.314450385594	2
112.5 79 0.150633333333 0.118528556334	6
117 79 0.277325 0.0979242011286	4
124.5 79 0.1259 0.0332340187158	2
126 79 0.19735 0.00728319984622	2
127.5 79 0.124673333333 0.0647707326616	15
129 79 0.18366 0.0543180264737	5
130.5 79 0.15793 0.0572655810918	10
132 79 0.137075 0.0247129352095	4
133.5 79 0.203716666667 0.0663067844694	6
135 79 0.202133333333 0.213818669282	3
136.5 79 0.2248 0.0872569767984	2
138 79 0.136839130435 0.105117002946	23
139.5 79 0.171340740741 0.0890216406674	27
141 79 0.1863 0.103179917545	27
142.5 79 0.156103333333 0.0994999652862	30
144 79 0.08488 0.118867468683	10
145.5 79 0.175675 0.082422557592	16
147 79 0.2087 0.0994387851897	11
148.5 79 0.169392307692 0.106385450615	13
150 79 0.173811111111 0.0999798160186	9
151.5 79 0.183671428571 0.0715562649082	7
153 79 0.126710526316 0.145560857432	19
154.5 79 0.1636 NaN	1
156 79 0.161 0.113425956549	22
157.5 79 0.17536 0.116622002879	10
159 79 0.2059046875 0.140169642604	64
160.5 79 0.2133671875 0.0925827678688	64
162 79 0.234032394366 0.10036702329	71
163.5 79 0.226292307692 0.0971673302604	78
165 79 0.236449473684 0.0893508192984	95
166.5 79 0.219060606061 0.119057821928	33
168 79 0.225329661017 0.0959385186936	118
169.5 79 0.233925628141 0.101321348955	199
171 79 0.254255511811 0.0809003145751	254
172.5 79 0.219805035971 0.0971572133446	139
174 79 0.219222727273 0.0775629647481	88
175.5 79 0.228835643564 0.0797236672315	101
177 79 0.220790384615 0.0994175138625	52
178.5 79 0.165143589744 0.139827438379	39
-180 78.5 0.175284615385 0.084774881621	26
-178.5 78.5 0.13295 0.114355725698	16
-177 78.5 0.228310526316 0.056425200189	19
-175.5 78.5 0.225481818182 0.0765872289378	11
-174 78.5 0.062775 0.160284213716	4
-172.5 78.5 0.1347 0.0852689681131	14
-171 78.5 0.2116 0.0967322076663	2
-169.5 78.5 0.148975 0.0411368751852	4
-166.5 78.5 0.189533333333 0.0702998103364	3
-165 78.5 0.2377625 0.0568968725603	8
-163.5 78.5 0.2068 0.133243048599	3
-162 78.5 0.2848 NaN	1
-160.5 78.5 0.2704 0.0518635710302	3
-159 78.5 0.138066666667 0.0416850492783	3
-156 78.5 0.0488333333333 0.0320400270495	3
-154.5 78.5 0.28225 0.0716299169342	2
-153 78.5 0.154966666667 0.0295813003996	3
-151.5 78.5 0.2274 NaN	1
-150 78.5 0.242814285714 0.0491511759294	7
-148.5 78.5 0.16175 0.0251022907321	2
-147 78.5 0.198655555556 0.0934181340949	9
-145.5 78.5 0.0611222222222 0.116460291278	9
-144 78.5 0.219243478261 0.0947893205822	23
-142.5 78.5 0.0407111111111 0.116691735402	9
-141 78.5 0.140092857143 0.0915951677869	28
-139.5 78.5 0.121626666667 0.156857867723	15
-138 78.5 0.146645945946 0.0948346033734	37
-136.5 78.5 0.121488372093 0.126269538251	43
-135 78.5 0.146717647059 0.147553465883	17
-133.5 78.5 0.167286792453 0.122500091111	53
-132 78.5 0.1715875 0.103145805376	16
-130.5 78.5 0.207354545455 0.101083503735	11
-129 78.5 0.244236842105 0.0846083671363	19
-127.5 78.5 0.229414035088 0.122645596331	57
-126 78.5 0.195878431373 0.104700384553	51
-124.5 78.5 0.234653658537 0.120558900745	41
-123 78.5 0.17797238806 0.121068828614	134
-121.5 78.5 0.116514545455 0.119030087106	55
-120 78.5 0.127341935484 0.142779225319	31
-118.5 78.5 0.194737209302 0.111930116902	86
-117 78.5 0.180942857143 0.0887868885108	21
-115.5 78.5 0.18562 0.116588839643	35
-114 78.5 0.0441 0.109333028455	10
-108 78.5 0.165487931034 0.108575807582	58
-106.5 78.5 0.17814375 0.140686924049	48
-18 78.5 0.185321428571 0.137771975372	14
-16.5 78.5 0.170791666667 0.127609250579	12
-15 78.5 0.207161538462 0.0686559239792	13
-12 78.5 0.2249 0.143619009884	5
-10.5 78.5 0.285393333333 0.0574332216786	15
-9 78.5 0.0840555555556 0.137179208621	9
-7.5 78.5 0.153206451613 0.0863583809308	31
-6 78.5 0.286433333333 0.126188555405	12
-4.5 78.5 0.1767 NaN	1
-3 78.5 0.405416666667 0.0502973325999	6
24 78.5 0.1962 NaN	1
31.5 78.5 0.130675 0.0500919722293	12
33 78.5 0.0594 0.165287839843	3
36 78.5 0.27375 0.00487903679019	2
40.5 78.5 0.06115 0.174710207677	4
42 78.5 0.163866666667 0.10668622529	6
46.5 78.5 0.305525 0.0087842188042	4
48 78.5 0.1921 NaN	1
49.5 78.5 0.1773 NaN	1
54 78.5 0.29995 0.0610233152164	2
55.5 78.5 0.179746153846 0.138724466812	13
57 78.5 0.215075 0.0686850966368	4
58.5 78.5 0.151133333333 0.14714033664	6
60 78.5 0.1505 0.154202399463	4
61.5 78.5 0.0438 0.103237590053	2
63 78.5 -0.1644 NaN	1
75 78.5 -0.0869 NaN	1
78 78.5 0.0928458333333 0.105531903188	24
82.5 78.5 0.28905 0.00657609306503	2
87 78.5 0.09555 0.112297653582	6
88.5 78.5 0.146122222222 0.147883786956	9
90 78.5 0.194666666667 0.078400085034	3
91.5 78.5 0.1195625 0.148245587142	8
93 78.5 0.161944736842 0.108286014413	38
94.5 78.5 0.195417391304 0.117792601451	23
96 78.5 0.163417647059 0.0949745435449	34
97.5 78.5 0.202214285714 0.0779513344944	14
109.5 78.5 0.06516 0.156191251711	10
112.5 78.5 0.172685714286 0.111073328912	14
114 78.5 0.4061 NaN	1
115.5 78.5 0.25705 0.00784888527117	2
117 78.5 0.3139 NaN	1
129 78.5 0.176066666667 0.0623107334253	9
130.5 78.5 0.130942424242 0.0990286449414	33
132 78.5 0.227918181818 0.078900656755	11
133.5 78.5 0.175352631579 0.0761825684963	19
135 78.5 0.162515 0.0964888064138	20
136.5 78.5 0.171842857143 0.131922210123	7
138 78.5 0.181133333333 0.0700139339873	15
139.5 78.5 0.16905 0.100985189862	8
141 78.5 0.160973333333 0.103860699749	15
142.5 78.5 0.2029 0.0425678282274	2
144 78.5 0.200694736842 0.0582033358502	19
145.5 78.5 0.21155 0.0968120343759	4
147 78.5 0.176883333333 0.061833822999	6
148.5 78.5 0.124725 0.0501694711287	4
150 78.5 0.2185 0.0482900610892	3
151.5 78.5 0.184684615385 0.0713093711251	13
153 78.5 0.20900625 0.0667594334782	16
154.5 78.5 0.142258333333 0.108521438141	24
156 78.5 0.165313513514 0.105904000455	37
157.5 78.5 0.160532 0.0831987716255	25
159 78.5 0.19399787234 0.107646546198	47
160.5 78.5 0.268665454545 0.0817531859571	55
162 78.5 0.259372413793 0.0933707544323	29
163.5 78.5 0.236338 0.0887699753663	50
165 78.5 0.238473333333 0.0790053305306	75
166.5 78.5 0.249040243902 0.0936958183972	82
168 78.5 0.232758461538 0.0973798633129	65
169.5 78.5 0.163092592593 0.13007409405	27
171 78.5 0.188509615385 0.102526931834	104
172.5 78.5 0.17747755102 0.102708177347	49
174 78.5 0.179708333333 0.0864064018918	12
175.5 78.5 0.188568 0.13914675622	25
177 78.5 0.177833333333 0.0745816006232	12
178.5 78.5 0.171273684211 0.0763162050805	19
-180 78 0.1652 0.0964578271256	30
-178.5 78 0.19369375 0.118508556477	16
-177 78 0.212975 0.0848704257481	4
-175.5 78 0.216038095238 0.111507535513	21
-174 78 0.272925 0.0638186166673	4
-171 78 0.255025 0.0521846321567	4
-168 78 0.1622 0.173723631093	6
-166.5 78 0.284333333333 0.0462586568475	3
-162 78 0.2986 NaN	1
-157.5 78 0.1531875 0.0918439272042	8
-156 78 0.164628571429 0.0678654033145	14
-150 78 0.2682 NaN	1
-148.5 78 0.2324 0.0344966665056	4
-147 78 0.29915 0.0508866485436	6
-144 78 0.1354 0.0420021428025	2
-142.5 78 0.15628 0.115228867911	5
-141 78 0.267433333333 0.0279002389476	3
-139.5 78 0.174 0.101787769403	7
-138 78 0.14063 0.0970939081508	30
-136.5 78 0.136078947368 0.102439578825	19
-135 78 0.129330434783 0.0966481737343	23
-133.5 78 0.157413888889 0.115695346623	36
-132 78 0.156262222222 0.126481172312	45
-130.5 78 0.140335 0.131386381875	20
-129 78 0.157433333333 0.140319170194	15
-127.5 78 0.148589473684 0.12446981738	19
-126 78 0.148404761905 0.147982088363	21
-124.5 78 0.218636363636 0.0860226412359	22
-123 78 0.171505882353 0.109032423335	17
-121.5 78 0.148234285714 0.0982443560506	35
-120 78 0.233856896552 0.113782451877	58
-118.5 78 0.202457692308 0.140471660268	26
-117 78 0.132196296296 0.112086400333	27
-115.5 78 0.0916 0.0851747028172	3
-108 78 0.15474375 0.0938168852517	16
-106.5 78 0.141857142857 0.156777636328	14
-16.5 78 0.0532421052632 0.109240729664	19
-15 78 -0.0045 0.034302915328	3
-13.5 78 0.0413875 0.207493589832	8
-12 78 0.33985 0.0958129688508	2
-10.5 78 0.1692 0.129258152548	3
-9 78 0.123006060606 0.117195173587	33
-7.5 78 0.373610810811 0.175761481028	37
-6 78 0.308477777778 0.0713606995793	9
25.5 78 0.2686 NaN	1
27 78 0.1061 NaN	1
37.5 78 -0.0547333333333 0.0964175468125	3
39 78 0.179171428571 0.127464566505	7
40.5 78 0.100442857143 0.147092735569	7
42 78 0.0842 NaN	1
48 78 0.2775 0.0735391052434	2
52.5 78 0.3396 NaN	1
57 78 0.0571 NaN	1
76.5 78 0.069 0.358361716705	2
82.5 78 0.3972 NaN	1
85.5 78 0.1322 NaN	1
90 78 0.211 NaN	1
91.5 78 0.2651 NaN	1
96 78 0.269225 0.145251744109	4
97.5 78 0.190133333333 0.0990110431551	6
99 78 0.1699 0.223162900142	2
105 78 0.153625 0.0567250899808	4
108 78 0.3541 NaN	1
111 78 0.135191666667 0.122440578971	12
112.5 78 0.0243375 0.106449638495	8
114 78 0.2986 NaN	1
126 78 0.1319 0.0329118519686	3
127.5 78 0.2941 NaN	1
130.5 78 0.189 0.158121440671	3
132 78 0.1975 NaN	1
135 78 0.151571428571 0.0757834131871	7
136.5 78 0.18187 0.115891578162	10
138 78 0.152516666667 0.071815330304	6
139.5 78 0.06385 0.040517218562	2
141 78 0.212342857143 0.112687678373	7
144 78 0.204145454545 0.0998273646215	11
145.5 78 0.241254545455 0.0488499204428	11
147 78 0.191328571429 0.060427177133	14
150 78 0.0923 0.0830647337924	9
151.5 78 0.16592 0.0684310748125	5
154.5 78 0.145425 0.0803673851193	12
156 78 0.236066666667 0.0837502709177	12
157.5 78 0.182279487179 0.104063548852	39
159 78 0.142591891892 0.0984305321262	37
160.5 78 0.253493442623 0.0768674440598	61
162 78 0.23434494382 0.0870443891608	89
163.5 78 0.216645864662 0.0883471180021	133
165 78 0.21440952381 0.0815828856082	42
166.5 78 0.314422857143 0.074881553865	35
168 78 0.22329375 0.121384257457	16
169.5 78 0.16905625 0.0885290609066	16
171 78 0.24722 0.0315933062531	5
172.5 78 0.213417647059 0.0887097319583	17
174 78 0.1085625 0.143837020245	8
175.5 78 0.187363333333 0.0737830906866	30
177 78 0.196962162162 0.0789105413017	37
178.5 78 0.18567254902 0.106168508091	102
-180 77.5 0.191 0.0928322142362	24
-178.5 77.5 0.16905 0.0735023454225	24
-177 77.5 0.166477777778 0.109044495251	9
-175.5 77.5 0.128555555556 0.111115672962	9
-174 77.5 0.171866666667 0.239525558831	3
-166.5 77.5 0.2023 NaN	1
-162 77.5 0.1844 0.053033008589	2
-154.5 77.5 0.367066666667 0.0503246791677	3
-153 77.5 0.1849 0.0294156420974	2
-151.5 77.5 0.05605 0.133148206897	2
-145.5 77.5 0.2916 0.0687307791313	2
-144 77.5 0.200183333333 0.0819030504112	6
-142.5 77.5 0.139233333333 0.162829784335	6
-141 77.5 0.158814285714 0.10443252409	14
-139.5 77.5 0.24004 0.113069129297	5
-138 77.5 0.113645 0.0706039247083	20
-136.5 77.5 0.0764235294118 0.11732713097	17
-135 77.5 0.18996 0.117444276148	5
-133.5 77.5 0.0646516129032 0.143124437399	31
-132 77.5 0.203946666667 0.107129533521	15
-130.5 77.5 0.1575 0.164153257659	11
-129 77.5 0.183727272727 0.117745098335	11
-127.5 77.5 0.230583333333 0.119871012043	54
-126 77.5 0.21114 0.116788642757	40
-124.5 77.5 0.1620875 0.117620584979	24
-123 77.5 0.108793103448 0.141554171688	29
-121.5 77.5 0.170229166667 0.132949743165	72
-120 77.5 0.289047826087 0.0846120229452	23
-118.5 77.5 0.210283333333 0.1366656565	6
-109.5 77.5 0.18218372093 0.0952646687373	43
-108 77.5 0.149176470588 0.119275005394	17
-76.5 77.5 0.38955 0.0325976226127	2
-16.5 77.5 0.04675 0.141492066915	2
-15 77.5 0.1703 NaN	1
-13.5 77.5 0.1885 0.197417265371	7
-12 77.5 0.0664 0.178550777092	6
-10.5 77.5 0.2145 0.0801406887916	5
-9 77.5 0.303981818182 0.149326368789	22
-7.5 77.5 0.218542105263 0.126065575157	19
25.5 77.5 -0.0326 NaN	1
72 77.5 0.2905 0.122660738081	7
79.5 77.5 0.2226 NaN	1
84 77.5 0.2213 NaN	1
85.5 77.5 0.12042 0.127428615311	5
87 77.5 0.204575 0.112790938614	4
91.5 77.5 0.058525 0.0490722426632	8
94.5 77.5 0.0874625 0.0623120473905	8
97.5 77.5 0.132033333333 0.126317087786	6
99 77.5 0.1941 0.0589093371207	3
100.5 77.5 -0.056 NaN	1
109.5 77.5 0.2541 0.0614931866145	6
111 77.5 0.0987416666667 0.13704501887	12
112.5 77.5 0.11674 0.0728140302414	5
114 77.5 0.22524 0.118786606989	5
133.5 77.5 0.129525 0.0905360839666	4
139.5 77.5 0.231971428571 0.0551449518477	7
141 77.5 0.2125 0.000989949493667	2
142.5 77.5 0.1042 0.0686275746329	6
145.5 77.5 0.17625 0.0424971175493	2
147 77.5 0.2524375 0.0676379423844	8
148.5 77.5 0.208566666667 0.0154513214106	3
151.5 77.5 0.1998 NaN	1
153 77.5 0.190025 0.0354005061169	4
154.5 77.5 0.193218181818 0.124236949562	11
156 77.5 0.142357142857 0.0366538700614	7
157.5 77.5 0.191392307692 0.0624260069079	26
159 77.5 0.180033802817 0.079594752059	71
160.5 77.5 0.227498850575 0.0767205461918	87
162 77.5 0.222482524272 0.0751075522001	103
163.5 77.5 0.251428301887 0.0701146790769	53
165 77.5 0.166384210526 0.0829506095561	19
166.5 77.5 0.1471 0.152678249924	6
168 77.5 0.157120833333 0.0916155292474	24
171 77.5 0.20852 0.0909659386804	5
172.5 77.5 0.214653191489 0.108076526533	47
174 77.5 0.211920588235 0.078483728402	34
175.5 77.5 0.207736363636 0.0869790787183	55
177 77.5 0.230992857143 0.0605280032367	14
178.5 77.5 0.160258333333 0.0962039827028	12
-180 77 0.18915 0.189716749392	2
-178.5 77 0.278885714286 0.0723110970869	7
-175.5 77 0.2441 NaN	1
-163.5 77 0.2236 NaN	1
-151.5 77 0.2271 0.0974393144475	2
-147 77 -0.0718 NaN	1
-144 77 0.2404 NaN	1
-142.5 77 0.1032 0.101581330306	7
-139.5 77 0.167484615385 0.0903490255081	13
-138 77 0.15982962963 0.11868011892	27
-136.5 77 0.12619 0.120872315841	20
-135 77 0.4102 NaN	1
-133.5 77 0.117675 0.195540696183	12
-132 77 0.163985714286 0.0652401315289	7
-130.5 77 0.2793375 0.0978183438464	8
-129 77 0.18296 0.111400470775	10
-127.5 77 0.18495 0.12265918229	46
-126 77 0.14917755102 0.143842929767	49
-124.5 77 0.10363125 0.131079638484	16
-123 77 0.0413272727273 0.0818622268315	11
-121.5 77 0.0983916666667 0.123395192615	12
-109.5 77 0.103803125 0.123425410372	32
-108 77 0.124773809524 0.118372982373	42
-106.5 77 0.102966666667 0.0826878504138	12
-76.5 77 0.201 0.043236173127	4
-16.5 77 0.1169 0.148610243078	24
-15 77 0.07705 0.165864447667	6
-13.5 77 0.03465 0.145535276365	4
-12 77 0.174442857143 0.126312778538	14
-10.5 77 0.17402 0.119251638409	20
-9 77 0.33559375 0.100990411104	64
-7.5 77 -0.1138 NaN	1
73.5 77 0.1496 NaN	1
78 77 -0.10545 0.10033845225	2
79.5 77 0.07675 0.0180312229203	2
81 77 0.0427 NaN	1
82.5 77 0.1751 0.0158710428139	3
85.5 77 0.2128 NaN	1
87 77 0.188233333333 0.088717209905	3
88.5 77 0.1861 0.0588312841947	2
91.5 77 0.1194 NaN	1
93 77 0.2872 NaN	1
97.5 77 0.22078 0.0766316970972	5
99 77 -0.02115 0.0223953120094	4
112.5 77 0.2721 0.1356243341	3
132 77 0.254075 0.0985809777121	4
133.5 77 0.0861 0.142812709518	3
135 77 0.2237 NaN	1
136.5 77 0.225575 0.0959527444457	4
138 77 0.22626 0.0835543715194	5
141 77 0.3005 NaN	1
142.5 77 0.2328 NaN	1
144 77 0.2365 NaN	1
145.5 77 0.19042 0.0528753208553	10
151.5 77 0.122142857143 0.0637158760212	7
154.5 77 0.203888888889 0.0932728047778	9
156 77 0.2825 NaN	1
157.5 77 0.287233333333 0.0371672346743	3
159 77 0.197758928571 0.081657661839	56
160.5 77 0.2188 0.0894383003261	47
162 77 0.229818032787 0.0971999158388	122
163.5 77 0.240108695652 0.103452043844	23
165 77 0.16466875 0.113965615747	32
166.5 77 0.153367741935 0.113572682711	31
168 77 0.199736363636 0.105105273633	11
169.5 77 0.0071 NaN	1
171 77 0.206225 0.0808856136776	4
172.5 77 0.200884444444 0.0860073277945	45
174 77 0.214526966292 0.083938130305	89
175.5 77 0.212662222222 0.0770020787467	45
177 77 0.166923076923 0.0887637233882	13
178.5 77 0.2398 0.0230501626892	3
-180 76.5 0.2534 0.193147378962	3
-178.5 76.5 0.168066666667 0.0263443226015	3
-177 76.5 0.23565 0.0174655374953	2
-174 76.5 0.24334 0.101731819015	5
-172.5 76.5 0.2228 0.0667837555099	3
-163.5 76.5 0.1878 0.0203646752982	2
-162 76.5 0.19845 0.0553774568509	12
-160.5 76.5 0.138666666667 0.0141606261632	3
-154.5 76.5 0.0931666666667 0.0552151669984	6
-153 76.5 0.1641 0.108708187364	5
-151.5 76.5 0.198190909091 0.0599238926397	11
-150 76.5 0.18328 0.035179691111	10
-145.5 76.5 0.1867 0.0544443752834	3
-144 76.5 0.2722 0.036345288553	2
-142.5 76.5 0.1815125 0.0961103289068	32
-141 76.5 0.167075 0.0502135025002	4
-139.5 76.5 0.11602 0.0745108515587	5
-138 76.5 0.194482352941 0.161110459915	17
-136.5 76.5 0.15896 0.0671650802129	5
-135 76.5 0.1919 0.0645590582335	6
-133.5 76.5 0.146941176471 0.0724076658478	17
-132 76.5 0.1324 0.121099118372	18
-130.5 76.5 0.19842 0.156225813623	20
-129 76.5 0.113033333333 0.153681602673	9
-127.5 76.5 0.158460869565 0.115940865566	23
-126 76.5 0.120055555556 0.162390710257	9
-124.5 76.5 0.105866666667 0.16232163098	24
-123 76.5 0.139660714286 0.124868186321	28
-78 76.5 0.03187 0.126299503386	10
-76.5 76.5 0.23514 0.169213911958	5
-73.5 76.5 0.1031 NaN	1
-18 76.5 0.3175 NaN	1
-16.5 76.5 0.205395652174 0.160891729485	23
-15 76.5 0.35915 0.137251641156	26
-13.5 76.5 0.11819375 0.120827957409	16
-12 76.5 0.236917647059 0.134059390921	17
-10.5 76.5 0.3885 0.153815483152	8
-9 76.5 0.36334 0.106157504838	25
72 76.5 0.186566666667 0.0982951846905	3
76.5 76.5 0.2993 NaN	1
78 76.5 0.2206 0.217223203181	2
81 76.5 0.194633333333 0.102831577511	3
82.5 76.5 0.2076 0.0469600894377	3
84 76.5 0.197428571429 0.0835015711286	7
88.5 76.5 0.127283333333 0.0947701517708	6
90 76.5 0.0946142857143 0.0798748902675	7
93 76.5 0.1917 NaN	1
118.5 76.5 0.197657142857 0.111440101357	7
120 76.5 0.0387 0.179088600047	10
124.5 76.5 0.1759 NaN	1
129 76.5 0.206071428571 0.0849157761998	7
132 76.5 0.2207 0.105365154532	20
133.5 76.5 0.221541176471 0.0752793801351	17
135 76.5 0.182425 0.135479104873	8
136.5 76.5 0.279633333333 0.0469742837448	3
139.5 76.5 0.13795 0.078068886248	6
141 76.5 0.0429764705882 0.167053552527	17
148.5 76.5 0.1667 NaN	1
150 76.5 0.0826 NaN	1
151.5 76.5 0.148775 0.116684416074	12
153 76.5 0.285475 0.052269964288	4
154.5 76.5 0.14475 0.00219203102168	2
156 76.5 0.174976470588 0.0752162509819	17
157.5 76.5 0.164228571429 0.0608348779973	7
159 76.5 0.19149375 0.0706442681681	16
160.5 76.5 0.188866666667 0.130833494692	3
162 76.5 0.121633333333 0.130760386458	6
163.5 76.5 0.175296666667 0.113454175721	30
165 76.5 0.1732 0.0767749959297	9
166.5 76.5 0.140471428571 0.0988665066787	21
168 76.5 0.12799 0.0995220517161	10
169.5 76.5 0.195916666667 0.0369635180505	6
171 76.5 0.234 0.0789660053441	17
172.5 76.5 0.176995121951 0.0780924822142	82
174 76.5 0.180819148936 0.0997001474821	47
175.5 76.5 0.216943478261 0.0731455311984	46
177 76.5 0.227690322581 0.0894075028725	31
178.5 76.5 0.154891666667 0.0831931646923	12
-178.5 76 0.071 NaN	1
-174 76 0.221375 0.0945553938176	4
-172.5 76 0.1778 0.114834141265	2
-169.5 76 0.143966666667 0.0290692850503	3
-168 76 0.0758916666667 0.0736048844517	12
-166.5 76 0.22396 0.118146045215	5
-165 76 0.16985 0.0331633080376	2
-163.5 76 0.138236842105 0.114036647182	19
-159 76 0.1687 0.0354087559793	5
-157.5 76 0.146155555556 0.0744980080446	18
-156 76 0.18114 0.0497296960243	10
-154.5 76 0.2028125 0.069216233387	8
-153 76 0.04132 0.122485864491	5
-151.5 76 0.16315 0.0144956890143	2
-150 76 0.153055555556 0.0852507201012	9
-142.5 76 0.2298375 0.130342537049	8
-141 76 0.1622 0.166792385917	13
-139.5 76 0.18755 0.078313466275	6
-138 76 0.180644444444 0.103451862128	9
-136.5 76 0.148427272727 0.113055403152	11
-135 76 0.2175 NaN	1
-133.5 76 0.135019230769 0.141056678025	26
-132 76 0.161378125 0.135471258074	32
-130.5 76 0.0777666666667 0.111020688763	12
-129 76 0.110642857143 0.109017962696	7
-127.5 76 0.0679772727273 0.138087070295	22
-126 76 0.0892 0.0846295693006	6
-124.5 76 0.203690909091 0.136629253489	11
-88.5 76 0.2041 NaN	1
-76.5 76 0.0324 NaN	1
-75 76 -0.1758 NaN	1
-72 76 0.0134333333333 0.14760997595	9
-70.5 76 0.158714285714 0.131999515484	14
-67.5 76 0.1703 0.00282842712475	2
-64.5 76 0.08348 0.0409071754097	5
-63 76 0.1362625 0.0224993293551	8
-16.5 76 0.144081081081 0.096288521405	37
-15 76 0.343597058824 0.145294066461	34
-13.5 76 0.237061363636 0.135542743993	44
-12 76 0.202076923077 0.109317739355	39
-10.5 76 0.256782352941 0.146993159855	17
70.5 76 0.0389333333333 0.105796045925	3
75 76 0.0246 0.100462160609	8
76.5 76 0.111925 0.10028952746	12
78 76 0.196966666667 0.110627769269	3
85.5 76 0.0068 NaN	1
88.5 76 0.01905 0.0583363094479	2
90 76 -0.06915 0.139795010641	2
118.5 76 -0.1459 NaN	1
127.5 76 0.173957142857 0.116908494946	7
129 76 0.1488 0.0700678956442	3
130.5 76 0.0926 0.113439419155	12
132 76 0.2071 0.0967466795296	4
135 76 0.107013333333 0.131464807168	15
136.5 76 -0.00356666666667 0.0557704521529	3
147 76 0.1449 0.0125865007051	2
148.5 76 0.2048 NaN	1
150 76 0.141 NaN	1
151.5 76 0.229869230769 0.101658893566	13
154.5 76 0.154 NaN	1
156 76 0.104433333333 0.0777653821868	6
157.5 76 0.17738 0.0591389429347	15
159 76 0.130166666667 0.0578099904861	9
160.5 76 0.121525 0.0210819630648	4
162 76 0.2236 NaN	1
163.5 76 0.0641307692308 0.0888572955607	13
165 76 0.169433333333 0.11660712957	6
166.5 76 0.1395 0.115879597223	20
168 76 0.187684615385 0.0848340620089	13
169.5 76 0.191179661017 0.108823787935	59
171 76 0.233988 0.0580475115746	25
172.5 76 0.133984615385 0.111933706914	13
174 76 0.171779411765 0.087705864423	34
175.5 76 0.2005 0.0381047897252	5
177 76 0.20445 0.130265372635	14
178.5 76 0.21116 0.120772469269	10
-180 75.5 0.226555555556 0.117438825683	9
-178.5 75.5 0.13705 0.0799493798183	4
-174 75.5 0.26996 0.0345497177991	5
-172.5 75.5 0.2716 0.0830518813754	5
-171 75.5 0.248783333333 0.0879799844662	6
-169.5 75.5 0.10813 0.149613079122	10
-168 75.5 0.03338 0.100743290926	10
-166.5 75.5 0.144785714286 0.0504413992858	7
-165 75.5 0.137229310345 0.102818357991	58
-163.5 75.5 0.129026666667 0.0874693535447	15
-162 75.5 0.179083333333 0.0276997773758	6
-160.5 75.5 0.2145 0.0194103065406	5
-159 75.5 0.0448 NaN	1
-157.5 75.5 0.3402 NaN	1
-156 75.5 0.173360869565 0.091166180627	23
-154.5 75.5 0.179989473684 0.0661205360808	38
-153 75.5 0.191223809524 0.047131060934	21
-151.5 75.5 0.168117391304 0.0992088139971	23
-150 75.5 0.192938709677 0.0646025473049	31
-148.5 75.5 0.161452941176 0.0567365305342	17
-147 75.5 0.193257142857 0.0728242829726	7
-145.5 75.5 0.1784 0.0801733247408	11
-142.5 75.5 0.1009 0.011313708499	2
-141 75.5 0.188857142857 0.0618817112762	7
-139.5 75.5 -0.0233 NaN	1
-138 75.5 0.1649 0.127094059657	4
-136.5 75.5 0.160545454545 0.101449932121	11
-135 75.5 0.0934928571429 0.12956628517	14
-133.5 75.5 0.0727625 0.178571337786	8
-132 75.5 0.14331875 0.0986222640094	16
-130.5 75.5 0.143078947368 0.163247911605	19
-129 75.5 0.0837393939394 0.11862966782	33
-127.5 75.5 0.127955421687 0.13229393203	83
-126 75.5 0.07928 0.118740055724	25
-124.5 75.5 -0.0409666666667 0.0426756761321	3
-123 75.5 0.242425 0.051949615013	4
-78 75.5 -0.0479 NaN	1
-72 75.5 0.18406 0.0797949855209	15
-70.5 75.5 0.111338461538 0.132059478635	13
-69 75.5 0.119039285714 0.103522480433	28
-67.5 75.5 0.185392857143 0.108300745535	14
-66 75.5 0.0948 0.190299259063	6
-64.5 75.5 0.11362 0.103989377663	10
-63 75.5 0.11187027027 0.0715419335653	37
-61.5 75.5 0.176242105263 0.0503519536837	19
-16.5 75.5 0.1891 0.212633249203	16
-15 75.5 0.264517391304 0.152987360298	23
-13.5 75.5 0.210173333333 0.095285559688	30
-12 75.5 0.0758833333333 0.161795765293	6
63 75.5 0.0287666666667 0.124802296987	3
64.5 75.5 0.2197 NaN	1
66 75.5 0.212028571429 0.0692129288776	28
67.5 75.5 0.055 0.124160561371	5
69 75.5 0.3014 0.0622730278692	3
70.5 75.5 0.0168 0.205626651969	2
76.5 75.5 0.09385 0.122123039049	4
78 75.5 0.2846 0.0295570634536	2
79.5 75.5 0.181888888889 0.0857921244119	9
84 75.5 0.104066666667 0.0298732879565	3
85.5 75.5 0.179861111111 0.0877426212698	36
129 75.5 0.213530769231 0.0992179367572	13
130.5 75.5 0.205728571429 0.114192808803	14
132 75.5 0.240871428571 0.0797365184903	7
133.5 75.5 0.0162 NaN	1
150 75.5 0.204933333333 0.0913594804422	6
151.5 75.5 0.0073 NaN	1
153 75.5 0.20345 0.0265165042945	2
154.5 75.5 0.2154 0.0120208152802	2
157.5 75.5 0.0823333333333 0.0833813128545	3
159 75.5 0.1833875 0.0777186110272	16
160.5 75.5 0.2378 0.0758860329705	5
163.5 75.5 0.0782833333333 0.149094338144	6
166.5 75.5 0.1825 0.0763352474287	7
168 75.5 0.167817391304 0.0924059996683	23
169.5 75.5 0.173608 0.0887512437472	25
171 75.5 0.189928571429 0.0643900539495	7
172.5 75.5 0.148035714286 0.0885968196665	28
174 75.5 0.181208108108 0.0869058506481	37
175.5 75.5 0.154093333333 0.0890642822963	15
177 75.5 0.111593333333 0.0876416035149	15
178.5 75.5 0.188552941176 0.0758472652576	17
-180 75 0.1452375 0.119175014935	24
-178.5 75 0.205964285714 0.146141636289	14
-177 75 0.28625 0.0910494554258	4
-175.5 75 0.0076 NaN	1
-172.5 75 0.2502 NaN	1
-171 75 0.2088 0.0961544093361	24
-169.5 75 0.152326923077 0.12390234399	26
-168 75 0.172194117647 0.120279749286	17
-166.5 75 0.244775 0.115026297718	4
-165 75 0.123392307692 0.106681578084	13
-163.5 75 0.134869565217 0.10320903517	23
-162 75 0.21304 0.101049264113	10
-160.5 75 0.141075 0.114719117122	4
-159 75 0.211878571429 0.119606323338	14
-157.5 75 0.215433333333 0.0964982084933	12
-156 75 0.185275 0.0518521809249	16
-154.5 75 0.165462264151 0.0915692638776	53
-153 75 0.217847692308 0.0569808962167	65
-151.5 75 0.17564516129 0.0824933162493	31
-150 75 0.17719375 0.0549036546294	16
-148.5 75 0.115104347826 0.097296680679	23
-147 75 0.113533333333 0.0562829873644	6
-145.5 75 0.241416666667 0.0605440473264	6
-144 75 0.229633333333 0.0680424181424	6
-142.5 75 0.235366666667 0.0932920816576	9
-141 75 0.100233333333 0.0638733329854	6
-139.5 75 0.128365517241 0.128269919856	29
-136.5 75 0.206582222222 0.081458275122	45
-135 75 0.212327272727 0.165682459289	22
-133.5 75 0.170293548387 0.121387000774	31
-132 75 0.1794625 0.138452851834	48
-130.5 75 0.140763636364 0.120430551426	44
-129 75 0.118656666667 0.173050261153	30
-127.5 75 0.0970708333333 0.146915516922	24
-126 75 0.167636842105 0.128867723787	19
-124.5 75 0.168311111111 0.141614851308	9
-123 75 0.0786714285714 0.131325647588	7
-121.5 75 0.03908 0.179585319556	5
-120 75 0.0767666666667 0.0721069113655	6
-118.5 75 0.126792857143 0.159328004513	14
-103.5 75 0.135043902439 0.103489936827	41
-102 75 0.23185 0.0498510280737	2
-78 75 0.1452 0.124309372133	2
-76.5 75 0.1034 0.0171119841047	2
-75 75 0.31375 0.0839335749268	2
-73.5 75 0.0499 0.239017269251	5
-72 75 0.16554 0.149057280936	5
-69 75 0.24281875 0.109626001896	16
-67.5 75 0.0469666666667 0.117365082116	9
-66 75 0.189602083333 0.0812515492215	48
-64.5 75 0.177168571429 0.0989325818318	35
-63 75 0.06776 0.116072661151	10
-61.5 75 0.137 0.0239002092041	2
-60 75 0.153654545455 0.0739586284843	11
-16.5 75 0.270666666667 0.121131017222	3
-15 75 0.21001 0.166303874813	10
-13.5 75 0.0273 NaN	1
-12 75 0.0082 NaN	1
61.5 75 0.1873 0.0284256926037	2
63 75 0.107109090909 0.112494439459	11
66 75 0.302433333333 0.068841489428	6
67.5 75 0.15542 0.0809271091786	5
69 75 0.2816 0.139726494744	4
70.5 75 0.29035 0.0409562775001	4
81 75 0.0561888888889 0.163803971597	9
85.5 75 0.17065 0.0109601551084	2
115.5 75 0.1583 0.0101823376491	2
120 75 0.259325 0.0946338690251	4
121.5 75 0.20855 0.0796909342397	2
123 75 0.188528571429 0.0403916952803	7
124.5 75 0.1592 0.0359210244843	2
127.5 75 0.17595 0.0106773123959	2
129 75 0.116894736842 0.103605161142	19
130.5 75 0.248078846154 0.0901373860685	52
132 75 0.21044375 0.0838989635735	32
133.5 75 0.219666666667 0.0961928445017	3
135 75 0.16925 0.0451841233178	2
153 75 0.11928 0.0832224849425	5
154.5 75 0.25725 0.0958129688508	2
156 75 0.193066666667 0.0580906475548	3
157.5 75 0.219844444444 0.075750909311	18
159 75 0.185831578947 0.0942920407424	19
160.5 75 0.1663 0.0277185858225	2
162 75 0.1303125 0.164064851616	8
165 75 0.2458 0.00353553390593	2
166.5 75 0.2352 0.0234759451354	2
168 75 0.23312 0.0878890607527	5
169.5 75 0.200615384615 0.0535455545331	13
171 75 0.2085 0.08767917528	10
172.5 75 0.112484615385 0.0879232700157	13
174 75 0.13927037037 0.119572095455	27
175.5 75 0.225257575758 0.0869181081187	33
177 75 0.252422222222 0.0468757340683	9
178.5 75 0.257116666667 0.0641452232568	6
-180 74.5 0.194 0.101752242673	19
-178.5 74.5 0.133114285714 0.110320960319	21
-172.5 74.5 0.201466666667 0.0484760078114	3
-171 74.5 0.176327777778 0.0795482409291	36
-169.5 74.5 0.163308695652 0.0918871883099	23
-168 74.5 0.159885 0.072801403727	40
-166.5 74.5 0.0775 0.0908080943529	3
-165 74.5 0.114878571429 0.0855050068153	28
-163.5 74.5 0.186859375 0.1137564684	32
-162 74.5 0.213726829268 0.0917130852834	41
-160.5 74.5 0.185058823529 0.0873787807395	17
-159 74.5 0.3174 NaN	1
-157.5 74.5 0.1828 0.0786515880812	14
-156 74.5 0.188773913043 0.0935180352921	23
-154.5 74.5 0.204512195122 0.100140579175	41
-153 74.5 0.17910952381 0.0800103463112	42
-151.5 74.5 0.156614285714 0.0977011534126	35
-150 74.5 0.08085 0.101572191076	4
-148.5 74.5 0.08832 0.103160200659	5
-147 74.5 0.13948 0.113480579836	5
-145.5 74.5 0.138488235294 0.152506442005	17
-144 74.5 0.189916666667 0.0790923869071	6
-142.5 74.5 0.197441176471 0.102005012492	17
-141 74.5 0.203933333333 0.11607521125	6
-138 74.5 0.125911538462 0.111859130434	26
-136.5 74.5 0.203709090909 0.118952541386	33
-135 74.5 0.223066666667 0.174886218793	15
-133.5 74.5 0.178632258065 0.0944067737227	31
-132 74.5 0.12265 0.108902242498	20
-130.5 74.5 0.0925416666667 0.139691598357	12
-129 74.5 0.114793333333 0.170103130854	30
-127.5 74.5 0.217214285714 0.0980739698446	70
-126 74.5 0.17285 0.136954987392	8
-124.5 74.5 0.0388666666667 0.293205752558	3
-123 74.5 -0.01745 0.237375746444	2
-120 74.5 0.14605 0.106249833987	10
-118.5 74.5 0.142166666667 0.14808074374	6
-117 74.5 0.2328 0.104793224972	2
-109.5 74.5 0.04346 0.159372999595	5
-108 74.5 0.16455 0.14483742265	6
-106.5 74.5 0.16573 0.0989441793719	20
-105 74.5 0.190614285714 0.113316316003	14
-103.5 74.5 0.0923161290323 0.165814776376	31
-102 74.5 0.240809090909 0.0687492466074	11
-100.5 74.5 0.183773333333 0.100942359562	30
-99 74.5 0.092325 0.0280016198511	8
-96 74.5 0.2035 0.0832971788238	2
-91.5 74.5 0.174033333333 0.0774471755457	9
-79.5 74.5 0.2098 NaN	1
-78 74.5 0.060925 0.105363667837	4
-76.5 74.5 0.022 0.12289515857	2
-75 74.5 0.135482352941 0.147164462572	17
-72 74.5 0.206754545455 0.102810402138	22
-70.5 74.5 0.0296 0.142535165252	4
-69 74.5 0.17848 0.211574613316	5
-67.5 74.5 0.14157 0.102098879172	40
-66 74.5 0.16207037037 0.0567158424131	27
-64.5 74.5 0.118815384615 0.0674565396651	13
-63 74.5 0.0784148148148 0.0940109269578	27
-61.5 74.5 0.148838888889 0.108015222995	18
-18 74.5 0.3564375 0.203639320566	24
-16.5 74.5 0.25766969697 0.164028629743	66
-15 74.5 0.40628 0.071096497804	5
61.5 74.5 0.30785 0.0622961074225	2
66 74.5 0.3814 0.0138592929113	2
81 74.5 0.14537 0.0979809397564	10
115.5 74.5 0.20465 0.0682170311091	4
117 74.5 -0.0924 NaN	1
118.5 74.5 0.278183333333 0.107364378016	6
120 74.5 0.097025 0.0946592196098	8
121.5 74.5 0.094 0.118174405012	3
123 74.5 0.04255 0.323501352393	2
129 74.5 0.0791523809524 0.145834055073	21
130.5 74.5 0.21505 0.0918980013224	18
132 74.5 0.2297 0.104987808816	7
136.5 74.5 0.24645 0.0734683945653	2
138 74.5 0.170133333333 0.0745589923036	3
153 74.5 0.2835 NaN	1
157.5 74.5 0.153833333333 0.0695074864073	6
159 74.5 0.1022 NaN	1
160.5 74.5 0.24475 0.0271486911024	8
162 74.5 0.1214 0.0431335136524	2
163.5 74.5 0.198266666667 0.0267126062625	3
165 74.5 0.242175 0.0705977041647	4
166.5 74.5 0.03004 0.117393453821	5
168 74.5 0.21155 0.0712056528655	2
171 74.5 0.2124 0.105013411842	7
172.5 74.5 0.140592307692 0.108132576509	13
174 74.5 0.233465625 0.0880423270983	32
175.5 74.5 0.153838461538 0.115732144328	13
177 74.5 0.16985 0.122400183823	2
-180 74 0.17068 0.13584369274	15
-178.5 74 0.219228571429 0.0847630563057	7
-175.5 74 0.194133333333 0.0412807864912	3
-174 74 0.137 0.148632735291	5
-172.5 74 0.121668421053 0.088201297878	19
-171 74 0.247942857143 0.0796511949511	7
-169.5 74 0.205030769231 0.134770393538	13
-168 74 0.197075 0.0994750505495	12
-166.5 74 0.113938461538 0.104284165461	39
-165 74 0.169725 0.105518727857	36
-163.5 74 0.17200625 0.102441415341	48
-162 74 0.229165909091 0.0924850583613	44
-160.5 74 0.18814 0.0788596021873	15
-159 74 0.209752542373 0.0867768091456	59
-157.5 74 0.17743 0.0907497780192	20
-156 74 0.224971428571 0.0656276038032	7
-154.5 74 0.183302702703 0.0927103808358	37
-153 74 0.1512 0.119759859719	11
-151.5 74 0.177214285714 0.0863249126814	14
-150 74 0.1261 0.0287085353162	2
-148.5 74 0.183172222222 0.0844987490722	18
-147 74 0.0947466666667 0.0970758824445	15
-145.5 74 0.20235 0.0707719880017	8
-144 74 0.17750625 0.0871266164365	16
-142.5 74 0.214821052632 0.12146716785	19
-141 74 0.24760625 0.095531882767	16
-139.5 74 0.0875666666667 0.0882557835687	3
-138 74 0.147381818182 0.135077554155	11
-136.5 74 0.188156666667 0.124721916011	30
-135 74 0.247299173554 0.0941635443399	121
-133.5 74 0.253933333333 0.161222279271	3
-132 74 0.223157142857 0.0878262157663	14
-130.5 74 0.142383870968 0.0596225745658	31
-129 74 0.04732 0.164504352526	5
-127.5 74 0.117203030303 0.0661902300421	33
-126 74 0.15193 0.0978828216685	10
-115.5 74 0.204514285714 0.0568478210832	7
-114 74 0.23358 0.115981213996	5
-111 74 0.1365 NaN	1
-109.5 74 0.186338461538 0.0921154670577	39
-108 74 0.235633333333 0.0866778243733	15
-106.5 74 0.223449438202 0.109910329281	89
-105 74 0.117638461538 0.156245386804	13
-103.5 74 0.0375875 0.139348888329	8
-102 74 0.146658823529 0.113704370292	17
-88.5 74 -0.04685 0.0111015764646	2
-87 74 0.22545 0.0075660425587	2
-82.5 74 0.0708666666667 0.022260802621	3
-79.5 74 0.147844444444 0.0923992574525	9
-78 74 0.1187 0.00197989898732	2
-76.5 74 0.3128 NaN	1
-75 74 0.1917 NaN	1
-73.5 74 0.08324 0.150099960027	5
-72 74 0.23985 0.0709479856421	4
-70.5 74 0.07165 0.131250176557	14
-69 74 0.117708333333 0.0838012199774	12
-67.5 74 0.178523529412 0.0786857773095	34
-66 74 0.120754545455 0.0553428832577	11
-64.5 74 0.129277272727 0.111002972641	22
-63 74 0.1703 0.0715988312166	58
-61.5 74 0.168885714286 0.0937544772829	28
-60 74 0.258111111111 0.0314616609719	9
-58.5 74 0.0272 0.0916410388418	2
-19.5 74 0.259525 0.0628663378015	8
-18 74 0.282856164384 0.169312490504	73
-16.5 74 0.270134951456 0.12895565031	103
-15 74 0.42054375 0.123180220105	16
63 74 0.2411 NaN	1
64.5 74 0.052 0.0256746957139	3
76.5 74 0.104225 0.126353086626	4
78 74 0.1804 0.105408206512	3
79.5 74 0.215542857143 0.145653399745	7
81 74 0.170975 0.0573117425432	4
118.5 74 -0.13304 0.0629770831335	5
120 74 0.15835 0.117484679852	4
121.5 74 0.203525 0.018804853097	4
123 74 0.20605625 0.156562247338	16
124.5 74 0.0963 NaN	1
126 74 0.3318 NaN	1
129 74 0.166173333333 0.106614656368	15
138 74 0.194233333333 0.0673441905438	9
151.5 74 0.224 NaN	1
157.5 74 0.24275 0.0481499636552	6
162 74 0.2209 0.047658997052	2
163.5 74 0.1376 0.0335168614282	2
165 74 0.2245 0.0411295514199	3
166.5 74 0.2028 NaN	1
168 74 0.113557142857 0.108130382057	7
169.5 74 0.147545454545 0.088545890516	11
171 74 0.2015 0.0756809487256	11
172.5 74 0.162823529412 0.0961641023517	34
174 74 0.0934857142857 0.11609773592	21
175.5 74 0.104078571429 0.125480217126	14
177 74 0.0875166666667 0.109387063525	6
178.5 74 0.155 0.129223524601	30
-180 73.5 0.12545 0.0899048979014	16
-174 73.5 0.148442857143 0.0826398381965	7
-172.5 73.5 0.185492307692 0.0635389967073	13
-171 73.5 0.213233333333 0.0331482528449	6
-169.5 73.5 0.183741176471 0.0601947262933	17
-168 73.5 0.169647368421 0.122554148433	19
-166.5 73.5 0.17395483871 0.0955495886567	31
-165 73.5 0.142222033898 0.0976076648131	59
-163.5 73.5 0.182618367347 0.0812810188827	49
-162 73.5 0.1863 0.0358430606952	9
-160.5 73.5 0.1202 0.130961294536	31
-159 73.5 0.136971428571 0.113235171845	21
-157.5 73.5 0.16179 0.0912078188015	20
-156 73.5 0.236633333333 0.0635815486862	3
-153 73.5 0.110513333333 0.0975036470877	30
-151.5 73.5 0.131545652174 0.124677995397	46
-150 73.5 0.04025 0.203858885016	2
-148.5 73.5 0.171506060606 0.110004559392	33
-147 73.5 0.184557142857 0.115024806848	7
-145.5 73.5 0.243482352941 0.082420104456	34
-144 73.5 0.200051515152 0.0860229293984	66
-142.5 73.5 0.228679310345 0.0946279873252	29
-141 73.5 0.3062625 0.0401605327761	8
-139.5 73.5 0.304171428571 0.0412511338506	14
-138 73.5 0.219645283019 0.0822546060577	53
-136.5 73.5 0.212815789474 0.122886045963	19
-135 73.5 0.162025 0.127248067381	24
-133.5 73.5 0.161233333333 0.140940306513	9
-132 73.5 0.203969811321 0.119585909874	53
-130.5 73.5 0.129258333333 0.106143868562	12
-127.5 73.5 0.119603448276 0.0624380634981	29
-114 73.5 0.120152631579 0.162903657173	19
-112.5 73.5 0.216389473684 0.110082932852	19
-111 73.5 0.22 0.114659794921	8
-109.5 73.5 0.207332608696 0.087035826734	46
-103.5 73.5 0.0215111111111 0.114120657969	18
-76.5 73.5 -0.0135333333333 0.0610385397379	3
-75 73.5 0.180607142857 0.0864399081725	28
-73.5 73.5 0.190094117647 0.155586155677	17
-72 73.5 0.267675 0.078390576602	4
-69 73.5 0.14739 0.0952939831376	10
-67.5 73.5 0.165475 0.134160268944	20
-66 73.5 0.0758777777778 0.136074738451	9
-64.5 73.5 0.216535483871 0.0630645042708	31
-63 73.5 0.21884 0.100477226275	5
-61.5 73.5 0.139383333333 0.0917663993999	18
-60 73.5 0.242 0.0627344137349	4
-19.5 73.5 0.12948 0.122858229563	15
-18 73.5 0.236019354839 0.137553762627	31
-16.5 73.5 0.309455555556 0.123981961053	54
60 73.5 0.235169230769 0.0477961188211	13
64.5 73.5 0.24086 0.0647220441581	5
67.5 73.5 0.159525 0.107296313151	20
69 73.5 0.18445 0.121693077042	2
72 73.5 0.0752 NaN	1
121.5 73.5 0.189211764706 0.0671116316516	17
123 73.5 0.145457142857 0.0943230946825	7
132 73.5 0.2463 0.033375440072	2
136.5 73.5 0.166366666667 0.0577772648482	21
138 73.5 0.129825 0.0868883150125	8
151.5 73.5 0.0627857142857 0.171771082438	7
157.5 73.5 0.14975 0.105429621075	2
159 73.5 0.2062 NaN	1
162 73.5 0.201 0.0162731154274	8
163.5 73.5 0.19855 0.0699466701614	4
165 73.5 0.209157142857 0.0394620010112	7
166.5 73.5 0.2077875 0.0930847607215	8
168 73.5 0.0096 0.0473078217634	3
169.5 73.5 0.2586375 0.0611087306715	8
171 73.5 0.152914285714 0.163488587049	7
172.5 73.5 0.124370769231 0.106942755895	65
174 73.5 0.092080952381 0.112255840022	21
175.5 73.5 0.06015 0.133590235422	6
177 73.5 0.21343125 0.128193097676	16
178.5 73.5 0.127947058824 0.129750251048	17
-180 73 0.178625 0.067286916757	4
-178.5 73 0.251533333333 0.098167296465	15
-175.5 73 0.2993 0.00212132034355	2
-174 73 0.13294 0.0631646103447	5
-172.5 73 0.189015789474 0.107329349114	19
-171 73 0.06991 0.143329453048	10
-168 73 0.1164 0.0757410060667	15
-166.5 73 0.1877125 0.0763992789326	8
-165 73 0.158948837209 0.101657919309	43
-163.5 73 0.11859375 0.11959402676	48
-162 73 0.0879052631579 0.104253683514	19
-160.5 73 0.158481818182 0.0754489339644	11
-159 73 0.1794 0.099743734139	17
-157.5 73 0.110288 0.137348632805	25
-154.5 73 0.152085714286 0.129398743278	7
-153 73 0.151526923077 0.101672901238	26
-151.5 73 0.135278378378 0.098530500453	37
-150 73 0.188571428571 0.143540099425	21
-148.5 73 0.198916049383 0.0851076971501	81
-147 73 0.165125 0.106430030759	20
-145.5 73 0.084925 0.0323962317768	4
-144 73 0.216553333333 0.0732611047642	30
-142.5 73 0.141075 0.0758829691037	8
-141 73 0.28615 0.0340118361751	2
-139.5 73 0.25563902439 0.0548402036742	41
-138 73 0.267214285714 0.108095875531	28
-136.5 73 0.212635294118 0.131972799949	17
-135 73 0.112394117647 0.165585523486	17
-133.5 73 0.202771428571 0.142650133752	14
-132 73 0.203511538462 0.105017292047	52
-130.5 73 0.0752666666667 0.0990293100169	12
-127.5 73 0.28935 0.0359917351624	2
-103.5 73 0.101231578947 0.140935990406	19
-75 73 0.0163 0.165074346886	4
-73.5 73 0.151125 0.130920316096	4
-72 73 0.137323809524 0.0870001488778	21
-70.5 73 0.112378787879 0.0986690768351	33
-69 73 0.0941333333333 0.160289248964	3
-67.5 73 0.0404928571429 0.0626561000074	14
-66 73 0.110388888889 0.182178459515	9
-64.5 73 0.3056 0.0357092425011	5
-63 73 0.229936666667 0.0822826980738	30
-61.5 73 0.214484210526 0.0866996172179	19
-60 73 0.0841380952381 0.128926930764	21
-21 73 0.280571428571 0.109168519795	7
-19.5 73 0.332354166667 0.0947658479607	48
-18 73 0.301440860215 0.138598113291	93
-16.5 73 0.305425 0.120718299595	8
57 73 -0.0711857142857 0.10626801696	7
60 73 0.3302 NaN	1
64.5 73 0.297 NaN	1
66 73 0.362083333333 0.0610475688842	6
67.5 73 0.181930769231 0.116769019754	13
132 73 0.267 NaN	1
133.5 73 0.321 NaN	1
135 73 0.147 NaN	1
151.5 73 0.2232 NaN	1
157.5 73 0.16878 0.0467688143959	5
160.5 73 0.277433333333 0.0551660281937	6
162 73 0.25026 0.0509160387304	5
163.5 73 0.1551 0.12228777535	11
165 73 0.2365 0.0534572726577	2
166.5 73 0.05705 0.11367481398	4
168 73 0.126052941176 0.0947971790037	17
169.5 73 0.11196 0.0959123086333	20
171 73 0.108425 0.107361474954	24
172.5 73 0.20628 0.104290638762	10
174 73 0.124443333333 0.0968093422513	30
175.5 73 0.0867428571429 0.0862612402614	21
177 73 0.197613513514 0.118534976465	37
178.5 73 0.0725 0.177647584967	10
-180 72.5 0.1195 0.0904262130137	14
-178.5 72.5 0.224773333333 0.0886393130023	15
-177 72.5 0.215231578947 0.052502857622	19
-175.5 72.5 0.21359 0.0559034177051	10
-174 72.5 0.2102 0.0277176838859	3
-172.5 72.5 0.0004 NaN	1
-169.5 72.5 0.2597 NaN	1
-168 72.5 0.27106 0.0601545343262	5
-166.5 72.5 0.119554545455 0.130752754186	11
-165 72.5 0.07642 0.207126367225	5
-163.5 72.5 0.120525 0.0864619476249	32
-162 72.5 0.127534693878 0.11894695693	49
-160.5 72.5 0.0798 0.0930692215504	12
-157.5 72.5 0.14245 0.0326641546653	6
-156 72.5 0.12836 0.0566343800178	5
-154.5 72.5 0.136758536585 0.116251380585	41
-153 72.5 0.184961111111 0.100862388133	18
-151.5 72.5 0.174552941176 0.0422278612271	34
-150 72.5 0.150688888889 0.0964962866298	27
-148.5 72.5 0.127288888889 0.120776068532	36
-147 72.5 0.165566666667 0.0696972261524	3
-145.5 72.5 -0.01925 0.117450436355	2
-144 72.5 0.156173170732 0.127813142956	41
-142.5 72.5 0.03686 0.078959945542	5
-141 72.5 0.133323809524 0.115453358135	21
-139.5 72.5 0.213866666667 0.0481117795694	3
-138 72.5 0.09090625 0.0932284968505	16
-136.5 72.5 0.0810571428571 0.0956003461839	7
-132 72.5 0.131566666667 0.160997911477	9
-127.5 72.5 0.1751 NaN	1
-103.5 72.5 0.1065 NaN	1
-93 72.5 0.1972 0.0335285699069	5
-91.5 72.5 0.1592 0.0965217281238	6
-73.5 72.5 0.14478125 0.168004338114	16
-72 72.5 0.125507692308 0.106352389579	13
-70.5 72.5 0.1435 0.086200754057	7
-69 72.5 0.0359888888889 0.142772208819	9
-67.5 72.5 0.126261016949 0.125536646685	59
-66 72.5 -0.1486 NaN	1
-64.5 72.5 0.24615 0.0805283987175	6
-63 72.5 0.212725 0.0977017016228	4
-60 72.5 0.128623529412 0.114430522203	17
-58.5 72.5 0.106 0.0592849896685	3
-21 72.5 0.284576923077 0.152864859456	13
-19.5 72.5 0.264036363636 0.115421021202	44
-18 72.5 0.326443478261 0.115601823615	46
57 72.5 0.304266666667 0.0726307327055	3
58.5 72.5 0.0984 0.154406379402	13
63 72.5 0.145666666667 0.0288451613504	3
66 72.5 0.114407407407 0.0764153474613	27
67.5 72.5 0.0868166666667 0.110082740094	6
73.5 72.5 0.1509 NaN	1
133.5 72.5 0.28564 0.0530464827612	10
135 72.5 0.255305555556 0.0688686086794	18
151.5 72.5 0.185833333333 0.139900047653	3
154.5 72.5 0.0502 0.173410985811	3
156 72.5 0.1825 NaN	1
160.5 72.5 0.228025 0.0512735393096	4
162 72.5 0.102418181818 0.149081131054	11
163.5 72.5 0.22254 0.0703340102653	5
166.5 72.5 0.152222222222 0.0368469394176	9
168 72.5 0.121769230769 0.0543635449119	26
169.5 72.5 0.1258625 0.0764320079112	16
171 72.5 0.182954545455 0.0980556715712	11
172.5 72.5 0.0889235294118 0.108315733676	17
174 72.5 0.1297 NaN	1
175.5 72.5 0.122457971014 0.115124120238	69
177 72.5 0.164196875 0.100378649203	32
-180 72 0.191775 0.111691101449	8
-178.5 72 0.169947058824 0.123747220931	34
-177 72 0.2417 0.094771013501	5
-175.5 72 0.166405555556 0.12928269286	18
-169.5 72 0.169123076923 0.102055370215	13
-168 72 0.04645 0.0686225181701	4
-166.5 72 0.1957 0.0835064687469	32
-165 72 0.0830333333333 0.103087917171	6
-163.5 72 0.138719444444 0.125906307159	36
-162 72 0.14695 0.0769168559373	12
-160.5 72 0.0313 0.150506096222	5
-159 72 0.146141176471 0.114189196396	17
-157.5 72 0.222216666667 0.100734976985	18
-156 72 0.199533333333 0.155696694268	12
-154.5 72 0.20401 0.10657635231	40
-153 72 0.11884 0.0919398535275	25
-151.5 72 0.217806666667 0.0992657246584	30
-150 72 0.177632653061 0.0866422967296	98
-148.5 72 0.1083 0.141483560511	20
-147 72 0.183333333333 0.149161237145	6
-145.5 72 0.076175 0.124623202093	4
-144 72 0.22525 0.0682063582644	14
-141 72 0.2202 0.0924895669792	2
-139.5 72 0.14375 0.0251022907321	2
-136.5 72 0.1406 0.202759407039	8
-129 72 0.3267 NaN	1
-105 72 0.220525 0.0341326212491	4
-103.5 72 0.0658678571429 0.176674111067	28
-102 72 0.105139130435 0.0743649461601	23
-93 72 0.2659 NaN	1
-91.5 72 0.23845 0.0697914393031	2
-73.5 72 0.0864 0.152897985598	11
-72 72 0.2143 NaN	1
-70.5 72 0.182111111111 0.0881804826271	18
-69 72 0.172309090909 0.111206923856	22
-67.5 72 0.0233 0.117614171482	10
-66 72 0.201 0.0890124897603	7
-64.5 72 0.26836 0.117198839585	5
-63 72 0.113 0.0851552386331	16
-61.5 72 0.1889125 0.0935679193726	8
-58.5 72 0.208788095238 0.0602173753484	42
-19.5 72 0.26963030303 0.093915062972	33
-18 72 0.275875 0.0512437557172	4
57 72 0.28105 0.073892658634	2
58.5 72 0.19574 0.0674759084579	10
60 72 0.251736363636 0.0935009440886	11
61.5 72 0.2040625 0.0678208551469	8
66 72 0.1356 NaN	1
67.5 72 0.22165 0.0853477884892	2
133.5 72 0.20965 0.054235090117	2
153 72 0.2326 0.0709388782294	10
154.5 72 0.224245454545 0.0491795323984	22
159 72 0.2383 NaN	1
160.5 72 0.1528 0.114226918408	10
162 72 0.1236 0.0888787094866	5
163.5 72 0.03245 0.154361410333	2
166.5 72 0.1793 0.0508793671344	3
168 72 0.105765714286 0.102736879634	35
169.5 72 0.15589375 0.101210397811	16
171 72 0.110990909091 0.113887018176	11
172.5 72 0.13838 0.0211347344436	5
174 72 0.148940384615 0.0796354420545	52
175.5 72 0.2103453125 0.096916003781	128
177 72 0.131497560976 0.0997476227481	41
178.5 72 0.146669230769 0.111210966071	13
-180 71.5 0.237133333333 0.0611377406626	3
-177 71.5 0.2529 0.103100509213	5
-175.5 71.5 0.152857142857 0.07432119162	7
-174 71.5 0.2049 0.105517705088	24
-172.5 71.5 0.0917666666667 0.0580887539317	3
-171 71.5 0.2752 NaN	1
-169.5 71.5 0.13605 0.0173241161391	2
-166.5 71.5 0.228029411765 0.0996368892824	17
-165 71.5 0.108028571429 0.106346238208	7
-163.5 71.5 0.153790909091 0.0866167010979	11
-162 71.5 0.20615 0.0331633080376	2
-160.5 71.5 0.13671 0.104810192995	10
-159 71.5 0.160033333333 0.0960742074302	3
-157.5 71.5 0.102342857143 0.210094231693	7
-156 71.5 0.176 NaN	1
-154.5 71.5 0.155135294118 0.0976262347979	68
-153 71.5 0.19137 0.125537781509	30
-151.5 71.5 0.298 0.0936020833101	11
-150 71.5 0.197752941176 0.103837120757	17
-148.5 71.5 0.149157894737 0.0986447403328	19
-147 71.5 0.0346333333333 0.146721993353	3
-145.5 71.5 0.21372 0.126356784543	5
-133.5 71.5 0.214625 0.0353143384477	4
-132 71.5 0.2516 NaN	1
-129 71.5 0.2964 NaN	1
-103.5 71.5 0.06965 0.164543747982	2
-102 71.5 0.163658730159 0.11074515155	63
-100.5 71.5 0.141603333333 0.111790322459	30
-91.5 71.5 0.28625 0.0379716341497	2
-69 71.5 0.0723 0.135903715917	34
-67.5 71.5 0.174469230769 0.124666568249	39
-66 71.5 0.116271428571 0.148292792748	7
-64.5 71.5 0.1836 0.0483305286543	3
-63 71.5 0.1441 NaN	1
-61.5 71.5 0.239911111111 0.0989043203059	18
-60 71.5 0.210133333333 0.156483825043	9
-58.5 71.5 0.209813043478 0.0665838726334	23
60 71.5 0.20658 0.111196456778	5
63 71.5 0.125933333333 0.137920895202	3
64.5 71.5 0.1262 0.0434163563649	2
160.5 71.5 0.195406666667 0.072696482547	30
162 71.5 0.149064102564 0.049187827373	39
163.5 71.5 0.173422857143 0.0949853087269	35
165 71.5 0.1792 0.0609466214541	16
166.5 71.5 0.154029411765 0.0907728260873	17
168 71.5 0.17548 0.0965204486106	5
169.5 71.5 0.109475 0.118040145007	4
171 71.5 0.1475 0.0681653504355	5
172.5 71.5 0.21022 0.0494808750933	5
174 71.5 0.207416666667 0.0802873378542	72
175.5 71.5 0.201603448276 0.0884795920084	29
177 71.5 0.163360606061 0.0991379379044	66
178.5 71.5 0.1729 0.061685843865	7
-177 71 0.0844333333333 0.0540200950264	6
-175.5 71 0.151092307692 0.116585324886	52
-174 71 0.17034375 0.114432042281	48
-172.5 71 0.1474 NaN	1
-171 71 0.2047125 0.0568357894665	8
-169.5 71 0.15696 0.17108060381	5
-168 71 0.18755 0.115390135338	4
-166.5 71 0.135135714286 0.131687319681	14
-165 71 0.096 0.203646752982	2
-163.5 71 -0.0282 NaN	1
-162 71 0.184257142857 0.140981013582	7
-160.5 71 0.185260869565 0.0935775455736	23
-153 71 0.112555555556 0.118521760777	9
-151.5 71 0.130105263158 0.150744461751	19
-150 71 0.28706 0.102626936035	5
-148.5 71 0.2493 NaN	1
-147 71 0.0314666666667 0.1593449926	6
-145.5 71 0.1408 NaN	1
-142.5 71 0.270628571429 0.0906138825693	7
-141 71 0.24275 0.0600333657227	2
-139.5 71 0.2192 NaN	1
-138 71 0.205025 0.0614078917295	4
-135 71 0.26189 0.0617940207463	10
-133.5 71 0.196633333333 0.0350263234344	3
-130.5 71 0.2499 NaN	1
-126 71 0.1898 NaN	1
-124.5 71 0.08462 0.160991123979	5
-120 71 0.147117647059 0.104967889348	17
-103.5 71 0.2317 0.13600448522	7
-102 71 0.172630434783 0.107460040923	23
-100.5 71 -0.1014 NaN	1
-99 71 0.2522 NaN	1
-91.5 71 0.246633333333 0.0304184593079	6
-69 71 0.0824714285714 0.0845517930873	7
-67.5 71 0.179921052632 0.121190463408	19
-66 71 0.193068421053 0.0795730764953	19
-64.5 71 0.276538461538 0.167179835997	13
-61.5 71 0.1807 NaN	1
-60 71 0.256466666667 0.0437332672764	6
-19.5 71 0.228672222222 0.110407511496	18
63 71 0.1939 0.000989949493653	2
162 71 0.112814285714 0.0989315323607	7
163.5 71 0.123233333333 0.131200698677	3
165 71 0.187666666667 0.0697327660907	6
166.5 71 0.151994117647 0.0774819976791	34
169.5 71 0.149092857143 0.0722875823392	14
172.5 71 0.201589473684 0.0654238989186	19
174 71 0.200141176471 0.0688707930251	34
175.5 71 0.180854545455 0.0609243276515	44
177 71 0.176476315789 0.0779089608495	38
178.5 71 0.1214 0.0442857764977	3
-180 70.5 0.1620625 0.0711888181763	16
-178.5 70.5 0.18579375 0.0839785644773	16
-177 70.5 0.24114 0.0847914985256	10
-175.5 70.5 0.147404545455 0.10060467252	66
-174 70.5 0.1723875 0.0808793473888	120
-172.5 70.5 0.142411764706 0.0865722305531	17
-171 70.5 0.05055 0.124394481389	6
-169.5 70.5 0.26115 0.0679839907625	6
-168 70.5 0.25678 0.0952982528696	5
-166.5 70.5 0.0431882352941 0.111977056145	17
-165 70.5 0.233233333333 0.0631914814934	3
-163.5 70.5 0.1665125 0.100080553389	16
-145.5 70.5 0.21885 0.068734234556	6
-142.5 70.5 0.1932 0.0671558552093	10
-141 70.5 0.173122222222 0.0613461852477	9
-136.5 70.5 0.196858333333 0.11062242464	12
-135 70.5 0.28765 0.015485638508	2
-132 70.5 0.0936 0.087012439429	14
-130.5 70.5 0.1586 0.125179822655	6
-126 70.5 0.1072 0.340542625819	2
-123 70.5 0.2798 NaN	1
-120 70.5 0.13014 0.090509187379	5
-97.5 70.5 0.214726666667 0.0354113877298	15
-91.5 70.5 0.17286 0.116507072747	5
-90 70.5 0.332633333333 0.0834923549394	3
-66 70.5 0.121247368421 0.120412690215	19
-64.5 70.5 0.1921 NaN	1
-63 70.5 0.1929 0.0572194372569	6
-61.5 70.5 0.1312 0.120143934512	5
-58.5 70.5 0.123241666667 0.131386594434	12
-21 70.5 0.281375 0.0428436206842	4
-19.5 70.5 0.338030434783 0.16578808608	23
49.5 70.5 0.2337 0.00169705627484	2
63 70.5 0.2904 0.0723194763993	4
163.5 70.5 0.185747058824 0.0560452508876	17
165 70.5 0.13178 0.124098094264	5
166.5 70.5 0.131394594595 0.101352084192	37
169.5 70.5 0.224644444444 0.0469977954566	9
171 70.5 0.175210526316 0.10175041302	19
172.5 70.5 0.237116666667 0.141228345833	6
174 70.5 0.230688 0.0748424028654	25
175.5 70.5 0.134033333333 0.102234390993	39
177 70.5 0.1851 0.0857518538271	47
178.5 70.5 0.233066666667 0.0865740107269	21
-180 70 0.1896 0.118468040258	65
-178.5 70 0.205061744966 0.0774101105532	149
-177 70 0.169059375 0.087875920314	64
-175.5 70 0.1349 0.126889643391	26
-174 70 0.150517391304 0.0671865290352	23
-172.5 70 0.28615 0.0531037192671	2
-171 70 0.204233333333 0.0664280107038	12
-169.5 70 0.186536363636 0.0675589798441	22
-168 70 0.2032 NaN	1
-166.5 70 0.291675 0.0995641962086	4
-165 70 0.1648 0.0584430320911	6
-142.5 70 0.158666666667 0.100976350366	3
-141 70 0.164375 0.181854087572	4
-138 70 0.1591 0.0914325325035	11
-118.5 70 0.212145454545 0.177861189491	11
-100.5 70 0.334 NaN	1
-91.5 70 0.2338125 0.0672195217712	8
-90 70 0.144633333333 0.0680426520647	9
-88.5 70 0.2279 NaN	1
-66 70 0.23575 0.130092378716	6
-64.5 70 0.32755 0.0064346717088	2
-63 70 0.172361538462 0.0757825524876	26
-61.5 70 0.22865 0.106843834637	2
-60 70 0.130523529412 0.145055142659	17
-22.5 70 0.38625 0.112217846174	2
-21 70 0.243316666667 0.0684572396951	6
-19.5 70 0.24235 0.0922421631721	4
51 70 0.3358 NaN	1
52.5 70 0.150975 0.130808062315	4
64.5 70 0.207946153846 0.151444883348	13
163.5 70 0.1812 0.11963007565	13
165 70 0.194710344828 0.0907476380835	29
166.5 70 0.20259375 0.108226647789	16
175.5 70 0.105222222222 0.0976823885888	45
177 70 0.1157 0.104862640313	16
178.5 70 0.2064176 0.0993453093719	125
-180 69.5 0.110804615385 0.108159391107	65
-178.5 69.5 0.244207142857 0.0740689955305	14
-177 69.5 0.114954867257 0.0990336099073	113
-175.5 69.5 0.185410752688 0.0915176892809	186
-174 69.5 0.172228947368 0.101186586484	76
-172.5 69.5 0.208295833333 0.0960221146592	24
-171 69.5 0.148658333333 0.112549225738	36
-169.5 69.5 0.143325 0.0762761111461	20
-168 69.5 0.1543 NaN	1
-166.5 69.5 0.132825 0.0355224224962	4
-118.5 69.5 0.1472 0.0262868788562	3
-88.5 69.5 0.20855 0.0800097820106	24
-87 69.5 0.295625 0.0818142102571	8
-64.5 69.5 0.1204 0.10418076901	20
-63 69.5 0.180310526316 0.101301112721	19
-61.5 69.5 0.1106 0.171685526472	2
-22.5 69.5 0.0381 0.0115965512115	2
-21 69.5 0.21143 0.096190507793	20
-19.5 69.5 0.2324 0.115904083908	7
57 69.5 0.0736 NaN	1
178.5 69.5 0.232553846154 0.110710595099	52
-178.5 69 0.295659090909 0.0708988324109	22
-177 69 0.130746902655 0.0978907664466	113
-175.5 69 0.190197345133 0.088314123264	113
-174 69 0.212213533835 0.0867060934054	133
-172.5 69 0.2174 0.0666893544728	5
-171 69 0.177202777778 0.095779557873	36
-169.5 69 0.174711428571 0.0901133951374	35
-168 69 0.09615 0.117450436355	2
-87 69 0.216725 0.135715913461	4
-64.5 69 0.07569 0.094982623557	10
-63 69 0.1349875 0.132714714842	8
-61.5 69 0.145917241379 0.0875075632199	29
-24 69 0.0476 NaN	1
51 69 0.253833333333 0.0312284058724	3
-177 68.5 0.148109090909 0.104672448511	33
-175.5 68.5 0.098675 0.144028189421	24
-174 68.5 0.193306622517 0.101140407796	151
-172.5 68.5 0.205091743119 0.0849836031336	109
-171 68.5 0.191271428571 0.110322503477	42
-169.5 68.5 0.106978947368 0.066715103895	19
-168 68.5 0.1908 0.0351876398754	3
-87 68.5 0.14244 0.106855781313	5
-81 68.5 0.10216 0.084259646332	5
-78 68.5 0.2799 NaN	1
-66 68.5 0.02375 0.139560751407	4
-64.5 68.5 0.06915 0.145734707603	2
-61.5 68.5 0.177146666667 0.0595954200861	15
-60 68.5 0.2034 0.0742151601763	3
49.5 68.5 0.15838 0.136807218783	10
51 68.5 0.0555333333333 0.100060098607	3
-177 68 0.0977 NaN	1
-175.5 68 0.179347619048 0.0710387543461	21
-174 68 0.143394230769 0.107315410902	52
-172.5 68 0.164869117647 0.0930023515308	68
-171 68 0.109992857143 0.114167446643	28
-169.5 68 0.0769777777778 0.139551547625	9
-168 68 -0.1062 NaN	1
-81 68 0.198161538462 0.0562577185588	13
-79.5 68 0.10378 0.0443277791007	5
-64.5 68 0.157944444444 0.0869368220356	27
-63 68 -0.1068 NaN	1
-61.5 68 -0.0678 NaN	1
-60 68 0.103 NaN	1
-58.5 68 0.0941666666667 0.0489501242763	6
-175.5 67.5 0.299 0.119146233679	5
-174 67.5 0.152666666667 0.103517504846	15
-172.5 67.5 0.194333944954 0.0831444684472	109
-171 67.5 0.226743225806 0.077308825809	155
-169.5 67.5 0.187783333333 0.0894097488443	24
-168 67.5 0.139309090909 0.130409918753	11
-78 67.5 0.316466666667 0.129106867878	3
-63 67.5 0.172 NaN	1
-61.5 67.5 -0.0302 0.146088260993	2
-60 67.5 0.16215 0.122370502982	8
-31.5 67.5 0.777728571429 0.0952222963086	7
-30 67.5 0.00315 0.0256679761571	2
-28.5 67.5 0.210877777778 0.0910276713118	9
-27 67.5 -0.0027 NaN	1
-172.5 67 0.209066666667 0.0525159340899	3
-171 67 0.0984733333333 0.092747248451	15
-169.5 67 0.171004347826 0.0698643211029	69
-168 67 0.0969 0.00777817459305	2
-166.5 67 0.167666666667 0.127938823922	6
-61.5 67 -0.0295 NaN	1
-60 67 0.192757142857 0.0650051756181	7
-31.5 67 0.195 NaN	1
-169.5 66.5 0.13275 0.0467330777454	10
-168 66.5 0.140640909091 0.0764998017993	22
-166.5 66.5 0.0946166666667 0.0965775008305	6
-81 66.5 0.284733333333 0.109842447776	3
-78 66.5 0.3072 NaN	1
-76.5 66.5 0.2968 NaN	1
-58.5 66.5 0.0978 NaN	1
-79.5 66 0.21235 0.120774183224	4
-78 66 0.3385 NaN	1
-76.5 66 0.39822 0.0742376387017	5
-60 66 0.14165 0.195026297372	4
-169.5 65.5 0.235728571429 0.0486640426559	7
-81 65.5 0.167833333333 0.135633230933	3
-79.5 65.5 0.123325 0.0237004043566	4
-78 65.5 0.131 NaN	1
-61.5 65.5 0.185603846154 0.102184298131	26
-60 65.5 0.15 0.00452548339959	2
-171 65 0.14432 0.111324059494	10
-169.5 65 0.207432258065 0.0782620060527	31
-168 65 0.3159 0.155846879982	3
-81 65 0.405525 0.0983072406867	8
-79.5 65 0.2371 0.032747417201	4
-66 65 0.1751 NaN	1
-61.5 65 0.14338 0.0751875698947	10
-60 65 0.08774 0.174931130576	10
-178.5 64.5 0.257875 0.117438533568	4
-177 64.5 0.0761 NaN	1
-171 64.5 0.155989090909 0.0801947806391	55
-169.5 64.5 0.14964 0.117668159811	25
-168 64.5 0.1328 NaN	1
-81 64.5 0.163257142857 0.0900920058818	7
-79.5 64.5 0.145316666667 0.0904322158673	6
-61.5 64.5 -0.0193 NaN	1
-177 64 0.0397 0.0874991428529	4
-171 64 0.0683363636364 0.0921644646567	11
-169.5 64 0.174487037037 0.128131216714	54
-168 64 0.1946 0.0694276121823	4
-79.5 64 0.146325 0.162396456755	4
-63 64 0.209408333333 0.0876229070539	24
-61.5 64 0.159378571429 0.115805654031	14
-178.5 63.5 0.0826 NaN	1
-177 63.5 0.1373 NaN	1
-175.5 63.5 0.25705 0.037547370081	2
-174 63.5 0.17898 0.068464202325	5
-169.5 63.5 0.1964 NaN	1
-168 63.5 0.2951 NaN	1
-88.5 63.5 0.3358 NaN	1
-75 63.5 0.154316666667 0.171682455908	6
-73.5 63.5 0.323386666667 0.0693075945815	15
-63 63.5 0.149151612903 0.116387527599	31
-177 63 0.148925 0.0842575960967	4
-168 63 0.137666666667 0.0969039249291	6
-73.5 63 0.176907142857 0.130547801232	14
-64.5 63 0.3361 NaN	1
-168 62.5 0.0655166666667 0.148489493455	6
-88.5 62.5 0.2855 NaN	1
-87 62.5 0.266475 0.0440865342253	4
-73.5 62.5 0.201366666667 0.114638751447	3
-72 62.5 0.1891 NaN	1
-63 62.5 0.077 NaN	1
-87 62 0.19 NaN	1
-85.5 62 -0.07865 0.105571042431	2
-84 62 0.26195 0.0990656600442	2
-82.5 62 0.0075625 0.0672760185993	8
-72 62 0.1951 0.180957238657	10
-70.5 62 0.272366666667 0.0816297943972	3
-171 61.5 0.0776111111111 0.101569760952	18
-169.5 61.5 0.245 NaN	1
-90 61.5 0.2529 0.028001428535	2
-87 61.5 0.12105 0.0867823522766	4
-84 61.5 0.196409090909 0.0351015513773	11
-82.5 61.5 -0.010225 0.0411595574158	4
-79.5 61.5 -0.0385 NaN	1
-67.5 61.5 -0.0124 NaN	1
-171 61 0.158533333333 0.0676893147648	3
-169.5 61 0.0541 NaN	1
-91.5 61 0.20478 0.0685179684462	5
-90 61 0.175229411765 0.11306939111	17
-88.5 61 0.236984375 0.0664120184876	32
-87 61 0.184125 0.137330381094	8
-85.5 61 0.158233333333 0.102896659324	9
-84 61 0.2527 0.0989949493661	2
-82.5 61 0.2216 NaN	1
-81 61 0.0897611111111 0.10801113308	18
-69 61 0.1129 0.148351002693	2
-90 60.5 0.240166666667 0.0488117130752	3
-88.5 60.5 0.180083333333 0.0603924967746	6
-87 60.5 0.148422727273 0.101929513142	22
-85.5 60.5 0.200685714286 0.15143320231	7
-84 60.5 0.125354545455 0.142523972465	11
-82.5 60.5 0.151228571429 0.0411513351053	7
-81 60.5 0.105786363636 0.0953673813431	22
-79.5 60.5 0.19192 0.0980683282207	5
-91.5 60 0.05685 0.0794080915272	2
-90 60 0.140218181818 0.144152452759	11
-88.5 60 0.13554 0.0533406317923	5
-87 60 0.151183333333 0.14054589879	6
-85.5 60 0.0700333333333 0.126054094208	6
-84 60 0.15535 0.152240089989	2
-82.5 60 -0.0504 0.08696516544	4
-81 60 0.116847916667 0.0883214751592	48
-79.5 60 0.217733333333 0.0971074181856	6
-78 60 0.0969642857143 0.101299416105	14
-69 60 0.172366666667 0.0448355141973	3
