lon, lat, freeboard (m), standard deviation, count
-180 81.5 0.151401785714 0.0941499857405	56
-178.5 81.5 0.162118248175 0.0967116136184	137
-177 81.5 0.231980208333 0.0860029541963	96
-175.5 81.5 0.224136144578 0.102688544708	83
-174 81.5 0.224870666667 0.0912146259809	150
-172.5 81.5 0.211004545455 0.11123528375	44
-171 81.5 0.207585611511 0.0842520653522	139
-169.5 81.5 0.199160784314 0.0873602359851	51
-168 81.5 0.217918181818 0.0881329276227	99
-166.5 81.5 0.2230375 0.0909701340947	144
-165 81.5 0.248414117647 0.0803386383242	255
-163.5 81.5 0.25308115942 0.0850860762544	138
-162 81.5 0.199737142857 0.0805794525027	70
-160.5 81.5 0.220531818182 0.105635908336	22
-159 81.5 0.2365625 0.0968965194892	24
-157.5 81.5 0.203043243243 0.0902363579734	37
-156 81.5 0.193310526316 0.115992269353	19
-154.5 81.5 0.190631428571 0.104769485823	35
-153 81.5 0.194534615385 0.0990093205403	26
-151.5 81.5 0.190826363636 0.0955024930529	110
-150 81.5 0.188220772947 0.0893067714161	207
-148.5 81.5 0.171204519774 0.100334694341	177
-147 81.5 0.170347115385 0.0966213671538	208
-145.5 81.5 0.209207692308 0.105787003178	299
-144 81.5 0.175158461538 0.101809612448	260
-142.5 81.5 0.209185534591 0.106002610928	159
-141 81.5 0.191224422442 0.0912677238393	303
-139.5 81.5 0.166968472906 0.11247434423	203
-138 81.5 0.174031292517 0.0998382841733	147
-136.5 81.5 0.179136900369 0.0958572582888	271
-135 81.5 0.172994520548 0.0993735285509	146
-133.5 81.5 0.153538666667 0.100234587117	150
-132 81.5 0.140081308411 0.119497269354	107
-130.5 81.5 0.119659090909 0.109515391229	66
-129 81.5 0.149289655172 0.109614288912	87
-127.5 81.5 0.188260344828 0.143041112897	58
-126 81.5 0.186436764706 0.106886630012	136
-124.5 81.5 0.1614484375 0.124021885472	256
-123 81.5 0.119802232143 0.117771091127	224
-121.5 81.5 0.171932183908 0.111985218971	261
-120 81.5 0.114051298701 0.105256048659	462
-118.5 81.5 0.117361835749 0.116859423599	414
-117 81.5 0.116141734417 0.093329851539	369
-115.5 81.5 0.135786827957 0.106355811121	372
-114 81.5 0.161929141104 0.108167202667	326
-112.5 81.5 0.111793802817 0.0903061751611	355
-111 81.5 0.115760816327 0.0997430141322	245
-109.5 81.5 0.0987113564669 0.113365845814	317
-108 81.5 0.119952653928 0.106768229937	471
-106.5 81.5 0.115076703297 0.120963295968	455
-105 81.5 0.0601741258741 0.108273065605	429
-103.5 81.5 0.0978482625483 0.118967847046	259
-102 81.5 0.10167761194 0.139407041043	268
-100.5 81.5 0.0744564 0.133500944069	250
-99 81.5 0.105871551724 0.126048401888	116
-97.5 81.5 0.156998522167 0.115338265995	406
-96 81.5 0.212846753247 0.118084609034	77
-10.5 81.5 0.226555555556 0.144692217857	18
-9 81.5 0.152292121212 0.126306388995	165
-7.5 81.5 0.1767 0.106248394106	161
-6 81.5 0.160689915966 0.126655301078	357
-4.5 81.5 0.17011452381 0.118345853554	420
-3 81.5 0.17689921671 0.111434123119	383
-1.5 81.5 0.215846511628 0.104532414374	387
0 81.5 0.189484581498 0.106877055661	227
1.5 81.5 0.163649579832 0.123885740054	119
3 81.5 0.213498550725 0.105497663053	69
4.5 81.5 0.270181034483 0.146853801816	58
6 81.5 0.183710606061 0.102365252712	66
7.5 81.5 0.18545 0.154348167382	32
9 81.5 0.198641176471 0.110170226788	51
10.5 81.5 0.179110169492 0.1395777792	59
12 81.5 0.171490384615 0.127731483459	52
13.5 81.5 0.143948979592 0.145149628433	49
15 81.5 0.11127037037 0.137286842846	54
16.5 81.5 0.0706225490196 0.141742882481	102
18 81.5 0.115081818182 0.145231655077	11
19.5 81.5 0.0758642857143 0.120643534732	14
21 81.5 0.135785849057 0.133240365283	106
22.5 81.5 0.148941025641 0.121402596257	39
24 81.5 0.110663076923 0.112297211076	65
25.5 81.5 0.0849752212389 0.112460717373	113
27 81.5 0.0909372881356 0.123060025861	59
28.5 81.5 0.126136 0.134396260737	25
30 81.5 0.18943 0.128326069491	10
31.5 81.5 0.107047368421 0.122636800034	38
33 81.5 0.15565 0.158236570362	26
34.5 81.5 0.285441666667 0.123540642553	24
36 81.5 0.155385 0.139403357488	20
37.5 81.5 0.10695 0.128383256872	32
39 81.5 0.144626153846 0.104510923886	65
40.5 81.5 0.0960692307692 0.0967377501687	13
42 81.5 0.114572727273 0.0828594483557	11
45 81.5 0.3123 NaN	1
52.5 81.5 0.14055 0.107305001437	4
66 81.5 -0.0363666666667 0.123686108085	3
67.5 81.5 0.10105 0.12956743418	8
69 81.5 0.0067 0.0572830399566	4
70.5 81.5 0.117695833333 0.164614280323	24
72 81.5 0.1887 NaN	1
73.5 81.5 0.02555 0.0317490944753	2
75 81.5 0.0426 0.192577179333	3
81 81.5 0.138615384615 0.0876628374907	13
82.5 81.5 0.145358333333 0.129256689746	48
84 81.5 0.19384 0.104568987961	75
85.5 81.5 0.206090361446 0.134556012106	83
87 81.5 0.117886111111 0.166785110937	36
88.5 81.5 0.0787368421053 0.121897881718	19
90 81.5 0.124585714286 0.165443348094	7
91.5 81.5 0.0716333333333 0.160966340167	6
93 81.5 0.162842857143 0.166696039317	7
94.5 81.5 0.0531333333333 0.211186655197	3
97.5 81.5 0.148088888889 0.0928060133349	9
99 81.5 0.131827586207 0.115620881974	58
100.5 81.5 0.178702040816 0.107406617366	49
102 81.5 0.111786021505 0.10937381114	93
103.5 81.5 0.14532 0.116880341054	65
105 81.5 0.1066 0.112796715589	22
106.5 81.5 0.200872727273 0.0768198814228	11
108 81.5 0.103821052632 0.10508588857	19
109.5 81.5 0.129864285714 0.125363982888	42
111 81.5 0.189006666667 0.104257061883	15
112.5 81.5 0.220585 0.110011531812	20
114 81.5 0.20411097561 0.0878776520505	82
115.5 81.5 0.200425925926 0.0794035050214	27
117 81.5 0.20268 0.143743163316	5
118.5 81.5 0.23594 0.0622311658255	5
120 81.5 0.329266666667 0.0478305690258	3
121.5 81.5 0.1623 0.0809896598338	5
123 81.5 0.246181818182 0.102742170682	11
124.5 81.5 0.272875 0.134047089274	8
126 81.5 0.1104 0.0574170706323	2
127.5 81.5 0.200254545455 0.0975478176448	11
129 81.5 0.195282352941 0.108753403598	17
130.5 81.5 0.1223 0.0867256305829	5
132 81.5 0.107854545455 0.0822461836639	11
136.5 81.5 0.02715 0.228676795208	4
138 81.5 0.24725 0.0131246587257	4
139.5 81.5 0.16137 0.0933810122265	10
141 81.5 0.17662 0.101293992363	10
142.5 81.5 0.223683333333 0.0965238502478	6
144 81.5 0.230222222222 0.0663097801568	9
145.5 81.5 0.207 0.0766711679838	11
147 81.5 0.24402 0.071885070309	25
148.5 81.5 0.151131666667 0.104147469585	60
150 81.5 0.156671428571 0.119081343966	42
151.5 81.5 0.178280487805 0.118930084965	41
153 81.5 0.141249090909 0.0761214474881	55
154.5 81.5 0.112407692308 0.10082651433	39
156 81.5 0.180026760563 0.0838183000096	71
157.5 81.5 0.187037735849 0.0986948214416	53
159 81.5 0.187283050847 0.0828745523783	59
160.5 81.5 0.189073684211 0.0928287432044	76
162 81.5 0.179829545455 0.118576060527	44
163.5 81.5 0.147892592593 0.120065690116	27
165 81.5 0.0890125 0.100779209004	24
166.5 81.5 0.157034375 0.13657737169	32
168 81.5 0.153538888889 0.0861705022471	18
169.5 81.5 0.222706666667 0.126029425496	45
171 81.5 0.220681818182 0.110069336018	44
172.5 81.5 0.221668181818 0.0680906845343	22
174 81.5 0.2083375 0.12484598445	16
175.5 81.5 0.20895106383 0.0956004340365	47
177 81.5 0.174702222222 0.0813223118464	45
178.5 81.5 0.191403571429 0.0875464177436	56
-180 81 0.201054545455 0.0868600436804	44
-178.5 81 0.205076470588 0.0953736017759	68
-177 81 0.2297 0.102840674032	86
-175.5 81 0.21713974359 0.0845501024748	78
-174 81 0.196225 0.093150788354	156
-172.5 81 0.196947244094 0.0899782961721	127
-171 81 0.218539705882 0.0924457406649	68
-169.5 81 0.227308035714 0.0859401636992	112
-168 81 0.229431884058 0.0787708954402	69
-166.5 81 0.215221008403 0.0697670735728	119
-165 81 0.201858450704 0.10078608077	142
-163.5 81 0.229371830986 0.0869092616848	71
-162 81 0.246981538462 0.0684974997087	65
-160.5 81 0.199616981132 0.0731808185667	53
-159 81 0.216209876543 0.0962994478241	81
-157.5 81 0.2098828125 0.0949496132956	64
-156 81 0.171340789474 0.0994135177631	76
-154.5 81 0.21809 0.0862668305392	40
-153 81 0.17315 0.07907250317	34
-151.5 81 0.182295121951 0.0862155871963	41
-150 81 0.195178070175 0.0909645625434	114
-148.5 81 0.171047826087 0.0915962572287	138
-147 81 0.173093382353 0.0933227630915	272
-145.5 81 0.192580534351 0.0968386470682	262
-144 81 0.168423958333 0.111722044064	192
-142.5 81 0.179327737226 0.109280025306	137
-141 81 0.191130147059 0.103893429244	136
-139.5 81 0.185844578313 0.113137093886	83
-138 81 0.173907608696 0.122119460729	92
-136.5 81 0.150947945205 0.0989450536487	73
-135 81 0.201281481481 0.116918996429	54
-133.5 81 0.196525531915 0.109268980976	47
-132 81 0.16256 0.0599246971902	10
-130.5 81 0.151440540541 0.103355926185	37
-129 81 0.170819266055 0.114874654295	109
-127.5 81 0.154275217391 0.11500066278	230
-126 81 0.169112716763 0.130685705701	173
-124.5 81 0.151805504587 0.124128451863	109
-123 81 0.151300943396 0.117549694857	106
-121.5 81 0.151398039216 0.105499671034	153
-120 81 0.127949450549 0.115745333783	182
-118.5 81 0.141422397476 0.109214064434	317
-117 81 0.108256140351 0.0871792352858	171
-115.5 81 0.116850239234 0.110683381216	209
-114 81 0.127842758621 0.0980289793639	290
-112.5 81 0.0984720588235 0.101128640222	272
-111 81 0.105516526611 0.109188681304	357
-109.5 81 0.103367142857 0.102661402933	210
-108 81 0.10603286385 0.112366540754	213
-106.5 81 0.0869054054054 0.129447170753	222
-105 81 0.0763536363636 0.109065315504	220
-103.5 81 0.099034057971 0.124993028417	138
-102 81 0.0841260606061 0.133143578698	165
-100.5 81 0.153816929134 0.139548201785	254
-99 81 0.205240333333 0.129348486306	300
-97.5 81 0.247093150685 0.125152486246	73
-10.5 81 0.15305 0.145542224114	6
-9 81 0.145033333333 0.121099980339	15
-7.5 81 0.187858536585 0.1097102661	41
-6 81 0.196483333333 0.149393900646	84
-4.5 81 0.173793203883 0.121459728872	103
-3 81 0.190186813187 0.10005947481	182
-1.5 81 0.194947154472 0.12507867316	123
0 81 0.166133766234 0.107694104577	77
1.5 81 0.166044 0.0939109555199	25
3 81 0.2046 0.0630671863967	3
4.5 81 0.172075 0.1763925278	12
6 81 0.09563125 0.12977592339	16
7.5 81 0.143607692308 0.129697578163	39
9 81 0.180401282051 0.126516430321	78
10.5 81 0.178766666667 0.190957824108	18
12 81 0.20889 0.161974027067	10
13.5 81 -0.001825 0.134142769093	4
24 81 0.16455 0.134973985148	4
28.5 81 0.124915789474 0.110826993619	19
30 81 0.140807692308 0.115559684745	26
31.5 81 0.180253846154 0.0919324501175	26
33 81 0.0948375 0.102631280911	8
34.5 81 0.172011111111 0.116780514689	9
36 81 0.169066666667 0.103098678459	9
37.5 81 0.176388888889 0.089766000645	27
39 81 0.161103846154 0.108530963253	26
40.5 81 0.177375 0.115304186105	16
42 81 0.00084 0.137349473971	5
43.5 81 0.2226 0.145381154212	2
67.5 81 0.194233333333 0.258403992487	3
69 81 0.173766666667 0.0522400548749	3
70.5 81 0.0987307692308 0.135842644167	13
72 81 0.0784 0.136969250402	10
73.5 81 -0.1136 NaN	1
75 81 0.3156 NaN	1
82.5 81 0.1418475 0.101349648621	40
84 81 0.174881818182 0.133188895886	44
85.5 81 0.131059375 0.120442867889	32
87 81 0.16054 0.119967062388	70
88.5 81 0.157057894737 0.170061859058	19
90 81 0.07712 0.0960501015096	5
99 81 0.123614285714 0.123532349725	7
100.5 81 0.139978947368 0.090851585805	19
102 81 0.175625 0.113368558251	16
103.5 81 0.1364075 0.151124603688	40
105 81 0.0899 0.147020531446	7
106.5 81 0.0696666666667 0.121169564385	3
108 81 0.0739857142857 0.109883050385	7
109.5 81 0.2369375 0.12858017996	8
111 81 0.13826 0.133526886182	10
112.5 81 0.134016666667 0.18699730925	6
114 81 0.0641 0.139249488329	4
115.5 81 0.0661 NaN	1
118.5 81 0.1952 0.173415426073	3
120 81 0.3054 NaN	1
121.5 81 0.11985 0.0673148572011	4
123 81 0.147033333333 0.071962930272	3
124.5 81 0.19642 0.0873045728725	10
126 81 0.149225 0.073862366376	4
127.5 81 0.0291444444444 0.0920250427695	18
129 81 0.10835 0.191270455115	6
130.5 81 0.12012 0.129110173883	5
135 81 0.201988888889 0.116386859701	9
136.5 81 0.2557 0.00975807358037	2
138 81 0.1754 NaN	1
139.5 81 0.152633333333 0.0319055376594	3
141 81 0.22404 0.0983100446999	10
142.5 81 0.2472 0.0659119867702	3
144 81 0.2351 0.099352134686	4
145.5 81 0.138121428571 0.0472532323448	14
147 81 0.161 0.155108386835	13
148.5 81 0.25885 0.0170412734266	2
150 81 0.1707625 0.102677565445	24
151.5 81 0.107423529412 0.119394459301	17
153 81 0.118116129032 0.117818575493	31
154.5 81 0.105685714286 0.0916706802984	14
156 81 0.169003703704 0.0794300199086	27
157.5 81 0.214445 0.0744875579508	20
159 81 0.147425925926 0.112681346462	27
160.5 81 0.108338888889 0.0896825456091	18
162 81 0.1145625 0.0728943842144	8
163.5 81 0.142990909091 0.119963214816	11
165 81 0.22831 0.124592450725	10
166.5 81 0.1449 0.113425867281	20
168 81 0.121425925926 0.112934867521	27
169.5 81 0.13252 0.0645868097989	15
171 81 0.202791666667 0.0938519551888	24
172.5 81 0.1402375 0.144167986713	8
174 81 0.231833333333 0.0788575720313	15
175.5 81 0.204750632911 0.0879835530572	79
177 81 0.180134545455 0.0963020618567	55
178.5 81 0.216030952381 0.0741625159678	42
-180 80.5 0.174020754717 0.0853996360074	53
-178.5 80.5 0.218693103448 0.0567147683654	29
-177 80.5 0.196948717949 0.0620374796385	39
-175.5 80.5 0.171831372549 0.0641536296407	51
-174 80.5 0.207635483871 0.0733328100666	31
-172.5 80.5 0.164549152542 0.0837643438522	59
-171 80.5 0.214418181818 0.0921533016229	121
-169.5 80.5 0.20212816092 0.0891227734081	174
-168 80.5 0.207955232558 0.0814032782826	172
-166.5 80.5 0.223174213836 0.0879618359519	159
-165 80.5 0.211832653061 0.0777754256062	49
-163.5 80.5 0.168594117647 0.0973593631257	17
-162 80.5 0.193090625 0.0750002122981	32
-160.5 80.5 0.140371052632 0.0676450469927	38
-159 80.5 0.210312195122 0.0923263266764	41
-157.5 80.5 0.194302409639 0.0875783008205	83
-156 80.5 0.211447777778 0.0937444113424	90
-154.5 80.5 0.161779166667 0.0915789508435	48
-153 80.5 0.201491025641 0.079057602189	78
-151.5 80.5 0.172701282051 0.0943507086995	78
-150 80.5 0.18625942029 0.101736307532	69
-148.5 80.5 0.179750925926 0.110067005502	108
-147 80.5 0.198436363636 0.101180642259	44
-145.5 80.5 0.226072340426 0.0910271200611	141
-144 80.5 0.193535135135 0.0938827230959	148
-142.5 80.5 0.171137383178 0.112026057046	107
-141 80.5 0.161691208791 0.0998548464838	91
-139.5 80.5 0.184435849057 0.111381727707	53
-138 80.5 0.19307 0.101840900855	70
-136.5 80.5 0.175946938776 0.0707625963523	49
-135 80.5 0.171869767442 0.115809592363	43
-133.5 80.5 0.13375 0.14482889225	34
-132 80.5 0.13864375 0.139767241853	32
-130.5 80.5 0.154218604651 0.115007596552	43
-129 80.5 0.136831192661 0.117722777538	109
-127.5 80.5 0.157758730159 0.124086198601	126
-126 80.5 0.123161616162 0.116257401526	99
-124.5 80.5 0.161229113924 0.134196735747	79
-123 80.5 0.0899428571429 0.156047011398	56
-121.5 80.5 0.0877161290323 0.0990501402347	93
-120 80.5 0.121873109244 0.117556398075	119
-118.5 80.5 0.1258859375 0.123194864996	128
-117 80.5 0.102893548387 0.118353128592	124
-115.5 80.5 0.107007608696 0.104492908675	92
-114 80.5 0.146840689655 0.104386419865	145
-112.5 80.5 0.124081818182 0.135040475453	88
-111 80.5 0.0915953703704 0.112746579934	108
-109.5 80.5 0.109676969697 0.116510527434	165
-108 80.5 0.125308522727 0.108050275526	176
-106.5 80.5 0.172310952381 0.13066210934	210
-105 80.5 0.130101226994 0.122026411828	163
-103.5 80.5 0.1389144 0.141521366051	125
-102 80.5 0.0842651515152 0.130111849508	66
-100.5 80.5 0.146355421687 0.113694292983	83
-99 80.5 0.224629411765 0.101283195918	34
-15 80.5 0.0980333333333 0.109759275994	6
-13.5 80.5 0.223025 0.100465097588	4
-12 80.5 0.0546 0.0822859283231	21
-10.5 80.5 0.215633333333 0.0463892498323	9
-9 80.5 0.1417 NaN	1
-7.5 80.5 0.265185714286 0.102617331398	14
-6 80.5 0.167919607843 0.137121738641	51
-4.5 80.5 0.14525 0.143673299959	34
-3 80.5 0.194540206186 0.114808725586	97
-1.5 80.5 0.24980625 0.125209287859	32
0 80.5 0.2489625 0.126725878939	8
9 80.5 0.05535 0.130852907241	4
28.5 80.5 0.0817666666667 0.193135090891	3
34.5 80.5 0.196 0.10777298791	14
36 80.5 0.152392857143 0.0893544457995	28
37.5 80.5 0.29975 0.0352846283812	2
39 80.5 0.129844444444 0.0776224373347	9
40.5 80.5 0.129036363636 0.101444179093	22
42 80.5 0.113411111111 0.103042120568	9
43.5 80.5 0.138217857143 0.0832733920137	28
45 80.5 0.2956 NaN	1
66 80.5 0.3044 NaN	1
67.5 80.5 0.320527272727 0.0845729163611	11
69 80.5 0.107966666667 0.183523016268	9
72 80.5 0.0619166666667 0.0876418488319	6
82.5 80.5 0.220742857143 0.113976317971	28
84 80.5 0.207508333333 0.05849951761	12
85.5 80.5 0.161988888889 0.116061313298	36
87 80.5 0.146323214286 0.131171299509	56
88.5 80.5 0.1276825 0.129498495957	40
90 80.5 0.160379166667 0.114148432592	48
103.5 80.5 0.201266666667 0.0801133155807	3
105 80.5 0.123966666667 0.110630496097	6
106.5 80.5 0.0281666666667 0.0637707090547	3
108 80.5 0.04459 0.101344554751	10
109.5 80.5 0.1664 NaN	1
112.5 80.5 0.1874 0.179490556855	6
114 80.5 0.0784 NaN	1
115.5 80.5 0.2207 NaN	1
117 80.5 0.175366666667 0.0548275782188	3
118.5 80.5 0.14325 0.118298964493	2
123 80.5 0.140466666667 0.0631598184502	6
124.5 80.5 0.17218 0.114288000245	5
126 80.5 0.211225 0.0752960585195	8
127.5 80.5 0.0859 0.0275005454491	3
129 80.5 0.1294 0.168740995719	12
130.5 80.5 0.1733 0.0905096679919	2
135 80.5 0.16465 0.106057044399	4
139.5 80.5 0.3393 NaN	1
142.5 80.5 0.0945692307692 0.101333585948	13
144 80.5 0.0998 0.0642615748329	17
147 80.5 0.2535375 0.0688757460421	8
150 80.5 0.1748 NaN	1
151.5 80.5 0.26255 0.141828546727	4
153 80.5 0.1041 0.0183847763109	2
154.5 80.5 0.231716666667 0.0828564474399	18
156 80.5 0.1303 0.0722663130373	2
159 80.5 0.1529 0.112614119896	4
160.5 80.5 0.182714285714 0.122439882236	7
162 80.5 0.183283333333 0.0221217916695	6
163.5 80.5 0.146333333333 0.0780661685153	6
166.5 80.5 0.15695 0.082236518652	2
168 80.5 0.27615 0.0002121320343	2
169.5 80.5 0.0341125 0.111865690355	8
171 80.5 0.220519047619 0.0877610481909	42
172.5 80.5 0.224892857143 0.0628518583568	14
174 80.5 0.198210526316 0.0993056107553	19
175.5 80.5 0.170389583333 0.103538797825	48
177 80.5 0.117541176471 0.139360647507	17
178.5 80.5 0.182757142857 0.13044367906	14
-180 80 0.22532 0.0436526208875	30
-178.5 80 0.211888679245 0.0703088151284	53
-177 80 0.204842465753 0.0664789605769	73
-175.5 80 0.165187272727 0.0926382751362	55
-174 80 0.211458064516 0.078235754579	62
-172.5 80 0.217327777778 0.0788816500238	72
-171 80 0.2196234375 0.081294549188	64
-169.5 80 0.19188018018 0.0939930759731	111
-168 80 0.21645 0.0831953628515	76
-166.5 80 0.209464444444 0.0829891185698	135
-165 80 0.227075294118 0.0704838227064	85
-163.5 80 0.222602272727 0.10889709682	88
-162 80 0.188813888889 0.0860234346014	108
-160.5 80 0.211230769231 0.0617655761469	39
-159 80 0.184344444444 0.0839091340545	9
-157.5 80 0.201440740741 0.0832754292844	27
-156 80 0.217811111111 0.0841443914418	9
-154.5 80 0.196336046512 0.101222342236	86
-153 80 0.193926896552 0.0875160423827	145
-151.5 80 0.204478494624 0.0880912617804	93
-150 80 0.193395652174 0.114735505857	69
-148.5 80 0.155696581197 0.0937401571216	117
-147 80 0.163885365854 0.0941923987422	123
-145.5 80 0.208653061224 0.0892905511032	98
-144 80 0.225801840491 0.0750498981932	163
-142.5 80 0.197187640449 0.0841786747183	89
-141 80 0.181680263158 0.109686576535	76
-139.5 80 0.166640740741 0.104875314142	54
-138 80 0.149888 0.0939720554207	50
-136.5 80 0.138402380952 0.0943242008831	42
-135 80 0.152302173913 0.104610884263	46
-133.5 80 0.17725 0.107892877503	64
-132 80 0.202072727273 0.102372940847	88
-130.5 80 0.136655555556 0.125876902328	36
-129 80 0.14022173913 0.107592734105	69
-127.5 80 0.128808661417 0.120311014302	127
-126 80 0.144092481203 0.099744228681	133
-124.5 80 0.0880470588235 0.0966825396511	85
-123 80 0.0748804878049 0.111876068478	123
-121.5 80 0.0952732919255 0.0825334498535	161
-120 80 0.180625925926 0.123099728653	81
-118.5 80 0.194560909091 0.1278904585	110
-117 80 0.115358695652 0.142465257112	92
-115.5 80 0.0776770833333 0.121049037434	48
-114 80 0.104 0.10059113438	77
-112.5 80 0.103635365854 0.0941546250865	82
-111 80 0.100122222222 0.115253320496	63
-109.5 80 0.131316129032 0.104373301493	31
-108 80 0.03236 0.0877179849796	10
-106.5 80 0.097878313253 0.113484721275	83
-105 80 0.186686885246 0.114765761409	122
-103.5 80 0.132784285714 0.124749079908	70
-102 80 0.128946666667 0.113285071401	30
-69 80 0.144575 0.0528529012133	4
-15 80 0.160672727273 0.151908112178	33
-13.5 80 0.291339759036 0.18201406066	83
-12 80 0.150666666667 0.157715133495	3
-10.5 80 0.114216666667 0.114634667399	12
-9 80 0.17953 0.157589925298	10
-7.5 80 0.168 0.076126408033	11
-6 80 0.207090625 0.136543806888	32
-4.5 80 0.134178409091 0.117800824938	88
-3 80 0.104359677419 0.131715172657	62
-1.5 80 0.2406125 0.0923001905018	16
31.5 80 0.201366666667 0.0308730195046	3
34.5 80 0.0292 NaN	1
36 80 0.1892 NaN	1
39 80 0.26885 0.0577706240229	2
40.5 80 0.124790909091 0.0537361787727	11
42 80 0.160237931034 0.120935840173	29
43.5 80 0.194988235294 0.13443263128	17
45 80 0.14661 0.141132187446	10
61.5 80 0.189785714286 0.070583511445	14
63 80 0.196140909091 0.098673022603	22
64.5 80 0.00415714285714 0.0987606510229	7
66 80 0.178 0.0455376767084	2
67.5 80 0.16258 0.106691011805	5
69 80 0.0258 0.112824695878	6
70.5 80 0.229588888889 0.0643454824452	9
76.5 80 0.1944 0.0493634817789	4
78 80 0.16238 0.124720194836	5
81 80 -0.0027 0.0815133322429	7
84 80 0.1052 0.142446112618	5
85.5 80 0.12119 0.109515860448	30
87 80 0.0842705882353 0.143906304649	51
88.5 80 0.107353846154 0.123709156914	78
90 80 0.0920909090909 0.158490494696	11
102 80 0.0585 NaN	1
103.5 80 0.200428571429 0.0582647896614	7
105 80 0.3129 0.155422070505	2
108 80 0.12952 0.184425451064	5
112.5 80 0.1879 NaN	1
114 80 0.149428571429 0.0975165065392	7
115.5 80 -0.02378 0.0792416683318	5
117 80 0.1508 0.050063160108	2
118.5 80 0.172083333333 0.0673011565032	6
120 80 0.171553846154 0.10220124441	13
123 80 0.3044 0.00438406204336	2
127.5 80 0.25893 0.0529476691335	10
129 80 0.204775 0.0660394633101	8
130.5 80 0.261133333333 0.0753753496399	3
135 80 0.22078 0.0620288803704	5
138 80 0.2853 NaN	1
139.5 80 0.11555 0.000636396103069	2
142.5 80 0.23035 0.0753161116008	4
148.5 80 0.288 NaN	1
154.5 80 0.1999 0.128014549954	5
156 80 0.3356 NaN	1
157.5 80 0.1736 NaN	1
160.5 80 0.2615 NaN	1
162 80 0.0873333333333 0.1220596712	3
163.5 80 0.18428 0.0523737243281	5
165 80 0.0216 0.093521976027	3
166.5 80 0.1184 NaN	1
168 80 -0.0302 0.0585590300466	3
169.5 80 -0.01705 0.135128105885	2
171 80 0.14698 0.13847413838	5
172.5 80 0.022675 0.176709071169	4
174 80 0.144555555556 0.105424571509	9
175.5 80 0.23486 0.0769766179712	15
177 80 0.194271428571 0.0759924347738	21
178.5 80 0.177793333333 0.0825928262767	15
-180 79.5 0.258188888889 0.0541504257704	9
-178.5 79.5 0.3138 NaN	1
-177 79.5 0.28204 0.0914052660773	10
-175.5 79.5 0.233246153846 0.0391643463579	13
-174 79.5 0.256921428571 0.0544253218579	14
-172.5 79.5 0.236122222222 0.077840845577	63
-171 79.5 0.226350574713 0.0692695037996	87
-169.5 79.5 0.20856091954 0.0765806648078	87
-168 79.5 0.222542857143 0.0915299593369	63
-166.5 79.5 0.233338961039 0.093761305502	77
-165 79.5 0.204809836066 0.075348763991	61
-163.5 79.5 0.201610416667 0.0809017193084	48
-162 79.5 0.245584375 0.0759560361954	64
-160.5 79.5 0.168241666667 0.0581719154096	12
-159 79.5 0.221762352941 0.0817751926764	85
-157.5 79.5 0.17655 0.114412686609	8
-156 79.5 0.170869230769 0.131261846352	13
-154.5 79.5 0.168974 0.0944776635086	50
-153 79.5 0.155843103448 0.100417060325	58
-151.5 79.5 0.152095454545 0.0995000293526	88
-150 79.5 0.169838271605 0.0991757059061	81
-148.5 79.5 0.176168235294 0.0986424075853	85
-147 79.5 0.178477419355 0.112340104833	62
-145.5 79.5 0.183576521739 0.103581316755	115
-144 79.5 0.19398172043 0.0743552927069	93
-142.5 79.5 0.165021428571 0.0840790410232	42
-141 79.5 0.175693150685 0.0979531298473	73
-139.5 79.5 0.16443 0.113843939965	40
-138 79.5 0.187321153846 0.0972178377414	52
-136.5 79.5 0.207891666667 0.116195786399	60
-135 79.5 0.18715 0.118729280298	36
-133.5 79.5 0.14800625 0.141994049024	16
-132 79.5 0.185206349206 0.129257444876	63
-130.5 79.5 0.173669387755 0.145483666328	49
-129 79.5 0.153650943396 0.108101584388	53
-127.5 79.5 0.109350458716 0.109900261705	109
-126 79.5 0.106143518519 0.116362127533	108
-124.5 79.5 0.129627777778 0.111061053231	144
-123 79.5 0.112631612903 0.10504358944	155
-121.5 79.5 0.14741686747 0.0862390563142	83
-120 79.5 0.1221 0.097060376634	74
-118.5 79.5 0.13044 0.0223366962642	5
-117 79.5 0.230446341463 0.082182708332	41
-115.5 79.5 0.0972702479339 0.0924771022512	121
-114 79.5 0.112367096774 0.0933799855566	155
-112.5 79.5 0.0912111111111 0.0750261695085	9
-111 79.5 0.121608928571 0.112609559221	56
-109.5 79.5 0.11038 0.0381772707249	10
-105 79.5 0.327066666667 0.0753583439308	9
-103.5 79.5 0.211929411765 0.0895940492119	34
-102 79.5 0.195526666667 0.0847800049428	15
-100.5 79.5 0.02612 0.111918891198	30
-99 79.5 0.147647826087 0.134832892769	23
-97.5 79.5 0.07 0.01428355698	2
-72 79.5 -0.0535 NaN	1
-70.5 79.5 0.203802777778 0.110756826261	36
-69 79.5 0.174044444444 0.146940603734	27
-16.5 79.5 0.713936065574 0.138891613657	61
-15 79.5 0.232019191919 0.175323377416	99
-13.5 79.5 0.232146153846 0.0939492591599	78
-12 79.5 0.297791666667 0.151252123244	36
-10.5 79.5 0.0417375 0.16261730656	8
-9 79.5 0.1934 0.149675764386	19
-7.5 79.5 0.180026086957 0.133349619822	23
-6 79.5 0.0845785714286 0.141334628445	14
-4.5 79.5 0.176522807018 0.123685567667	57
-3 79.5 0.140433333333 0.0832259257242	30
30 79.5 0.0874 NaN	1
31.5 79.5 0.168209375 0.152433366425	32
34.5 79.5 0.235411111111 0.096362148228	9
36 79.5 0.195771428571 0.126237714885	14
37.5 79.5 0.161225 0.0861462195129	12
39 79.5 0.11355 0.102464795348	8
40.5 79.5 0.1657 NaN	1
43.5 79.5 0.224733333333 0.139315983768	3
45 79.5 0.1652 NaN	1
61.5 79.5 0.1389 0.0659023520066	2
63 79.5 0.156183333333 0.203273357002	6
69 79.5 0.23005 0.0748826081277	2
81 79.5 0.17415 0.0509762362937	4
82.5 79.5 0.1977125 0.0677884827449	8
84 79.5 0.117488888889 0.0940036976049	18
85.5 79.5 0.123776923077 0.072349996013	13
87 79.5 0.0971975609756 0.117396189222	41
88.5 79.5 0.113499019608 0.122728970891	102
90 79.5 0.210431578947 0.0895362024287	95
91.5 79.5 0.213988888889 0.0583246826919	9
108 79.5 0.098225 0.100293282427	4
109.5 79.5 0.20355 0.151391561852	2
117 79.5 0.1434 NaN	1
118.5 79.5 0.2932 NaN	1
120 79.5 0.184 0.114316552982	8
121.5 79.5 0.20072 0.111157649952	15
124.5 79.5 0.19295 0.0236880771697	2
126 79.5 0.264 NaN	1
127.5 79.5 0.233485714286 0.18312882923	7
130.5 79.5 0.18045 0.0693193059434	18
151.5 79.5 0.3185 NaN	1
154.5 79.5 0.269066666667 0.0451876458043	3
157.5 79.5 0.160783333333 0.112820732433	6
162 79.5 0.127008333333 0.163593967761	12
163.5 79.5 0.11735 0.0118086832458	2
165 79.5 0.115533333333 0.122852852361	3
169.5 79.5 -0.004825 0.107766596335	8
171 79.5 0.2162 0.0704911814816	4
172.5 79.5 0.157083333333 0.110989492909	24
174 79.5 0.1909 0.0633076772596	11
175.5 79.5 0.19794516129 0.0887708204262	31
177 79.5 0.21795625 0.0585576179929	16
178.5 79.5 0.169925 0.0594627824778	4
-178.5 79 0.235925 0.0224015438456	4
-177 79 0.235975 0.0402673875487	4
-175.5 79 0.08335 0.191272384311	2
-172.5 79 0.2195 0.0747190738701	4
-171 79 0.244164705882 0.0611363429269	17
-169.5 79 0.205690243902 0.0607010247231	41
-168 79 0.200597222222 0.0786472394797	36
-166.5 79 0.235929166667 0.0852224747061	48
-165 79 0.213941935484 0.0720555217356	62
-163.5 79 0.222961904762 0.0902249382166	21
-162 79 0.21366 0.0821404650583	10
-160.5 79 0.16028 0.0803922415411	25
-159 79 0.232155555556 0.0892865593088	18
-157.5 79 0.191805263158 0.0974009552411	19
-156 79 0.1393125 0.137908909169	24
-154.5 79 0.309344444444 0.0564759929331	9
-153 79 0.2663875 0.0431496213359	8
-151.5 79 0.185845454545 0.124719435361	33
-150 79 0.168965 0.10377167383	20
-148.5 79 0.188714285714 0.0919958602703	28
-147 79 0.162308333333 0.116978135886	24
-145.5 79 0.163925641026 0.0715044228222	39
-144 79 0.153157142857 0.111926323083	28
-142.5 79 0.202634482759 0.0574617778295	29
-141 79 0.209369230769 0.0857012101162	26
-139.5 79 0.124525 0.0661295886877	4
-138 79 0.17326 0.0865811328837	15
-136.5 79 0.167339285714 0.0994364615267	28
-135 79 0.216835 0.095623198435	20
-133.5 79 0.137961111111 0.129342027831	18
-132 79 0.123290625 0.112599751788	32
-130.5 79 0.159856521739 0.120897593126	23
-129 79 0.10220625 0.163721255911	32
-127.5 79 0.113369135802 0.106048033506	81
-126 79 0.130254794521 0.101377038329	73
-124.5 79 0.118165734266 0.0944568595954	143
-123 79 0.146221212121 0.0806169545125	198
-121.5 79 0.143834254144 0.0927238476944	181
-120 79 0.109914213198 0.0837669373736	197
-118.5 79 0.116088461538 0.0903239727854	104
-117 79 0.059220754717 0.0994285215977	53
-115.5 79 0.133966666667 0.0386845361008	3
-114 79 -0.0537 NaN	1
-112.5 79 0.176465217391 0.0824307732072	23
-109.5 79 0.0977615384615 0.126518078672	13
-100.5 79 0.0655 0.114428973604	3
-99 79 0.160070833333 0.133670374849	24
-97.5 79 0.0673 0.245301528736	3
-73.5 79 -0.043825 0.17396168879	4
-72 79 0.101975 0.123767532669	8
-70.5 79 0.4081 NaN	1
-16.5 79 0.111190909091 0.114057165093	11
-15 79 0.155559863946 0.199247092641	147
-13.5 79 0.338357258065 0.126806952807	124
-12 79 0.150651851852 0.103893530451	27
-10.5 79 0.187011111111 0.0799947098945	9
-9 79 0.114540740741 0.133908186856	27
-7.5 79 0.117251612903 0.0977990622687	31
-6 79 0.226688461538 0.0968142358413	26
-4.5 79 0.248510714286 0.105039157916	28
-3 79 0.227671428571 0.0737014408336	7
33 79 0.28645 0.116353097653	4
37.5 79 0.03015 0.119713178055	2
84 79 0.0869 0.161550024686	22
85.5 79 0.0770148648649 0.118329463072	74
87 79 0.157959090909 0.0900831129079	176
88.5 79 0.146136363636 0.13411517282	66
90 79 0.221039252336 0.090608389962	107
91.5 79 0.186611290323 0.0852133140233	62
93 79 0.143594230769 0.0942469709576	52
112.5 79 0.11195 0.116637734984	46
114 79 0.142816666667 0.140928626143	6
115.5 79 0.11352 0.113469520136	5
117 79 0.113566666667 0.0823423018057	6
120 79 0.196366666667 0.06026394721	3
121.5 79 0.16155 0.0782767206774	2
124.5 79 0.1498 NaN	1
127.5 79 0.23205 0.0261292301201	4
129 79 0.20785 0.0927708082165	8
130.5 79 0.3055 NaN	1
132 79 0.1093 0.0603869191133	2
156 79 0.2062 NaN	1
159 79 0.2881 NaN	1
162 79 0.1162 NaN	1
169.5 79 0.1238 0.07977411861	3
171 79 0.1101 0.123768909089	8
172.5 79 0.185538461538 0.0679946264845	13
174 79 0.196312 0.110295498246	25
175.5 79 0.233942857143 0.0528843253539	14
177 79 0.222317647059 0.0998947648484	17
178.5 79 0.15579 0.133841053742	10
-180 78.5 0.2576 NaN	1
-178.5 78.5 0.123554545455 0.143866802033	11
-177 78.5 0.2454 0.0449970554592	5
-175.5 78.5 0.1819 NaN	1
-174 78.5 0.207733333333 0.13582659288	3
-172.5 78.5 0.221475 0.0258485815214	4
-171 78.5 0.2225375 0.0804544580581	8
-169.5 78.5 0.252143478261 0.093501029776	23
-168 78.5 0.252755555556 0.0834493873939	27
-166.5 78.5 0.217112765957 0.081524639159	47
-165 78.5 0.22143 0.0805041429098	40
-163.5 78.5 0.23880625 0.0688947862511	32
-162 78.5 0.168685714286 0.0593197108492	7
-160.5 78.5 0.116626666667 0.138717557168	15
-159 78.5 0.151613333333 0.129106201393	15
-157.5 78.5 0.172490909091 0.101728407582	11
-156 78.5 0.1771375 0.156975142902	24
-154.5 78.5 0.171223809524 0.0964090447249	21
-153 78.5 0.227583333333 0.0600929557713	12
-151.5 78.5 0.242633333333 0.0754329547788	6
-150 78.5 0.200546428571 0.0748344468224	28
-148.5 78.5 0.169152173913 0.0833101918329	23
-147 78.5 0.157083333333 0.0807249138388	36
-145.5 78.5 0.203946666667 0.0872498897671	30
-144 78.5 0.121238461538 0.100133773344	13
-142.5 78.5 0.23912 0.0637915377281	15
-141 78.5 0.2041 0.0836575758673	3
-139.5 78.5 0.204275 0.181820889431	4
-138 78.5 0.15775 0.0739119679078	6
-136.5 78.5 0.15825625 0.0676647221601	16
-135 78.5 0.134661111111 0.154281210548	18
-133.5 78.5 0.18677 0.126306998574	10
-132 78.5 0.194713793103 0.127012979438	29
-130.5 78.5 0.166 0.0946071132757	18
-129 78.5 0.107048051948 0.0866097396528	77
-127.5 78.5 0.125536781609 0.109394191329	87
-126 78.5 0.125693 0.0927185490851	100
-124.5 78.5 0.113264848485 0.0886026652727	165
-123 78.5 0.115889230769 0.122126302607	65
-121.5 78.5 0.106778807947 0.100689927076	151
-120 78.5 0.147857758621 0.0946533980656	116
-118.5 78.5 0.119439224138 0.105482560325	232
-117 78.5 0.121635403727 0.0862161124805	161
-115.5 78.5 0.133329411765 0.085993320845	34
-108 78.5 -0.0382888888889 0.113262333152	9
-106.5 78.5 -0.140675 0.0410823823902	8
-18 78.5 0.123 0.119585981187	30
-16.5 78.5 0.0651590909091 0.105157934099	22
-15 78.5 0.208191463415 0.126627069055	82
-13.5 78.5 0.377313333333 0.0890497293587	30
-12 78.5 0.05485 0.144794593427	8
-10.5 78.5 0.131196551724 0.143542339405	29
-9 78.5 0.155251851852 0.140988909467	27
-7.5 78.5 0.218431372549 0.160319712438	51
-6 78.5 0.261544736842 0.101381755642	38
-4.5 78.5 0.300766666667 0.0854505900116	3
31.5 78.5 0.206383333333 0.0967052514948	6
81 78.5 0.316033333333 0.0389637438311	3
85.5 78.5 0.109927868852 0.105539239355	61
87 78.5 0.147702941176 0.113677546317	34
88.5 78.5 0.1425125 0.127065628839	32
90 78.5 0.161472368421 0.107345619502	76
91.5 78.5 0.177338636364 0.0870640990343	88
93 78.5 0.177188095238 0.0836260584967	42
94.5 78.5 0.0363 0.128692307462	7
96 78.5 0.0826666666667 0.163938752791	6
97.5 78.5 0.2537 0.0292742207411	2
99 78.5 0.121057894737 0.124457834519	19
114 78.5 0.0832333333333 0.115937971922	3
117 78.5 0.0858 NaN	1
118.5 78.5 0.212728571429 0.0981051767966	7
120 78.5 0.20436 0.0775119861699	5
121.5 78.5 0.17 NaN	1
124.5 78.5 0.1840625 0.145548390947	8
153 78.5 0.1798 NaN	1
156 78.5 -0.122 NaN	1
160.5 78.5 -0.0119 NaN	1
163.5 78.5 0.194825 0.117072362238	16
165 78.5 0.2335 0.0779231672868	2
168 78.5 0.124090909091 0.0904296459453	22
169.5 78.5 0.165326666667 0.116023671958	45
171 78.5 0.201561904762 0.0705080312886	21
172.5 78.5 0.2515 NaN	1
174 78.5 0.0742 0.0925606467854	4
175.5 78.5 0.258966666667 0.0829272130646	6
177 78.5 0.23755 0.0294622979416	6
-180 78 0.4767 NaN	1
-178.5 78 0.2772 NaN	1
-177 78 0.238927272727 0.106986373814	11
-175.5 78 0.296521428571 0.0918871312541	14
-172.5 78 0.2794 NaN	1
-169.5 78 0.241266666667 0.179461704364	3
-168 78 0.217575862069 0.0831850332313	29
-166.5 78 0.243727777778 0.0716513848276	18
-165 78 0.134536363636 0.11796544912	22
-163.5 78 0.131073529412 0.0841156898448	34
-162 78 0.151275 0.0629122404624	16
-160.5 78 0.1322 0.167666655506	20
-159 78 0.194225 0.111787458301	4
-157.5 78 0.21328 0.162810214667	15
-156 78 0.143696428571 0.149549499998	28
-154.5 78 0.222848571429 0.135111677928	35
-153 78 0.171847368421 0.106440773372	38
-151.5 78 0.134475 0.104241330575	24
-150 78 0.226290909091 0.036907166094	11
-148.5 78 0.0250666666667 0.102233060537	6
-147 78 0.198422222222 0.0775756530391	9
-145.5 78 0.168318181818 0.109111832698	22
-144 78 0.192860869565 0.0474726020423	23
-142.5 78 0.220666666667 0.0502903039031	6
-141 78 0.205713333333 0.0636456133228	15
-139.5 78 0.209777777778 0.0698402780954	9
-138 78 0.15486 0.067881648641	10
-136.5 78 0.156866666667 0.102702207052	3
-135 78 0.181116666667 0.0902967644308	6
-133.5 78 0.185045 0.105461619235	20
-132 78 0.177152631579 0.120816543056	19
-130.5 78 0.146662068966 0.122965596141	58
-129 78 0.1191 0.116960722061	100
-127.5 78 0.12172967033 0.101359942827	182
-126 78 0.102026717557 0.0868579652469	131
-124.5 78 0.111134351145 0.0937027294332	131
-123 78 0.113469166667 0.0985589290054	120
-121.5 78 0.112775925926 0.114389821033	162
-120 78 0.130072631579 0.107746875792	95
-118.5 78 0.17313559322 0.111647085239	59
-117 78 0.117909210526 0.099238758796	76
-108 78 -0.105085714286 0.0738243733142	7
-106.5 78 0.151516666667 0.0412739344704	6
-105 78 0.3077 0.0383251875403	2
-16.5 78 0.006725 0.143747124609	4
-15 78 0.0314666666667 0.0350293210516	3
-13.5 78 0.102071428571 0.103671994198	7
-12 78 0.190917647059 0.0949792813321	51
-10.5 78 0.17368125 0.10596004858	32
-9 78 0.227294666667 0.0978969672022	75
-7.5 78 0.190044827586 0.118108308605	29
28.5 78 0.0944666666667 0.118093875088	3
82.5 78 0.21843 0.111194244955	10
84 78 0.19245 0.0150613744393	2
85.5 78 0.140238461538 0.106838761213	13
87 78 0.1591625 0.129068574658	8
88.5 78 0.0496166666667 0.124497746394	36
90 78 0.119094117647 0.143768505203	17
91.5 78 0.254822222222 0.0557586938911	9
93 78 0.178616666667 0.117435335274	24
96 78 0.146926 0.0994558189472	50
97.5 78 0.200396296296 0.0914874771572	54
99 78 0.2319 0.0620598098611	10
111 78 0.2121 0.128417132813	8
112.5 78 0.0389 NaN	1
114 78 0.08265 0.0689429111657	2
117 78 0.2040375 0.064726147013	8
118.5 78 0.125 0.029250071225	4
120 78 0.19405 0.0953887047821	2
121.5 78 0.12376 0.09990696409	20
151.5 78 0.12715 0.0727612877841	2
154.5 78 -0.1596 NaN	1
160.5 78 0.0783142857143 0.0868979943875	7
162 78 0.157064285714 0.0874569222061	14
163.5 78 0.1808 NaN	1
165 78 0.246966666667 0.0559014609231	3
166.5 78 0.140276470588 0.130772945068	17
168 78 0.171054347826 0.0736884031477	46
169.5 78 0.15688 0.0201159638099	5
171 78 0.128575 0.0959158789426	4
172.5 78 0.0867117647059 0.115346872966	17
174 78 0.2176 NaN	1
178.5 78 0.00463333333333 0.22416971993	3
-180 77.5 0.06481 0.0758301237416	10
-178.5 77.5 0.0753 0.11272352239	17
-175.5 77.5 0.05592 0.190708329656	5
-174 77.5 0.0924857142857 0.102148444736	7
-171 77.5 -0.02265 0.14032278266	4
-168 77.5 0.20142 0.0737291801121	5
-166.5 77.5 0.138522222222 0.124374553042	9
-165 77.5 0.0942285714286 0.0926876064043	7
-163.5 77.5 0.0655 0.061083221919	5
-162 77.5 0.0583583333333 0.072398787764	12
-160.5 77.5 0.149975 0.124961225415	8
-159 77.5 0.12717 0.141786718152	10
-157.5 77.5 0.130053125 0.100381658729	32
-156 77.5 0.118276923077 0.129426279878	13
-154.5 77.5 0.1524875 0.097115710624	8
-153 77.5 0.196614285714 0.125158692234	14
-151.5 77.5 0.0801 0.0494974746831	2
-150 77.5 0.133844444444 0.0837603592267	9
-148.5 77.5 0.110871428571 0.105534061529	21
-145.5 77.5 0.246790909091 0.0455207216979	22
-144 77.5 0.211466666667 0.0540903642066	9
-142.5 77.5 0.197988888889 0.0958401165938	27
-141 77.5 0.2213 NaN	1
-139.5 77.5 0.1956 NaN	1
-138 77.5 0.191775 0.0819524905923	8
-136.5 77.5 0.168742857143 0.0633160026413	7
-135 77.5 0.1652125 0.0979080536232	8
-133.5 77.5 0.0697 NaN	1
-132 77.5 0.152944 0.131794341305	25
-130.5 77.5 0.121245833333 0.0930474189184	120
-129 77.5 0.129484297521 0.0891875551934	121
-127.5 77.5 0.140236065574 0.0875040326219	183
-126 77.5 0.154765882353 0.0873926133651	255
-124.5 77.5 0.094288028169 0.103445953602	142
-123 77.5 0.133960465116 0.122158371328	43
-121.5 77.5 0.10503877551 0.109036473263	98
-120 77.5 0.177171428571 0.173378099178	14
-109.5 77.5 0.0250714285714 0.105789471976	7
-108 77.5 0.179125 0.0604759663007	4
-103.5 77.5 0.01625 0.115534302266	6
-102 77.5 0.196875 0.0345824979819	4
-100.5 77.5 0.08248 0.0711039098784	15
-99 77.5 -0.0097 NaN	1
-97.5 77.5 0.148725 0.161520671536	16
-76.5 77.5 0.0951833333333 0.169266587567	6
-16.5 77.5 0.0532428571429 0.0518798566287	7
-15 77.5 0.190004878049 0.0876740980884	41
-13.5 77.5 0.2497 0.0534260002246	9
-12 77.5 0.155009677419 0.121548057313	31
-10.5 77.5 0.176925925926 0.130362472752	27
-9 77.5 0.179754545455 0.123252145242	33
-7.5 77.5 0.1916 NaN	1
-6 77.5 0.03665 0.173814949491	4
82.5 77.5 0.1171 0.0534572726577	2
84 77.5 0.149233333333 0.0775084726551	3
85.5 77.5 0.06225 0.0504167134986	2
87 77.5 0.2021125 0.0909304355381	8
88.5 77.5 0.158546153846 0.143425785777	13
93 77.5 0.0314714285714 0.129836508916	7
94.5 77.5 0.135238095238 0.126520220986	42
96 77.5 0.1467625 0.187059951715	8
97.5 77.5 0.126235135135 0.131624772272	37
99 77.5 0.104675 0.13881338765	12
100.5 77.5 0.285295238095 0.119096542671	21
109.5 77.5 0.22594 0.113940337111	20
117 77.5 0.188858333333 0.107935060092	12
118.5 77.5 0.1949 NaN	1
120 77.5 0.188975 0.075738293925	4
121.5 77.5 -0.0373 0.138503068558	4
130.5 77.5 0.2664 NaN	1
147 77.5 0.3204 0.145663996924	2
150 77.5 0.211475 0.114406770633	4
157.5 77.5 0.1786 NaN	1
159 77.5 0.20245 0.0965292028352	6
163.5 77.5 0.182838461538 0.0826403406179	13
165 77.5 0.20395 0.0866188535451	20
166.5 77.5 0.209122222222 0.0618515516737	9
168 77.5 0.234585714286 0.0377532527769	7
169.5 77.5 0.2889 NaN	1
171 77.5 0.213533333333 0.0605218349028	9
172.5 77.5 0.204975 0.0365684176123	4
174 77.5 0.1643 0.214677618768	2
178.5 77.5 0.132228571429 0.167466710267	7
-180 77 0.101014285714 0.0724640896287	21
-178.5 77 0.111935714286 0.0916307658309	56
-177 77 0.20635 0.12399426062	4
-175.5 77 0.0887333333333 0.131492585342	9
-174 77 0.24905 0.0304763022691	2
-172.5 77 0.168533333333 0.0848111038328	3
-171 77 0.23994 0.0554713709944	5
-169.5 77 0.0403 NaN	1
-168 77 0.196322222222 0.124062784285	9
-166.5 77 0.1646375 0.1491699983	8
-165 77 0.123228571429 0.100178502589	7
-163.5 77 0.339 NaN	1
-162 77 0.264877777778 0.0766507791509	9
-160.5 77 0.18075 0.117630650768	4
-159 77 0.0740666666667 0.140194525571	9
-157.5 77 0.1049125 0.193065780333	8
-156 77 0.0218769230769 0.136114034017	13
-154.5 77 0.163283333333 0.1205511678	24
-153 77 0.168771428571 0.0643772142476	7
-151.5 77 0.195591666667 0.101779659142	12
-150 77 0.0458571428571 0.125142956349	7
-145.5 77 0.202866666667 0.0700941679525	15
-144 77 0.285233333333 0.0712632677705	3
-142.5 77 0.168983333333 0.104789796808	12
-141 77 0.1664 0.0274213420532	3
-138 77 0.18 0.0231931024229	2
-136.5 77 0.2563 NaN	1
-135 77 0.21885 0.074137237607	4
-133.5 77 0.354966666667 0.114534463518	3
-132 77 0.136292307692 0.106201784837	13
-130.5 77 0.12061686747 0.10629389632	83
-129 77 0.1352375 0.103161500365	112
-127.5 77 0.134858992806 0.0922903757233	139
-126 77 0.115074736842 0.0930543048725	285
-124.5 77 0.094027027027 0.108792938568	148
-123 77 0.116470689655 0.116777511993	116
-121.5 77 0.0072488372093 0.0846104782774	43
-112.5 77 -0.12755 0.0248194480196	2
-111 77 0.06036 0.0994518124521	5
-109.5 77 0.2163 NaN	1
-108 77 -0.0726 0.16348308781	2
-106.5 77 0.1601 0.0806922262961	14
-102 77 0.1656125 0.108473215738	24
-100.5 77 0.12 0.159240447123	2
-99 77 0.0752615384615 0.081431837943	13
-76.5 77 0.1555 0.0581241774135	2
-16.5 77 0.0374 0.162160044401	3
-15 77 0.225817948718 0.135396948329	39
-13.5 77 0.205279411765 0.11955352999	34
-12 77 0.209148648649 0.11759622448	37
-10.5 77 0.218653571429 0.107768608369	28
-9 77 0.160261538462 0.133883030655	13
-7.5 77 0.0926 NaN	1
78 77 0.0374 0.0521106515024	3
79.5 77 0.05886 0.21996514042	5
81 77 0.291622222222 0.0685374856881	9
82.5 77 0.206566666667 0.121797263242	3
84 77 0.289833333333 0.033103675526	3
85.5 77 0.1746 0.117190187303	14
87 77 0.17238 0.0582459183119	5
90 77 -0.00626666666667 0.107671785224	3
94.5 77 0.3387 NaN	1
99 77 0.1752 0.105766818993	4
111 77 0.1543 0.00353553390593	2
117 77 0.216625 0.121721659946	4
118.5 77 0.0296 0.146203853118	4
127.5 77 0.23565 0.0955301261383	2
150 77 0.272 NaN	1
151.5 77 0.235933333333 0.0641654372177	3
162 77 0.06924 0.0771458229589	5
163.5 77 0.181475 0.0868130702525	4
165 77 0.2280875 0.0741724330289	8
166.5 77 0.137341666667 0.102671669619	12
168 77 0.22095 0.0142128463018	2
169.5 77 0.152933333333 0.100741305663	6
171 77 0.3562 NaN	1
172.5 77 0.128725 0.18886883235	4
174 77 -0.05535 0.0982171319068	2
-180 76.5 0.0337 NaN	1
-177 76.5 0.0483857142857 0.152638204355	7
-175.5 76.5 0.0333333333333 0.0767401025106	3
-174 76.5 -0.019125 0.0616735694335	4
-172.5 76.5 0.154825 0.103884088597	12
-171 76.5 0.0851375 0.0924777029111	8
-169.5 76.5 0.0316 0.103822083393	9
-162 76.5 -0.0089 0.107480765721	5
-160.5 76.5 0.342 NaN	1
-159 76.5 0.0212333333333 0.104236717779	3
-157.5 76.5 0.213264705882 0.107890673492	17
-156 76.5 0.062975 0.152617558904	8
-154.5 76.5 0.154907142857 0.155885843164	14
-153 76.5 0.0974870967742 0.138852299806	31
-151.5 76.5 0.159627272727 0.107264198043	11
-150 76.5 0.041575 0.0804577477106	4
-147 76.5 0.1897 0.0458205194209	2
-144 76.5 0.1628 NaN	1
-141 76.5 0.1909 0.0411536146651	2
-138 76.5 0.258366666667 0.126436555895	6
-136.5 76.5 0.224633333333 0.122153605486	3
-133.5 76.5 0.229175 0.107007114249	4
-132 76.5 0.1959 0.109004655864	9
-130.5 76.5 0.176395121951 0.116292923154	41
-129 76.5 0.101509459459 0.0912541358326	74
-127.5 76.5 0.0582203539823 0.10541500398	113
-126 76.5 0.0921431034483 0.0942530266136	232
-124.5 76.5 0.0789682008368 0.101201731691	239
-123 76.5 0.2441 NaN	1
-112.5 76.5 0.0459 NaN	1
-106.5 76.5 0.15946 0.127084189193	15
-76.5 76.5 -0.0928 NaN	1
-15 76.5 0.2221 0.134661431932	33
-13.5 76.5 0.2115 0.109075907552	98
-12 76.5 0.25335 0.160826059115	32
-10.5 76.5 0.264404545455 0.114973398486	22
-9 76.5 0.2474 0.23189752047	5
82.5 76.5 0.2982 NaN	1
84 76.5 0.139033333333 0.138300406724	9
85.5 76.5 0.21052 0.0674087308885	5
88.5 76.5 0.121575 0.0952500579968	32
90 76.5 0.177205263158 0.10492199999	19
118.5 76.5 -0.003 NaN	1
139.5 76.5 0.0855333333333 0.0691493938272	6
141 76.5 0.253433333333 0.0268649089582	3
151.5 76.5 0.16305 0.225779195233	2
162 76.5 0.253 0.0493560533268	2
163.5 76.5 0.1859 0.15457040467	3
165 76.5 0.3232 NaN	1
166.5 76.5 0.196914285714 0.152237286591	7
168 76.5 0.2078 NaN	1
171 76.5 0.22865 0.039951533137	2
174 76.5 0.06325 0.182504260224	2
178.5 76.5 0.133766666667 0.0829818936074	6
-178.5 76 0.15795 0.0559096682158	6
-175.5 76 0.0347 0.0969950857862	4
-174 76 0.1027 0.06007894806	3
-172.5 76 0.0173 NaN	1
-171 76 0.0775 0.0313964966198	4
-169.5 76 0.1664 NaN	1
-168 76 0.00228 0.228474434018	5
-166.5 76 0.1755 NaN	1
-160.5 76 0.1341 0.0640638743755	2
-159 76 -0.020325 0.134967906679	4
-156 76 0.0872555555556 0.136869363912	9
-154.5 76 0.0775916666667 0.107264384145	12
-151.5 76 0.355 NaN	1
-142.5 76 0.1997 NaN	1
-138 76 0.08465 0.104439671581	2
-135 76 0.28365 0.0525380338422	2
-133.5 76 0.077075 0.0596959727843	4
-132 76 0.09135 0.0373131344167	4
-130.5 76 0.1467 0.0793611575856	7
-129 76 0.134065625 0.107381852883	32
-127.5 76 0.124989781022 0.0952769270914	137
-126 76 0.0729067567568 0.102017519757	74
-124.5 76 0.0970227272727 0.115024934816	66
-87 76 0.23565 0.0144956890143	2
-78 76 0.221025 0.104169617292	4
-76.5 76 0.1578 0.102887608583	4
-16.5 76 0.124311111111 0.0901320343225	9
-15 76 0.1428 NaN	1
-13.5 76 0.20931884058 0.126944666356	69
-12 76 0.202385 0.124349567857	20
-10.5 76 0.179753125 0.088961474026	32
76.5 76 0.1298 0.0798878839374	11
78 76 0.2065 NaN	1
79.5 76 0.16615 0.166696958914	10
87 76 0.0601 0.019091883092	2
88.5 76 0.116933333333 0.210394898544	3
117 76 0.1899 NaN	1
154.5 76 0.1791 NaN	1
-174 75.5 -0.0005 0.053694459677	5
-172.5 75.5 0.0758333333333 0.0020231987874	3
-165 75.5 0.11415 0.20032335111	2
-163.5 75.5 -0.0084 NaN	1
-160.5 75.5 0.054125 0.114278121995	4
-156 75.5 0.206775 0.0381511358503	4
-153 75.5 0.16075 0.00205060966544	2
-136.5 75.5 0.2135 0.185827662096	2
-135 75.5 0.1851 NaN	1
-133.5 75.5 0.1066 0.059683498557	3
-132 75.5 0.0949 NaN	1
-130.5 75.5 0.113357692308 0.1021516409	26
-129 75.5 0.0927038461538 0.149331592051	26
-127.5 75.5 0.0913853333333 0.123807172099	75
-126 75.5 0.0904692307692 0.109258315138	52
-124.5 75.5 0.0645 0.125401408817	4
-78 75.5 0.1613375 0.0975080979543	16
-76.5 75.5 0.143992857143 0.0836712565689	14
-75 75.5 -0.0762 0.0632587543349	3
-66 75.5 -0.014 NaN	1
-64.5 75.5 0.1296 NaN	1
-61.5 75.5 0.2478 NaN	1
-16.5 75.5 0.2824 NaN	1
-15 75.5 0.221886666667 0.0894330465182	15
-13.5 75.5 0.206577272727 0.139568245576	22
76.5 75.5 -0.0732 NaN	1
79.5 75.5 0.0903 0.00650538238692	2
129 75.5 0.2061 NaN	1
151.5 75.5 0.173825 0.16843220941	4
154.5 75.5 0.0856 NaN	1
159 75.5 0.1567 NaN	1
172.5 75.5 0.1925 0.109513317303	7
174 75.5 0.0548 0.0519016377391	2
177 75.5 0.14435 0.0963786542757	2
-169.5 75 0.184225 0.114344927741	4
-159 75 -0.0724 NaN	1
-136.5 75 0.227866666667 0.204975811581	3
-135 75 0.09182 0.056223189166	5
-133.5 75 0.1784 0.0518344158515	4
-132 75 0.09414 0.107190563284	15
-130.5 75 0.05084 0.0929986164772	10
-129 75 0.0535290909091 0.0866801157785	55
-127.5 75 0.043115625 0.120498001882	32
-126 75 0.138133333333 0.19557119152	15
-103.5 75 0.158833333333 0.046687185965	3
-102 75 0.20971 0.112023345285	10
-78 75 0.217683333333 0.143069010155	6
-75 75 0.18203 0.0966310169896	10
-61.5 75 -0.1428 NaN	1
-60 75 0.13212 0.0384123938332	5
-15 75 0.173872727273 0.16502268384	11
64.5 75 0.2307 0.0151320851174	2
76.5 75 0.24415 0.0398101117808	2
81 75 0.2259 0.264867979693	4
84 75 0.33375 0.0647002704786	2
169.5 75 0.03555 0.100329241334	4
171 75 0.0965 NaN	1
172.5 75 0.12915 0.0645588491223	2
174 75 0.110366666667 0.0419019490398	3
175.5 75 0.0769 NaN	1
177 75 -0.1244 NaN	1
178.5 75 0.1634 NaN	1
-171 74.5 0.2064 NaN	1
-139.5 74.5 0.2269 NaN	1
-138 74.5 0.3919 NaN	1
-136.5 74.5 0.173 0.166231570407	5
-135 74.5 0.3337 0.0236173664916	2
-133.5 74.5 0.0774 0.0632495172201	15
-132 74.5 0.122966666667 0.0792361325778	18
-130.5 74.5 0.149805714286 0.0956861165873	35
-129 74.5 0.0856076923077 0.120300882939	13
-127.5 74.5 0.0347974025974 0.0998910287501	77
-126 74.5 -0.0943 NaN	1
-108 74.5 0.1661 NaN	1
-106.5 74.5 0.3029 NaN	1
-105 74.5 0.167166666667 0.168193586877	6
-103.5 74.5 0.072880952381 0.12654163196	21
-102 74.5 0.171188 0.113372962385	25
-100.5 74.5 0.2586 NaN	1
-79.5 74.5 0.26585 0.0850649457767	2
-78 74.5 0.1625 NaN	1
-76.5 74.5 0.18025 0.171839741232	4
-75 74.5 0.259725 0.0656730375203	8
-72 74.5 0.23535 0.06526910959	4
-67.5 74.5 0.237 0.0517602163829	2
-58.5 74.5 0.269566666667 0.0597428935802	3
-18 74.5 0.195255555556 0.0929907473084	18
-16.5 74.5 0.154716666667 0.142127815929	12
-15 74.5 0.136275 0.193070235493	4
78 74.5 0.1256 0.203665460989	4
132 74.5 0.3321 NaN	1
135 74.5 0.12425 0.0952472834258	2
147 74.5 0.05535 0.126394448718	4
169.5 74.5 0.2103 NaN	1
172.5 74.5 0.105716666667 0.0866457942815	6
174 74.5 0.0773636363636 0.157827077986	11
175.5 74.5 0.119054545455 0.103110284294	11
177 74.5 0.11295 0.056922432602	4
-180 74 0.2766 NaN	1
-172.5 74 0.2596 0.117379725677	2
-139.5 74 0.0636 0.150472323036	2
-138 74 0.0775 NaN	1
-136.5 74 0.14508 0.120006627595	10
-135 74 0.05920625 0.0886985416547	16
-133.5 74 0.128086046512 0.118399536641	43
-132 74 0.0948342105263 0.100242976216	76
-130.5 74 0.104347826087 0.109451478319	46
-129 74 0.031166 0.103686571681	50
-127.5 74 0.0483692307692 0.0858685873384	39
-109.5 74 0.0518 NaN	1
-108 74 0.0204 NaN	1
-106.5 74 0.1273 0.10776788328	7
-105 74 0.19703 0.139460702256	20
-103.5 74 0.130091666667 0.0736612689019	24
-102 74 0.111421052632 0.0983549895867	19
-88.5 74 0.1539 0.303914494554	2
-87 74 -0.1215 NaN	1
-84 74 0.3165 NaN	1
-82.5 74 0.110828571429 0.172952707546	7
-79.5 74 0.1114 0.110432933164	12
-78 74 -0.1483 NaN	1
-76.5 74 0.1502 0.0526257224812	4
-75 74 0.192916666667 0.105952317892	6
-72 74 0.19135 0.0997727668254	2
-70.5 74 0.3227 0.0444063058585	2
-67.5 74 0.1081 0.243377135327	3
-66 74 0.1244 0.138734350469	2
-64.5 74 0.0507666666667 0.132479671397	3
-63 74 0.088 NaN	1
-58.5 74 0.1546 NaN	1
-18 74 0.00294 0.247814704971	5
-16.5 74 0.1484 0.116284593419	7
72 74 0.1939 NaN	1
78 74 0.0985 0.20407101705	2
156 74 0.1933 NaN	1
160.5 74 0.2573 NaN	1
162 74 0.16385 0.128779637366	6
163.5 74 0.03905 0.0212839141137	2
169.5 74 0.13105 0.0706399674405	2
171 74 0.123277777778 0.0607883846834	18
172.5 74 0.1342 NaN	1
-180 73.5 0.1481 0.103355261114	5
-153 73.5 0.1875 NaN	1
-142.5 73.5 0.12505 0.0851771431447	8
-141 73.5 0.161666666667 0.106381483351	9
-138 73.5 0.110730769231 0.115119086056	13
-136.5 73.5 0.1568625 0.119160131606	8
-135 73.5 0.0172461538462 0.0966422898353	26
-133.5 73.5 0.046752 0.074856496712	25
-132 73.5 0.0985537931034 0.0970634643622	145
-130.5 73.5 0.106739473684 0.133109401336	38
-129 73.5 0.0735823529412 0.136536374436	17
-103.5 73.5 0.130790909091 0.0604900728144	11
-76.5 73.5 0.222 0.0866919258063	3
-75 73.5 0.16552 0.13039705859	10
-73.5 73.5 0.08 0.118935360596	2
-72 73.5 0.2268 0.223021478786	2
-70.5 73.5 0.178388888889 0.158687550271	9
-69 73.5 0.219633333333 0.0237120925549	3
-67.5 73.5 0.153771428571 0.146950305821	7
-66 73.5 0.122609090909 0.148550647623	11
-60 73.5 0.0998333333333 0.146295773464	3
-19.5 73.5 -0.019925 0.129190979432	4
-18 73.5 0.31699 0.0902039842678	10
130.5 73.5 0.06075 0.00841457069612	2
151.5 73.5 0.3345 NaN	1
166.5 73.5 0.2659 0.0469518902708	2
171 73.5 0.154533333333 0.0136917249948	3
174 73.5 0.15371 0.140355868737	10
175.5 73.5 0.0293 0.076158387588	10
177 73.5 0.09514375 0.125679369661	16
178.5 73.5 0.0966416666667 0.144559069137	12
-180 73 0.109966666667 0.0427965535996	9
-178.5 73 0.1721625 0.081962969644	8
-165 73 0.2121 NaN	1
-162 73 0.280766666667 0.0501348514841	3
-160.5 73 0.1808 NaN	1
-157.5 73 0.1721 NaN	1
-147 73 0.0274407407407 0.141759767698	27
-145.5 73 0.130122222222 0.101793329568	9
-144 73 0.0669583333333 0.0869143722641	12
-142.5 73 0.1073 0.121216759017	16
-141 73 0.244466666667 0.0817117045879	6
-139.5 73 0.1472 0.0764421450409	14
-138 73 0.0743830188679 0.10679981586	53
-136.5 73 0.0844052631579 0.0857006642894	19
-135 73 0.0936846153846 0.133898091674	26
-133.5 73 0.17404 0.106894564876	5
-132 73 0.0754246153846 0.09754213037	65
-130.5 73 0.193893103448 0.0824204895253	29
-129 73 0.197 0.152274843622	6
-103.5 73 -0.0011 0.141312301894	4
-75 73 0.0776617647059 0.124574670354	34
-73.5 73 0.140576923077 0.128505078718	13
-72 73 0.176444444444 0.157560735203	9
-70.5 73 0.04506 0.116239980213	5
-69 73 0.183542857143 0.0882530803455	7
-67.5 73 0.11598 0.0770743479448	10
-66 73 0.118825 0.139135546239	12
-64.5 73 0.149372413793 0.118826791401	29
-63 73 -0.0572 0.173382582747	2
-21 73 0.113 NaN	1
-19.5 73 0.0955444444444 0.081260708696	9
-18 73 0.152035897436 0.111274734653	39
156 73 0.2466 0.0468475186109	3
159 73 0.15244 0.0922334445075	15
174 73 0.183875 0.164047602339	4
175.5 73 0.1694 NaN	1
177 73 0.076975 0.0771443830316	4
178.5 73 0.144839130435 0.115813862175	23
-180 72.5 0.0889875 0.094018029236	8
-172.5 72.5 0.2756 0.0859841845923	2
-171 72.5 0.0927 0.0944694659665	2
-169.5 72.5 0.18295 0.0642760064099	2
-166.5 72.5 0.36745 0.0491439212925	2
-163.5 72.5 0.0838 0.0173948268172	2
-162 72.5 0.0197428571429 0.0628321270568	7
-159 72.5 0.21091 0.135081789627	10
-157.5 72.5 0.048212 0.0358121524998	25
-154.5 72.5 0.0431333333333 0.0972017731622	18
-153 72.5 0.0491 0.121904245209	9
-151.5 72.5 0.140508108108 0.118626356399	37
-150 72.5 0.0803754098361 0.0993208683271	61
-148.5 72.5 0.179242857143 0.100716745664	7
-147 72.5 0.127696666667 0.130610878998	30
-145.5 72.5 0.139906896552 0.0954516978281	58
-144 72.5 0.0785083333333 0.164482933397	12
-142.5 72.5 0.1407825 0.0791458727482	40
-141 72.5 0.0809777777778 0.0636206362706	18
-139.5 72.5 0.113470588235 0.0568710137582	17
-138 72.5 0.132272727273 0.125647157055	44
-136.5 72.5 0.118 0.110313316024	27
-135 72.5 0.0949375 0.134512878566	16
-133.5 72.5 0.0671142857143 0.144861641454	14
-132 72.5 0.1778 0.0899439825669	2
-130.5 72.5 0.146539393939 0.107128745382	33
-129 72.5 0.0577666666667 0.134513394624	3
-127.5 72.5 0.0967461538462 0.113412246659	13
-91.5 72.5 0.2506125 0.12250553661	16
-75 72.5 0.1257 NaN	1
-73.5 72.5 -0.0350555555556 0.117315111038	9
-72 72.5 0.180215789474 0.126853670131	19
-69 72.5 0.16335 0.043564090717	4
-67.5 72.5 0.07235 0.123147565952	6
-66 72.5 0.185947826087 0.154863393966	23
-64.5 72.5 0.113011111111 0.0884851321472	9
-63 72.5 0.241957142857 0.0749851286844	7
-61.5 72.5 0.11274 0.144970714284	5
-21 72.5 -0.007175 0.131260996365	4
-19.5 72.5 0.1029 0.193239712965	4
133.5 72.5 0.05075 0.146669176115	10
135 72.5 0.11165 0.0572682867446	4
156 72.5 0.273 0.0219203102168	2
159 72.5 0.158722222222 0.0715463622027	9
160.5 72.5 0.06776 0.0809977962663	5
162 72.5 0.1559 0.052467323164	2
165 72.5 0.190185714286 0.127668991649	7
172.5 72.5 0.121511111111 0.0712030625122	9
174 72.5 0.0858428571429 0.117345261215	14
175.5 72.5 -0.0802 NaN	1
177 72.5 0.1146 NaN	1
-180 72 0.05045 0.157896944239	2
-175.5 72 0.2325 NaN	1
-168 72 0.261 NaN	1
-162 72 0.0709125 0.0781106469482	16
-160.5 72 -0.01455 0.141492066915	2
-159 72 0.131875 0.0857211098077	16
-154.5 72 0.0849 0.0611477309473	5
-153 72 0.122917857143 0.0868795763136	28
-151.5 72 0.14655 0.114532642929	28
-150 72 -0.00805 0.0135057395207	2
-148.5 72 -0.02765 0.0560735677481	2
-147 72 0.113397142857 0.100024595463	35
-145.5 72 0.0943681818182 0.111577154115	22
-144 72 0.0634826923077 0.115655300432	52
-142.5 72 0.0650510638298 0.130434089423	47
-141 72 0.090332 0.0926876507416	25
-139.5 72 0.108114583333 0.0947497590378	96
-138 72 0.0676320754717 0.119999243225	53
-136.5 72 0.0944421052632 0.08580136593	38
-135 72 0.132136585366 0.108711590357	41
-132 72 0.08204 0.0647195720011	5
-129 72 0.20845 0.10500170951	6
-127.5 72 0.138981818182 0.100576526269	11
-103.5 72 0.1918 0.0821810602674	4
-93 72 0.22296 0.0640644441168	5
-91.5 72 0.226309090909 0.120162435516	11
-73.5 72 0.0138 0.0684221089999	5
-72 72 0.15018125 0.106966027122	16
-70.5 72 0.129173913043 0.0967343091218	23
-69 72 0.2025 0.127566649247	5
-67.5 72 0.08322 0.138683874333	5
-66 72 0.12966 0.12281338224	15
-64.5 72 0.1197 0.0572954099383	6
-63 72 0.177333333333 0.192935747509	6
-61.5 72 0.173463636364 0.122089412094	11
-60 72 0.030675 0.0681398745229	4
-21 72 0.2211 0.0832200336458	11
-19.5 72 0.145533333333 0.0699202641109	3
-18 72 0.218 0.0716620308578	4
162 72 0.2819 NaN	1
169.5 72 0.100825 0.0459518860694	4
171 72 0.158133333333 0.162397485613	3
175.5 72 0.1201 0.0445174123237	4
178.5 72 0.0873 NaN	1
-172.5 71.5 0.03584 0.154826585429	10
-169.5 71.5 0.0334 NaN	1
-168 71.5 0.1485 NaN	1
-166.5 71.5 0.189833333333 0.0631447807292	3
-165 71.5 -0.1907 NaN	1
-163.5 71.5 0.01105 0.015485638508	2
-160.5 71.5 -0.01945 0.0699328606593	2
-154.5 71.5 0.128905 0.118211137934	20
-153 71.5 0.269228571429 0.0705901719856	7
-151.5 71.5 0.332266666667 0.0276062191061	3
-147 71.5 0.1068 0.0275294387883	3
-144 71.5 0.1496 NaN	1
-141 71.5 0.114227272727 0.146561058889	22
-139.5 71.5 0.0747913043478 0.114029330011	23
-136.5 71.5 0.03122 0.0383554037914	5
-135 71.5 0.1412 0.166543257644	7
-133.5 71.5 0.06155 0.116711774613	10
-132 71.5 -0.0801 NaN	1
-130.5 71.5 0.1967 NaN	1
-127.5 71.5 0.208242857143 0.0988909644869	7
-120 71.5 -0.0644 0.0530839900535	3
-103.5 71.5 0.14495 0.0916950925623	12
-102 71.5 0.0893 NaN	1
-100.5 71.5 0.146771428571 0.187548023564	21
-93 71.5 0.0903875 0.0963366780396	8
-91.5 71.5 0.210541666667 0.09262425901	36
-70.5 71.5 0.4234 NaN	1
-69 71.5 0.1791 0.0821824859687	41
-67.5 71.5 0.1448 NaN	1
-66 71.5 0.134015384615 0.128481515182	13
-64.5 71.5 0.144228571429 0.114612520652	14
-63 71.5 0.17805 0.0664805761106	6
-60 71.5 0.2219 NaN	1
-21 71.5 0.216914285714 0.123910753213	7
130.5 71.5 0.182066666667 0.0529615269166	3
151.5 71.5 0.1601 NaN	1
160.5 71.5 0.2416 NaN	1
172.5 71.5 0.0701 0.204378937271	3
175.5 71.5 0.2739 0.0315369624409	2
177 71.5 0.1388 NaN	1
-175.5 71 0.0705125 0.0712228782966	8
-169.5 71 -0.1364 NaN	1
-165 71 0.1976 NaN	1
-162 71 0.2064 NaN	1
-159 71 0.0402333333333 0.185076749845	3
-151.5 71 0.2692 NaN	1
-150 71 0.157266666667 0.0697147282383	3
-147 71 0.2328 NaN	1
-145.5 71 0.2987 NaN	1
-141 71 0.216966666667 0.276699427779	3
-139.5 71 0.3523 NaN	1
-138 71 0.01825 0.131237735935	4
-135 71 0.273742857143 0.0651155858747	7
-133.5 71 0.0694285714286 0.0905715134445	7
-130.5 71 0.1642 NaN	1
-129 71 0.31395 0.0176069588515	2
-127.5 71 0.1657625 0.0719863665168	8
-126 71 0.14864 0.0632735893648	10
-121.5 71 0.2358 0.0866677564034	4
-120 71 0.21927 0.0732502351352	20
-103.5 71 0.0426 NaN	1
-102 71 0.242475 0.0201865260343	4
-100.5 71 0.208439285714 0.0979022177826	56
-99 71 0.238928571429 0.0954556915413	7
-97.5 71 0.0806 0.101999033609	8
-91.5 71 0.236203448276 0.0700816792992	29
-69 71 0.2194 NaN	1
-67.5 71 0.23095 0.0741326963402	4
-66 71 0.13693125 0.0868534759907	16
-64.5 71 0.167721428571 0.140933651485	14
-63 71 0.133230769231 0.128739571646	13
-61.5 71 0.0135 NaN	1
-19.5 71 0.2503875 0.0674744065236	8
162 71 0.2905 NaN	1
163.5 71 0.192833333333 0.0625388146141	3
165 71 0.206433333333 0.0721528722207	12
166.5 71 0.0472 NaN	1
171 71 0.0444333333333 0.029758752214	3
172.5 71 0.177885714286 0.120224171565	7
175.5 71 0.1101 NaN	1
-178.5 70.5 0.2514 NaN	1
-177 70.5 0.1571 0.131669909243	5
-175.5 70.5 0.19585 0.0799737769522	2
-168 70.5 0.19266 0.146624309035	5
-163.5 70.5 0.0647 NaN	1
-145.5 70.5 0.2594 NaN	1
-136.5 70.5 0.1189 0.0732562625309	2
-135 70.5 0.21806 0.0721335428216	5
-133.5 70.5 0.252 NaN	1
-132 70.5 0.207966666667 0.0634630863836	3
-130.5 70.5 0.1486 0.10083984001	4
-126 70.5 0.207826666667 0.104486782942	15
-123 70.5 -0.10585 0.0242537625947	2
-120 70.5 0.209433333333 0.0226376529997	3
-99 70.5 0.1403 0.152204181044	23
-91.5 70.5 0.168172727273 0.0571788788087	11
-90 70.5 0.16552 0.0636180949102	5
-66 70.5 0.110839130435 0.107438082545	23
-64.5 70.5 0.108025 0.171466699877	4
-61.5 70.5 0.0246 0.150185718362	3
-60 70.5 0.182157142857 0.0883391166121	7
-21 70.5 0.04765 0.0847821030643	2
-19.5 70.5 0.3466 NaN	1
162 70.5 0.0768333333333 0.0594495864858	3
165 70.5 0.1832 0.0553175379062	3
172.5 70.5 0.3219 0.0709935208311	2
174 70.5 0.0942625 0.164753399596	8
175.5 70.5 0.117961538462 0.0873493398143	39
-180 70 0.3001 NaN	1
-178.5 70 0.18664 0.0327200702933	5
-175.5 70 0.184 0.186475789313	4
-174 70 0.2801 0.0783684247641	3
-172.5 70 0.0951 NaN	1
-171 70 0.20936 0.0418398494261	5
-168 70 0.1646 NaN	1
-166.5 70 -0.0949 NaN	1
-165 70 0.3194 0.0292821902642	4
-163.5 70 0.3262 0.0344714374519	3
-136.5 70 0.235883333333 0.0842791888112	6
-126 70 0.151725 0.138680721443	4
-123 70 0.2223 NaN	1
-99 70 0.2566 0.0261058103367	4
-90 70 0.25855 0.0118086832458	2
-66 70 0.167861111111 0.0814299709161	18
-64.5 70 0.230986666667 0.079752720128	30
-61.5 70 0.203866666667 0.130105152345	6
-60 70 0.1561 NaN	1
175.5 70 0.132885714286 0.13166573116	7
177 70 0.1005 0.121618642838	29
178.5 70 0.0594 0.0873983981547	2
-180 69.5 -0.0076 NaN	1
-175.5 69.5 0.3306 NaN	1
-172.5 69.5 0.0922333333333 0.0864089308656	3
-171 69.5 0.2976 NaN	1
-168 69.5 0.164414285714 0.102274343941	7
-166.5 69.5 0.272233333333 0.0518268591884	3
-100.5 69.5 0.240117142857 0.0795819499403	35
-88.5 69.5 0.2798 NaN	1
-66 69.5 0.130733333333 0.128715943525	18
-64.5 69.5 0.16424 0.0771317804511	10
-63 69.5 0.111483333333 0.044667501236	6
-61.5 69.5 0.137966666667 0.0972732919836	3
-60 69.5 0.1189 NaN	1
178.5 69.5 0.2743 0.0261629509039	2
-178.5 69 0.1356 0.135717169142	5
-175.5 69 0.172125581395 0.102095783909	43
-174 69 0.210714285714 0.0604994608398	7
-172.5 69 -0.1506 NaN	1
-87 69 0.243333333333 0.103659300917	6
-66 69 0.13805 0.0737527626601	4
-64.5 69 0.199852941176 0.121675907217	17
-63 69 0.19965 0.00784888527117	2
-61.5 69 0.0819583333333 0.148138954783	12
-175.5 68.5 0.13154 0.126149163911	10
-172.5 68.5 0.132566666667 0.104048290071	6
-171 68.5 0.1891 0.030971277016	2
-169.5 68.5 0.105528571429 0.121651301052	7
-100.5 68.5 0.0976 NaN	1
-87 68.5 0.346228571429 0.0561950090988	7
-79.5 68.5 0.0825 0.216892346569	3
-64.5 68.5 -0.03075 0.198909137548	2
-63 68.5 0.0571272727273 0.175657024288	11
-61.5 68.5 0.1342 NaN	1
-60 68.5 0.108725 0.11737806084	4
-25.5 68.5 0.1658 0.0787716954242	2
-175.5 68 0.2237625 0.0607069527084	8
-172.5 68 0.000328571428571 0.161094565543	7
-171 68 0.1160125 0.120453315646	8
-169.5 68 0.15053 0.0784019206263	20
-168 68 0.2209 NaN	1
-63 68 -0.0006 0.0755486432704	17
-60 68 -0.1063 NaN	1
-28.5 68 0.1972 0.0596858920875	8
-174 67.5 0.2354 0.063599606917	3
-171 67.5 0.0850333333333 0.124824207054	6
-168 67.5 -0.1595 NaN	1
-61.5 67.5 0.035775 0.146548726254	4
-58.5 67.5 0.113621428571 0.108265671657	14
-31.5 67.5 0.1728 0.0459411942959	4
-172.5 67 0.3504 NaN	1
-169.5 67 0.0598277777778 0.105275530957	18
-168 67 0.0543333333333 0.126590099666	3
-166.5 67 0.1847 NaN	1
-79.5 67 0.233233333333 0.0429269534597	3
-60 67 0.214566666667 0.145164469941	3
-33 67 0.198 0.115349711746	6
-31.5 67 0.1973 0.164718153219	3
-169.5 66.5 0.121094444444 0.13148881622	18
-168 66.5 0.158623333333 0.0874329523745	30
-166.5 66.5 -0.163866666667 0.0202240780589	3
-81 66.5 0.250125 0.0594813191963	16
-79.5 66.5 0.2681 NaN	1
-58.5 66.5 0.1118 0.243386154084	2
-169.5 66 0.04865 0.351361359572	2
-168 66 0.00962 0.0661236518451	10
-81 66 0.26275 0.0493837017649	4
-79.5 66 0.236666666667 0.346562106026	3
-60 66 0.1778 0.103661854122	2
-58.5 66 0.118733333333 0.134820782275	3
-34.5 66 -0.0303 NaN	1
-169.5 65.5 0.160925 0.0830381768573	20
-79.5 65.5 0.0748 0.102813325985	2
-58.5 65.5 0.0609615384615 0.125772657508	39
-171 65 -0.04645 0.020859650045	2
-169.5 65 0.114677777778 0.112827709116	9
-60 65 0.253375 0.0195194561058	4
-58.5 65 0.10345 0.146488549041	6
-171 64.5 0.029875 0.0904257825117	8
-169.5 64 0.161892592593 0.108408823534	27
-165 64 0.05515 0.0484368145113	2
-163.5 64 0.04435 0.0273650324319	2
-169.5 63.5 0.0775948717949 0.0776875657216	39
-61.5 63.5 0.368266666667 0.116192311851	3
-175.5 63 0.0408 NaN	1
-172.5 63 0.3304 NaN	1
-166.5 63 -0.0093 NaN	1
-90 63 0.2342 NaN	1
-61.5 63 0.1027 NaN	1
-172.5 62.5 0.1827 NaN	1
-90 62.5 0.317544444444 0.0486081554657	9
-87 62.5 0.168588888889 0.0834969976173	9
-85.5 62.5 0.391 NaN	1
-84 62.5 0.0746 NaN	1
-88.5 62 0.234 NaN	1
-87 62 0.3238 NaN	1
-88.5 61.5 0.2628 NaN	1
-87 61.5 0.0428333333333 0.0333563087486	3
-85.5 61.5 0.03446 0.141506547552	5
-84 61.5 0.3277 NaN	1
-82.5 61.5 0.302733333333 0.0518511652071	3
-81 60.5 0.0722666666667 0.0822484245037	3
-84 60 0.1229 0.0131521861301	2
-82.5 60 0.090425 0.096812030072	4
