lon, lat, freeboard (m), standard deviation, count
-180 81.5 0.155225 0.102492113864	48
-178.5 81.5 0.172074468085 0.102783979481	94
-177 81.5 0.223802830189 0.0952976974264	106
-175.5 81.5 0.199351162791 0.104735341239	86
-174 81.5 0.200614035088 0.0938223824168	57
-172.5 81.5 0.183377083333 0.107926636368	96
-171 81.5 0.163718848168 0.101633916121	191
-169.5 81.5 0.152766917293 0.108347614482	133
-168 81.5 0.170388405797 0.125849499913	69
-166.5 81.5 0.190967676768 0.101784489044	99
-165 81.5 0.224458706468 0.110882626395	201
-163.5 81.5 0.226392592593 0.124865071955	81
-162 81.5 0.190319708029 0.127091914886	137
-160.5 81.5 0.161963473054 0.116378154576	167
-159 81.5 0.166315436242 0.101899432885	149
-157.5 81.5 0.175654782609 0.109240967545	115
-156 81.5 0.174137162162 0.084306091387	148
-154.5 81.5 0.201115294118 0.0949109777206	85
-153 81.5 0.229990625 0.0969308126985	64
-151.5 81.5 0.20536 0.094859690928	55
-150 81.5 0.19790625 0.105833332251	48
-148.5 81.5 0.198278787879 0.0973464584537	33
-147 81.5 0.202602352941 0.10556202417	85
-145.5 81.5 0.187743269231 0.0911298878476	104
-144 81.5 0.2028 0.107883920442	70
-142.5 81.5 0.214179245283 0.113933921298	106
-141 81.5 0.238797777778 0.110459446464	45
-139.5 81.5 0.293 0.0933440678351	5
-138 81.5 0.183692307692 0.187190001705	26
-136.5 81.5 0.180950862069 0.125765394076	116
-135 81.5 0.15666978022 0.124482773527	182
-133.5 81.5 0.151811111111 0.109216574545	144
-132 81.5 0.18631097561 0.122045886944	82
-130.5 81.5 0.17613627451 0.126082942832	102
-129 81.5 0.20908045977 0.123154112036	87
-127.5 81.5 0.222806 0.124938387094	100
-126 81.5 0.25529047619 0.118866144165	126
-124.5 81.5 0.245955921053 0.110243211401	152
-123 81.5 0.210822093023 0.112531798132	172
-121.5 81.5 0.204230434783 0.12376946253	115
-120 81.5 0.23329 0.131453173621	70
-118.5 81.5 0.247205154639 0.0987520151389	97
-117 81.5 0.258374603175 0.0995451324482	189
-115.5 81.5 0.29444 0.11066019217	230
-114 81.5 0.355361445783 0.0874391656717	332
-112.5 81.5 0.282261458333 0.111426930834	192
-111 81.5 0.277404545455 0.0918854658239	88
-109.5 81.5 0.29506796875 0.120593053517	128
-108 81.5 0.354028350515 0.102485103532	194
-106.5 81.5 0.283256349206 0.117608874832	126
-105 81.5 0.19236119403 0.118952086044	67
-103.5 81.5 0.143505617978 0.130069272068	89
-102 81.5 0.200288311688 0.126137619054	77
-100.5 81.5 0.251894656489 0.126141700122	131
-99 81.5 0.223044444444 0.135900047209	63
-97.5 81.5 0.258664705882 0.132257664906	17
-96 81.5 0.424591666667 0.0627851525346	12
-10.5 81.5 0.11374 0.0642954352968	5
-9 81.5 0.044688 0.113146263453	25
-7.5 81.5 0.115308823529 0.138436044456	34
-4.5 81.5 0.239198076923 0.154793359399	52
-3 81.5 0.224970588235 0.094338657007	17
-1.5 81.5 0.218226829268 0.127444956939	82
0 81.5 0.277776190476 0.117877817132	147
1.5 81.5 0.274578217822 0.119078781992	101
3 81.5 0.232490566038 0.115324198533	106
4.5 81.5 0.299713333333 0.103890632312	225
6 81.5 0.244941610738 0.137470197803	149
7.5 81.5 0.197313333333 0.152045283981	15
9 81.5 0.207284 0.158931527919	25
10.5 81.5 0.15296 0.144472613322	10
12 81.5 0.14059 0.114377546103	20
13.5 81.5 0.118742857143 0.108435176817	21
15 81.5 0.120057142857 0.140680839113	56
16.5 81.5 0.173494915254 0.12404848805	59
18 81.5 0.118016666667 0.146557939757	18
19.5 81.5 0.214673684211 0.110054543441	38
21 81.5 0.15793 0.135134633169	50
22.5 81.5 0.162854166667 0.149300397446	24
24 81.5 0.254683333333 0.162494723699	30
25.5 81.5 0.209448571429 0.122339643835	35
27 81.5 0.0977533333333 0.167989463408	30
28.5 81.5 0.1292 0.108009706354	31
30 81.5 0.121047619048 0.0852007019868	21
31.5 81.5 0.109375 0.142542018977	24
33 81.5 0.185711320755 0.131590031567	53
34.5 81.5 0.245382857143 0.0985181813191	35
36 81.5 0.173910344828 0.142697250311	29
37.5 81.5 0.1614275 0.108338822711	40
39 81.5 0.167419354839 0.108655278083	62
40.5 81.5 0.178726086957 0.115018021397	92
42 81.5 0.218927027027 0.0761079556677	37
43.5 81.5 0.170742105263 0.140426076795	38
45 81.5 0.162480701754 0.151595593885	57
46.5 81.5 0.147185714286 0.117494277124	42
48 81.5 0.135355813953 0.143865681904	43
49.5 81.5 0.203804 0.111418780135	25
51 81.5 0.29605 0.0692257538782	2
52.5 81.5 0.3169 NaN	1
66 81.5 0.215289473684 0.104263277304	19
67.5 81.5 0.195425714286 0.116213612503	35
69 81.5 0.244984057971 0.102662617951	69
70.5 81.5 0.211593589744 0.10542300365	78
72 81.5 0.229948484848 0.106189643479	66
73.5 81.5 0.243442 0.101455578075	50
75 81.5 0.2037703125 0.0914656144596	64
76.5 81.5 0.210478378378 0.0720803029619	37
78 81.5 0.230847142857 0.0910029888368	70
79.5 81.5 0.182177272727 0.167268714326	22
81 81.5 0.192071428571 0.0941128470677	35
82.5 81.5 0.211318823529 0.120128982759	85
84 81.5 0.280473913043 0.0998582389361	92
85.5 81.5 0.310243269231 0.108297666708	104
87 81.5 0.28701 0.0927232198078	60
88.5 81.5 0.236073015873 0.0927943810979	63
90 81.5 0.1845 0.0441013038356	9
91.5 81.5 0.144652941176 0.142355216438	17
93 81.5 0.179780701754 0.0988521992649	57
94.5 81.5 0.222929411765 0.0595729884753	17
97.5 81.5 0.2631 0.130517865955	4
99 81.5 0.339466666667 0.06618053591	3
102 81.5 0.21184 0.0551478739391	5
103.5 81.5 0.06286 0.148693335426	5
105 81.5 0.24652 0.0913470859156	20
106.5 81.5 0.202333928571 0.111684017375	56
108 81.5 0.192426190476 0.106540190652	42
109.5 81.5 0.217739259259 0.115889358001	135
111 81.5 0.19684 0.13247771663	115
112.5 81.5 0.22846147541 0.0922465976857	122
114 81.5 0.202334394904 0.097056954409	157
115.5 81.5 0.215215648855 0.107399126081	262
117 81.5 0.219290625 0.0952672106054	320
118.5 81.5 0.220016071429 0.093669103265	224
120 81.5 0.22928 0.0804868011823	80
121.5 81.5 0.256555555556 0.0662084634237	54
123 81.5 0.245807142857 0.0711391437936	84
124.5 81.5 0.242551 0.0867098604426	100
126 81.5 0.211665957447 0.0990182133275	94
127.5 81.5 0.171176470588 0.0945874030257	153
129 81.5 0.197260606061 0.105204525605	99
130.5 81.5 0.202224675325 0.101630203182	77
132 81.5 0.212534375 0.0978105298625	64
133.5 81.5 0.20232 0.128990341872	55
135 81.5 0.209408333333 0.121153366552	48
136.5 81.5 0.194103448276 0.0896438997357	58
138 81.5 0.247765384615 0.0720545567875	26
139.5 81.5 0.198222222222 0.0484636662299	9
141 81.5 0.146966666667 0.0737111570026	6
142.5 81.5 0.2527 0.0628363482919	4
145.5 81.5 0.22111 0.0669959277369	10
147 81.5 0.2404875 0.0512602446207	8
150 81.5 0.12855 0.0535279833358	2
151.5 81.5 0.2305 0.0997158161978	6
153 81.5 0.15225625 0.127555457057	16
154.5 81.5 0.18905 0.00190918830921	2
156 81.5 0.153469230769 0.0685414398328	13
157.5 81.5 0.183531578947 0.0690252212571	19
160.5 81.5 0.2378 NaN	1
163.5 81.5 0.172814285714 0.129143143173	7
165 81.5 0.313333333333 0.0761265612867	3
166.5 81.5 0.140961538462 0.0673507057432	13
168 81.5 0.22865 0.146172315143	8
169.5 81.5 0.231476470588 0.124603110664	34
171 81.5 0.233766666667 0.0878104442401	18
172.5 81.5 0.212226666667 0.110756937771	30
174 81.5 0.191692682927 0.108442979003	41
175.5 81.5 0.187786363636 0.133190913146	44
177 81.5 0.227359375 0.0917570735935	32
178.5 81.5 0.200364285714 0.126897702207	28
-180 81 0.14105 0.112159325561	30
-178.5 81 0.171886111111 0.123455618753	36
-177 81 0.21775915493 0.083586418202	71
-175.5 81 0.235436734694 0.0843087324804	49
-174 81 0.227941304348 0.125869734384	46
-172.5 81 0.170325423729 0.132355189043	59
-171 81 0.166115189873 0.09365913797	79
-169.5 81 0.185766666667 0.0935754404811	99
-168 81 0.139888571429 0.0881184093728	70
-166.5 81 0.150067213115 0.0983803888339	61
-165 81 0.207008 0.112713102382	75
-163.5 81 0.17488974359 0.10101772969	78
-162 81 0.194163513514 0.0973032508352	74
-160.5 81 0.118176237624 0.1116358098	101
-159 81 0.159449253731 0.105347972285	67
-157.5 81 0.175916666667 0.0985832889345	36
-156 81 0.2274225 0.0959735553521	40
-154.5 81 0.18129 0.110839045622	30
-153 81 0.215956097561 0.0805719524673	41
-151.5 81 0.15235 0.0819752475257	30
-150 81 0.172455 0.0828404055692	40
-148.5 81 0.174446875 0.104870639159	32
-147 81 0.162655 0.12542047833	40
-145.5 81 0.1816575 0.136279119471	40
-144 81 0.2137475 0.134225946109	40
-142.5 81 0.186076190476 0.0926699029068	21
-141 81 0.160721276596 0.138555366325	47
-139.5 81 0.223922222222 0.106406330542	27
-138 81 0.151621052632 0.118822302335	19
-136.5 81 0.121522 0.117239415414	50
-135 81 0.1376975 0.121867688135	80
-133.5 81 0.230003846154 0.146736514511	52
-132 81 0.255216666667 0.117219043063	54
-130.5 81 0.186774166667 0.116769765927	120
-129 81 0.159048780488 0.121905637707	82
-127.5 81 0.202134482759 0.119433015142	58
-126 81 0.23570877193 0.106534848311	114
-124.5 81 0.258947738693 0.108713867711	199
-123 81 0.221021428571 0.103521556359	140
-121.5 81 0.233053623188 0.121366825308	207
-120 81 0.244252795031 0.116324782432	161
-118.5 81 0.234482905983 0.109821775124	117
-117 81 0.310620786517 0.0929674219438	178
-115.5 81 0.345854268293 0.0754892511347	164
-114 81 0.330643727599 0.0954825639762	279
-112.5 81 0.254961702128 0.112462685059	188
-111 81 0.245389719626 0.111690052879	107
-109.5 81 0.275685915493 0.120023893361	142
-108 81 0.271405882353 0.137021996372	102
-106.5 81 0.229039534884 0.11146001905	129
-105 81 0.227728070175 0.105245640823	57
-103.5 81 0.17258 0.182313885071	30
-102 81 0.277035294118 0.131432263655	51
-100.5 81 0.215879069767 0.125819245931	43
-99 81 0.1374625 0.154889396022	32
-97.5 81 0.2428 0.0310966236109	3
-12 81 0.1932 NaN	1
-9 81 0.24314 0.0710739614768	5
-7.5 81 0.153616666667 0.206604592559	6
-6 81 0.234985714286 0.194341970039	14
-4.5 81 0.211733333333 0.135157901307	36
-3 81 0.21413030303 0.137610513876	66
-1.5 81 0.276642857143 0.116719700151	35
0 81 0.359382954545 0.153705917311	88
1.5 81 0.280757931034 0.11996787919	145
3 81 0.285930864198 0.141563346812	81
4.5 81 0.310903636364 0.123180529803	110
6 81 0.232459259259 0.123262637858	27
7.5 81 0.210125 0.143009267931	8
9 81 0.132629166667 0.115229915648	24
10.5 81 0.2291 0.0975180803749	6
12 81 0.0706 0.172640985864	9
13.5 81 0.1537 0.0625470223112	3
15 81 0.176866666667 0.126546697573	6
16.5 81 0.2186 0.141945507854	26
18 81 0.259193103448 0.110246616181	29
19.5 81 0.02275 0.150543033715	2
21 81 0.0584714285714 0.132481605192	7
22.5 81 0.21515 0.149588432343	12
24 81 0.248055555556 0.111040354276	9
25.5 81 0.219864285714 0.0786737724564	14
27 81 0.18013 0.135337180443	40
28.5 81 0.123186666667 0.135977423896	15
30 81 0.1442 0.0911907209436	30
31.5 81 0.193971929825 0.0766248834872	57
33 81 0.138481818182 0.101370035188	33
34.5 81 0.22225 0.111309404564	80
36 81 0.236648 0.078649230439	75
37.5 81 0.191428571429 0.0995499608689	28
39 81 0.153548148148 0.129331180042	27
40.5 81 0.201507142857 0.0711990044904	42
42 81 0.306136363636 0.0466861922355	11
43.5 81 0.140878947368 0.131768182717	19
45 81 0.2172375 0.0793240539541	8
46.5 81 0.1452875 0.068389482013	8
67.5 81 0.316028571429 0.0858908360321	7
69 81 0.233348484848 0.0731615255839	33
70.5 81 0.202071428571 0.104835839019	21
72 81 0.233290909091 0.120866839576	11
73.5 81 0.261718181818 0.109591959725	11
75 81 0.198616666667 0.0801171963533	12
76.5 81 0.230961111111 0.134582356762	18
78 81 0.252208333333 0.0663833283881	12
82.5 81 0.2425875 0.130320586718	32
84 81 0.255658024691 0.11236120868	81
85.5 81 0.321416949153 0.0927708265539	59
87 81 0.214569565217 0.124998936652	46
88.5 81 0.233814705882 0.121462143079	34
99 81 0.27845 0.0698316785802	4
100.5 81 0.2208 0.0808930157677	2
102 81 0.2291 0.0854028102582	3
103.5 81 0.11545 0.123107290605	2
105 81 0.327 0.0213546247918	2
106.5 81 0.189433333333 0.101253886463	15
108 81 0.196433333333 0.107755762414	21
109.5 81 0.161596 0.125014714067	25
111 81 0.199011267606 0.126807863151	71
112.5 81 0.239888888889 0.12861552133	54
114 81 0.163403773585 0.104869187677	53
115.5 81 0.238763768116 0.0957299386787	138
117 81 0.255851282051 0.0913761552681	78
118.5 81 0.235490217391 0.0865249986868	92
120 81 0.228369090909 0.0782269126423	110
121.5 81 0.247859349593 0.070202087491	123
123 81 0.232639759036 0.0728343927399	83
124.5 81 0.196834328358 0.10343450651	67
126 81 0.216343925234 0.0890976686665	107
127.5 81 0.196855555556 0.115076460451	81
129 81 0.204267647059 0.0950380135119	68
130.5 81 0.156782978723 0.106883864889	47
132 81 0.175925862069 0.096926583829	58
133.5 81 0.148181428571 0.108173646356	70
135 81 0.175829310345 0.0779982771034	58
136.5 81 0.165566 0.109429169357	50
138 81 0.2357 0.0769681346403	17
139.5 81 0.213577777778 0.071207070888	9
141 81 0.239671428571 0.057560858063	7
142.5 81 0.29285 0.0232909853806	4
144 81 0.1989 0.0889952526824	9
147 81 0.25939 0.0927318290077	10
148.5 81 0.179583333333 0.0771530535149	6
150 81 0.2326125 0.0467162999238	8
153 81 0.18808 0.150791485171	5
154.5 81 0.22645 0.0810337892487	6
159 81 0.3318 NaN	1
166.5 81 0.288833333333 0.100387681847	6
168 81 0.183566666667 0.120244577147	21
169.5 81 0.201885714286 0.112195124377	14
171 81 0.308 0.0932634976826	3
172.5 81 0.209645454545 0.146362668489	11
174 81 0.188119230769 0.113705387803	26
175.5 81 0.204906818182 0.11868388029	44
177 81 0.205975 0.0920750586672	8
178.5 81 0.20696969697 0.0972023452805	33
-180 80.5 0.155873684211 0.0783318428376	19
-178.5 80.5 0.126775 0.112374824599	28
-177 80.5 0.175663157895 0.0698930653406	57
-175.5 80.5 0.168670454545 0.10076737101	44
-174 80.5 0.188721428571 0.0767270195724	56
-172.5 80.5 0.173675 0.107014076425	48
-171 80.5 0.208225 0.106587090556	68
-169.5 80.5 0.214487234043 0.0820659586712	47
-168 80.5 0.177604761905 0.074118507456	42
-166.5 80.5 0.170553333333 0.0938546812653	30
-165 80.5 0.173010526316 0.101511111865	38
-163.5 80.5 0.137318367347 0.102216138797	49
-162 80.5 0.181865517241 0.0960760344941	58
-160.5 80.5 0.124479487179 0.102267464548	39
-159 80.5 0.2022525 0.0737371213875	40
-157.5 80.5 0.178114634146 0.0790970845258	41
-156 80.5 0.210354545455 0.107241776968	11
-154.5 80.5 0.15034375 0.104646522279	16
-153 80.5 0.19645 0.120635565301	14
-151.5 80.5 0.168342105263 0.0778864295396	19
-150 80.5 0.135438095238 0.105757096576	21
-148.5 80.5 0.161221428571 0.145055825744	14
-147 80.5 0.198072222222 0.0718082889329	18
-145.5 80.5 0.147138461538 0.127468855925	13
-144 80.5 0.208366666667 0.0721787343819	12
-142.5 80.5 0.152476470588 0.104767188734	51
-141 80.5 0.14212 0.138966280703	30
-139.5 80.5 0.0946941176471 0.0823195334549	17
-138 80.5 0.120041176471 0.143051695458	17
-136.5 80.5 0.20489 0.117654155224	30
-135 80.5 0.182251020408 0.131002565373	49
-133.5 80.5 0.18905106383 0.114318844489	47
-132 80.5 0.201 0.116433861054	26
-130.5 80.5 0.19361010101 0.108474006568	99
-129 80.5 0.187582278481 0.0965348080699	79
-127.5 80.5 0.194569135802 0.0974898092648	81
-126 80.5 0.20055 0.0854901479518	64
-124.5 80.5 0.201787128713 0.105538020318	101
-123 80.5 0.206316666667 0.119667332108	108
-121.5 80.5 0.203362424242 0.093559279077	165
-120 80.5 0.244438410596 0.103893120633	151
-118.5 80.5 0.287011801242 0.123557692688	161
-117 80.5 0.290930534351 0.0891181159975	131
-115.5 80.5 0.289615 0.109960421948	120
-114 80.5 0.260875 0.102533500036	136
-112.5 80.5 0.248031292517 0.105985862848	147
-111 80.5 0.231342857143 0.0953818404476	196
-109.5 80.5 0.205566176471 0.108475598206	68
-108 80.5 0.266714473684 0.128124453367	152
-106.5 80.5 0.214062162162 0.133434161913	148
-105 80.5 0.194569090909 0.150070664545	110
-103.5 80.5 0.236455555556 0.116680678379	45
-102 80.5 0.156116666667 0.0852397422959	6
-100.5 80.5 0.1498 0.179943241051	3
-15 80.5 0.2752 NaN	1
-13.5 80.5 0.2191 0.0561442784262	2
-12 80.5 0.143171428571 0.0725358466389	7
-10.5 80.5 0.240970833333 0.133347748972	24
-9 80.5 0.260002272727 0.142472945598	44
-6 80.5 0.265236842105 0.190447324915	19
-4.5 80.5 0.246836585366 0.138015380947	41
-3 80.5 0.172419047619 0.159239551051	21
-1.5 80.5 0.25335 0.128149212075	10
0 80.5 0.220677272727 0.148725928606	22
1.5 80.5 0.122933333333 0.0651852999789	3
3 80.5 -0.000666666666667 0.21248965465	3
4.5 80.5 -0.0163 0.0814385833444	8
7.5 80.5 0.26464 0.129339208415	25
9 80.5 0.103692857143 0.13056372723	14
10.5 80.5 0.1985 NaN	1
13.5 80.5 0.19305 0.0545179328295	2
15 80.5 0.35725 0.0303348809129	2
28.5 80.5 0.059375 0.167335060582	4
30 80.5 0.26185 0.0593262589416	2
31.5 80.5 0.1109 0.151529139112	9
33 80.5 0.146141176471 0.0747225205245	17
34.5 80.5 0.2508625 0.100525458633	16
36 80.5 0.209983783784 0.0890149410477	37
37.5 80.5 0.201544444444 0.110029526637	18
39 80.5 0.2404 0.160338158278	5
40.5 80.5 0.211555555556 0.113245840002	9
42 80.5 0.147088888889 0.129057013798	18
43.5 80.5 0.230892307692 0.125342334306	13
64.5 80.5 0.28305 0.0506995562111	2
67.5 80.5 0.250533333333 0.0427336323442	3
69 80.5 0.30135 0.0591348543585	6
70.5 80.5 0.218495652174 0.0687502891119	23
72 80.5 0.235810714286 0.0914832522187	28
73.5 80.5 0.297545454545 0.098895665867	11
75 80.5 0.142981818182 0.0962803491703	11
76.5 80.5 0.145281818182 0.114558385273	11
78 80.5 0.23870625 0.104931980945	16
79.5 80.5 0.171 0.0504677124506	5
81 80.5 0.274794117647 0.08020291041	17
82.5 80.5 0.191691666667 0.047996542647	12
84 80.5 0.274715789474 0.0794807262671	19
85.5 80.5 0.271210989011 0.100354120162	91
87 80.5 0.260503076923 0.101091522532	65
88.5 80.5 0.239107142857 0.118646867535	14
90 80.5 0.248323076923 0.0669786073769	26
91.5 80.5 0.5272 NaN	1
100.5 80.5 0.110975 0.117907799431	4
102 80.5 0.219816666667 0.0899184167269	6
103.5 80.5 0.3212 0.00212132034356	2
105 80.5 0.3403 NaN	1
106.5 80.5 0.027975 0.11267719009	4
108 80.5 0.121952173913 0.139294112874	23
109.5 80.5 0.303271428571 0.0240112275325	7
111 80.5 0.228311363636 0.108058832416	44
112.5 80.5 0.308092857143 0.121480935284	14
114 80.5 0.179877777778 0.109936230476	18
115.5 80.5 0.280871428571 0.0657909337876	42
117 80.5 0.25186557377 0.0847646150333	61
118.5 80.5 0.253282758621 0.0653313071775	58
120 80.5 0.241621917808 0.0701301117103	73
121.5 80.5 0.214575471698 0.082725988628	53
123 80.5 0.208103846154 0.0904186167746	52
124.5 80.5 0.1974921875 0.0839356032536	64
126 80.5 0.172075 0.119308828066	56
127.5 80.5 0.146144444444 0.128165559101	36
129 80.5 0.211690361446 0.103507652144	83
130.5 80.5 0.243186885246 0.0908625655875	61
132 80.5 0.239783333333 0.0710699906015	66
133.5 80.5 0.186486111111 0.0991024101206	72
135 80.5 0.187576190476 0.119645070245	42
136.5 80.5 0.184936363636 0.0883965714992	22
138 80.5 0.254671428571 0.0624286106571	14
139.5 80.5 0.261966666667 0.0869782587777	9
141 80.5 0.164288888889 0.0645346310992	9
142.5 80.5 0.257566666667 0.0461375931318	9
145.5 80.5 0.185625 0.0655816729989	4
153 80.5 0.3025 NaN	1
154.5 80.5 0.231066666667 0.0458129166648	3
156 80.5 0.223311111111 0.0756306393673	9
168 80.5 0.29525 0.082236518652	2
169.5 80.5 0.228166666667 0.129657045059	21
171 80.5 0.189816666667 0.0858193221868	12
172.5 80.5 0.303271428571 0.0589904148792	7
174 80.5 0.2585 0.0727860661705	8
175.5 80.5 0.192330769231 0.17364224421	13
177 80.5 0.205825 0.0916559281589	4
178.5 80.5 0.22125 0.0768737081192	6
-180 80 0.2358 0.0440791770131	14
-178.5 80 0.228758333333 0.0791250683998	24
-177 80 0.10397 0.122495061578	10
-175.5 80 0.188258974359 0.0836894155351	39
-174 80 0.1710625 0.0909086558567	32
-172.5 80 0.187331578947 0.0906073891899	38
-171 80 0.191856521739 0.0810177948468	69
-169.5 80 0.165627419355 0.0946507370428	62
-168 80 0.133123529412 0.111864059977	34
-166.5 80 0.1806875 0.137976291511	40
-165 80 0.131307692308 0.150948531303	13
-163.5 80 0.122936363636 0.158123472468	11
-162 80 0.22845 0.0947459790997	10
-160.5 80 0.172895 0.0504678790498	20
-159 80 0.160905 0.0969218756199	20
-157.5 80 0.19299 0.0889912349321	20
-156 80 0.22028 0.0710815150217	10
-154.5 80 0.186215384615 0.112170531232	13
-153 80 0.207441666667 0.0903526470743	12
-151.5 80 0.1284975 0.100228343111	40
-150 80 0.167632 0.0885681268855	25
-148.5 80 0.208091666667 0.0755423957828	12
-147 80 0.226214705882 0.0953336759869	34
-145.5 80 0.239409090909 0.12975804757	11
-142.5 80 0.246971428571 0.0998133877842	7
-141 80 0.163247368421 0.127375095108	19
-139.5 80 0.12958372093 0.125855724145	43
-138 80 0.1702 0.100919324215	11
-136.5 80 0.15314137931 0.105219822675	29
-135 80 0.0693529411765 0.0848840929357	34
-133.5 80 0.244471428571 0.108670535449	14
-132 80 0.182415625 0.132416868893	32
-130.5 80 0.14736 0.123130544874	75
-129 80 0.169949038462 0.115370828871	104
-127.5 80 0.161193333333 0.112808413959	60
-126 80 0.224284 0.0900884675398	50
-124.5 80 0.2078 0.0941953986898	68
-123 80 0.225176190476 0.0946802289855	42
-121.5 80 0.17978372093 0.120906431611	43
-120 80 0.251802816901 0.138837055543	71
-118.5 80 0.216623076923 0.107612047113	91
-117 80 0.234672727273 0.100404801518	66
-115.5 80 0.249453846154 0.129655775747	26
-114 80 0.276460335196 0.102922567938	179
-112.5 80 0.24254566474 0.103788376742	173
-111 80 0.212430232558 0.0885516772765	172
-109.5 80 0.155603125 0.118246398976	160
-108 80 0.161021428571 0.111377770419	196
-106.5 80 0.185649137931 0.0965524930403	116
-105 80 0.262316666667 0.128976178548	60
-103.5 80 0.214771186441 0.144009053895	59
-102 80 0.101971428571 0.12959003065	14
-15 80 0.18616 0.177448000834	5
-13.5 80 0.190273076923 0.141957834747	26
-12 80 0.195353846154 0.126917781987	26
-10.5 80 0.151888888889 0.0980822160797	9
-9 80 0.184941666667 0.160213263884	12
-7.5 80 0.278188888889 0.150849539645	9
-6 80 0.177733333333 0.236265027741	3
-4.5 80 0.332852941176 0.169468041566	34
-3 80 0.265447619048 0.0938267052552	21
-1.5 80 0.110492857143 0.166059977414	14
0 80 0.176633333333 0.143788860255	21
7.5 80 0.1217 NaN	1
28.5 80 -0.00405 0.0550836182544	2
30 80 0.2346 0.157826233561	2
33 80 0.2289 NaN	1
34.5 80 0.223711111111 0.161588771612	9
36 80 0.2757 0.11034772313	4
37.5 80 0.28305 0.0579120453792	2
40.5 80 0.3215 NaN	1
42 80 0.24462 0.037503559831	5
43.5 80 0.0503 NaN	1
45 80 0.156516666667 0.115795222987	6
61.5 80 0.184370967742 0.0914140769377	31
63 80 0.180731578947 0.0815946556844	19
64.5 80 0.148142857143 0.121752123283	7
66 80 0.2338 0.18819436761	5
67.5 80 0.2166375 0.0856050221741	8
69 80 0.220547058824 0.0821751416005	17
70.5 80 0.16984137931 0.0882167923577	87
72 80 0.215609259259 0.0713039977934	54
73.5 80 0.190476923077 0.0772879968264	39
75 80 0.29545 0.120944326035	4
76.5 80 0.11145 0.0733193244195	4
78 80 0.194683333333 0.0812799185009	12
79.5 80 0.213665384615 0.106489413342	26
81 80 0.197511111111 0.0885540434487	9
82.5 80 0.243772727273 0.0687256670831	22
84 80 0.238635 0.0742610867144	40
85.5 80 0.259209836066 0.0901778089941	61
87 80 0.224817021277 0.0739214986648	47
88.5 80 0.234882692308 0.0778595712281	52
90 80 0.283733333333 0.0751018496183	30
105 80 0.16125 0.040504361905	4
106.5 80 0.184675 0.101228719104	8
108 80 0.0263666666667 0.0880588628892	3
109.5 80 0.16191 0.0901437501118	20
111 80 0.0705333333333 0.127360349665	6
114 80 0.192625 0.126640366787	4
115.5 80 0.216522222222 0.109901168986	9
117 80 0.232704545455 0.0779396926645	22
118.5 80 0.19325862069 0.0784409400998	29
120 80 0.27773 0.0602826683655	20
121.5 80 0.249073809524 0.0911719203123	42
123 80 0.240373170732 0.0779312502475	82
124.5 80 0.236673684211 0.0830111427735	19
126 80 0.223527027027 0.0886862811909	37
127.5 80 0.271582142857 0.103293820595	28
129 80 0.221468292683 0.142330654532	41
130.5 80 0.243706122449 0.11336607629	49
132 80 0.20285 0.0607668333082	34
133.5 80 0.213771428571 0.0924529223829	28
135 80 0.181 0.0715549905085	19
136.5 80 0.198920689655 0.0706742243341	29
138 80 0.25928 0.0659737978291	5
139.5 80 0.1159 0.146229682349	2
141 80 0.2158 0.0455254507574	4
144 80 0.2317 NaN	1
163.5 80 0.3948 NaN	1
169.5 80 0.22674 0.0669394950683	10
171 80 0.190372727273 0.0794672648442	11
172.5 80 0.166871428571 0.0445066929156	7
174 80 0.2083 0.0670597196535	11
175.5 80 0.197894736842 0.060808236592	19
177 80 0.230488888889 0.0817845583648	18
178.5 80 0.3083 NaN	1
-180 79.5 0.233371428571 0.0621704301172	7
-178.5 79.5 0.256288888889 0.0758108904519	9
-177 79.5 0.190166666667 0.0692339818472	12
-175.5 79.5 0.179753846154 0.0827486114222	13
-174 79.5 0.223132432432 0.077175417265	37
-172.5 79.5 0.162521538462 0.0874882286588	65
-171 79.5 0.170125 0.0941075590304	16
-169.5 79.5 0.16870952381 0.103949458415	21
-168 79.5 0.16475 0.095536521094	52
-166.5 79.5 0.175575806452 0.074988461813	62
-165 79.5 0.200706451613 0.0844969109316	31
-163.5 79.5 0.1917 0.0920024347504	11
-162 79.5 0.20377804878 0.0976602388698	41
-160.5 79.5 0.124491666667 0.0902925292222	12
-159 79.5 0.187968571429 0.0882908821201	35
-157.5 79.5 0.191225 0.086603791295	16
-156 79.5 0.225716666667 0.0637016602229	12
-154.5 79.5 0.214285714286 0.0448564164333	7
-153 79.5 0.214 NaN	1
-151.5 79.5 0.13789375 0.123220828698	16
-150 79.5 0.13985 0.116253897016	8
-148.5 79.5 0.25978 0.0923004442026	5
-147 79.5 0.3483 NaN	1
-145.5 79.5 -0.0277 NaN	1
-144 79.5 0.05385 0.296489873352	2
-142.5 79.5 0.234428571429 0.0824319863946	7
-141 79.5 0.16967254902 0.132600028776	51
-139.5 79.5 0.20035 0.101403556596	32
-138 79.5 0.295627272727 0.0540343796283	11
-136.5 79.5 0.202889285714 0.130421196128	28
-135 79.5 0.189940384615 0.117804105025	52
-133.5 79.5 0.203725925926 0.106845685247	27
-132 79.5 0.22365 0.0852919072623	10
-130.5 79.5 0.105531111111 0.130704280764	45
-129 79.5 0.205439534884 0.0867629780042	43
-127.5 79.5 0.190924390244 0.112432483697	41
-126 79.5 0.232747826087 0.0820742671973	23
-124.5 79.5 0.199520895522 0.12126872806	67
-123 79.5 0.148873913043 0.107148209784	46
-121.5 79.5 0.22542826087 0.101940877556	46
-120 79.5 0.1694 0.0909090094545	11
-118.5 79.5 0.208577272727 0.104534293693	88
-117 79.5 0.223412781955 0.10672246392	133
-115.5 79.5 0.23835751634 0.0976394068774	153
-114 79.5 0.225834337349 0.126253202402	166
-112.5 79.5 0.2943 0.112637342984	88
-111 79.5 0.274854901961 0.111770117358	102
-109.5 79.5 0.245120952381 0.112763030711	105
-108 79.5 0.19217 0.130777047182	130
-106.5 79.5 0.234446236559 0.0984440677206	93
-105 79.5 0.293353191489 0.125580723824	47
-103.5 79.5 0.402175 0.136821954513	20
-70.5 79.5 0.0582333333333 0.0985076815956	3
-69 79.5 -0.0232 NaN	1
-15 79.5 0.2434 0.115242197133	6
-12 79.5 0.145942857143 0.139856666816	14
-10.5 79.5 0.20985 0.130650234686	18
-9 79.5 0.184266666667 0.124816546713	21
-7.5 79.5 0.178 0.155740384936	17
-6 79.5 0.0877909090909 0.114484234344	22
-4.5 79.5 0.285155555556 0.0824033693351	9
-3 79.5 0.203688888889 0.0846081769755	9
-1.5 79.5 0.167606666667 0.146659009107	15
0 79.5 0.324928571429 0.0772040524473	7
30 79.5 0.147578571429 0.104515182398	14
31.5 79.5 0.110935714286 0.115315917956	14
33 79.5 0.0616833333333 0.137974264509	6
34.5 79.5 0.134133333333 0.193009956565	3
36 79.5 0.15846 0.2085551318	5
37.5 79.5 0.184775 0.0649387596124	4
39 79.5 0.143537931034 0.1356765308	29
40.5 79.5 0.1701 0.112992192454	10
42 79.5 0.1467 0.119589075588	21
43.5 79.5 0.177136 0.0720685806035	50
45 79.5 0.0785 0.135249731978	7
46.5 79.5 0.227 NaN	1
48 79.5 0.199557142857 0.102615136264	7
49.5 79.5 0.173666666667 0.0575877012333	3
51 79.5 0.221057894737 0.0861852740437	19
52.5 79.5 0.212638709677 0.0727369217451	31
54 79.5 0.290128571429 0.0413444359129	7
55.5 79.5 0.235575 0.0849155806277	4
57 79.5 0.243379310345 0.0848268799182	29
58.5 79.5 0.08865 0.198127206612	4
60 79.5 0.257981818182 0.121318315338	11
61.5 79.5 0.172976190476 0.127358968686	21
63 79.5 0.199677777778 0.0991105129529	36
64.5 79.5 0.206111428571 0.0787758987158	35
66 79.5 0.141654285714 0.148065933928	35
67.5 79.5 0.199623529412 0.126855037904	34
69 79.5 0.209356521739 0.118427422447	23
70.5 79.5 0.180904026846 0.0986251132149	149
72 79.5 0.167875675676 0.111277976271	37
73.5 79.5 0.221207407407 0.115467507235	54
75 79.5 0.158118181818 0.0908992719243	11
78 79.5 0.204666666667 0.0848870622258	3
79.5 79.5 0.2231 NaN	1
81 79.5 0.17228125 0.066868480056	16
82.5 79.5 0.210492592593 0.111903089687	27
84 79.5 0.220368421053 0.0877179511125	19
85.5 79.5 0.211014285714 0.0930120426828	35
87 79.5 0.20848 0.101223908024	10
88.5 79.5 0.220485 0.0865641737642	40
90 79.5 0.196408235294 0.0984318451806	85
106.5 79.5 0.031225 0.0800534144598	4
109.5 79.5 0.121966666667 0.134192039009	3
111 79.5 0.17878 0.199222403916	10
112.5 79.5 0.1526 NaN	1
117 79.5 0.174 NaN	1
120 79.5 0.284633333333 0.00941930641467	3
121.5 79.5 0.238128571429 0.05113486585	14
123 79.5 0.234024324324 0.0968064719066	37
124.5 79.5 0.2832 0.0691153926416	9
126 79.5 0.273376666667 0.0561127662857	30
127.5 79.5 0.228525373134 0.100879017465	67
129 79.5 0.234466666667 0.0977971386766	21
130.5 79.5 0.225402380952 0.0883166102878	42
132 79.5 0.17718 0.0925156862944	20
133.5 79.5 0.183361538462 0.0813272457264	13
135 79.5 0.123109090909 0.188195740943	11
136.5 79.5 0.19779 0.0877345152029	20
138 79.5 0.225081818182 0.109377006891	11
141 79.5 0.2293 0.010748023074	2
144 79.5 0.334466666667 0.0670868342772	3
160.5 79.5 0.1971 NaN	1
162 79.5 0.14614 0.117893820873	5
163.5 79.5 0.2987 NaN	1
166.5 79.5 0.29775 0.0867620020516	2
168 79.5 0.20679047619 0.0866717537884	21
169.5 79.5 0.161071428571 0.117763154931	14
171 79.5 0.195683333333 0.0774849150404	18
172.5 79.5 0.232288 0.0555421410582	25
174 79.5 0.251988888889 0.0856385763055	18
175.5 79.5 0.175643333333 0.0811274590333	30
177 79.5 0.138607142857 0.096807644053	28
178.5 79.5 0.195375 0.116292496175	16
-180 79 0.24548 0.0846475148943	10
-178.5 79 0.231614285714 0.0692053810184	7
-177 79 0.2477 NaN	1
-175.5 79 0.149227272727 0.10153865406	22
-174 79 0.148921052632 0.0779620034158	19
-172.5 79 0.194923404255 0.0612675714379	47
-171 79 0.195433333333 0.0921901676192	60
-169.5 79 0.184404545455 0.0766074998024	22
-168 79 0.168052777778 0.0782001917649	36
-166.5 79 0.197727777778 0.106684454916	36
-165 79 0.144033333333 0.118636777603	9
-163.5 79 0.129180952381 0.1238815104	21
-162 79 0.158680952381 0.0777138315813	21
-160.5 79 0.182838095238 0.0777540511883	21
-159 79 0.23181 0.0412588966837	10
-157.5 79 0.211816666667 0.0578772638146	6
-156 79 0.246342857143 0.0543364167983	7
-154.5 79 0.2566 0.0457517212791	7
-153 79 0.0846214285714 0.13587510203	14
-151.5 79 0.1317 NaN	1
-150 79 0.17135 0.0707602592259	8
-148.5 79 0.2647 0.0793900497544	4
-147 79 0.1171 0.109305718057	25
-145.5 79 0.0802 0.0115965512115	2
-142.5 79 0.20610952381 0.123781407751	21
-141 79 0.230974074074 0.107177880872	27
-139.5 79 0.250855555556 0.110629246937	9
-138 79 0.223012121212 0.0833774578258	33
-136.5 79 0.172076666667 0.103483753522	60
-135 79 0.257715909091 0.0940670442333	44
-133.5 79 0.177536585366 0.0932258809454	41
-132 79 0.144577777778 0.102110109414	9
-130.5 79 0.0972 0.159218044064	19
-129 79 0.16439 0.0965393614843	20
-127.5 79 0.176080952381 0.161559876266	21
-126 79 0.166345454545 0.119415187191	33
-124.5 79 0.211402298851 0.114773937542	87
-123 79 0.242993710692 0.115318207904	159
-121.5 79 0.245227840909 0.095665791276	176
-120 79 0.204324489796 0.113687591911	49
-118.5 79 0.218932098765 0.0835698298239	81
-117 79 0.199277419355 0.0958742455364	62
-115.5 79 0.153681481481 0.114064184305	54
-114 79 0.254498461538 0.0776249325529	65
-112.5 79 0.291347058824 0.150998221649	51
-111 79 0.24908974359 0.118419561406	39
-109.5 79 0.227525531915 0.11951886056	47
-108 79 0.17975 0.102803907189	4
-72 79 0.0605571428571 0.101315758188	7
-70.5 79 0.179085714286 0.149257556242	7
-15 79 0.05468 0.124360513562	10
-13.5 79 0.222478378378 0.139127535686	37
-12 79 0.234726666667 0.131957978911	75
-10.5 79 0.2767 NaN	1
-9 79 0.357041666667 0.194891641028	12
-7.5 79 0.228285714286 0.145798370956	28
-6 79 0.230861538462 0.124454687623	39
-4.5 79 0.1671 NaN	1
-1.5 79 0.429866666667 0.121820209051	3
22.5 79 0.161683333333 0.063439559162	6
24 79 0.228388636364 0.0898090900664	44
25.5 79 0.234614285714 0.0300222933041	7
31.5 79 0.26094375 0.0912893857923	16
33 79 0.192990909091 0.105241307998	11
36 79 0.165566666667 0.0828264421777	15
37.5 79 0.170728571429 0.0962273993255	7
39 79 0.128233333333 0.148502799766	27
40.5 79 0.13956744186 0.109750178915	43
42 79 0.158975757576 0.0980189354714	66
43.5 79 0.120871052632 0.0724717574362	38
45 79 0.1366 NaN	1
46.5 79 0.176254098361 0.0880276955921	61
48 79 0.124033333333 0.105138721063	6
49.5 79 0.1334375 0.126853345443	8
51 79 0.129233333333 0.1187619187	21
52.5 79 0.148733333333 0.122522851727	30
54 79 0.1620625 0.0673984557192	16
55.5 79 0.13944 0.17833263302	5
57 79 0.265717391304 0.093007984272	23
58.5 79 0.243796153846 0.0790870026276	26
60 79 0.20462 0.168186517211	15
61.5 79 0.203107692308 0.127953464598	13
63 79 0.22788 0.12112687681	15
64.5 79 0.235445833333 0.123334472698	24
66 79 0.184603846154 0.15051163538	26
67.5 79 0.170508333333 0.148782510326	12
69 79 0.17505 0.109366806028	24
70.5 79 0.131692857143 0.185964899353	14
72 79 0.203326666667 0.0972935832074	30
73.5 79 0.186066666667 0.131566426971	18
75 79 0.2396875 0.0827535507473	32
76.5 79 0.201226923077 0.0951930861258	26
78 79 0.193554716981 0.0831174691581	53
79.5 79 0.167538888889 0.124290367517	18
81 79 0.24173 0.0839893357892	20
82.5 79 0.153743478261 0.13510158409	23
84 79 0.1355125 0.088321774401	16
85.5 79 0.165823529412 0.131502835185	17
87 79 0.143827272727 0.130108217196	11
88.5 79 0.187308695652 0.124732971363	46
90 79 0.177133333333 0.120313599779	33
91.5 79 0.202727586207 0.0739477561552	29
93 79 0.1393 0.121543287214	46
94.5 79 0.114575 0.064231873339	20
108 79 0.2144 0.105783174466	2
114 79 0.104 NaN	1
117 79 0.2191 NaN	1
120 79 0.26585 0.0313881612502	4
121.5 79 0.2672 NaN	1
123 79 0.0985333333333 0.16338158811	3
124.5 79 0.28104 0.0590711471114	20
126 79 0.23696875 0.0798562935842	16
127.5 79 0.222222222222 0.04897634066	9
129 79 0.218534782609 0.0994481116814	23
130.5 79 0.2349 0.0679044549349	9
135 79 0.194845454545 0.0701812277413	11
139.5 79 0.3042 0.144430860045	4
142.5 79 0.0893 NaN	1
156 79 0.2678 NaN	1
157.5 79 0.1876 NaN	1
159 79 0.28252 0.0936651322531	5
160.5 79 0.0835 NaN	1
162 79 0.2161 0.100898265595	4
163.5 79 0.274025 0.107299281607	4
166.5 79 0.27515 0.0589019948728	2
168 79 0.17695 0.0996639888158	16
169.5 79 0.16589 0.0802659530699	10
171 79 0.2629 0.0595144016184	6
172.5 79 0.2395 0.0813487323196	17
174 79 0.198288235294 0.0577625406552	17
175.5 79 0.168845454545 0.0664913432506	11
177 79 0.221180769231 0.0793444290129	26
178.5 79 0.24563 0.0653576403942	20
-180 78.5 0.217906666667 0.0766306677388	15
-178.5 78.5 0.191566666667 0.0637081325566	27
-177 78.5 0.27065 0.109413096882	14
-175.5 78.5 0.19664 0.100320114776	15
-174 78.5 0.152642857143 0.122928809354	28
-172.5 78.5 0.263753846154 0.0649625227264	13
-171 78.5 0.149031372549 0.0980815731729	51
-169.5 78.5 0.2056 0.081529555298	32
-168 78.5 0.200375 0.0530585312832	32
-166.5 78.5 0.19056 0.0664721509893	15
-165 78.5 0.156541666667 0.0524483755845	24
-163.5 78.5 0.17321 0.082664938826	10
-162 78.5 0.156025 0.0581886228857	4
-160.5 78.5 0.18066 0.0594359991924	5
-159 78.5 0.02335 0.11276230162	4
-157.5 78.5 0.16502 0.0628317754007	5
-153 78.5 0.21065 0.0678115403158	2
-147 78.5 0.0055 NaN	1
-145.5 78.5 0.151753333333 0.167543690961	15
-144 78.5 0.10215 0.119206112564	12
-142.5 78.5 0.14576 0.094490729704	5
-141 78.5 0.213884615385 0.114851373857	13
-139.5 78.5 0.240854545455 0.0745244205886	22
-138 78.5 0.168838461538 0.0856645158234	39
-136.5 78.5 0.1946 0.106652777742	13
-135 78.5 0.205176190476 0.116117228002	42
-133.5 78.5 0.151303846154 0.100551556848	26
-132 78.5 0.189949122807 0.0988829396718	57
-130.5 78.5 0.134198305085 0.118574733442	59
-129 78.5 0.181907142857 0.133418744667	28
-127.5 78.5 0.03394 0.109885437312	10
-126 78.5 0.186673015873 0.112985436124	63
-124.5 78.5 0.223695428571 0.102992016663	175
-123 78.5 0.239172058824 0.126655884156	136
-121.5 78.5 0.283248333333 0.126375659144	120
-120 78.5 0.225640601504 0.111570693745	133
-118.5 78.5 0.188313333333 0.137957980612	75
-117 78.5 0.226244274809 0.0998628714868	131
-115.5 78.5 0.26316875 0.0901760244502	48
-114 78.5 0.208533333333 0.0278554004339	3
-15 78.5 0.169034042553 0.134568964502	47
-13.5 78.5 0.356942857143 0.0862211376139	21
-12 78.5 0.248024137931 0.136863826107	29
-10.5 78.5 0.222885714286 0.136104891274	7
-9 78.5 0.184276 0.123285408301	25
-7.5 78.5 0.127090909091 0.178088368259	11
-6 78.5 0.22085 0.0942573339322	2
-4.5 78.5 0.2549 0.103974732507	5
24 78.5 0.1778 0.191908780414	2
25.5 78.5 0.05024 0.11675556946	5
27 78.5 0.2297 NaN	1
28.5 78.5 0.210925 0.0420760719808	4
30 78.5 0.0183 0.0494804001601	3
31.5 78.5 0.25314 0.0409241737852	5
33 78.5 0.2075 0.127279220614	2
34.5 78.5 0.103322222222 0.113884676074	9
36 78.5 0.217344444444 0.115960845882	9
37.5 78.5 0.140254347826 0.0858803294164	46
39 78.5 0.162 0.0627904650405	9
42 78.5 0.1247 0.154095003164	3
43.5 78.5 0.0035 NaN	1
45 78.5 0.2165 0.128993895204	5
46.5 78.5 0.0884288888889 0.124318218189	45
48 78.5 0.148236363636 0.0987593364976	11
49.5 78.5 0.21883 0.11479265414	10
51 78.5 0.1472125 0.113251083144	16
52.5 78.5 0.17956 0.0906406255495	5
54 78.5 0.165642105263 0.125466523222	38
57 78.5 0.283825 0.0267951954649	4
58.5 78.5 0.35062 0.0434611550698	5
60 78.5 0.157324 0.104503513817	25
61.5 78.5 0.10985 0.182928524293	2
63 78.5 0.1675 NaN	1
66 78.5 0.4015 0.0285671139599	2
67.5 78.5 0.136506666667 0.0934574958139	15
69 78.5 0.175841935484 0.136286472242	31
70.5 78.5 0.1306725 0.125134567541	40
72 78.5 0.1449 0.112677445244	7
73.5 78.5 0.2280375 0.0470515585998	16
75 78.5 0.13575 0.135940619389	16
76.5 78.5 0.212690909091 0.0932915844578	55
78 78.5 0.1968 0.0713131474554	45
79.5 78.5 0.188109375 0.0630897740263	32
81 78.5 0.179789473684 0.130387626776	19
82.5 78.5 0.203533333333 0.128895502591	18
84 78.5 0.220088235294 0.0733941319381	17
85.5 78.5 0.17572 0.102856831869	30
87 78.5 0.136907142857 0.0967585286916	42
88.5 78.5 0.175542622951 0.104782308397	61
90 78.5 0.216277777778 0.0883975349374	18
91.5 78.5 0.184354166667 0.090597048513	24
93 78.5 0.122169230769 0.0675643691183	13
94.5 78.5 0.175462337662 0.0799773587023	77
96 78.5 0.265100729927 0.0717871470721	137
97.5 78.5 0.14853877551 0.126819042367	49
99 78.5 0.11601 0.0373751090671	10
109.5 78.5 0.13475 0.106238696131	10
112.5 78.5 0.3131 0.096966540621	3
114 78.5 0.204566666667 0.111412312306	3
117 78.5 -0.03515 0.124097240098	2
121.5 78.5 0.2124625 0.0471470628535	8
123 78.5 0.293683333333 0.0854322452556	18
124.5 78.5 0.26722 0.0490480671269	10
127.5 78.5 0.261825 0.0834766384485	4
130.5 78.5 0.0901666666667 0.146119619947	3
135 78.5 0.19085 0.066457046278	6
136.5 78.5 0.22715 0.06448361549	4
139.5 78.5 0.1982 0.0874315160569	3
153 78.5 0.3632 NaN	1
154.5 78.5 0.278 0.0709935208311	2
156 78.5 0.294766666667 0.0351659399609	3
157.5 78.5 0.185291666667 0.0629016759183	12
159 78.5 0.252472727273 0.102809445976	11
160.5 78.5 0.259361111111 0.0692300949425	18
162 78.5 0.3727 0.0602454977571	2
163.5 78.5 0.2695125 0.0560301561024	8
166.5 78.5 0.237033333333 0.0679164051996	15
168 78.5 0.141 0.101246596651	7
169.5 78.5 0.233063636364 0.0763300631826	11
171 78.5 0.184566666667 0.155668742848	9
172.5 78.5 0.142403030303 0.147128410081	33
174 78.5 0.115383333333 0.158877391931	6
177 78.5 0.2468 0.0845933212494	3
178.5 78.5 0.178786956522 0.123281386578	23
-180 78 0.15707826087 0.121275767483	23
-178.5 78 0.1230575 0.110953383345	40
-177 78 0.1142875 0.133383767668	56
-175.5 78 0.203223076923 0.0836290335733	13
-174 78 0.169480434783 0.100532784303	46
-172.5 78 0.236765789474 0.0933677296895	76
-171 78 0.147605555556 0.0901074944472	18
-169.5 78 0.152117241379 0.125135843526	29
-168 78 0.225983333333 0.0521024151711	6
-166.5 78 0.140866666667 0.0861124141967	12
-165 78 0.182061904762 0.0613050607714	21
-163.5 78 0.21429375 0.0571715251823	16
-162 78 0.323325 0.0218896284421	4
-160.5 78 0.235833333333 0.0712932208091	3
-157.5 78 0.1846125 0.0730525826603	16
-156 78 0.167228571429 0.0481951489359	7
-154.5 78 0.2195 0.0461453681316	5
-151.5 78 0.2289 0.0573334108527	4
-150 78 0.207042857143 0.081817558367	7
-148.5 78 0.32795 0.00855599205236	2
-147 78 0.325 NaN	1
-145.5 78 0.2828 0.0519016377391	2
-144 78 0.298766666667 0.0725180437317	6
-142.5 78 0.174705263158 0.089324896826	19
-141 78 0.243909090909 0.110868719254	11
-139.5 78 0.162625 0.150613694596	8
-138 78 0.17785 0.0269407683632	2
-136.5 78 0.174564705882 0.0685517892362	34
-135 78 0.1617 0.123274672987	25
-133.5 78 0.156829411765 0.113172789666	34
-132 78 0.16739375 0.131267414903	48
-130.5 78 0.163497058824 0.123901993247	34
-129 78 0.19715625 0.13181763144	16
-127.5 78 0.199710526316 0.127984101186	38
-126 78 0.144419354839 0.116970020146	31
-124.5 78 0.230441509434 0.139628711553	53
-123 78 0.326035135135 0.0740250627395	148
-121.5 78 0.221494252874 0.121520837869	87
-120 78 0.159664788732 0.100310486702	71
-118.5 78 0.205963414634 0.0893204700953	41
-117 78 0.256562162162 0.122668809654	37
-115.5 78 0.139272727273 0.111638106576	22
-16.5 78 0.104825 0.0203706283654	4
-15 78 -0.0065 0.00989949493661	2
-13.5 78 0.280994444444 0.136959467908	18
-12 78 0.226369230769 0.108868165298	26
-10.5 78 0.270895652174 0.147953959295	23
-9 78 0.172971428571 0.115188142371	21
-6 78 0.2513 0.0489656001699	3
25.5 78 0.15798 0.038624435271	5
27 78 0.135475 0.0712912044598	4
28.5 78 0.11712 0.120351722048	5
30 78 0.3334 NaN	1
31.5 78 0.2238 0.0839000595947	6
33 78 -0.0394 NaN	1
34.5 78 0.179066666667 0.145758250195	9
36 78 0.195629166667 0.136059358783	24
39 78 0.140817391304 0.105536252505	23
40.5 78 0.0674 NaN	1
42 78 0.15775 0.136207195111	8
43.5 78 0.0388 NaN	1
45 78 0.11925 0.179392990387	2
46.5 78 0.0835 0.0263671512808	4
48 78 0.18664 0.0939291381841	5
69 78 0.193 0.151671402333	8
70.5 78 0.243327272727 0.0840835346275	33
72 78 0.196926086957 0.0788116812834	23
73.5 78 0.17124 0.106165639451	5
75 78 0.193725 0.113928846842	8
76.5 78 0.27338 0.0968366407926	25
78 78 0.249915 0.0931346522373	20
79.5 78 0.223597333333 0.100817813974	75
81 78 0.10035 0.0690194417055	4
82.5 78 0.156206060606 0.137742116243	33
84 78 0.202724324324 0.0997696190826	37
85.5 78 0.184186363636 0.0958790725545	44
87 78 0.201157142857 0.0788297079605	7
88.5 78 0.21776 0.0983281735531	15
90 78 0.220873684211 0.103509682006	19
91.5 78 0.246584782609 0.0832696449091	46
93 78 0.190815384615 0.0693845785718	13
94.5 78 0.26609 0.0508736004448	10
96 78 0.226436363636 0.0441373826303	11
97.5 78 0.170960869565 0.081212189743	23
102 78 -0.0078 NaN	1
105 78 0.186633333333 0.0523409336307	3
109.5 78 0.1144 NaN	1
111 78 0.184938461538 0.0724007773722	13
115.5 78 0.294575 0.0616586629298	8
117 78 0.154533333333 0.145157374368	3
120 78 0.1558 0.0941236952101	3
121.5 78 0.2871 NaN	1
126 78 0.00304 0.0802555480948	5
133.5 78 0.115366666667 0.146523115355	3
138 78 0.20005 0.0181726442765	2
139.5 78 0.3103 0.0182433549546	2
157.5 78 0.13665 0.0123743686708	2
159 78 0.222033333333 0.0672527181253	15
160.5 78 0.15608 0.0827612201188	10
162 78 0.263625 0.0445817627672	8
163.5 78 0.2082 0.082022192119	7
165 78 0.153875 0.100003579103	4
166.5 78 0.28086 0.0399575775041	5
168 78 0.131236 0.119172657938	25
169.5 78 0.177054545455 0.101836944091	33
171 78 0.200442857143 0.103580943557	14
172.5 78 0.0787423076923 0.099963582061	26
174 78 0.18348 0.15215619022	10
175.5 78 0.13988 0.0832695742754	5
177 78 0.170884615385 0.0614079371384	13
178.5 78 0.1584 0.0592555482634	2
-180 77.5 0.101992857143 0.11630588642	42
-178.5 77.5 0.15066 0.117237123696	30
-177 77.5 0.199559375 0.128395042763	32
-175.5 77.5 0.170656603774 0.104525404548	53
-174 77.5 0.131516666667 0.0948546134019	60
-172.5 77.5 0.196345 0.120528758198	20
-171 77.5 0.173384375 0.0930798550998	32
-169.5 77.5 0.19033 0.0901196053207	20
-168 77.5 0.15699 0.117073067877	10
-166.5 77.5 0.1488 0.0741047906684	2
-165 77.5 0.225363636364 0.0887228073578	11
-163.5 77.5 0.17947 0.0835370834767	20
-162 77.5 0.17378125 0.0904721630761	16
-160.5 77.5 0.1731 0.0942759469147	25
-159 77.5 0.19475 0.0991829790505	4
-157.5 77.5 0.1280625 0.0714065810793	8
-156 77.5 0.28185 0.00516187950266	2
-154.5 77.5 0.206986666667 0.0638155698273	15
-153 77.5 0.168058823529 0.0961418552116	17
-151.5 77.5 0.1538 NaN	1
-150 77.5 0.13394 0.148375547177	5
-148.5 77.5 0.209666666667 0.121294448897	3
-147 77.5 0.3209 0.08165182178	5
-145.5 77.5 0.23505 0.136118055378	2
-144 77.5 -0.00278 0.12212846515	5
-142.5 77.5 0.134727777778 0.0968626244045	18
-141 77.5 0.16146 0.105321284898	20
-139.5 77.5 0.050975 0.125463922437	4
-138 77.5 0.192075 0.125367203978	4
-136.5 77.5 0.19908 0.107842677743	15
-135 77.5 0.2016 0.093355084767	28
-133.5 77.5 0.164308333333 0.0895243233412	12
-132 77.5 0.14002 0.0515913461736	5
-130.5 77.5 0.176354878049 0.115468999797	82
-129 77.5 0.2 0.152921019239	33
-127.5 77.5 0.0845857142857 0.129364945062	14
-126 77.5 0.226383333333 0.127525260465	48
-124.5 77.5 0.194226760563 0.115956918056	71
-123 77.5 0.154439473684 0.134615116093	38
-121.5 77.5 0.102651515152 0.139239445563	33
-120 77.5 0.207852941176 0.112309634035	17
-118.5 77.5 0.1992625 0.0700173027085	8
-15 77.5 0.275784615385 0.0427833660464	13
-13.5 77.5 0.099525 0.155990950349	12
-12 77.5 0.224203846154 0.18530472305	26
-10.5 77.5 0.25681 0.0679811812195	10
-9 77.5 0.263431578947 0.0772671415907	19
-7.5 77.5 0.183322222222 0.106459650216	18
-6 77.5 0.026575 0.0915020803823	8
19.5 77.5 0.188466666667 0.0645379216688	3
27 77.5 0.215855555556 0.0905124730508	9
28.5 77.5 0.0462333333333 0.0690780235193	3
30 77.5 0.1606 0.217143972976	5
31.5 77.5 0.24964 0.146549007351	10
33 77.5 0.212694444444 0.108786653622	54
34.5 77.5 0.0742 0.147510372517	3
36 77.5 0.146166666667 0.0616717385302	3
37.5 77.5 0.131666666667 0.13364843184	3
39 77.5 0.10935 0.179534411743	2
40.5 77.5 0.1158 NaN	1
42 77.5 0.138336363636 0.0948639264708	11
69 77.5 0.190077777778 0.0753065531308	9
70.5 77.5 0.2029 0.14530851907	8
72 77.5 0.240981818182 0.0790677324852	22
73.5 77.5 0.204617647059 0.14086020213	17
75 77.5 0.30952 0.0575356585084	5
76.5 77.5 0.21115 0.0178726047346	4
78 77.5 0.217427272727 0.0990741751508	11
79.5 77.5 0.22555 0.161317025691	10
81 77.5 0.213 0.0722617118535	21
84 77.5 0.186258333333 0.080558566593	12
85.5 77.5 0.181730434783 0.117852069966	23
87 77.5 0.13055 0.0365574205873	2
88.5 77.5 0.175811111111 0.199144950002	9
91.5 77.5 0.2683 NaN	1
93 77.5 0.184446666667 0.0954144333696	15
94.5 77.5 0.176308695652 0.0959374650159	23
96 77.5 0.184845652174 0.0872648629977	46
97.5 77.5 0.2123125 0.0640828201106	16
99 77.5 0.16356 0.0330986102427	5
100.5 77.5 0.14614 0.114466057075	10
108 77.5 0.30655 0.02142533547	2
111 77.5 0.1854 0.0978206011022	3
114 77.5 0.260108333333 0.0654890200142	12
115.5 77.5 0.21935 0.17175623715	2
117 77.5 0.2583 0.0930589674807	8
118.5 77.5 0.276475 0.046760979103	4
120 77.5 0.24145 0.088176215614	2
123 77.5 0.1494 0.100267741572	2
129 77.5 0.3194 NaN	1
130.5 77.5 0.2247 0.0141421356237	2
132 77.5 0.1912 0.120458997173	3
133.5 77.5 0.207876470588 0.0666474449005	17
135 77.5 0.2393875 0.072839695565	8
138 77.5 0.2462 NaN	1
139.5 77.5 0.260066666667 0.111651257643	3
157.5 77.5 0.0751833333333 0.156881450996	6
159 77.5 0.213038461538 0.0886338116302	13
160.5 77.5 0.159034482759 0.109956713158	29
162 77.5 0.187472727273 0.111051779231	33
163.5 77.5 0.18521 0.121184704176	20
165 77.5 0.201993548387 0.0866639638123	31
166.5 77.5 0.156214754098 0.085210591744	61
168 77.5 0.10566 0.136498509149	5
169.5 77.5 0.190317391304 0.136663271159	23
171 77.5 0.0955625 0.187062510083	8
172.5 77.5 0.255685714286 0.0554118648117	7
174 77.5 0.147121875 0.130330685453	32
175.5 77.5 0.206982352941 0.155433334726	17
177 77.5 0.122401587302 0.122556306338	63
178.5 77.5 0.143645652174 0.128189418365	46
-180 77 0.158511111111 0.100519754405	27
-178.5 77 0.191831666667 0.110956046408	60
-177 77 0.174511111111 0.0971728766103	27
-175.5 77 0.151042105263 0.133660529019	19
-174 77 0.160982352941 0.100638804862	17
-172.5 77 0.132681481481 0.100449470792	27
-171 77 0.197227083333 0.0778771420308	48
-169.5 77 0.157671428571 0.117446075538	14
-168 77 0.213943902439 0.0745682910116	41
-166.5 77 0.195580769231 0.0753660083551	26
-165 77 0.17386 0.0471683814703	20
-163.5 77 0.191164 0.1003348929	25
-162 77 0.167960465116 0.099369838625	43
-160.5 77 0.168682926829 0.0833273121565	41
-159 77 0.124833333333 0.108472219019	30
-157.5 77 0.203361538462 0.0886891156274	13
-156 77 0.131433333333 0.175274708196	3
-154.5 77 0.203375 0.0669202243613	8
-153 77 0.0793888888889 0.114391972615	18
-151.5 77 0.1219 0.0145663996924	2
-150 77 0.19466 0.0516994970962	5
-147 77 0.130604347826 0.12284825258	23
-145.5 77 0.059275 0.044893612336	8
-144 77 0.171044444444 0.0876222019683	9
-142.5 77 0.251633333333 0.0906526337179	9
-141 77 0.0572833333333 0.153793698397	6
-139.5 77 0.3162125 0.071179419929	8
-138 77 0.170279166667 0.0990359485859	24
-136.5 77 0.224291666667 0.10409479472	12
-135 77 0.076115625 0.121062300968	32
-133.5 77 0.0994913043478 0.123675987649	23
-132 77 0.09812 0.132372468005	15
-130.5 77 0.199373493976 0.116655102535	83
-129 77 0.17507826087 0.0914725540383	23
-127.5 77 0.09545 0.18656556001	12
-126 77 0.163443589744 0.127881342606	39
-124.5 77 0.13435 0.206364620676	4
-123 77 0.225258333333 0.129169119209	36
-121.5 77 0.0822333333333 0.147172729584	21
-76.5 77 0.162809090909 0.0914024666466	11
-13.5 77 0.22164375 0.141581655915	16
-12 77 0.298 0.0953668705579	10
-10.5 77 0.22681875 0.0858339965185	16
-9 77 0.170711111111 0.119393348366	18
-7.5 77 0.074075 0.0881249255319	4
18 77 0.229 0.036345288553	2
19.5 77 0.230429166667 0.112171090126	24
21 77 0.243225 0.126568094321	4
24 77 0.0419 NaN	1
28.5 77 0.1946 0.0744652939295	3
30 77 0.3564 0.0848914993781	4
31.5 77 0.235575 0.0673155937853	4
43.5 77 0.0771 0.213572973477	5
70.5 77 0.267233333333 0.0201213982284	6
72 77 0.15652 0.14423946062	5
73.5 77 0.16815 0.106160711502	4
75 77 0.20968 0.12672614963	5
78 77 0.1522 0.01428355698	2
79.5 77 0.2391 0.0821722986576	4
81 77 0.214811111111 0.0862053355036	18
82.5 77 0.240161538462 0.0538100600641	13
84 77 0.2249 0.0419584488342	8
85.5 77 0.175873076923 0.137894770191	26
87 77 0.186218421053 0.137478068728	38
88.5 77 0.2327 0.00890954544295	2
90 77 0.2662 0.0942663513668	5
91.5 77 0.21436 0.0904435403995	15
93 77 0.20612 0.0780809964076	5
114 77 0.1286 NaN	1
115.5 77 0.159266666667 0.0936652265607	6
118.5 77 0.206325 0.0541721561321	4
120 77 0.2277 NaN	1
121.5 77 0.18165 0.0299106168442	2
124.5 77 0.188533333333 0.213088862528	3
126 77 0.2884 NaN	1
127.5 77 0.1424 0.0210717820794	2
129 77 0.2056 0.0530801909065	4
132 77 0.18639 0.048792988064	20
133.5 77 0.17062 0.0638518754619	5
135 77 0.1485 0.0340977027574	7
136.5 77 0.1905 NaN	1
138 77 0.19835 0.0662559053972	2
139.5 77 0.1334 0.0539368148856	4
141 77 0.1394 0.0456516702871	5
142.5 77 0.08395 0.0969443397007	2
153 77 0.0114 0.179875484711	3
154.5 77 0.3885 0.135905923344	2
159 77 0.202075 0.0841391852825	4
162 77 0.194133333333 0.0806349778268	39
163.5 77 0.21729245283 0.0703734184111	53
165 77 0.173468181818 0.0975433856262	88
166.5 77 0.14075877193 0.0893184992199	114
168 77 0.156757142857 0.0821384264452	14
169.5 77 0.17204 0.156053369413	20
171 77 0.210435 0.105504353988	20
172.5 77 0.175316666667 0.11163581678	18
174 77 0.1501 0.108056659153	64
175.5 77 0.05068 0.133908457952	10
177 77 0.123786363636 0.101001368663	22
178.5 77 0.178030769231 0.0809537692772	52
-180 76.5 0.178312195122 0.140141700067	41
-178.5 76.5 0.16605 0.10981104172	44
-177 76.5 0.184942424242 0.106240029033	33
-175.5 76.5 0.110446153846 0.119757198467	26
-174 76.5 0.196255555556 0.118776567469	45
-172.5 76.5 0.195524528302 0.0850785539859	53
-171 76.5 0.157433928571 0.0982552636143	56
-169.5 76.5 0.189798701299 0.0758854269581	77
-168 76.5 0.186880769231 0.0919482643442	104
-166.5 76.5 0.200679411765 0.0839740644644	34
-165 76.5 0.165383333333 0.0300323436759	6
-163.5 76.5 0.153376 0.0775075310627	50
-162 76.5 0.185769230769 0.0882769631069	26
-160.5 76.5 0.1536 0.0907859719253	64
-159 76.5 0.196846666667 0.0937842955683	15
-157.5 76.5 0.186763636364 0.134624573379	22
-156 76.5 0.143433333333 0.0626574416969	9
-154.5 76.5 0.191146666667 0.0760153637353	15
-153 76.5 0.27052 0.078530261683	5
-150 76.5 0.0463333333333 0.145376167235	9
-148.5 76.5 0.210233333333 0.0316082795061	3
-147 76.5 0.18195 0.0945588382378	10
-145.5 76.5 0.23925 0.00459619407771	2
-144 76.5 0.205411111111 0.0951685799574	9
-142.5 76.5 0.0312 0.0586898628385	2
-141 76.5 0.064 0.161273205049	4
-139.5 76.5 0.208033333333 0.0593472268378	3
-138 76.5 0.210516666667 0.149791327074	6
-136.5 76.5 0.0957258064516 0.12022802493	31
-135 76.5 0.08482 0.179825017726	5
-133.5 76.5 0.145476923077 0.141366456346	39
-132 76.5 0.203758333333 0.107686569251	12
-130.5 76.5 0.17099375 0.134082603737	16
-129 76.5 0.169228571429 0.117780114032	42
-127.5 76.5 0.10091 0.178753584874	20
-126 76.5 0.211763636364 0.0845265387767	22
-124.5 76.5 0.150359090909 0.173902281425	22
-73.5 76.5 0.118645454545 0.140070870374	11
-16.5 76.5 -0.0713 NaN	1
-15 76.5 0.0631666666667 0.155751741563	9
-12 76.5 0.1209 0.0807219920468	6
-10.5 76.5 0.254706060606 0.0950849190835	33
21 76.5 0.272128571429 0.0625555143928	7
27 76.5 0.3283 NaN	1
70.5 76.5 0.154466666667 0.0194155436013	3
72 76.5 0.25442 0.0553477370811	5
75 76.5 0.210566666667 0.0208715915381	3
76.5 76.5 0.1962 0.0616888158421	3
78 76.5 0.243914285714 0.10905357137	7
79.5 76.5 0.235620833333 0.0629534609275	24
82.5 76.5 0.311942857143 0.0370742434017	7
84 76.5 0.189928571429 0.116741236153	35
85.5 76.5 0.155081818182 0.148906049697	11
87 76.5 0.163584615385 0.0915339358394	13
88.5 76.5 0.196428571429 0.112367056955	77
90 76.5 0.107833333333 0.139663810631	9
91.5 76.5 0.27398 0.0394246369673	5
93 76.5 0.3186 0.0700070631357	10
115.5 76.5 0.0632 0.0923447526031	4
117 76.5 0.2564 0.0728451325301	4
121.5 76.5 0.3007 NaN	1
123 76.5 0.1205 0.150048058968	2
124.5 76.5 0.2761 0.0383251875403	2
126 76.5 0.348 NaN	1
129 76.5 0.1078 0.0913581961293	2
130.5 76.5 0.2229 0.0148492424049	2
133.5 76.5 0.198475 0.0748852216968	8
135 76.5 0.1105 0.0791916157178	6
138 76.5 0.113614285714 0.0329393092708	7
139.5 76.5 0.215863636364 0.0958491864621	11
142.5 76.5 0.1786 NaN	1
144 76.5 0.282933333333 0.1917390501	3
151.5 76.5 0.2781 0.0546315842714	3
156 76.5 0.171525 0.104015042983	4
157.5 76.5 0.077225 0.144571328993	4
159 76.5 0.156972222222 0.124300574063	18
160.5 76.5 0.157942857143 0.117113793259	21
162 76.5 0.146257142857 0.119157457103	49
163.5 76.5 0.190609677419 0.0962850306015	62
165 76.5 0.156563461538 0.0894217215393	104
166.5 76.5 0.164819230769 0.101037088206	130
168 76.5 0.161202702703 0.100077157696	37
169.5 76.5 0.20501 0.0997047687689	60
171 76.5 0.121740816327 0.121723056427	49
172.5 76.5 0.2268 0.0822877173158	20
174 76.5 0.157826315789 0.133014873196	19
175.5 76.5 0.116989473684 0.126967650713	19
177 76.5 0.1839875 0.140778688705	32
178.5 76.5 0.227995918367 0.129294840641	49
-180 76 0.14699 0.0844789602454	30
-178.5 76 0.143148 0.0884576457973	25
-177 76 0.180152083333 0.0984517183529	48
-175.5 76 0.150915517241 0.13239350411	58
-174 76 0.160200625 0.108446024888	160
-172.5 76 0.174108 0.093826271525	100
-171 76 0.1566 0.0919311146526	64
-169.5 76 0.169998039216 0.0989188849314	51
-168 76 0.226001111111 0.090673669102	90
-166.5 76 0.180177586207 0.108420515057	58
-165 76 0.1833375 0.109213476628	56
-163.5 76 0.166206451613 0.089344135922	31
-162 76 0.1999 0.118817316982	28
-160.5 76 0.198306818182 0.0878103596095	44
-159 76 0.1878 0.0995405858698	52
-157.5 76 0.198953333333 0.0995420791616	15
-156 76 0.194106666667 0.060587121058	15
-154.5 76 0.140017647059 0.0754196529037	17
-151.5 76 0.1542 NaN	1
-150 76 0.2214 0.0882005102026	9
-148.5 76 0.150657142857 0.153947417168	14
-147 76 0.1308 0.0949038109526	4
-145.5 76 0.162271428571 0.0753109047944	7
-144 76 -0.088 NaN	1
-141 76 0.229666666667 0.126738276249	6
-139.5 76 0.142122222222 0.152417393838	9
-138 76 0.115946666667 0.11383679964	15
-136.5 76 0.0124 0.0844642330615	4
-135 76 0.195236 0.0874995708561	25
-133.5 76 0.199282857143 0.107345827848	35
-132 76 0.2611 0.10331948832	13
-130.5 76 0.169083333333 0.0891364740973	24
-129 76 0.327563636364 0.16487898758	11
-127.5 76 0.174933333333 0.152567900433	12
-126 76 0.168563888889 0.152693016311	36
-124.5 76 0.10390952381 0.137227894048	21
-88.5 76 0.1575 NaN	1
-87 76 0.178266666667 0.0592454780272	6
-75 76 0.169 NaN	1
-73.5 76 0.16875 0.0861963166266	2
-72 76 0.00347692307692 0.199862670159	13
-15 76 0.237442857143 0.171192274574	35
-12 76 0.2693 NaN	1
-10.5 76 0.084375 0.123537069335	12
19.5 76 0.31968 0.014904428872	5
22.5 76 0.01072 0.130567518932	5
25.5 76 0.176733333333 0.0635272120171	6
67.5 76 0.1656 NaN	1
69 76 0.13818 0.201144430696	5
70.5 76 0.16206 0.135636803897	15
72 76 0.15445 0.186059321185	6
76.5 76 0.3581 NaN	1
78 76 0.25935 0.0693473623627	4
79.5 76 0.20764375 0.078571818262	16
85.5 76 0.224275757576 0.0959561456809	33
87 76 0.219653571429 0.120937760185	28
88.5 76 0.257783333333 0.0825001799814	12
90 76 0.2212 0.0710636462489	12
91.5 76 0.1858625 0.0486456263634	8
115.5 76 0.2495 0.173527058409	3
117 76 0.2212 NaN	1
118.5 76 0.10642 0.123968128969	5
121.5 76 0.2367 NaN	1
123 76 0.15425 0.0693671752344	2
124.5 76 0.14355 0.026233661582	2
136.5 76 0.1675 NaN	1
144 76 0.252766666667 0.0827118290613	6
147 76 0.3343 NaN	1
150 76 0.2508 NaN	1
153 76 0.10015 0.178685883606	2
154.5 76 0.0943 0.0930742499298	6
157.5 76 0.17488 0.0422531300616	5
159 76 0.15785 0.191335336517	6
160.5 76 0.153428125 0.117700177418	32
162 76 0.169778571429 0.113237641055	14
163.5 76 0.155947368421 0.0612403767354	19
165 76 0.17189382716 0.112161093238	81
166.5 76 0.190761864407 0.106843100813	118
168 76 0.182029807692 0.0993931507865	104
169.5 76 0.119684615385 0.105635177564	52
171 76 0.117772093023 0.0985787920918	43
172.5 76 0.220873958333 0.0592559856977	96
174 76 0.185894 0.0928753463696	50
175.5 76 0.184466129032 0.0979023935868	62
177 76 0.178691304348 0.133384338288	46
178.5 76 0.150509090909 0.115770267811	11
-180 75.5 0.161118918919 0.121853896664	37
-178.5 75.5 0.167629090909 0.0841089013494	55
-177 75.5 0.149677419355 0.116405879249	93
-175.5 75.5 0.2115 0.0966964225036	65
-174 75.5 0.171921052632 0.110406509799	57
-172.5 75.5 0.183722033898 0.0908979174827	59
-171 75.5 0.164959259259 0.110977205765	27
-169.5 75.5 0.17824137931 0.0849852361852	29
-168 75.5 0.205307692308 0.0883514931309	26
-166.5 75.5 0.201020634921 0.101279245332	63
-165 75.5 0.187818518519 0.11904093361	27
-163.5 75.5 0.172657142857 0.099240645475	14
-162 75.5 0.154379310345 0.158026160536	29
-160.5 75.5 0.20465 0.0927759814137	12
-159 75.5 0.156355555556 0.13085438578	9
-157.5 75.5 0.1916 0.130918617639	10
-156 75.5 0.127155 0.13674893043	20
-154.5 75.5 0.1915 0.0367588084682	3
-151.5 75.5 0.17642 0.0696586087844	10
-150 75.5 0.144655555556 0.0831937513365	18
-148.5 75.5 0.0744 0.0910697260345	5
-147 75.5 0.1035375 0.0907175985053	8
-145.5 75.5 0.0308333333333 0.0875107850496	9
-144 75.5 0.15622 0.140048117128	10
-142.5 75.5 0.162175 0.16648061699	4
-141 75.5 0.0281571428571 0.150267060675	7
-139.5 75.5 0.1156 0.130068454504	8
-138 75.5 0.147664285714 0.144114957357	14
-136.5 75.5 0.132566666667 0.182465777613	9
-135 75.5 0.134447058824 0.126104634717	17
-133.5 75.5 0.212075 0.131449172687	8
-132 75.5 0.168963157895 0.109253772082	38
-130.5 75.5 0.232730952381 0.137357945224	42
-129 75.5 0.3716125 0.163611259109	8
-127.5 75.5 0.128488888889 0.149163154734	36
-126 75.5 0.176455 0.163522972714	20
-124.5 75.5 0.18931372549 0.183467639675	51
-123 75.5 -0.0507 0.0366281312655	2
-73.5 75.5 0.13105 0.158745472376	2
-72 75.5 -0.0772 0.128410591463	2
-61.5 75.5 0.1807 NaN	1
-16.5 75.5 0.28717 0.0957861109589	20
-15 75.5 0.400425 0.0490296763875	4
-13.5 75.5 0.2192625 0.0636898079336	40
64.5 75.5 0.158596875 0.0915224332957	32
66 75.5 0.194766666667 0.0986215060181	24
67.5 75.5 0.126065517241 0.132422306806	29
69 75.5 0.16968 0.118014338112	10
70.5 75.5 0.2945 NaN	1
76.5 75.5 0.0117 NaN	1
78 75.5 0.2204 0.0741615129296	3
79.5 75.5 0.1182375 0.149014188562	8
84 75.5 0.2426 0.0770458737809	4
85.5 75.5 0.293461538462 0.0780813308722	13
115.5 75.5 0.175075 0.15678891499	12
118.5 75.5 0.2636 NaN	1
121.5 75.5 0.2182 NaN	1
123 75.5 0.2091 0.00466690475583	2
124.5 75.5 0.151083333333 0.0663284378428	6
129 75.5 0.1023 NaN	1
130.5 75.5 0.3046 NaN	1
132 75.5 0.13015 0.103025458019	2
151.5 75.5 0.144653846154 0.0944907898103	13
153 75.5 0.0978277777778 0.105705466527	18
159 75.5 0.2376 NaN	1
160.5 75.5 0.173655555556 0.0922661757064	27
162 75.5 0.153768421053 0.104913101886	19
163.5 75.5 0.208214285714 0.111356198108	14
165 75.5 0.170434482759 0.113873984756	58
166.5 75.5 0.126774324324 0.0877798367661	74
168 75.5 0.1664125 0.112783643146	32
169.5 75.5 0.145279245283 0.12253296473	53
171 75.5 0.101225287356 0.110304955948	87
172.5 75.5 0.170675 0.104619147559	112
174 75.5 0.138512727273 0.10052881668	55
175.5 75.5 0.16718 0.10812938504	45
177 75.5 0.17594057971 0.119908238591	69
178.5 75.5 0.164119047619 0.10770142386	42
-180 75 0.144086516854 0.122999440308	89
-178.5 75 0.177202666667 0.125287560019	75
-177 75 0.1934296875 0.0915390845137	128
-175.5 75 0.197511627907 0.0969012225002	86
-174 75 0.211825609756 0.075102753991	82
-172.5 75 0.16674 0.118113070121	40
-171 75 0.16583 0.081987601314	40
-169.5 75 0.206927272727 0.0791208303511	33
-168 75 0.155268085106 0.0866161474713	47
-166.5 75 0.13255 0.0818493540885	18
-165 75 0.141009090909 0.117747000403	22
-163.5 75 0.275628571429 0.112973083442	14
-162 75 0.20795 0.151788186748	12
-160.5 75 0.092725 0.181661293846	12
-159 75 0.15404 0.101969176715	5
-156 75 0.1435 NaN	1
-154.5 75 0.256575 0.0648485093635	4
-151.5 75 0.0645666666667 0.168861965325	3
-150 75 0.0947 0.112005044529	3
-148.5 75 0.2954 0.00763675323681	2
-147 75 0.1548 0.0298399061661	2
-145.5 75 0.221647619048 0.0934013041614	21
-144 75 0.3079 0.0542805060158	7
-142.5 75 0.105926666667 0.155982601899	15
-141 75 0.0136666666667 0.210858489672	6
-139.5 75 0.0904555555556 0.131420423747	9
-138 75 0.16 NaN	1
-136.5 75 0.148275 0.0437699573528	4
-135 75 0.32605 0.0501338707861	2
-133.5 75 0.118661538462 0.122508112238	13
-132 75 0.166375 0.13114895294	8
-130.5 75 0.25642 0.149647243455	20
-129 75 0.170361764706 0.128703516504	34
-127.5 75 0.1913 0.137716647505	13
-126 75 0.137437878788 0.13597361369	66
-124.5 75 0.172652380952 0.127196378168	21
-120 75 0.0238 0.0131521861301	2
-118.5 75 0.183421875 0.0660680525713	32
-78 75 0.1959 NaN	1
-76.5 75 0.146433333333 0.110952578459	6
-75 75 0.31105 0.064983113191	2
-73.5 75 0.198175 0.0380950018594	4
-70.5 75 0.229825 0.0321773600533	4
-61.5 75 0.1505 0.141845620306	2
-15 75 0.27962 0.054796140375	5
63 75 0.173672727273 0.0845427121745	11
64.5 75 0.115982857143 0.143281915623	35
66 75 0.133689830508 0.103582104191	59
67.5 75 -0.13635 0.0286378246381	2
69 75 0.1651 0.0558776341661	3
70.5 75 0.12846 0.157652760838	5
72 75 0.227772727273 0.0658716644834	11
73.5 75 0.32156 0.0887068937569	5
75 75 0.2704 NaN	1
76.5 75 0.221853333333 0.0911294672953	15
78 75 0.186772727273 0.0913245322015	11
79.5 75 0.3358 0.00707106781187	2
81 75 0.121933333333 0.0235032621849	3
84 75 0.310525 0.0830697849201	4
85.5 75 0.2822 0.0468104689145	2
121.5 75 0.0613 NaN	1
123 75 0.0709 0.238577827972	2
124.5 75 0.2016 0.0526808630656	4
127.5 75 0.3755 NaN	1
129 75 0.11272 0.141748711928	10
130.5 75 0.2052 0.0556731173907	6
132 75 0.0925333333333 0.1291735267	18
153 75 0.1121 NaN	1
154.5 75 0.0675 0.173222804503	5
157.5 75 0.3106 NaN	1
162 75 0.1566 0.122521372285	7
163.5 75 0.220676470588 0.0865597158716	17
165 75 0.26775 0.084112563469	4
166.5 75 0.139934375 0.09721112909	32
168 75 0.157184444444 0.10928971081	45
169.5 75 0.096978 0.141834603719	50
171 75 0.182028571429 0.103773170104	49
172.5 75 0.172819230769 0.121091064482	52
174 75 0.118151388889 0.113535222546	72
175.5 75 0.18426 0.0991411404086	80
177 75 0.191576033058 0.100785154351	121
178.5 75 0.155513235294 0.127616270549	68
-180 74.5 0.145034328358 0.116710594612	67
-178.5 74.5 0.157272881356 0.104676280669	59
-177 74.5 0.210537837838 0.102167064576	37
-175.5 74.5 0.195996296296 0.105699328582	27
-174 74.5 0.186856 0.105981610188	50
-172.5 74.5 0.168485294118 0.105423507046	34
-171 74.5 0.192883333333 0.151466731021	12
-169.5 74.5 0.205308333333 0.10976884771	24
-168 74.5 0.23662 0.101251068619	30
-166.5 74.5 0.176025 0.0727394608632	4
-165 74.5 0.13154 0.117614085265	20
-162 74.5 0.19835 0.0778520605593	4
-160.5 74.5 0.13657 0.116309167022	10
-159 74.5 0.17673125 0.0765982655918	16
-156 74.5 0.10132 0.169246675004	5
-154.5 74.5 0.26675 0.10451290351	6
-153 74.5 0.160188888889 0.189298768118	9
-151.5 74.5 0.147928571429 0.182796879206	7
-150 74.5 0.17565 0.0467397582364	2
-148.5 74.5 0.0292 NaN	1
-147 74.5 0.155482352941 0.0781657632478	17
-145.5 74.5 0.2647 NaN	1
-144 74.5 0.114633333333 0.15615845585	3
-142.5 74.5 0.17336875 0.126225907107	16
-141 74.5 0.241305882353 0.130229266443	17
-138 74.5 0.251533333333 0.0328891066059	3
-136.5 74.5 0.22082 0.103860757748	5
-135 74.5 0.176852380952 0.128238253337	21
-133.5 74.5 0.228614814815 0.135954830462	27
-132 74.5 0.128266666667 0.116765622795	6
-129 74.5 0.174772727273 0.172968739763	22
-127.5 74.5 0.1452 0.134866277687	29
-126 74.5 0.0916666666667 0.121524813653	21
-124.5 74.5 -0.0177333333333 0.149234625115	3
-120 74.5 0.200581818182 0.0721682005976	22
-118.5 74.5 0.181833333333 0.0725584132498	3
-115.5 74.5 0.1487 NaN	1
-108 74.5 0.14132 0.0459880093068	5
-106.5 74.5 0.0527066666667 0.144962706863	15
-105 74.5 0.13835 0.00148492424049	2
-100.5 74.5 0.1436 0.0500856865781	6
-81 74.5 0.12695 0.0334461507501	2
-78 74.5 0.240484615385 0.0838033297484	13
-76.5 74.5 0.1267875 0.0969311012671	8
-72 74.5 0.0217333333333 0.0786610661848	3
-69 74.5 0.191333333333 0.0431348892043	6
-64.5 74.5 0.1392 0.180152366068	5
-18 74.5 0.2257 NaN	1
-16.5 74.5 0.2635625 0.099137482077	40
-15 74.5 0.15065 0.079096643418	6
60 74.5 -0.1397 0.0598212336884	2
61.5 74.5 0.15815 0.149320784014	14
63 74.5 0.1843 0.0532634333604	4
64.5 74.5 0.138294117647 0.111151030042	34
66 74.5 0.11239 0.182849764986	10
67.5 74.5 0.2609 0.0496154008348	16
69 74.5 0.23225 0.0681269193701	8
70.5 74.5 0.207542857143 0.0771699608471	7
72 74.5 0.14388 0.0998408583697	5
75 74.5 0.1244 NaN	1
81 74.5 0.19645 0.0967350505246	4
82.5 74.5 0.26948 0.102157363905	5
84 74.5 0.339225 0.0282352468852	4
120 74.5 0.193016666667 0.0491360729675	6
121.5 74.5 0.2519 NaN	1
123 74.5 0.25636 0.0506784766938	5
124.5 74.5 0.192133333333 0.0897515645175	3
132 74.5 0.156016666667 0.153055942932	6
133.5 74.5 0.1742 0.0352139177031	2
156 74.5 0.3118 0.0134350288425	2
157.5 74.5 0.0652 NaN	1
159 74.5 0.1778 0.0930431620271	5
160.5 74.5 -0.0589 0.146609720005	3
162 74.5 0.231563636364 0.105903911852	11
163.5 74.5 0.146605263158 0.096916008732	19
165 74.5 0.173742857143 0.103620566486	28
166.5 74.5 0.1687 0.101957237025	12
168 74.5 0.168471428571 0.122087215313	21
169.5 74.5 0.144821875 0.141156780223	32
171 74.5 0.16114556962 0.115091333628	79
172.5 74.5 0.0908833333333 0.110974231496	120
174 74.5 0.162134862385 0.122703759772	109
175.5 74.5 0.148422 0.112339284368	50
177 74.5 0.114736956522 0.0902462659023	92
178.5 74.5 0.177340789474 0.112866440454	76
-180 74 0.172238983051 0.120584191531	59
-178.5 74 0.11249375 0.12492497732	16
-177 74 0.159223333333 0.0973061917558	30
-175.5 74 0.210885714286 0.097105809516	14
-174 74 0.11871509434 0.105478518404	53
-172.5 74 0.204497619048 0.0949452434958	42
-171 74 0.274475 0.0366611413586	8
-169.5 74 0.273557142857 0.0634716134527	14
-166.5 74 0.248 0.169673176038	4
-165 74 0.2392 0.112349652623	10
-163.5 74 -0.0477 NaN	1
-162 74 0.175719230769 0.0701167484656	26
-160.5 74 0.1972 0.115987777134	10
-159 74 0.203257142857 0.0799301957365	7
-157.5 74 0.1575 0.109980786201	7
-156 74 0.2783375 0.0503813156268	8
-154.5 74 0.182025 0.0962782555928	4
-153 74 0.13522 0.123412279238	10
-151.5 74 0.131646666667 0.133020996552	15
-147 74 0.202025 0.188443411362	8
-141 74 0.03005 0.152044529662	6
-138 74 0.0986 NaN	1
-136.5 74 0.1411 0.151304262993	13
-133.5 74 0.138466666667 0.115458802176	9
-132 74 0.110516666667 0.135459343224	6
-130.5 74 0.138866666667 0.314185141809	3
-129 74 0.129529032258 0.111917842467	31
-127.5 74 0.0704303030303 0.0891195141539	33
-126 74 0.0544272727273 0.145083631681	11
-112.5 74 0.1340625 0.0572616535239	8
-111 74 0.112475 0.155690106194	4
-109.5 74 -0.02516 0.166675922076	5
-108 74 0.2388625 0.0740841015815	8
-106.5 74 0.0555875 0.146043187717	8
-103.5 74 0.04484 0.113083853843	5
-90 74 -0.0911 NaN	1
-88.5 74 -0.0622 NaN	1
-82.5 74 0.1644 NaN	1
-76.5 74 0.27805 0.0689429111657	2
-75 74 0.0582 0.00579827560573	2
-67.5 74 0.135475 0.111329731728	4
-66 74 0.084875 0.0846179009824	4
-63 74 0.1813 0.113809343495	4
-60 74 0.1711 0.11155294707	4
-18 74 0.107671428571 0.146145404036	14
-16.5 74 0.212158823529 0.0964413426572	17
58.5 74 0.1988 NaN	1
60 74 0.1777 NaN	1
61.5 74 0.0646625 0.0470220294118	8
63 74 0.144216666667 0.117942878747	18
64.5 74 0.186966666667 0.013703041025	3
66 74 0.21445 0.0581448437709	8
67.5 74 0.279344444444 0.0757967655854	18
69 74 0.252775 0.0520817146415	8
70.5 74 0.226485714286 0.0764975692113	7
72 74 0.1609 NaN	1
120 74 0.1332 0.0452548339959	2
121.5 74 -0.0976666666667 0.0869631147863	3
130.5 74 0.2016 NaN	1
132 74 0.0751166666667 0.0778716743538	6
133.5 74 0.11415 0.112257922455	14
150 74 0.1098 0.00410121933088	2
151.5 74 0.1923 0.0663266160753	2
156 74 0.23518 0.0185406849927	5
157.5 74 0.171825 0.0910736835388	4
159 74 0.173 0.0594768442337	5
160.5 74 0.2242 NaN	1
162 74 0.3353 0.00212132034356	2
163.5 74 0.079875 0.0757791253139	4
165 74 0.0967545454545 0.103562863649	11
166.5 74 0.18785 0.0840920725554	4
168 74 0.188307142857 0.103853576393	14
169.5 74 0.236214285714 0.0514890741993	7
171 74 0.134562962963 0.114618787844	54
172.5 74 0.213565957447 0.13810082057	47
174 74 0.121428888889 0.156735111838	45
175.5 74 0.14749047619 0.123331941948	21
177 74 0.113576811594 0.120237058916	69
178.5 74 0.174890243902 0.127379254479	82
-180 73.5 0.162149333333 0.104985793599	75
-178.5 73.5 0.121276666667 0.149274862617	30
-177 73.5 0.199416666667 0.0745512615994	12
-175.5 73.5 0.149076470588 0.117272304639	51
-174 73.5 0.180738461538 0.105577233423	52
-172.5 73.5 0.182775757576 0.118197136784	33
-171 73.5 0.14212 0.168112771674	10
-169.5 73.5 0.228816666667 0.0953443264159	24
-168 73.5 0.10173 0.154270772417	10
-166.5 73.5 0.228963636364 0.0872520747344	11
-165 73.5 0.0277333333333 0.114240950043	6
-162 73.5 0.350833333333 0.0913992523675	3
-160.5 73.5 0.22624 0.156524624261	5
-159 73.5 0.154 NaN	1
-157.5 73.5 0.17510625 0.122586815326	16
-156 73.5 0.0674 NaN	1
-153 73.5 0.11765 0.04886107858	2
-150 73.5 0.148373333333 0.0672786791388	15
-148.5 73.5 0.05933 0.115599837082	10
-147 73.5 0.17446 0.214052956065	5
-145.5 73.5 0.037 NaN	1
-144 73.5 0.1636 NaN	1
-141 73.5 -0.1343 NaN	1
-138 73.5 0.0646333333333 0.172123221366	3
-136.5 73.5 0.2044 NaN	1
-135 73.5 0.00146 0.157281810773	5
-133.5 73.5 0.106266666667 0.135715904251	6
-130.5 73.5 0.258983333333 0.145774653718	6
-129 73.5 0.0374166666667 0.126111274939	6
-127.5 73.5 0.083552173913 0.164286003027	23
-126 73.5 0.123510526316 0.134065350723	38
-114 73.5 0.16025 0.0528444036772	6
-111 73.5 0.224 0.228134236799	3
-109.5 73.5 0.037575 0.109609796551	12
-103.5 73.5 0.0664333333333 0.055564137115	3
-75 73.5 0.2637 0.0907600132217	4
-70.5 73.5 0.1713 0.171685526472	2
-69 73.5 0.08357 0.179963830008	10
-67.5 73.5 0.171114285714 0.0575451251504	7
-66 73.5 0.169485714286 0.124797468305	7
-61.5 73.5 0.1537 NaN	1
-60 73.5 0.202628571429 0.0844045608371	14
-19.5 73.5 0.223233333333 0.0810706769841	6
-18 73.5 0.230875 0.11733857909	8
60 73.5 0.1727 0.156955397061	7
61.5 73.5 0.204821052632 0.0521462428491	19
63 73.5 0.188235714286 0.0771595909303	14
64.5 73.5 0.22967 0.0709708555207	10
66 73.5 0.240636363636 0.101879019162	11
67.5 73.5 0.149035714286 0.130459634825	14
69 73.5 -0.03895 0.208384368416	2
73.5 73.5 0.175175 0.0344389677546	4
130.5 73.5 0.18725 0.0920544223091	4
132 73.5 0.0122 NaN	1
133.5 73.5 0.136125 0.0705705465861	12
135 73.5 0.14414 0.0906380620143	15
136.5 73.5 0.084475 0.0268154650653	4
150 73.5 0.34695 0.150401612358	2
151.5 73.5 0.205376470588 0.0741899717736	17
153 73.5 0.0888 NaN	1
154.5 73.5 0.172383333333 0.0360637999477	6
156 73.5 0.157 0.0470552259129	8
157.5 73.5 0.22663125 0.0815501540465	16
160.5 73.5 0.2316 0.0403050865276	2
162 73.5 0.1024 NaN	1
163.5 73.5 0.130526315789 0.101555063565	19
165 73.5 0.0967785714286 0.115406506806	14
166.5 73.5 0.191825 0.139223517615	8
168 73.5 0.0874666666667 0.136978620318	12
169.5 73.5 0.117366666667 0.138377891848	15
171 73.5 0.172335294118 0.145211579976	34
172.5 73.5 0.157374193548 0.0946264866646	31
174 73.5 0.178771428571 0.0750842352358	7
175.5 73.5 0.183447222222 0.0936057278043	36
177 73.5 0.153513043478 0.108819437824	46
178.5 73.5 0.21089 0.10210148773	60
-180 73 0.125422222222 0.109071167029	18
-178.5 73 0.196977319588 0.0866446664847	97
-177 73 0.192464705882 0.09876743385	34
-175.5 73 0.168240540541 0.0769581143634	37
-174 73 0.2361 0.0898374710241	51
-172.5 73 0.18936097561 0.116739146986	41
-171 73 0.194605555556 0.0897553503057	18
-169.5 73 0.10565 0.14693522042	6
-168 73 0.198744444444 0.100756211236	27
-166.5 73 0.141966666667 0.154759992089	12
-165 73 0.1545 0.177795416139	5
-163.5 73 0.157590909091 0.0594882753918	11
-162 73 0.0158 NaN	1
-160.5 73 0.106685714286 0.113413791468	7
-159 73 0.234435087719 0.10879528202	57
-157.5 73 0.160423529412 0.103288900235	17
-156 73 0.15327 0.0883742752007	30
-154.5 73 0.22012 0.0378400082218	10
-153 73 0.10315 0.209232896553	2
-151.5 73 0.215971428571 0.128587900453	21
-150 73 0.1976725 0.110117545558	40
-148.5 73 0.3996 NaN	1
-147 73 0.117883333333 0.123952820326	6
-145.5 73 0.04115 0.12890556621	2
-144 73 0.1180625 0.156601130606	8
-142.5 73 0.180675 0.128524715522	4
-141 73 0.117105882353 0.144900088296	17
-136.5 73 0.0686736842105 0.106495272937	19
-135 73 0.05645 0.23002183592	2
-133.5 73 0.0993 NaN	1
-132 73 0.117 0.334461507501	2
-130.5 73 0.15648 0.136200484581	5
-129 73 0.156954545455 0.135610356269	11
-127.5 73 0.1241 NaN	1
-91.5 73 -0.0376 0.0151858486757	3
-90 73 0.160007142857 0.11153173032	14
-73.5 73 -0.0416 0.128005859241	4
-72 73 0.1482 0.149410800388	12
-70.5 73 0.189333333333 0.102231616114	3
-69 73 0.08624 0.124857130353	5
-67.5 73 0.145802439024 0.0872785497353	41
-66 73 0.107325 0.0893826744957	4
-64.5 73 0.04295 0.138174153396	4
-60 73 0.03965 0.0313248304066	2
-19.5 73 0.277171428571 0.0652494626871	7
57 73 0.2284 NaN	1
58.5 73 0.140055555556 0.162287628546	18
60 73 0.1280125 0.118091664608	8
61.5 73 0.18365 0.123883937619	4
63 73 0.2367 0.0818270737592	3
64.5 73 0.138609090909 0.122008232956	11
66 73 0.188463636364 0.0941767516187	11
67.5 73 0.100088888889 0.133929668525	9
69 73 0.1659 NaN	1
132 73 0.134396551724 0.0941424508875	29
133.5 73 0.112711111111 0.13231506381	9
135 73 0.146985185185 0.0866711677003	27
136.5 73 0.2042 0.056561529918	4
138 73 0.1369 0.136349047878	8
151.5 73 0.212933333333 0.0842227008195	3
153 73 0.182181818182 0.11721839291	11
154.5 73 0.17836 0.0562747063202	15
156 73 0.167428571429 0.0793343037156	28
157.5 73 0.17395 0.097004887412	12
159 73 0.125819047619 0.0684625709351	21
160.5 73 0.1771 NaN	1
162 73 0.2183 0.087546787491	9
163.5 73 -0.018025 0.180846663871	4
165 73 0.133112903226 0.0990346933889	31
166.5 73 0.179847368421 0.0554028917057	19
168 73 0.182380952381 0.107732978326	21
169.5 73 0.161104545455 0.123027490065	22
171 73 0.194904545455 0.0786801207862	22
172.5 73 0.1926 0.102564077532	3
174 73 0.11842 0.163412890828	10
175.5 73 0.207692592593 0.117873184547	27
177 73 0.242873684211 0.0835586476814	19
178.5 73 0.176863636364 0.0971147637823	77
-180 72.5 0.0902114285714 0.1287581814	35
-178.5 72.5 0.126389285714 0.128790183486	28
-177 72.5 0.203106451613 0.102683838181	31
-175.5 72.5 0.219009333333 0.0855460839506	75
-174 72.5 0.250496808511 0.0802051434976	94
-172.5 72.5 0.205309756098 0.081559854723	41
-171 72.5 0.192145833333 0.112701950059	24
-169.5 72.5 0.1858 0.0987601206387	43
-168 72.5 0.161953191489 0.105507530848	47
-166.5 72.5 0.153783333333 0.141721974094	18
-165 72.5 0.188221818182 0.105266356503	55
-163.5 72.5 0.218977777778 0.112055999145	9
-162 72.5 0.0705222222222 0.0988226160575	9
-160.5 72.5 0.188822222222 0.11924240833	9
-159 72.5 0.166176190476 0.163454029943	21
-157.5 72.5 0.15002 0.096464973736	20
-156 72.5 0.152826785714 0.124473472152	56
-154.5 72.5 0.2566 NaN	1
-151.5 72.5 -0.1798 NaN	1
-148.5 72.5 0.136425 0.163859907136	4
-147 72.5 -0.0122857142857 0.166427305738	7
-145.5 72.5 0.1404 0.0278600071787	2
-144 72.5 0.004925 0.155598015733	4
-142.5 72.5 0.1285 0.0314150919146	6
-141 72.5 -0.0368333333333 0.047922680782	3
-139.5 72.5 -0.0433 NaN	1
-138 72.5 -0.0275666666667 0.128415510486	3
-136.5 72.5 0.0350333333333 0.137552765633	3
-133.5 72.5 -0.0008 NaN	1
-132 72.5 0.15895 0.0212839141137	2
-129 72.5 0.111325 0.115050205487	24
-127.5 72.5 0.0637833333333 0.119278990886	6
-91.5 72.5 0.232716666667 0.0614528572702	6
-73.5 72.5 -0.14785 0.0642760064099	2
-70.5 72.5 0.17186 0.0823538280835	5
-69 72.5 0.035225 0.0461702916748	4
-67.5 72.5 0.204285714286 0.035046988866	7
-66 72.5 0.13414 0.0830506953613	5
-64.5 72.5 0.105064705882 0.0968147712205	17
-63 72.5 0.1077 0.00579827560573	2
-61.5 72.5 0.2591 0.0820052742206	5
-60 72.5 0.104573913043 0.0599155103412	23
-58.5 72.5 0.0825333333333 0.0540564828058	3
-21 72.5 0.170587096774 0.0995734226319	31
-19.5 72.5 0.1631 0.14419034295	5
57 72.5 0.2311 0.137317126875	4
61.5 72.5 0.1993 0.0663266160753	2
63 72.5 0.24632 0.0376414930628	5
64.5 72.5 0.184 0.064065279208	4
66 72.5 0.122588888889 0.120664415264	9
67.5 72.5 0.217473333333 0.117582763026	30
73.5 72.5 -0.0702 NaN	1
132 72.5 0.13802 0.189544762523	5
135 72.5 0.15126 0.0573014223209	5
136.5 72.5 0.1193125 0.0756764246645	8
138 72.5 0.06765 0.0961178819067	10
156 72.5 0.236144444444 0.0682712441499	9
157.5 72.5 0.181565217391 0.100624172989	23
159 72.5 0.169253846154 0.0436698335121	13
160.5 72.5 0.1431 0.12678733178	9
162 72.5 0.161622222222 0.152443946893	9
163.5 72.5 0.14755 0.0506992767864	4
165 72.5 0.0704 NaN	1
166.5 72.5 0.112871428571 0.139112790036	14
168 72.5 0.10836 0.118959883061	10
169.5 72.5 0.149826666667 0.0933855484894	15
171 72.5 0.13788 0.128623149438	15
172.5 72.5 0.0206 0.121335196872	3
174 72.5 0.0815571428571 0.160374502646	14
175.5 72.5 0.218875 0.0403961528696	4
177 72.5 0.164676190476 0.108881554474	21
178.5 72.5 0.154273333333 0.136157626441	15
-180 72 0.16889 0.124402677666	20
-178.5 72 0.159675 0.110790113811	12
-177 72 0.197656521739 0.0961062093637	23
-175.5 72 0.239435714286 0.0994429587218	70
-174 72 0.176673076923 0.102767997189	26
-172.5 72 0.218283333333 0.0726672344988	12
-171 72 0.134471875 0.0922033070374	32
-169.5 72 0.1966975 0.0907880809061	40
-168 72 0.18702 0.11265880765	35
-166.5 72 0.162547619048 0.107594031521	21
-165 72 0.142575609756 0.143092551834	41
-163.5 72 0.0825285714286 0.0794645773135	7
-162 72 0.179822222222 0.0776235592101	9
-160.5 72 0.0181 0.0889487492886	3
-159 72 0.0954444444444 0.116933686638	45
-157.5 72 0.0839933333333 0.10499366965	15
-156 72 0.184106060606 0.119309586631	33
-154.5 72 0.184465384615 0.147141015199	26
-153 72 0.16235 0.0221324422511	2
-150 72 0.124583333333 0.121488738847	6
-148.5 72 0.192733333333 0.171932370425	9
-147 72 0.1316 0.126962238481	5
-144 72 0.1314 NaN	1
-142.5 72 0.0875707317073 0.0930643574198	41
-141 72 0.0787958333333 0.0896309024697	24
-139.5 72 -0.085 0.10111626971	2
-138 72 0.1877 0.0867854058392	4
-135 72 0.101725 0.207932222531	4
-133.5 72 0.2179 NaN	1
-132 72 -0.0499 0.0463862048458	2
-130.5 72 0.1857 0.131614246949	3
-129 72 0.1309 NaN	1
-103.5 72 0.2831 NaN	1
-102 72 0.138066666667 0.0584453020638	3
-93 72 0.27775 0.0467037114871	4
-73.5 72 0.0786 NaN	1
-72 72 0.128371428571 0.0635565552424	7
-70.5 72 0.127533333333 0.217618389235	3
-69 72 0.312475 0.0913441249707	4
-67.5 72 0.24185 0.0359843219829	8
-66 72 0.155464285714 0.106112180169	14
-64.5 72 0.1077 NaN	1
-63 72 0.0719 0.253568491733	2
-61.5 72 0.143492857143 0.166841151833	14
-60 72 0.22965 0.00247487373415	2
-21 72 0.1267875 0.0779490023303	8
-19.5 72 0.164711111111 0.147862135488	9
58.5 72 0.2881375 0.0645723721881	8
60 72 0.1246 0.115182029848	5
64.5 72 0.12528 0.117512731225	5
66 72 0.2632 0.0991975955503	28
67.5 72 0.234377777778 0.0871496956073	9
132 72 0.1882 0.01428355698	2
157.5 72 0.186766666667 0.035765048115	6
160.5 72 0.158157142857 0.0786372866848	7
162 72 0.08182 0.123935160467	10
163.5 72 0.0614 0.175171958372	5
166.5 72 0.193966666667 0.0532884915656	3
168 72 0.2021 0.1030935255	9
169.5 72 0.174 0.0114551298552	2
171 72 0.1391 0.123597838631	8
172.5 72 0.164025 0.0931641216962	8
174 72 0.115921212121 0.119665376565	33
175.5 72 0.168174468085 0.10160258356	47
177 72 0.201811764706 0.0946597445639	85
178.5 72 0.152117647059 0.129102964477	34
-177 71.5 0.236257142857 0.0658952668291	7
-175.5 71.5 0.185247540984 0.104983220257	61
-174 71.5 0.140625 0.101584326219	16
-172.5 71.5 0.212856363636 0.0747721347474	55
-171 71.5 0.192931034483 0.0623805550257	29
-169.5 71.5 0.142063636364 0.0945757925975	11
-168 71.5 0.206594117647 0.0745923711799	17
-166.5 71.5 0.204721153846 0.114636960362	52
-165 71.5 0.105272727273 0.135338247091	22
-163.5 71.5 0.10857 0.107820798344	10
-162 71.5 0.210946666667 0.121263846656	30
-160.5 71.5 0.125503846154 0.108959649341	26
-159 71.5 0.105757142857 0.15972041048	7
-157.5 71.5 0.129936363636 0.118108655675	11
-156 71.5 0.0728071428571 0.112883380696	14
-154.5 71.5 0.176254545455 0.12235989019	11
-153 71.5 0.145654545455 0.0960000454545	11
-151.5 71.5 0.145963636364 0.0986464826816	11
-148.5 71.5 0.1401 0.0954594154602	2
-147 71.5 0.212033333333 0.0814867064823	3
-142.5 71.5 0.10954 0.102460997458	10
-141 71.5 0.0599 0.135764501988	2
-139.5 71.5 0.26294 0.0852079104309	5
-138 71.5 0.104664285714 0.14303663655	14
-136.5 71.5 0.134326923077 0.104610571388	26
-135 71.5 0.06894 0.157796175492	5
-133.5 71.5 -0.0792 NaN	1
-132 71.5 0.2233 0.100126320216	2
-130.5 71.5 0.361 NaN	1
-102 71.5 0.0713 NaN	1
-91.5 71.5 0.282588888889 0.0674450414123	9
-70.5 71.5 0.120211111111 0.0907426366771	9
-69 71.5 0.209488888889 0.112843321306	18
-67.5 71.5 0.3911 NaN	1
-66 71.5 0.196825 0.0511721522575	4
-64.5 71.5 0.1883 NaN	1
-63 71.5 0.174025 0.124547016366	8
-61.5 71.5 0.141527777778 0.165172461761	18
-60 71.5 0.246075 0.105488526232	4
-21 71.5 0.142628571429 0.164032331308	7
57 71.5 0.206433333333 0.100533045977	3
58.5 71.5 0.1651 NaN	1
60 71.5 0.2692 0.100607107105	3
66 71.5 0.0221 0.0420021428025	2
162 71.5 0.188036363636 0.0696587291404	11
163.5 71.5 0.247122222222 0.104505033106	9
166.5 71.5 0.08495 0.0480125504426	2
169.5 71.5 0.1166 0.112453935013	9
171 71.5 0.16295 0.108356397348	14
172.5 71.5 0.134828571429 0.0635825634978	7
174 71.5 0.197432258065 0.0923795409785	31
175.5 71.5 0.142623333333 0.102809170544	60
177 71.5 0.1508 0.140594893222	6
178.5 71.5 0.183158139535 0.1078523555	43
-177 71 0.3208 NaN	1
-175.5 71 0.145665517241 0.0943459260831	29
-174 71 0.23305625 0.0824707784107	16
-172.5 71 0.241782352941 0.060573201947	17
-171 71 0.205566666667 0.0754731375574	24
-169.5 71 0.2026375 0.0665571464983	24
-168 71 0.208344444444 0.0854609041831	18
-166.5 71 0.26045 0.125652875017	2
-165 71 0.24126 0.0479700740045	5
-163.5 71 0.143784615385 0.149393266505	13
-162 71 0.17464 0.143941903404	10
-160.5 71 0.113488888889 0.0607870143296	9
-151.5 71 0.139981818182 0.114596996629	11
-150 71 0.167279310345 0.111776554465	29
-147 71 0.1735 NaN	1
-145.5 71 0.2905 NaN	1
-136.5 71 0.16362 0.0932206093093	5
-102 71 0.194833333333 0.131020049356	3
-91.5 71 0.211975 0.0830942451162	8
-69 71 0.189533333333 0.16934710902	3
-67.5 71 0.240172727273 0.121887588301	11
-66 71 0.271905263158 0.136764962511	19
-64.5 71 0.03355 0.1516909248	4
-63 71 0.128695238095 0.0805253467934	21
-61.5 71 0.139653846154 0.0927759003853	13
-60 71 0.0691 0.141176308211	3
-58.5 71 0.2626 0.0235879206375	3
-21 71 0.3056 NaN	1
60 71 0.1514 NaN	1
61.5 71 0.2056 NaN	1
64.5 71 -0.00065 0.190423856174	2
162 71 0.21045 0.00869741340859	2
169.5 71 0.199266666667 0.0554059864395	3
171 71 0.1995 NaN	1
172.5 71 0.131133333333 0.116605881134	12
174 71 0.138461904762 0.0812531567152	21
175.5 71 0.172094736842 0.0882249868467	19
177 71 0.05124 0.149659511336	10
-180 70.5 0.097925 0.0783125947725	4
-178.5 70.5 0.16618 0.0604390767633	5
-177 70.5 0.290475 0.079325275201	8
-175.5 70.5 0.155568181818 0.12125373391	22
-174 70.5 0.282571428571 0.0677065165324	7
-172.5 70.5 0.120428571429 0.119477162592	7
-171 70.5 0.101846666667 0.154612330254	15
-169.5 70.5 0.17946779661 0.120448056397	59
-168 70.5 0.205095238095 0.0826224877148	21
-166.5 70.5 0.2995 0.0733976838872	2
-165 70.5 0.271566666667 0.0640265830209	3
-162 70.5 0.2878 NaN	1
-148.5 70.5 0.2519 0.0331823748397	3
-147 70.5 0.261766666667 0.0452694525407	3
-145.5 70.5 0.2262 NaN	1
-144 70.5 0.285325 0.0700984248515	4
-141 70.5 0.2257 NaN	1
-124.5 70.5 0.3117 NaN	1
-90 70.5 0.238 0.0310823100815	5
-66 70.5 0.19664 0.101393767067	10
-64.5 70.5 0.1904 0.152421240864	16
-63 70.5 0.116271428571 0.150704409516	7
-61.5 70.5 0.107861538462 0.166935738826	13
-60 70.5 0.0963 0.0917193000409	3
61.5 70.5 0.1276 NaN	1
63 70.5 0.05882 0.0164037190905	5
64.5 70.5 0.2237 0.0118793939239	2
163.5 70.5 0.2272 NaN	1
165 70.5 0.1828 0.0521844804516	2
166.5 70.5 0.192533333333 0.173422528333	3
174 70.5 0.0569714285714 0.127009274127	7
175.5 70.5 0.194436842105 0.108209386585	19
177 70.5 0.187433333333 0.14923875167	9
178.5 70.5 0.2369 NaN	1
-180 70 0.206914285714 0.0907136631233	28
-178.5 70 0.244352631579 0.113375587067	19
-177 70 0.20029375 0.0689112421283	16
-175.5 70 0.190463636364 0.114427402948	11
-174 70 0.217136842105 0.0654276802663	19
-172.5 70 0.242957142857 0.1021946488	28
-171 70 0.219616666667 0.0891019734162	6
-169.5 70 0.21266 0.121560174399	10
-168 70 0.21415 0.0932374334696	6
-165 70 0.09685 0.0624936530111	4
-100.5 70 0.0926 0.0323854905783	2
-90 70 0.2102 0.0882060513797	9
-88.5 70 0.174533333333 0.0124837227354	3
-66 70 0.10072 0.121077310472	10
-64.5 70 0.18890625 0.119583580081	16
-61.5 70 0.0788 0.113889068835	3
-60 70 0.133 0.160563611486	13
51 70 -0.1835 NaN	1
52.5 70 0.0996 0.152762871798	5
54 70 0.178636363636 0.0413281326151	11
66 70 0.3439 NaN	1
168 70 0.169325 0.0949392568962	4
174 70 0.116414285714 0.0795272160662	7
178.5 70 0.18089 0.108016145398	10
-180 69.5 0.131125 0.100104857524	4
-178.5 69.5 0.1734 0.0524789481602	3
-177 69.5 0.195008888889 0.0953978340287	45
-175.5 69.5 0.125666666667 0.104252685817	9
-174 69.5 0.284233333333 0.0776828687372	15
-172.5 69.5 0.141294444444 0.127194377559	36
-171 69.5 0.191415789474 0.109918897685	38
-169.5 69.5 0.20852 0.0498907263069	15
-168 69.5 0.1948 0.0931631364865	3
-165 69.5 0.099075 0.0278349151247	4
-138 69.5 0.0284 NaN	1
-100.5 69.5 0.3598 NaN	1
-88.5 69.5 0.183642857143 0.100452872153	7
-87 69.5 0.1185 0.131942290415	6
-66 69.5 0.14532 0.14115572803	10
-64.5 69.5 0.122361538462 0.0922840681308	13
-63 69.5 -0.00153333333333 0.0561127733527	3
-61.5 69.5 0.1598 0.140164153763	3
-60 69.5 0.202216666667 0.144407997239	6
-22.5 69.5 0.0506 0.00777817459305	2
52.5 69.5 0.2698 NaN	1
-178.5 69 0.144085714286 0.138084882452	7
-177 69 0.178742857143 0.0894062424581	7
-175.5 69 0.218267857143 0.0863098079482	56
-174 69 0.185644047619 0.101532048891	84
-172.5 69 0.190377777778 0.12437514673	18
-171 69 0.2694 0.108273311578	3
-169.5 69 0.2614 NaN	1
-165 69 0.2159 0.0554877764317	7
-87 69 0.185818181818 0.0823381219141	22
-67.5 69 0.0719533333333 0.104698054742	15
-66 69 0.0554 NaN	1
-64.5 69 0.3155 NaN	1
-63 69 0.214466666667 0.0651682438002	9
-61.5 69 0.196322222222 0.105735156563	27
-60 69 0.155513333333 0.123863016887	15
-58.5 69 0.3703 NaN	1
-24 69 0.227342857143 0.0524807538419	7
54 69 0.175966666667 0.0631775540309	3
-175.5 68.5 0.177079545455 0.112901365842	44
-174 68.5 0.187227027027 0.108940411382	74
-172.5 68.5 0.225572222222 0.0672999327467	18
-171 68.5 0.136452631579 0.0992026583581	38
-66 68.5 0.2037 0.0668359309553	13
-64.5 68.5 0.2549625 0.0907385244614	8
-63 68.5 0.13125 0.0854826138623	12
-61.5 68.5 0.2258375 0.125666962785	8
-60 68.5 0.101008333333 0.194502388199	12
-25.5 68.5 0.0544 NaN	1
-24 68.5 0.2506375 0.0885776704914	32
-175.5 68 0.0840666666667 0.171563663597	6
-174 68 0.187981081081 0.080281855668	74
-172.5 68 0.183971794872 0.0972038957112	39
-171 68 0.1920875 0.128094253045	24
-168 68 0.26066875 0.0826985104158	16
-166.5 68 0.136366666667 0.201862684351	3
-30 68 0.2582175 0.0712364387004	40
-25.5 68 0.0956 0.104555894143	5
-174 67.5 0.18442 0.147548588251	20
-172.5 67.5 0.242091666667 0.107289959357	12
-171 67.5 0.27405 0.0701945672593	12
-168 67.5 0.18555 0.165900736242	8
-166.5 67.5 0.281726666667 0.0863922145061	45
-165 67.5 0.253483333333 0.081035261872	6
-79.5 67.5 0.377 NaN	1
-61.5 67.5 0.1656 NaN	1
-60 67.5 0.194666666667 0.126139362083	6
-31.5 67.5 0.2158 0.000989949493667	2
-30 67.5 0.147191428571 0.0810630345943	70
-171 67 0.210033333333 0.0396203651338	3
-169.5 67 0.18095 0.0300520382004	2
-166.5 67 0.1711 0.0899883802023	8
-165 67 0.246176923077 0.0949470128883	13
-73.5 67 0.1839 NaN	1
-60 67 0.193818181818 0.109338948396	11
-58.5 67 0.33545 0.0494267640049	2
-168 66.5 -0.0601 0.0927364006203	3
-78 66.5 0.3692 NaN	1
-60 66.5 0.310916666667 0.0641238619132	6
-58.5 66.5 0.378 0.0796202235616	2
-33 66.5 0.269715625 0.0857061450327	32
-31.5 66.5 0.189614285714 0.0913413284648	21
-168 66 0.216333333333 0.0757272958274	3
-58.5 66 0.3027 0.0557726635548	3
-31.5 66 0.28088 0.0681411916538	5
36 66 0.0695714285714 0.190174277215	7
37.5 66 0.168275 0.0436920568677	4
-169.5 65.5 0.039375 0.11246650983	4
-81 65.5 0.3019 0.0920653029105	2
22.5 65.5 -0.0524 0.117096882964	2
36 65.5 0.207333333333 0.0472276755021	3
-178.5 65 0.132772972973 0.0656432134457	37
-171 65 0.202330769231 0.0822565841804	13
-169.5 65 0.337462962963 0.114488454736	27
-63 65 -0.00665 0.0796638144538	4
-60 65 -0.1415 NaN	1
22.5 65 -0.0699 NaN	1
-180 64.5 0.234966666667 0.0485706015336	3
-178.5 64.5 0.103713333333 0.111087924422	15
-172.5 64.5 0.1139 NaN	1
-171 64.5 0.0348 NaN	1
-169.5 64.5 0.213227272727 0.041834485557	11
-63 64.5 0.124225 0.131654430866	4
-61.5 64.5 0.22625 0.0569220958855	2
-60 64.5 0.1561 0.0458067680589	4
-180 64 0.0757 0.0682834289317	4
-178.5 64 0.0335 NaN	1
-177 64 0.3061 0.0262569990669	3
-168 64 0.241516666667 0.0536159460111	6
-163.5 64 -0.0108777777778 0.133450765994	9
-63 64 0.1069 NaN	1
-61.5 64 0.358 0.0267286363289	2
21 64 0.2318 NaN	1
22.5 64 0.03284 0.137831683776	20
-180 63.5 0.183333333333 0.0253849364782	9
-178.5 63.5 0.00404 0.101070296769	10
-177 63.5 0.204320833333 0.0627162414244	24
-174 63.5 0.1724 NaN	1
-172.5 63.5 -0.0569 0.0365299876814	3
-166.5 63.5 0.245225 0.0379022756573	4
-163.5 63.5 0.0381777777778 0.125990543075	9
-76.5 63.5 0.431333333333 0.0429335921317	3
-63 63.5 0.3159 NaN	1
-61.5 63.5 0.0654 NaN	1
-72 63 0.1678 NaN	1
-63 63 0.26405 0.00898025612107	2
21 63 0.269166666667 0.0582437407224	3
-174 62.5 0.244113333333 0.0882643097801	15
-172.5 62.5 0.1246 NaN	1
-171 62.5 0.1219 NaN	1
-169.5 62.5 0.2393875 0.0511611302651	8
-177 62 0.22116 0.164341695866	5
-172.5 62 0.133225 0.116129516776	16
-171 62 0.154775 0.163692585354	4
-169.5 62 0.141828571429 0.0481210180789	7
-81 62 0.2329 NaN	1
-70.5 62 0.31682 0.0652791850439	5
-69 62 0.2469 0.00961665222414	2
-172.5 61.5 0.2584 NaN	1
-171 61.5 0.19115 0.083362521555	12
-169.5 61.5 -0.0902142857143 0.0416692303973	7
-85.5 61.5 0.2427 0.0922159422226	5
-172.5 61 0.1829 0.0505618433208	4
-171 61 0.1104 0.177342380722	2
-88.5 61 0.163775 0.0380663784286	4
-87 61 0.2478 NaN	1
-85.5 61 0.22285 0.0135057395207	2
-84 61 0.2577 0.0358820289281	3
-88.5 60.5 0.04034 0.154536607314	5
-87 60.5 0.1786 NaN	1
-85.5 60.5 0.21825 0.0990278277388	16
-84 60.5 0.2147 0.0436991990773	2
-82.5 60.5 0.202966666667 0.0445781710407	3
157.5 60.5 0.1976 0.0687513636228	3
-87 60 0.2237 0.0758018469432	2
-85.5 60 0.171773684211 0.104191238926	19
-84 60 0.1400375 0.064653956624	8
28.5 60 0.2308 0.0591141269072	2
156 60 0.27675 0.0462531080037	4
157.5 60 0.266957142857 0.0606002986006	7
160.5 60 0.179133333333 0.0183881302294	3
