lon, lat, freeboard (m), standard deviation, count
-180 81.5 0.175884615385 0.0892733077824	130
-178.5 81.5 0.183556589147 0.0934165133998	129
-177 81.5 0.199485344828 0.0797311133351	232
-175.5 81.5 0.222046666667 0.0828835521884	195
-174 81.5 0.246394594595 0.0834627766692	296
-172.5 81.5 0.209286307054 0.0775416136883	241
-171 81.5 0.204063020833 0.0826276821712	192
-169.5 81.5 0.198940243902 0.0860898487133	164
-168 81.5 0.180904477612 0.0878006875669	67
-166.5 81.5 0.1756825 0.106447233942	80
-165 81.5 0.173905555556 0.0932028262737	36
-163.5 81.5 0.21757 0.0899243361081	50
-162 81.5 0.161584415584 0.122037416679	77
-160.5 81.5 0.183867857143 0.118814918499	84
-159 81.5 0.18621965812 0.110737629681	117
-157.5 81.5 0.194664893617 0.111221365731	94
-156 81.5 0.160165217391 0.0920175701464	299
-154.5 81.5 0.162323492063 0.0874781837436	315
-153 81.5 0.177373684211 0.0884107651188	361
-151.5 81.5 0.189588602941 0.094538614588	272
-150 81.5 0.204676666667 0.0953927942697	330
-148.5 81.5 0.195673913043 0.0976851200178	299
-147 81.5 0.165903846154 0.0946920220816	182
-145.5 81.5 0.179575085324 0.107743294107	293
-144 81.5 0.200590865385 0.103427296518	208
-142.5 81.5 0.153646153846 0.114681252277	91
-141 81.5 0.165456818182 0.0989084520964	176
-139.5 81.5 0.186852525253 0.0975176837374	99
-138 81.5 0.183278947368 0.10875059824	76
-136.5 81.5 0.186571875 0.0647246985534	32
-135 81.5 0.123988235294 0.114837744051	51
-133.5 81.5 0.135950649351 0.104463401578	77
-132 81.5 0.129442424242 0.10995666409	99
-130.5 81.5 0.144156213018 0.107905588032	169
-129 81.5 0.118324752475 0.114995758006	202
-127.5 81.5 0.120830150754 0.109727162993	199
-126 81.5 0.154077664975 0.10713028978	197
-124.5 81.5 0.164861632653 0.0979199421941	245
-123 81.5 0.118626666667 0.0978642091204	315
-121.5 81.5 0.111614512472 0.0948370371062	441
-120 81.5 0.113041923077 0.115311446874	260
-118.5 81.5 0.0795361660079 0.10711207093	506
-117 81.5 0.0920116776316 0.0977556560096	608
-115.5 81.5 0.116211033275 0.0960194499713	571
-114 81.5 0.127972587719 0.0902031602885	456
-112.5 81.5 0.082509375 0.0903977212153	608
-111 81.5 0.0765337837838 0.0913347701029	518
-109.5 81.5 0.0885416161616 0.102903146778	495
-108 81.5 0.0926014285714 0.0991843724188	490
-106.5 81.5 0.090553470437 0.109008726925	389
-105 81.5 0.0565108108108 0.115948244774	481
-103.5 81.5 0.0756285714286 0.11703914182	196
-102 81.5 0.0939362745098 0.143904591607	204
-100.5 81.5 0.0738218045113 0.134710446339	266
-99 81.5 0.0965876010782 0.128447337436	371
-97.5 81.5 0.129160992908 0.124804715939	282
-96 81.5 0.198023076923 0.118071038131	52
-10.5 81.5 0.18804375 0.0916537612885	16
-9 81.5 0.136233858268 0.119057256614	127
-7.5 81.5 0.183561904762 0.142426348878	42
-6 81.5 0.0794827160494 0.120875985818	81
-4.5 81.5 0.216894382022 0.114103377529	89
-3 81.5 0.196910945274 0.0979329922937	201
-1.5 81.5 0.222390521327 0.100798327203	211
0 81.5 0.224355371901 0.119901543603	121
1.5 81.5 0.12022962963 0.100539582006	27
3 81.5 0.0700666666667 0.114971953455	42
4.5 81.5 0.17076875 0.110217179849	32
6 81.5 0.242236363636 0.113002513297	33
7.5 81.5 0.0896 NaN	1
9 81.5 0.131378571429 0.093049733246	28
10.5 81.5 0.167846268657 0.132887907114	67
12 81.5 0.231448275862 0.156842702789	58
13.5 81.5 0.2946 0.0769332177931	2
15 81.5 0.086425 0.124495980524	4
18 81.5 0.4226 NaN	1
21 81.5 0.0878235294118 0.115245669818	17
22.5 81.5 0.094 NaN	1
27 81.5 0.05955 0.0853477884892	2
28.5 81.5 0.1 0.200065014433	3
30 81.5 0.06875625 0.116016883649	16
31.5 81.5 0.130090909091 0.0679487195232	22
33 81.5 0.130133333333 0.106540220887	6
34.5 81.5 0.0556 0.125234060862	21
36 81.5 0.141044444444 0.135156197704	9
37.5 81.5 0.1943 NaN	1
39 81.5 0.11575 0.241759808488	2
40.5 81.5 0.118666666667 0.14967060611	21
42 81.5 -0.0192 NaN	1
45 81.5 0.3322 0.094186623254	2
46.5 81.5 0.0672333333333 0.156209777756	6
51 81.5 0.183675 0.121525150248	8
67.5 81.5 0.0441 NaN	1
70.5 81.5 0.01164 0.163672089863	5
72 81.5 -0.00235 0.21121279554	2
76.5 81.5 0.1781 0.328521810539	2
78 81.5 0.26415 0.233133105757	2
79.5 81.5 0.1244 0.0321420285607	3
81 81.5 0.0671473684211 0.152881876582	19
82.5 81.5 0.130172972973 0.111606445574	37
84 81.5 0.1991 0.116132841708	14
85.5 81.5 0.248714285714 0.108465008621	7
87 81.5 0.131036842105 0.149773451922	19
88.5 81.5 0.1882 0.0804288367302	10
99 81.5 0.34015 0.0301934595567	2
100.5 81.5 0.133 NaN	1
102 81.5 0.2158 0.0544128293696	6
103.5 81.5 0.268325 0.0940373108576	4
105 81.5 0.2338 0.069471049126	10
106.5 81.5 0.1598375 0.0824333536165	40
108 81.5 0.139594117647 0.0948855417066	34
109.5 81.5 0.159090163934 0.124151309169	61
111 81.5 0.156058823529 0.128128241709	17
112.5 81.5 0.1378 0.105440588448	27
114 81.5 0.12928 0.146051278096	25
115.5 81.5 0.109315789474 0.163447250285	19
117 81.5 0.176554545455 0.136342483208	11
118.5 81.5 0.1485 0.111009071945	38
120 81.5 0.0624875 0.119443084155	40
121.5 81.5 0.121671875 0.13889937698	32
123 81.5 0.134055555556 0.110577895737	27
124.5 81.5 0.178962352941 0.0864229866034	85
126 81.5 0.147623684211 0.10134950615	38
127.5 81.5 0.063662962963 0.122894101217	27
129 81.5 0.144853846154 0.111947467075	26
130.5 81.5 0.123507317073 0.120141469506	41
132 81.5 0.000230769230769 0.110730185471	13
133.5 81.5 0.170045454545 0.193735192279	11
135 81.5 0.122794285714 0.127797813529	35
136.5 81.5 0.124966666667 0.13848267521	21
138 81.5 0.1367625 0.106189943477	48
139.5 81.5 0.150832258065 0.101295310484	62
141 81.5 0.141651851852 0.0891883502671	27
142.5 81.5 0.124388 0.13303313284	25
144 81.5 0.104342857143 0.178962518023	7
145.5 81.5 0.113794444444 0.133852576816	18
147 81.5 0.230707692308 0.119569564561	13
148.5 81.5 0.17796 0.123315973553	10
150 81.5 0.16425625 0.120002972012	16
151.5 81.5 0.243836363636 0.0899457755843	11
153 81.5 0.110033333333 0.0959654165649	18
154.5 81.5 0.15714137931 0.112830247076	29
156 81.5 0.121892941176 0.122021105501	85
157.5 81.5 0.166711538462 0.132641451521	26
159 81.5 0.111838461538 0.196945493891	13
160.5 81.5 0.135973529412 0.142766771681	34
162 81.5 0.133434883721 0.119134343702	43
163.5 81.5 0.145692105263 0.137132867867	38
165 81.5 0.146830508475 0.113203712097	59
166.5 81.5 0.109403636364 0.143401014981	55
168 81.5 0.142903529412 0.126840559315	85
169.5 81.5 0.170516847826 0.0989500176794	184
171 81.5 0.17535530303 0.0944737875633	132
172.5 81.5 0.17761875 0.114011363782	64
174 81.5 0.189015 0.0949636636834	120
175.5 81.5 0.163777300613 0.0873398268017	163
177 81.5 0.165262983425 0.081742857044	181
178.5 81.5 0.180633793103 0.0857067822909	145
-180 81 0.17852037037 0.0965144982177	108
-178.5 81 0.190980116959 0.0899451359702	171
-177 81 0.202929090909 0.0877945551649	110
-175.5 81 0.220190849673 0.0800527205885	153
-174 81 0.223672384937 0.0769601063779	239
-172.5 81 0.207386144578 0.0857821397718	166
-171 81 0.199420863309 0.103587132318	139
-169.5 81 0.196369852941 0.0909006069489	136
-168 81 0.17707699115 0.0874185661966	113
-166.5 81 0.17437032967 0.0829276960765	91
-165 81 0.175355128205 0.1048542794	78
-163.5 81 0.182643902439 0.099643017941	41
-162 81 0.236236363636 0.113917631653	55
-160.5 81 0.153977419355 0.0848662562446	62
-159 81 0.143262025316 0.089163911729	79
-157.5 81 0.187641818182 0.0963735720577	110
-156 81 0.181508695652 0.0956509329612	115
-154.5 81 0.138343801653 0.090304377794	121
-153 81 0.164989759036 0.0905636388534	166
-151.5 81 0.182749339207 0.0932190485158	227
-150 81 0.158254935622 0.0896704103164	233
-148.5 81 0.171909803922 0.0888798247813	204
-147 81 0.173547093023 0.0844406171683	172
-145.5 81 0.172390833333 0.108721953591	120
-144 81 0.165926530612 0.093619355138	49
-142.5 81 0.174426573427 0.087467000579	143
-141 81 0.14119137931 0.10291030379	58
-139.5 81 0.116116666667 0.112998409634	24
-138 81 0.138865 0.0895411022939	40
-136.5 81 0.0967652173913 0.0864246261658	23
-135 81 0.0964722222222 0.139854870922	36
-133.5 81 0.136714285714 0.157528082779	42
-132 81 0.13025 0.0829079381731	34
-130.5 81 0.140120430108 0.103482843106	93
-129 81 0.117884651163 0.10285445845	215
-127.5 81 0.116804968944 0.112957862056	161
-126 81 0.140544666667 0.101079001289	150
-124.5 81 0.113156875 0.0987893009904	160
-123 81 0.110275113122 0.0996202693213	221
-121.5 81 0.100875641026 0.0921766794843	312
-120 81 0.108127761194 0.106478915737	335
-118.5 81 0.110076546392 0.0949072172587	388
-117 81 0.104690588235 0.102031307733	340
-115.5 81 0.119096015936 0.106692968391	251
-114 81 0.137100934579 0.109351937752	214
-112.5 81 0.0556476510067 0.1092584192	298
-111 81 0.0502440625 0.102378647006	320
-109.5 81 0.0550754901961 0.106998220552	408
-108 81 0.11531183432 0.1026050009	338
-106.5 81 0.0769496183206 0.116642609916	262
-105 81 0.0856857142857 0.128283990508	203
-103.5 81 0.0356730909091 0.123379116063	275
-102 81 0.0474053435115 0.131776182775	262
-100.5 81 0.0846929752066 0.144764414687	242
-99 81 0.150564634146 0.128960755311	164
-97.5 81 0.16166969697 0.108353830602	66
-10.5 81 0.145333333333 0.120518188708	15
-9 81 0.00161428571429 0.100887749976	7
-7.5 81 0.144807407407 0.109849639691	54
-6 81 0.0182727272727 0.102230179971	22
-4.5 81 0.162026229508 0.138909213639	61
-3 81 0.14568 0.162223973178	20
-1.5 81 0.188755384615 0.107675261247	65
0 81 0.213225862069 0.114270527827	58
1.5 81 0.146433333333 0.0541735482808	3
12 81 0.170347368421 0.0662942713163	19
33 81 0.129 0.0731148411747	2
37.5 81 0.081675 0.100351229024	4
40.5 81 0.07758 0.158059732907	25
42 81 0.16788 0.18444899566	5
70.5 81 0.09785 0.0558119610836	6
72 81 0.105283333333 0.123045445534	6
73.5 81 -0.1472 NaN	1
82.5 81 0.273372727273 0.100989228048	11
84 81 0.177354054054 0.0996202890831	37
85.5 81 0.191645454545 0.112907266052	11
87 81 0.137314285714 0.067388065921	7
88.5 81 0.2471 0.0519344779506	3
99 81 0.2441 0.0158391918986	2
100.5 81 0.179123076923 0.120225386628	13
102 81 0.0182 NaN	1
103.5 81 0.213342857143 0.0943393847966	7
105 81 0.179187179487 0.128986358274	39
106.5 81 0.137120967742 0.130075419657	62
108 81 0.119071875 0.124296415318	32
109.5 81 0.149203703704 0.113788925652	27
111 81 0.27285 0.060174787079	2
112.5 81 0.0803666666667 0.0301811751483	3
114 81 0.22438 0.0273511791336	5
115.5 81 0.13574 0.0773465125264	5
117 81 0.0773125 0.131783344249	8
118.5 81 -0.00851428571429 0.115406043004	7
120 81 0.0765428571429 0.0921727699693	7
121.5 81 0.22525 0.0964096986822	4
123 81 0.1231 0.125833275938	7
124.5 81 0.141278947368 0.13251023264	19
126 81 0.218218181818 0.114588523144	11
127.5 81 0.0918666666667 0.0832876141252	6
129 81 0.115566666667 0.221984137947	9
130.5 81 0.0871 0.0938806050257	6
132 81 0.192525 0.139868852263	4
133.5 81 0.0829636363636 0.0938590355025	11
135 81 0.116016666667 0.115863899222	36
136.5 81 0.171172916667 0.0785818687863	48
138 81 0.142146153846 0.0910973823824	39
139.5 81 0.176004347826 0.120869029337	23
141 81 0.146908333333 0.150584584858	12
142.5 81 0.1221 0.105438973548	15
144 81 0.221715789474 0.0965720529113	19
145.5 81 0.13135 0.116266077229	22
147 81 0.171025 0.165524703594	12
148.5 81 0.153157575758 0.12356647763	33
150 81 0.1397 0.162059017028	17
151.5 81 0.154581481481 0.104711001689	27
153 81 0.143168 0.0886109272795	25
154.5 81 -0.0964 NaN	1
156 81 0.123244444444 0.0895984520758	18
157.5 81 0.178781578947 0.121399084674	38
159 81 0.201682352941 0.135508741578	17
160.5 81 0.186221428571 0.0768450786647	42
162 81 0.175171111111 0.0967887803937	45
163.5 81 0.1037 0.149410624731	24
165 81 0.0842555555556 0.143979327044	45
166.5 81 0.116929787234 0.112314898766	47
168 81 0.157719444444 0.118683845192	72
169.5 81 0.176310526316 0.0912246631834	57
171 81 0.187822 0.102403138348	100
172.5 81 0.161750793651 0.101854123823	63
174 81 0.1561792 0.108882681238	125
175.5 81 0.162039534884 0.0851406689127	129
177 81 0.183443548387 0.0749453310151	124
178.5 81 0.225397142857 0.0786172146166	105
-180 80.5 0.174257142857 0.0728920734273	70
-178.5 80.5 0.19000990099 0.07944566131	101
-177 80.5 0.178646601942 0.0886441131004	103
-175.5 80.5 0.219464285714 0.0907605662886	210
-174 80.5 0.210415625 0.0891628513435	224
-172.5 80.5 0.203589516129 0.0818477581683	248
-171 80.5 0.182651408451 0.0866437752659	142
-169.5 80.5 0.205421551724 0.0879606412042	116
-168 80.5 0.210202105263 0.0923742699035	95
-166.5 80.5 0.187931666667 0.0985418099197	60
-165 80.5 0.179041860465 0.0806424478575	43
-163.5 80.5 0.15852037037 0.111659695909	54
-162 80.5 0.183755555556 0.102185230097	81
-160.5 80.5 0.148174603175 0.100524614171	63
-159 80.5 0.132471428571 0.12099269198	35
-157.5 80.5 0.165139130435 0.0987984671007	46
-156 80.5 0.13979122807 0.107679319345	57
-154.5 80.5 0.153994230769 0.113040644111	52
-153 80.5 0.162807083333 0.0864587462503	240
-151.5 80.5 0.166454794521 0.0906716812063	219
-150 80.5 0.161113333333 0.0952838679709	75
-148.5 80.5 0.159369421488 0.0865757614684	121
-147 80.5 0.17112972973 0.0644208336939	37
-145.5 80.5 0.184448780488 0.0661010443259	41
-144 80.5 0.203886842105 0.0740409023959	38
-142.5 80.5 0.175819565217 0.106202560378	46
-141 80.5 0.187908823529 0.0779046634448	34
-139.5 80.5 0.169667741935 0.0926717046568	62
-138 80.5 0.218332352941 0.0737678862567	34
-136.5 80.5 0.09626 0.136852998405	30
-135 80.5 0.147042222222 0.12698071702	45
-133.5 80.5 0.145520833333 0.121052891707	24
-132 80.5 0.177356521739 0.109228969544	69
-130.5 80.5 0.140878846154 0.105612824787	52
-129 80.5 0.076 0.120472053126	78
-127.5 80.5 0.105551587302 0.112488080602	126
-126 80.5 0.109962962963 0.0904270378744	162
-124.5 80.5 0.105235766423 0.114748262666	137
-123 80.5 0.0803879310345 0.0969741591423	174
-121.5 80.5 0.117044656489 0.0969123601304	262
-120 80.5 0.148326 0.0998200087185	250
-118.5 80.5 0.112158411215 0.0881215267317	214
-117 80.5 0.0614994680851 0.104574085244	188
-115.5 80.5 0.090748245614 0.102872648041	228
-114 80.5 0.0975469230769 0.0949942629346	260
-112.5 80.5 0.0546284671533 0.0882535848032	274
-111 80.5 0.0205398773006 0.0970452662278	326
-109.5 80.5 0.0866932835821 0.108037836483	268
-108 80.5 0.0875083700441 0.112710174845	227
-106.5 80.5 0.0990347826087 0.126705103331	322
-105 80.5 0.0509166007905 0.124226727089	253
-103.5 80.5 0.0476985365854 0.115356968341	205
-102 80.5 0.0417357954545 0.114521132784	176
-100.5 80.5 0.110584946237 0.12897522255	93
-99 80.5 0.179841758242 0.127122995617	91
-97.5 80.5 0.1379625 0.0593307180737	8
-15 80.5 0.0838666666667 0.246466993057	6
-13.5 80.5 0.124136363636 0.130515633337	11
-12 80.5 0.0336484848485 0.118209195183	33
-10.5 80.5 0.142166666667 0.0929781658957	21
-9 80.5 0.302666666667 0.0831982171283	3
-7.5 80.5 -0.0853833333333 0.150673042269	6
-6 80.5 0.213150925926 0.111623160675	108
-4.5 80.5 0.115824074074 0.106218096982	54
-3 80.5 0.106378947368 0.123616973749	19
-1.5 80.5 0.246245238095 0.0981070997714	42
0 80.5 0.251392857143 0.120852850539	14
34.5 80.5 0.0491166666667 0.179944940653	6
39 80.5 0.1038 NaN	1
40.5 80.5 0.1777 NaN	1
67.5 80.5 0.0152 NaN	1
72 80.5 0.07105 0.0118086832458	2
75 80.5 -0.0445 NaN	1
79.5 80.5 0.0555 NaN	1
81 80.5 0.1822 0.0959043533944	5
82.5 80.5 0.0982727272727 0.1364548137	11
84 80.5 0.166173333333 0.0935413389643	15
85.5 80.5 0.182405263158 0.105048890595	19
87 80.5 0.3475 NaN	1
88.5 80.5 -0.002725 0.0774794757769	4
102 80.5 0.06862 0.0707745858342	5
103.5 80.5 0.1343 0.054325960645	3
106.5 80.5 0.10308 0.130503391186	10
108 80.5 0.170382608696 0.112622493523	23
109.5 80.5 0.2009 0.134634425655	8
111 80.5 -0.0278 0.101920900702	3
114 80.5 0.0469 0.0854184991673	2
115.5 80.5 -0.0318 0.16574582951	2
117 80.5 0.145 0.00155563491861	2
118.5 80.5 0.1973 0.167111115728	5
120 80.5 0.2157 0.11326912642	5
121.5 80.5 0.0623 NaN	1
123 80.5 0.12425 0.0383958982184	2
124.5 80.5 -0.1995 NaN	1
126 80.5 0.246755555556 0.0793221770867	9
127.5 80.5 0.2159 0.0525780779956	8
130.5 80.5 0.130942857143 0.14528001534	7
132 80.5 0.3431 NaN	1
133.5 80.5 0.0958 NaN	1
135 80.5 0.150477777778 0.146599691147	9
136.5 80.5 0.21515 0.0955358728437	6
138 80.5 0.1877 0.0465157607699	6
139.5 80.5 0.088475 0.099551611405	16
141 80.5 0.23945 0.0550836182544	2
142.5 80.5 0.20868 0.06859556837	5
144 80.5 0.15838 0.0448722297195	5
145.5 80.5 0.10895 0.0886004796827	2
147 80.5 0.145010344828 0.134095425364	29
148.5 80.5 0.224414285714 0.0541928478852	7
150 80.5 0.133925 0.122021798404	8
151.5 80.5 0.1928 0.0102503658471	3
153 80.5 0.187983333333 0.0878948102374	6
154.5 80.5 0.03565 0.0345775216	2
156 80.5 0.139033333333 0.0998484184485	6
157.5 80.5 0.153644444444 0.0511471678373	9
159 80.5 0.22994 0.084965930427	10
160.5 80.5 0.1214625 0.134884883635	16
162 80.5 0.0962071428571 0.105343784923	14
163.5 80.5 0.119157894737 0.090149920292	19
165 80.5 0.201691666667 0.0581323327079	12
166.5 80.5 0.106764285714 0.133507398857	14
168 80.5 0.124946153846 0.0770299359057	13
169.5 80.5 0.11043125 0.108094118003	32
171 80.5 0.166229411765 0.0954384537589	17
172.5 80.5 0.184008695652 0.0833969507468	69
174 80.5 0.183361458333 0.0717123954195	96
175.5 80.5 0.185469879518 0.0909404800458	83
177 80.5 0.20278989899 0.0819326683431	99
178.5 80.5 0.1711 0.100812169404	41
-180 80 0.191375 0.0767961109577	80
-178.5 80 0.181285245902 0.0669673374018	61
-177 80 0.198650413223 0.0751955485429	121
-175.5 80 0.17355 0.0933311396545	90
-174 80 0.22482734375 0.0808229616891	128
-172.5 80 0.192446875 0.0883467283559	96
-171 80 0.194024390244 0.088815195154	41
-169.5 80 0.14727 0.0674438691593	40
-168 80 0.18799 0.0709253042135	10
-166.5 80 0.157381481481 0.0911762031919	27
-165 80 0.261976190476 0.0777222227214	21
-163.5 80 0.187733333333 0.10540881151	39
-162 80 0.142303448276 0.112119879984	29
-160.5 80 0.114379166667 0.0692596248478	24
-159 80 0.205704761905 0.0843409166459	42
-157.5 80 0.135742857143 0.0467292862183	7
-156 80 0.15072 0.0957892493222	15
-154.5 80 0.181786419753 0.100371154662	81
-153 80 0.168164864865 0.0940097946404	74
-151.5 80 0.185517567568 0.0713258591277	74
-150 80 0.201458333333 0.0735301811178	72
-148.5 80 0.131749206349 0.0788882731238	63
-147 80 0.18699047619 0.0607035130157	42
-145.5 80 0.187191025641 0.081701050218	78
-144 80 0.183921052632 0.0984150619045	38
-142.5 80 0.199608108108 0.0801736773732	37
-141 80 0.195556410256 0.0957490216932	39
-139.5 80 0.18292962963 0.0820059150983	81
-138 80 0.158995833333 0.0927686345006	24
-136.5 80 0.109743333333 0.134571187887	30
-135 80 0.107323809524 0.102191550065	21
-133.5 80 0.138753846154 0.132186898086	13
-132 80 0.100217647059 0.0979403787726	17
-130.5 80 0.125531818182 0.109562277561	66
-129 80 0.0919852941176 0.0988619031777	68
-127.5 80 0.125539473684 0.10973531802	152
-126 80 0.0979238938053 0.100586088993	113
-124.5 80 0.0902622222222 0.0877752768777	90
-123 80 0.0986162393162 0.0949704009763	117
-121.5 80 0.110334545455 0.0876376155837	165
-120 80 0.112847368421 0.0937533803356	247
-118.5 80 0.0876401433692 0.101868620962	279
-117 80 0.0980305921053 0.0914174280799	304
-115.5 80 0.0778681388013 0.101055559794	317
-114 80 0.0602472093023 0.0974203136398	430
-112.5 80 0.0874164 0.117282312795	250
-111 80 0.0656216450216 0.102377942847	231
-109.5 80 0.0628375609756 0.109642748318	205
-108 80 -1.06060606061e-05 0.101547471889	132
-106.5 80 0.046625 0.12386263035	72
-105 80 0.154891625616 0.124858084108	203
-103.5 80 0.12704122807 0.13185396307	114
-102 80 0.0687223684211 0.126216227798	76
-15 80 0.22977037037 0.0843491726958	27
-13.5 80 0.214682926829 0.177337490469	123
-12 80 0.121943478261 0.103183886278	23
-10.5 80 0.1099 NaN	1
-9 80 0.0163 NaN	1
-7.5 80 0.17478 0.135175053583	10
-6 80 0.134505555556 0.128321890628	18
-4.5 80 0.108304651163 0.128240790913	43
-3 80 0.0915727272727 0.138788307079	11
-1.5 80 0.193093333333 0.100555741733	30
46.5 80 0.250114285714 0.0547500815394	7
61.5 80 0.3416 NaN	1
67.5 80 0.1514 NaN	1
69 80 0.220733333333 0.133229438689	3
70.5 80 0.0457 NaN	1
73.5 80 0.3205 NaN	1
81 80 -0.018 0.100833426997	2
84 80 0.0357 NaN	1
85.5 80 0.232383333333 0.128102309373	6
88.5 80 -0.0646 0.181683488518	3
102 80 0.0567 NaN	1
105 80 0.230475 0.104369451948	4
108 80 0.2285 0.146936789131	2
109.5 80 0.3223 NaN	1
111 80 0.24405 0.0129400540957	2
117 80 0.0026 NaN	1
118.5 80 0.15494 0.0701979558107	5
120 80 -0.0355666666667 0.10799492272	3
123 80 0.2199 NaN	1
126 80 0.2159 NaN	1
130.5 80 0.2404 0.0543852921294	5
136.5 80 0.168633333333 0.0779513523509	3
138 80 0.0147 NaN	1
141 80 0.122066666667 0.123578409657	3
144 80 0.1282 0.114127034484	2
147 80 0.2345 0.0399357483966	6
148.5 80 0.225766666667 0.0872741943532	9
150 80 0.0425 0.0989230725651	8
151.5 80 0.2402 0.0479050101764	3
159 80 0.2822875 0.0694927013125	8
160.5 80 0.1931 NaN	1
162 80 0.152277777778 0.105125208416	9
163.5 80 0.14545 0.112339244119	14
165 80 0.164493333333 0.0890983603077	15
166.5 80 0.166682142857 0.100754946772	28
168 80 0.142911428571 0.0904981922843	35
169.5 80 0.166135294118 0.0996871540193	17
171 80 0.15241875 0.0719645395895	16
172.5 80 0.1585375 0.0865914275352	32
174 80 0.190342857143 0.0730953446028	56
175.5 80 0.173411363636 0.0735202209676	44
177 80 0.208074193548 0.0680515979129	31
178.5 80 0.246844827586 0.0689999512743	29
-180 79.5 0.17312 0.0807109674872	45
-178.5 79.5 0.216772413793 0.0896558484176	58
-177 79.5 0.199148484848 0.0831525109408	33
-175.5 79.5 0.153948031496 0.0957129826911	127
-174 79.5 0.188913571429 0.0782537582344	140
-172.5 79.5 0.222674074074 0.0662568954483	81
-171 79.5 0.200396385542 0.0803192554227	83
-169.5 79.5 0.18418125 0.111726123775	32
-168 79.5 0.19146 0.0874792243557	50
-166.5 79.5 0.192005555556 0.102975036793	18
-165 79.5 0.203694444444 0.0931519976877	18
-163.5 79.5 0.196038461538 0.0793661403293	13
-162 79.5 0.09076 0.0545670504975	5
-159 79.5 0.189335294118 0.0596513195702	17
-157.5 79.5 0.182975 0.117620587059	4
-156 79.5 0.185287234043 0.0699710331899	47
-154.5 79.5 0.210943181818 0.0933284532444	44
-153 79.5 0.193792857143 0.0807471024894	14
-151.5 79.5 0.1562890625 0.0929603587083	64
-150 79.5 0.192271428571 0.0769639282391	49
-148.5 79.5 0.195187272727 0.0741671736675	55
-147 79.5 0.2219 0.052026339483	4
-145.5 79.5 0.207456666667 0.0876365011473	30
-144 79.5 0.152671428571 0.0641411340667	28
-142.5 79.5 0.170342857143 0.0904683788482	21
-141 79.5 0.172916666667 0.102788554587	30
-139.5 79.5 0.186335294118 0.0901928670241	34
-138 79.5 0.154566666667 0.0932124313517	54
-136.5 79.5 0.148508333333 0.0694103143807	12
-135 79.5 0.209481818182 0.0831871362433	11
-133.5 79.5 0.106210344828 0.0965138899879	29
-132 79.5 0.109791666667 0.0943007904072	36
-130.5 79.5 0.154469387755 0.115135527394	49
-129 79.5 0.146812371134 0.100083198991	97
-127.5 79.5 0.116152 0.108974301905	75
-126 79.5 0.107132894737 0.0981585740816	152
-124.5 79.5 0.130376923077 0.0959516925844	182
-123 79.5 0.115413191489 0.0813776568253	235
-121.5 79.5 0.0869608 0.0778404004043	250
-120 79.5 0.0749778597786 0.079884143125	271
-118.5 79.5 0.101893125 0.104915070247	160
-117 79.5 0.0867573573574 0.0949562888417	333
-115.5 79.5 0.0825981927711 0.109461242884	166
-114 79.5 0.0859426829268 0.110148095147	246
-112.5 79.5 0.0864755244755 0.10962109652	286
-111 79.5 0.105344067797 0.106658374534	236
-109.5 79.5 0.0537061111111 0.127208412622	180
-108 79.5 0.0160327272727 0.129692589603	55
-106.5 79.5 0.09666 0.150117637205	25
-105 79.5 0.213933333333 0.0682979013831	3
-103.5 79.5 0.170371428571 0.183396545679	14
-102 79.5 0.1188375 0.150637450775	24
-100.5 79.5 0.121565517241 0.12422981088	29
-99 79.5 0.14272 0.0904892479801	10
-97.5 79.5 0.186866666667 0.0969159154456	6
-73.5 79.5 -0.1657 NaN	1
-16.5 79.5 0.264042857143 0.110189331567	14
-15 79.5 0.170135315985 0.116934743801	269
-13.5 79.5 0.226671494253 0.111403230171	435
-12 79.5 0.200657954545 0.154030225965	88
-10.5 79.5 0.1603625 0.190286557873	8
-9 79.5 0.152520689655 0.145989900285	29
-7.5 79.5 0.149315151515 0.149148831124	33
-6 79.5 0.179568421053 0.0752871084951	38
-4.5 79.5 0.207466666667 0.100585235979	12
-3 79.5 0.280457894737 0.103925429012	19
-1.5 79.5 0.20885 0.0515119694828	6
37.5 79.5 0.24284 0.106664019238	5
40.5 79.5 0.3023 NaN	1
49.5 79.5 0.2695 0.112712820921	2
81 79.5 0.237325 0.135326675739	4
82.5 79.5 0.212 NaN	1
84 79.5 0.129594117647 0.109744097054	17
85.5 79.5 0.188219444444 0.138755743911	36
87 79.5 0.121833333333 0.168856869863	9
88.5 79.5 0.186033333333 0.14532495771	3
90 79.5 0.2062 0.100768100111	5
108 79.5 0.247 NaN	1
114 79.5 0.185783333333 0.102645865317	6
115.5 79.5 0.354 NaN	1
117 79.5 0.16135 0.0558661793933	4
120 79.5 0.2717 0.0633567675943	2
126 79.5 0.1761 NaN	1
138 79.5 0.291066666667 0.0347551914587	3
139.5 79.5 0.272 NaN	1
144 79.5 0.1386 NaN	1
150 79.5 0.1806 0.0533158513015	2
151.5 79.5 0.27885 0.00615182899632	2
153 79.5 0.13815 0.183425458974	6
154.5 79.5 -0.04115 0.16539227612	2
157.5 79.5 0.1997 0.0243244732728	2
160.5 79.5 0.16965 0.0943727873913	6
163.5 79.5 0.160625 0.0848533482798	8
165 79.5 0.210653846154 0.0626757703153	26
168 79.5 0.175890243902 0.0483346242609	41
169.5 79.5 0.219952941176 0.0656807726588	17
171 79.5 0.183423636364 0.0592463156024	55
172.5 79.5 0.170746153846 0.0659667869811	26
174 79.5 0.214952173913 0.0526355986482	23
175.5 79.5 0.151458333333 0.0550554011607	12
177 79.5 0.2528 0.0288765187191	4
178.5 79.5 0.196316 0.0556157552617	25
-180 79 0.202070833333 0.0775692088125	24
-178.5 79 0.227946666667 0.0727187917025	15
-177 79 0.180944827586 0.0512369327328	29
-175.5 79 0.230176190476 0.0661015423781	21
-174 79 0.206413461538 0.0837253587486	52
-172.5 79 0.190336363636 0.0645786129581	44
-171 79 0.175852 0.0815940830188	50
-169.5 79 0.200504761905 0.108102638564	42
-168 79 0.215455555556 0.0856723664847	18
-166.5 79 0.174071428571 0.0723792797896	21
-165 79 0.187783333333 0.0892265346898	24
-162 79 0.2251 0.0500017999676	8
-160.5 79 0.0831 NaN	1
-159 79 0.1979 0.122673012517	6
-157.5 79 0.11424 0.246437797426	5
-156 79 0.13155 0.0887239257472	14
-154.5 79 0.2487 0.0715871895962	8
-153 79 0.13678 0.108159367866	15
-151.5 79 0.165479166667 0.0773722452156	24
-150 79 0.206983333333 0.0504820556354	18
-148.5 79 0.235864285714 0.06795204841	56
-147 79 0.201208695652 0.0561424134623	46
-145.5 79 0.179512280702 0.0959537687605	57
-144 79 0.117548148148 0.0840670170865	27
-142.5 79 0.1302 0.108171335287	10
-141 79 0.27405 0.0498510280737	2
-139.5 79 0.188663157895 0.0854415733478	19
-138 79 0.166409615385 0.0793725424436	52
-136.5 79 0.189444827586 0.0812049989058	29
-135 79 0.184639285714 0.100076264768	28
-133.5 79 0.0554409090909 0.13119443825	22
-132 79 0.12975 0.107949491126	94
-130.5 79 0.183685245902 0.108943777298	61
-129 79 0.138028971963 0.099714135077	214
-127.5 79 0.109517365269 0.106089210006	167
-126 79 0.105644363636 0.0909795725601	275
-124.5 79 0.11198156682 0.0865127208123	217
-123 79 0.104594666667 0.0928936059425	225
-121.5 79 0.116447698745 0.0815874180919	239
-120 79 0.091945106383 0.0814015130866	235
-118.5 79 0.078493220339 0.086241943242	118
-117 79 0.0962607142857 0.0944478981998	196
-115.5 79 0.0626618644068 0.0981561395481	236
-114 79 0.0600369747899 0.0974055971547	238
-112.5 79 0.140576666667 0.116961364071	90
-111 79 0.14298630137 0.117681917467	73
-109.5 79 0.129786111111 0.107370041453	36
-108 79 0.0355836363636 0.129068425384	55
-106.5 79 -0.10248 0.060107400173	10
-100.5 79 0.0818571428571 0.094750916568	7
-99 79 0.199473684211 0.13089873882	19
-97.5 79 0.12488 0.160720425308	10
-73.5 79 0.1828 NaN	1
-72 79 0.0902 0.0527501658765	2
-16.5 79 0.0136666666667 0.143214629141	9
-15 79 0.157152121212 0.112441910525	165
-13.5 79 0.260573113208 0.129895940794	212
-12 79 0.195453921569 0.170957680289	102
-10.5 79 0.174527272727 0.175292928538	33
-9 79 0.226453333333 0.169902660648	15
-7.5 79 0.154288235294 0.12721521569	17
-6 79 0.122528571429 0.116429387174	14
-4.5 79 0.152284 0.128381886962	25
39 79 0.12992 0.156447345775	5
54 79 0.1919 NaN	1
67.5 79 0.1281 NaN	1
75 79 0.3802 NaN	1
79.5 79 0.26086 0.0534627637811	10
82.5 79 0.125615384615 0.143651347866	13
84 79 0.1499 0.166032617277	3
85.5 79 0.100126086957 0.127727590874	23
87 79 0.0472333333333 0.0440374083403	3
88.5 79 0.2072125 0.0985725037726	16
90 79 0.1721625 0.117910861459	8
91.5 79 0.09122 0.187109024368	5
93 79 0.250141666667 0.115781773242	12
108 79 0.100342857143 0.104844660604	7
111 79 0.1378 NaN	1
112.5 79 0.1579 NaN	1
114 79 -0.0005 NaN	1
120 79 0.288783333333 0.110149215461	6
129 79 0.27615 0.0470226009489	2
138 79 -0.0042 NaN	1
150 79 0.1864 NaN	1
153 79 0.27065 0.0290620887068	2
154.5 79 0.0172666666667 0.161164336419	3
157.5 79 -0.0055 0.194030100758	2
159 79 0.12685 0.0250281841131	4
160.5 79 0.1191 0.127394457071	14
162 79 0.18106875 0.0822815225815	16
163.5 79 0.141975 0.0555406982911	4
165 79 0.104466666667 0.0507432228644	6
166.5 79 0.222525 0.03535	4
168 79 0.19844 0.0741760523137	20
169.5 79 0.185884090909 0.0628103492553	44
171 79 0.205833333333 0.0651573443582	15
174 79 0.111496774194 0.0849403221243	31
175.5 79 0.218825 0.082529234852	20
177 79 0.190016666667 0.0534308306754	6
178.5 79 0.191611764706 0.051507546563	17
-180 78.5 0.195366666667 0.0669054058603	3
-178.5 78.5 0.2013 0.193570555612	3
-177 78.5 0.11965 0.0881041145464	14
-175.5 78.5 0.19535 0.0669156060522	10
-174 78.5 0.158692307692 0.116203753966	13
-172.5 78.5 0.140996428571 0.115894599248	28
-171 78.5 0.157048275862 0.0962533621702	29
-169.5 78.5 0.0691333333333 0.132583589087	15
-168 78.5 0.0706846153846 0.139397680904	39
-166.5 78.5 0.1947875 0.0749897981157	8
-165 78.5 0.1795625 0.117632356306	8
-163.5 78.5 0.0673571428571 0.165211783498	14
-162 78.5 0.133784 0.140647534283	25
-160.5 78.5 0.18227 0.103257026126	10
-159 78.5 0.0619944444444 0.108672776353	18
-157.5 78.5 0.0985576923077 0.107989285295	26
-156 78.5 0.0926235294118 0.113337033496	17
-154.5 78.5 0.114252941176 0.151467505251	17
-153 78.5 0.2321 0.0589579171952	6
-151.5 78.5 0.2127 0.09304214099	3
-150 78.5 0.210928571429 0.0413879094376	7
-148.5 78.5 0.2832 NaN	1
-147 78.5 0.181142857143 0.0679740755366	14
-145.5 78.5 0.21785625 0.077738287167	16
-144 78.5 0.226525 0.046525537953	12
-142.5 78.5 0.207228571429 0.0450043595772	7
-141 78.5 0.164933333333 0.0423672357685	6
-139.5 78.5 0.20522 0.077998401693	10
-138 78.5 0.21182 0.0718552155379	5
-136.5 78.5 0.1021 0.117477061591	5
-135 78.5 0.1986875 0.0728393838067	16
-133.5 78.5 0.167303174603 0.0946691232292	63
-132 78.5 0.137319565217 0.104108314578	46
-130.5 78.5 0.141891176471 0.107663878192	68
-129 78.5 0.105863921569 0.0924243838211	255
-127.5 78.5 0.10593081761 0.0830409041725	159
-126 78.5 0.134622807018 0.0981348562244	171
-124.5 78.5 0.10544040404 0.082295242807	198
-123 78.5 0.0995915343915 0.0706937569265	189
-121.5 78.5 0.130096039604 0.0853997071667	101
-120 78.5 0.120502272727 0.0892699277182	176
-118.5 78.5 0.138717695473 0.0983655821079	243
-117 78.5 0.112698989899 0.0998451735397	198
-115.5 78.5 0.091245 0.109318019291	80
-114 78.5 0.147571428571 0.0603365481911	7
-108 78.5 0.0158814814815 0.0883807993194	54
-106.5 78.5 -0.00432777777778 0.0806980341298	18
-18 78.5 0.1203 0.0366949587818	3
-16.5 78.5 0.0211909090909 0.211103085977	11
-15 78.5 0.135853658537 0.137600507107	123
-13.5 78.5 0.162086363636 0.110184174761	44
-12 78.5 0.116475 0.021464602644	4
-10.5 78.5 0.168691304348 0.132283743565	46
-9 78.5 0.140221153846 0.131033001885	52
-7.5 78.5 0.154836363636 0.134356286646	33
-6 78.5 -0.0839 NaN	1
-4.5 78.5 0.228114285714 0.0916315707707	7
79.5 78.5 0.149336363636 0.10710620218	11
81 78.5 0.032825 0.0679336134276	4
82.5 78.5 0.16614 0.0842858215496	15
85.5 78.5 0.0973666666667 0.0298808188197	3
87 78.5 0.02715 0.105007999695	8
88.5 78.5 -0.0494 NaN	1
90 78.5 0.236 0.0889019684821	3
91.5 78.5 0.023 NaN	1
93 78.5 0.232727272727 0.054504221688	11
94.5 78.5 0.0954307692308 0.0980481207079	13
96 78.5 0.1951375 0.106131507877	8
97.5 78.5 0.19106 0.0792804074157	5
111 78.5 0.21265 0.0803980410209	2
112.5 78.5 0.2885 NaN	1
114 78.5 0.1784 NaN	1
117 78.5 0.0897 NaN	1
118.5 78.5 0.2365 0.0572756492761	2
120 78.5 0.24546 0.12046371699	10
121.5 78.5 0.130133333333 0.105310129301	3
123 78.5 0.278 NaN	1
126 78.5 0.265433333333 0.0230035504506	3
150 78.5 0.12968 0.116947026469	5
153 78.5 0.0593 NaN	1
154.5 78.5 0.2568 NaN	1
157.5 78.5 0.190725 0.110363833901	4
159 78.5 0.110136842105 0.100258511473	19
160.5 78.5 0.107786666667 0.113071651535	15
162 78.5 0.171508333333 0.160805141586	12
163.5 78.5 0.0643 0.0659202548539	3
165 78.5 0.16026 0.0637656882657	5
166.5 78.5 0.164383333333 0.0764605889767	6
168 78.5 0.180076923077 0.0716087535832	13
169.5 78.5 0.139460869565 0.0530852465306	23
171 78.5 0.1198 0.0732991302813	9
172.5 78.5 0.2802 0.0415960334647	3
174 78.5 0.1835 0.102484028953	22
175.5 78.5 0.29935 0.0176069588515	2
177 78.5 0.221864285714 0.0827926567456	14
178.5 78.5 0.263314285714 0.0640921843538	7
-180 78 0.06626 0.134382822563	5
-177 78 0.105985714286 0.110915545537	14
-175.5 78 0.209123076923 0.0971944541786	13
-174 78 0.120186666667 0.120846797148	15
-172.5 78 0.188266666667 0.0985051944485	12
-171 78 0.199266666667 0.134340681354	6
-169.5 78 0.14355 0.104584110223	10
-168 78 0.1045875 0.0773794282992	24
-166.5 78 0.1252 0.125428245091	31
-165 78 0.112213636364 0.108016270503	44
-163.5 78 0.144038333333 0.136998838411	60
-162 78 0.141844444444 0.154943432646	18
-160.5 78 0.0689515151515 0.15515772846	33
-159 78 0.10431875 0.109374203045	16
-157.5 78 0.0980333333333 0.154621519632	21
-156 78 0.115523913043 0.108285811494	46
-154.5 78 0.201324074074 0.0962441959734	54
-153 78 0.0996333333333 0.108562177269	21
-148.5 78 0.202716666667 0.0306700777088	6
-147 78 0.2528 0.0596716850776	3
-145.5 78 0.21965 0.0531037192671	2
-144 78 0.1262 NaN	1
-141 78 0.210125 0.0227766510561	4
-139.5 78 0.208130769231 0.0796142929443	13
-138 78 0.188868181818 0.101009954184	22
-136.5 78 0.166782352941 0.0621741629949	17
-135 78 0.26384 0.0498873029938	5
-133.5 78 0.20258 0.0856086420066	30
-132 78 0.1642 0.0714622673316	47
-130.5 78 0.153516216216 0.0879258561049	74
-129 78 0.126759574468 0.0820616963273	94
-127.5 78 0.134557718121 0.0870188548854	149
-126 78 0.127282329317 0.0793740766329	249
-124.5 78 0.117253080569 0.0856688687552	211
-123 78 0.0914942028986 0.0796511525186	138
-121.5 78 0.0744355828221 0.0785483358941	163
-120 78 0.0986882978723 0.104414668413	94
-118.5 78 0.127321176471 0.0915651759731	85
-117 78 0.150518811881 0.124094944871	101
-115.5 78 0.0916428571429 0.143154390515	7
-108 78 0.05155 0.114736001325	4
-106.5 78 0.0762 NaN	1
-105 78 -0.0833 0.0145663996924	2
-16.5 78 0.1801 0.273531411968	7
-15 78 0.0742833333333 0.120731862601	18
-13.5 78 0.119038095238 0.122346808198	21
-12 78 0.160248571429 0.120346465713	70
-10.5 78 0.118575675676 0.124385354187	37
-9 78 0.0585392857143 0.148128736151	28
82.5 78 0.06875 0.161575735596	10
84 78 0.136233333333 0.0610151005899	9
85.5 78 0.160146153846 0.105519260607	13
87 78 0.20459047619 0.0912214114381	21
88.5 78 0.1884 0.0841757684848	3
90 78 0.229133333333 0.071246403418	9
91.5 78 0.2501 0.00622253967444	2
93 78 0.2336 0.108753022946	2
94.5 78 0.1658 NaN	1
96 78 0.0714 NaN	1
97.5 78 0.1876 NaN	1
99 78 -0.10325 0.0260922402258	2
109.5 78 0.309066666667 0.0863566056149	3
115.5 78 0.1794 0.0803772563188	7
117 78 0.1053 NaN	1
120 78 0.1649 0.108045916165	2
121.5 78 0.19655 0.092984541726	2
123 78 0.243266666667 0.1086417722	6
124.5 78 0.1243 NaN	1
148.5 78 0.1857 NaN	1
150 78 0.3042 NaN	1
151.5 78 0.16965 0.0287792459943	2
157.5 78 0.1413 0.0369109739779	2
159 78 0.13855 0.0613316511156	8
160.5 78 0.175833333333 0.0372159464029	6
162 78 0.162472 0.0997630923739	25
163.5 78 0.22852173913 0.0802659610665	23
165 78 0.0975833333333 0.134523368842	18
166.5 78 0.2068 0.046760524662	7
169.5 78 0.180066666667 0.0768609350277	3
174 78 0.123875 0.0588881637796	4
175.5 78 0.1757 NaN	1
177 78 0.158147368421 0.109237032632	19
178.5 78 0.17636 0.0858997264256	5
-180 77.5 0.03715 0.0251022907321	2
-178.5 77.5 0.124928 0.13817170031	25
-177 77.5 0.10681875 0.0872855025668	16
-175.5 77.5 0.02945 0.117826628084	8
-174 77.5 0.1994125 0.078064248951	8
-172.5 77.5 0.148278947368 0.166991801459	19
-171 77.5 0.17216 0.0529446220121	5
-169.5 77.5 0.125284615385 0.147918073305	13
-168 77.5 0.167148 0.0822428219766	25
-166.5 77.5 0.162525 0.0875734501243	4
-165 77.5 0.12030625 0.137838274649	16
-163.5 77.5 0.10895 0.0129400540957	2
-162 77.5 0.0594 NaN	1
-160.5 77.5 0.081025 0.146640544075	4
-159 77.5 0.12755 0.20485583142	10
-157.5 77.5 0.106066666667 0.194650592944	3
-156 77.5 0.0877466666667 0.113791606938	15
-154.5 77.5 0.1937 0.126834991229	13
-145.5 77.5 0.3675 NaN	1
-144 77.5 0.24825 0.0426385389055	2
-142.5 77.5 0.1613 0.0750854624189	4
-141 77.5 -0.05055 0.108682312268	2
-139.5 77.5 0.103466666667 0.135472471988	6
-136.5 77.5 0.212657142857 0.0715440623472	7
-135 77.5 0.2323 NaN	1
-133.5 77.5 0.1918 0.147785317268	2
-132 77.5 0.14765 0.102788382675	32
-130.5 77.5 0.155372 0.110693153817	50
-129 77.5 0.111241176471 0.0779151513924	68
-127.5 77.5 0.123233333333 0.102478392031	129
-126 77.5 0.116828421053 0.0924499320083	95
-124.5 77.5 0.0653222222222 0.0799453567255	252
-123 77.5 0.121398333333 0.092406087674	120
-121.5 77.5 0.109419047619 0.106474965437	147
-120 77.5 0.0983963636364 0.118120244703	55
-118.5 77.5 0.124776190476 0.0679541897513	21
-109.5 77.5 0.275675 0.138718116457	4
-108 77.5 0.0555666666667 0.20425710106	3
-103.5 77.5 0.0160142857143 0.126549113372	7
-102 77.5 0.117065517241 0.0959992197731	29
-100.5 77.5 0.161 0.0498472867867	6
-99 77.5 0.115356521739 0.112038941388	23
-97.5 77.5 0.177084615385 0.154847741595	13
-76.5 77.5 0.187233333333 0.089727245955	6
-16.5 77.5 0.0909428571429 0.0880715023365	7
-15 77.5 0.146394117647 0.152922106277	17
-13.5 77.5 0.2065 0.110963232412	39
-12 77.5 0.170876119403 0.111408240664	67
-10.5 77.5 0.0597416666667 0.122852955289	24
-9 77.5 0.12982 0.195468736631	5
-7.5 77.5 0.192983333333 0.136134748341	18
-6 77.5 0.238311764706 0.0647843430386	17
73.5 77.5 -0.0171 NaN	1
75 77.5 0.2585 NaN	1
84 77.5 0.154114285714 0.0696102209244	14
85.5 77.5 0.1619 0.108795794445	46
87 77.5 0.0644875 0.0829353351801	8
88.5 77.5 0.0970875 0.138481854794	8
93 77.5 0.09825 0.0997727668254	2
94.5 77.5 0.04712 0.133381178796	15
96 77.5 0.1095 0.176283185637	14
109.5 77.5 0.2671 NaN	1
111 77.5 0.2041 NaN	1
117 77.5 0.12195 0.214465486734	2
120 77.5 0.233366666667 0.0182538580397	3
135 77.5 0.17175 0.0907218000262	2
147 77.5 -0.1503 NaN	1
148.5 77.5 0.0596 0.105777757586	11
154.5 77.5 0.208 NaN	1
156 77.5 0.1742 NaN	1
157.5 77.5 0.183226666667 0.049642845358	15
159 77.5 0.23985 0.0974493287133	10
160.5 77.5 0.178656 0.101724206723	25
162 77.5 0.20719375 0.0905930642581	16
163.5 77.5 0.159057894737 0.0811820883076	19
165 77.5 0.177675 0.0954679382664	20
166.5 77.5 0.3615 NaN	1
168 77.5 0.207944444444 0.0874945442744	9
169.5 77.5 0.235466666667 0.0837581239841	3
174 77.5 0.06318 0.235139707408	5
175.5 77.5 0.146346153846 0.174360056661	13
177 77.5 0.113710869565 0.104814704711	46
178.5 77.5 0.1253 0.066485998526	11
-180 77 0.15154 0.0529919144776	5
-178.5 77 0.120675609756 0.0949198018355	82
-177 77 0.132866666667 0.133991434858	27
-175.5 77 0.077375 0.105117732375	48
-174 77 0.0773347826087 0.0877385662517	23
-172.5 77 0.05193125 0.116354823528	16
-171 77 0.130773684211 0.0809497089563	19
-169.5 77 0.213316666667 0.175434642151	6
-168 77 0.121978947368 0.142512750225	19
-166.5 77 0.173523529412 0.149720258021	17
-165 77 0.11535 0.0344361002438	2
-162 77 0.068425 0.159880421461	4
-159 77 0.103578571429 0.120072812388	14
-157.5 77 0.125093220339 0.156310785544	59
-156 77 0.11954 0.104368813988	10
-154.5 77 0.292175 0.0424692339622	4
-150 77 0.24045 0.0372645273685	2
-145.5 77 0.0661 0.00890954544295	2
-144 77 0.237225 0.070777320991	4
-141 77 0.2861 0.0466690475583	2
-136.5 77 0.156688888889 0.076707633982	9
-135 77 0.184284615385 0.0589894601624	13
-133.5 77 0.0845411764706 0.0803554374235	17
-132 77 0.163771428571 0.0444436990017	7
-130.5 77 0.100863636364 0.0985985441091	22
-129 77 0.124482 0.0719391741086	50
-127.5 77 0.0831682051282 0.0968763848021	195
-126 77 0.0730029411765 0.103074999621	136
-124.5 77 0.0801175324675 0.0956213263693	154
-123 77 0.126635813953 0.0969533854232	215
-121.5 77 0.112065384615 0.113734016993	52
-112.5 77 -0.05792 0.145594683969	5
-111 77 0.10045 0.023263813101	2
-109.5 77 0.12490952381 0.0870033901912	21
-108 77 0.14513 0.11168817753	10
-106.5 77 0.0464714285714 0.079769926306	21
-103.5 77 0.203475 0.128242514401	4
-102 77 0.145318518519 0.124452607715	27
-100.5 77 0.061435 0.0631863769397	40
-99 77 0.1226125 0.0746040980886	32
-76.5 77 0.3284 0.0128980618699	3
-16.5 77 0.0291769230769 0.107544511357	13
-15 77 0.190593478261 0.124241284926	92
-13.5 77 0.131624 0.147519225527	25
-12 77 0.179293650794 0.10442160491	63
-7.5 77 0.183683333333 0.05968762647	24
-6 77 0.1517 0.106063552049	42
72 77 0.0015 NaN	1
75 77 -0.1947 NaN	1
76.5 77 -0.098 NaN	1
81 77 0.1008 NaN	1
82.5 77 -0.022 0.0362038671968	2
84 77 0.195633333333 0.126276931121	3
85.5 77 0.115073333333 0.103755009977	15
87 77 0.136571428571 0.0922889793761	7
90 77 0.192371428571 0.0751413271617	7
93 77 0.131785714286 0.0734766010337	28
94.5 77 0.0908 0.00890954544295	2
120 77 0.061 NaN	1
144 77 0.09155 0.0805697937609	10
145.5 77 0.223855555556 0.103005401692	9
147 77 0.1697 0.126373639129	7
148.5 77 0.2667 NaN	1
151.5 77 0.1376 NaN	1
153 77 0.2683 0.00197989898733	2
159 77 0.23575 0.060900500819	6
160.5 77 0.2624 0.115606357957	5
162 77 0.236433333333 0.0814407678418	6
163.5 77 0.139309090909 0.0880366314942	22
165 77 0.14065 0.193676547367	2
166.5 77 0.2798 NaN	1
168 77 0.0906833333333 0.140194413821	6
169.5 77 0.12788 0.133890634475	5
171 77 0.17065 0.0756967304446	6
172.5 77 0.1656 0.126245149522	10
177 77 0.23325 0.11688475093	2
178.5 77 0.0773916666667 0.101260747653	12
-177 76.5 0.173663636364 0.102613646975	11
-175.5 76.5 0.00150555555556 0.121432370295	18
-174 76.5 0.15034 0.151571834926	15
-172.5 76.5 0.0518761904762 0.151167807104	21
-171 76.5 0.117613636364 0.097464358787	22
-169.5 76.5 0.0546 NaN	1
-168 76.5 0.08832 0.120113463026	10
-166.5 76.5 0.0365 0.0125865007051	2
-165 76.5 0.1629 NaN	1
-160.5 76.5 0.0807 0.0860610248603	6
-159 76.5 0.156875 0.101510442813	16
-157.5 76.5 0.106807142857 0.119775003584	14
-156 76.5 0.22055 0.026233661582	2
-144 76.5 0.3397 NaN	1
-142.5 76.5 0.2931 NaN	1
-138 76.5 0.2174 0.0884388489296	3
-135 76.5 -0.177 NaN	1
-133.5 76.5 0.152316666667 0.0755574593714	6
-130.5 76.5 0.0405956521739 0.0925559559415	23
-129 76.5 0.108949122807 0.0841361314495	57
-127.5 76.5 0.080416 0.100667387886	75
-126 76.5 0.0862561983471 0.0935912984671	121
-124.5 76.5 0.104517777778 0.109107412176	180
-123 76.5 0.118124137931 0.0949890507043	29
-106.5 76.5 0.183527272727 0.105548522725	22
-16.5 76.5 -0.0718 NaN	1
-15 76.5 0.2065 0.241541925376	36
-13.5 76.5 0.173333333333 0.139383229319	27
-12 76.5 0.17626125 0.1130208287	80
-9 76.5 0.1499 0.0700163076242	13
72 76.5 -0.0248666666667 0.127021822272	3
78 76.5 0.1587 0.255831233433	2
79.5 76.5 -0.0276 NaN	1
81 76.5 0.2176 0.0849623053673	7
82.5 76.5 0.225466666667 0.0839466695786	3
84 76.5 0.02175 0.105862717706	6
85.5 76.5 0.146836842105 0.075024234681	19
87 76.5 0.163165 0.139565842884	20
88.5 76.5 0.17388 0.0923515194399	15
90 76.5 0.141866666667 0.0815851906496	3
91.5 76.5 0.123272727273 0.0594333759921	11
139.5 76.5 0.0137333333333 0.0655304763704	3
141 76.5 0.07275 0.010111626971	2
142.5 76.5 0.150466666667 0.0486967486937	3
144 76.5 0.106733333333 0.0823441986956	18
145.5 76.5 0.1767 NaN	1
154.5 76.5 0.2552 NaN	1
156 76.5 0.3428 NaN	1
162 76.5 0.213566666667 0.0598453423417	9
163.5 76.5 0.2183 0.0581299836573	9
165 76.5 0.2656 NaN	1
168 76.5 0.1794 NaN	1
169.5 76.5 0.09522 0.145344821029	5
171 76.5 0.261663636364 0.0462662138656	11
172.5 76.5 0.2401 0.206758022819	2
174 76.5 0.1994 NaN	1
177 76.5 0.134133333333 0.073641663932	6
178.5 76.5 0.0799333333333 0.201242308342	6
-180 76 0.20944 0.0885632429397	5
-178.5 76 0.144766666667 0.0397897809326	6
-175.5 76 0.3214 NaN	1
-174 76 0.0560615384615 0.112915235737	26
-172.5 76 0.1408 0.196248422499	7
-171 76 0.0722166666667 0.0750968019736	6
-169.5 76 -0.00627777777778 0.0974973560895	9
-168 76 0.183771428571 0.0986789189626	7
-162 76 0.0664 NaN	1
-160.5 76 0.07335 0.0501338707861	2
-159 76 0.0947857142857 0.181191081721	7
-142.5 76 0.2063 NaN	1
-135 76 0.2161 NaN	1
-132 76 0.0970461538462 0.118690821152	13
-130.5 76 0.0747666666667 0.0927490034828	18
-129 76 0.0588752873563 0.0707410797798	174
-127.5 76 0.08010625 0.102017859374	80
-126 76 0.0965672619048 0.100705823733	168
-124.5 76 0.109875675676 0.0876872263769	37
-87 76 0.01605 0.0549421968982	2
-15 76 0.224138888889 0.0968060835405	18
-13.5 76 0.179406666667 0.128456526647	15
-12 76 0.2248 0.0916605589363	32
-10.5 76 0.221303571429 0.0646936387607	56
72 76 0.2558 NaN	1
73.5 76 0.1497 0.0776447358164	5
76.5 76 0.3402 NaN	1
78 76 0.04835 0.327319729011	2
79.5 76 0.13835 0.151028994378	8
81 76 0.1594 NaN	1
85.5 76 0.0696 NaN	1
88.5 76 0.1898 NaN	1
150 76 0.1795 NaN	1
160.5 76 0.2692 0.0265102810245	5
162 76 0.16365 0.175716035125	2
168 76 0.236305263158 0.101658461274	19
172.5 76 0.121544444444 0.0866674262787	9
-177 75.5 0.0291 NaN	1
-174 75.5 0.2811 0.0270114790413	2
-171 75.5 -0.0081 0.117871031216	4
-168 75.5 0.08036 0.0517613079433	5
-163.5 75.5 -0.1511 NaN	1
-162 75.5 0.217033333333 0.111155581656	3
-160.5 75.5 0.153214285714 0.172457535146	7
-138 75.5 0.0856285714286 0.133851008143	7
-136.5 75.5 0.154 0.0855888135214	9
-135 75.5 0.220826315789 0.142030101825	19
-133.5 75.5 0.09837 0.136308107283	10
-132 75.5 0.0635340425532 0.0993880630497	47
-130.5 75.5 0.0888112426036 0.0789641272019	169
-129 75.5 0.0554813186813 0.114828394584	91
-127.5 75.5 0.0679709677419 0.0904454070032	93
-126 75.5 0.0939561643836 0.114015141522	73
-61.5 75.5 0.2301 NaN	1
-16.5 75.5 0.0699625 0.127632633627	16
-15 75.5 0.181911764706 0.117299029633	17
-13.5 75.5 0.207531034483 0.110003292494	29
-12 75.5 0.178422222222 0.0631751678278	18
76.5 75.5 0.0976076923077 0.140769151814	13
78 75.5 -0.01445 0.112082722427	4
85.5 75.5 0.1269 0.105655231768	6
156 75.5 0.23998 0.0585603278679	5
168 75.5 0.3622 NaN	1
169.5 75.5 0.1855 NaN	1
171 75.5 0.152725 0.174282670299	4
172.5 75.5 0.163014285714 0.107755625198	7
174 75.5 -0.002675 0.141261740346	8
175.5 75.5 -0.0952 NaN	1
178.5 75.5 0.0667 0.0384666088965	2
-175.5 75 0.149 0.0147847894811	3
-174 75 0.211133333333 0.0530575473739	3
-172.5 75 0.0697 NaN	1
-169.5 75 0.0693230769231 0.0735459624299	13
-168 75 0.0973666666667 0.0470022694488	3
-166.5 75 0.0986 0.0254972547542	3
-162 75 0.2817 NaN	1
-145.5 75 0.263425 0.0519798919455	4
-138 75 0.185025 0.0792019976299	8
-136.5 75 0.157582352941 0.138830122071	17
-135 75 0.0859 0.0978986264083	20
-133.5 75 0.0505777777778 0.111219067725	27
-132 75 0.0785443037975 0.0824977820165	79
-130.5 75 0.0856805084746 0.102710839031	118
-129 75 0.123491925466 0.116436766624	161
-127.5 75 0.128873913043 0.114274868857	23
-118.5 75 0.0559 NaN	1
-103.5 75 0.0855 0.12748001524	8
-102 75 0.1244625 0.122732635567	16
-69 75 -0.0227 NaN	1
-16.5 75 0.0794777777778 0.187464221772	9
-15 75 0.3004 NaN	1
73.5 75 0.056 0.0929138310479	2
75 75 0.339233333333 0.0275175095772	3
76.5 75 0.157425 0.0744741901601	8
78 75 0.0039 NaN	1
156 75 0.2258 NaN	1
165 75 -0.01905 0.112783531599	2
168 75 0.190192857143 0.0817685426092	14
169.5 75 0.2122 0.0195161471607	2
171 75 0.0624833333333 0.0715454936853	6
172.5 75 0.20357 0.0742889710672	10
174 75 0.00358 0.0617351358628	5
177 75 0.1807 0.0919248062277	3
-174 74.5 0.0859875 0.0752179962794	8
-172.5 74.5 0.0253 NaN	1
-139.5 74.5 0.099175 0.0622499464525	4
-138 74.5 0.157 0.0813271664329	6
-136.5 74.5 0.066425 0.127118845657	20
-135 74.5 0.112079310345 0.083419869076	29
-133.5 74.5 0.0818636363636 0.0777063336844	88
-132 74.5 0.117688235294 0.10500115012	85
-130.5 74.5 0.0937523809524 0.0986453895822	84
-129 74.5 0.150007792208 0.104307168808	77
-127.5 74.5 -0.00763333333333 0.0891970344371	15
-105 74.5 0.191175 0.0383879646938	4
-103.5 74.5 0.026125 0.178903966325	4
-102 74.5 0.1044 0.097575045343	20
-100.5 74.5 0.210744444444 0.108099753617	18
-99 74.5 0.09497 0.0693388307115	10
-78 74.5 0.1018 NaN	1
-75 74.5 0.2282 NaN	1
-73.5 74.5 0.1431 NaN	1
-70.5 74.5 0.109966666667 0.0738485161214	3
-16.5 74.5 0.108325925926 0.100416078978	27
76.5 74.5 0.1654 0.110663611906	5
82.5 74.5 0.152 NaN	1
118.5 74.5 0.2127 NaN	1
154.5 74.5 0.178483333333 0.0976807128694	6
160.5 74.5 -0.049 NaN	1
166.5 74.5 0.2325 NaN	1
169.5 74.5 0.1518 0.0856122070735	5
171 74.5 0.165686666667 0.0710567667097	15
172.5 74.5 0.25267 0.0634851522449	10
174 74.5 0.19125 0.0193040151264	2
175.5 74.5 -0.1854 NaN	1
177 74.5 0.00238888888889 0.107014560276	9
178.5 74.5 0.00996666666667 0.203029070168	3
-178.5 74 0.1509 NaN	1
-169.5 74 0.088 NaN	1
-166.5 74 0.1516 NaN	1
-142.5 74 0.1955 NaN	1
-139.5 74 0.158111111111 0.0887624701724	9
-138 74 0.193612820513 0.101808026722	39
-136.5 74 0.1610275 0.0926642906562	40
-135 74 0.122450943396 0.109651017433	53
-133.5 74 0.097540952381 0.105888375275	105
-132 74 0.076660952381 0.102100575881	105
-130.5 74 0.120186666667 0.0977952313604	60
-129 74 0.0204083333333 0.112452425968	12
-127.5 74 0.1014375 0.124387837457	8
-114 74 0.1331 NaN	1
-105 74 0.274566666667 0.0674056624723	3
-103.5 74 0.04563 0.102895233126	10
-102 74 0.15882 0.0656459832062	10
-79.5 74 0.18214 0.0508655384322	5
-76.5 74 0.10692 0.0495586722986	5
-75 74 -0.0379 NaN	1
-73.5 74 0.128875 0.0746244095454	4
-72 74 0.2098 NaN	1
-70.5 74 0.14936 0.0983271986787	5
-69 74 0.04055 0.100006016486	4
-67.5 74 0.134785714286 0.151985738679	7
-64.5 74 0.10615 0.0409414826307	2
-63 74 0.177642857143 0.118083739456	7
-18 74 0.1329 NaN	1
-16.5 74 0.1975 NaN	1
79.5 74 0.129923076923 0.190851382642	13
160.5 74 0.0589 0.0231931024229	2
162 74 0.260825 0.074544574393	8
172.5 74 0.0505428571429 0.0945697424681	7
175.5 74 0.157829411765 0.139147919337	17
178.5 74 0.100825 0.0418860657021	4
-180 73.5 0.164233333333 0.137248567691	21
-178.5 73.5 0.2255875 0.0907090551079	8
-166.5 73.5 0.198033333333 0.0349923229676	6
-165 73.5 0.07204 0.118349378657	15
-163.5 73.5 -0.0311 0.113985613127	2
-162 73.5 0.0988 0.107904494809	2
-142.5 73.5 0.125783333333 0.0838394040214	6
-139.5 73.5 0.1526 0.0740676717604	7
-138 73.5 0.17862 0.0417967343222	5
-136.5 73.5 0.158967307692 0.110398567981	52
-135 73.5 0.118877777778 0.0948103853785	63
-133.5 73.5 0.092365 0.123314157103	20
-132 73.5 0.0632648648649 0.0795263346188	37
-130.5 73.5 0.0687166666667 0.0218384446943	6
-129 73.5 0.10475 0.0358503138062	2
-127.5 73.5 0.13025 0.216508606449	4
-126 73.5 0.025 NaN	1
-112.5 73.5 -0.0916 NaN	1
-103.5 73.5 0.0604 NaN	1
-102 73.5 0.0136 0.154433998847	4
-90 73.5 0.16038 0.0376476692506	5
-76.5 73.5 0.1629 NaN	1
-75 73.5 0.244533333333 0.142409140624	3
-73.5 73.5 0.0868333333333 0.0915787329751	21
-72 73.5 -0.1656 NaN	1
-69 73.5 0.193825 0.112957200597	4
-67.5 73.5 0.154314285714 0.117122302003	14
-66 73.5 0.172022222222 0.116627577976	9
-64.5 73.5 0.193264285714 0.101436904278	14
-19.5 73.5 0.6775 NaN	1
-18 73.5 0.25904 0.0943566896881	10
156 73.5 0.346266666667 0.023332880948	3
159 73.5 0.12515 0.0576292026667	2
160.5 73.5 0.0838 NaN	1
165 73.5 0.2721 NaN	1
168 73.5 -0.084 NaN	1
171 73.5 0.2096 NaN	1
172.5 73.5 0.10070625 0.0766519099023	16
174 73.5 0.0547 NaN	1
175.5 73.5 0.248716666667 0.0803096611042	6
177 73.5 0.074925 0.0438579050267	4
178.5 73.5 -0.0103 0.130531911807	2
-180 73 -0.0226 NaN	1
-178.5 73 0.1674 0.0646101772169	5
-168 73 0.1355 NaN	1
-166.5 73 0.10626 0.108218427266	5
-160.5 73 0.2218 NaN	1
-157.5 73 0.1902 0.0997088260888	5
-154.5 73 0.2276 NaN	1
-151.5 73 0.12955 0.154680951208	4
-148.5 73 0.2001 0.0722616332251	12
-147 73 0.191433333333 0.198466252379	3
-145.5 73 0.155591666667 0.0689126384811	12
-144 73 0.091330952381 0.0793445788275	42
-142.5 73 0.169541666667 0.0726416792249	12
-141 73 0.103128571429 0.0759581912185	14
-139.5 73 0.10665 0.0861803585137	32
-138 73 0.174755555556 0.0979841657209	18
-136.5 73 0.110088888889 0.0911427507588	36
-135 73 0.168876190476 0.0564740905616	21
-133.5 73 0.0575150943396 0.0803391977235	53
-132 73 0.133566666667 0.109047764764	9
-129 73 0.1567 NaN	1
-127.5 73 0.162585 0.10874183466	20
-112.5 73 0.1974 0.0991363707224	2
-75 73 0.20154 0.120254371138	10
-72 73 0.18022 0.0985927837116	5
-70.5 73 0.130353333333 0.0687310167731	15
-69 73 0.132211764706 0.154282658141	17
-66 73 0.060625 0.0916068183416	4
-64.5 73 0.30935 0.0802566196647	2
-19.5 73 0.03115 0.126373663622	8
-18 73 0.276928571429 0.0987376328603	21
156 73 0.2528 0.0653366665816	2
159 73 0.1194 NaN	1
160.5 73 0.1653 NaN	1
169.5 73 0.2495625 0.0764163322421	16
171 73 0.209 0.022627416998	2
172.5 73 0.166625 0.0488745913724	12
178.5 73 0.14734 0.0372427576852	5
-180 72.5 0.0642333333333 0.145489529978	3
-178.5 72.5 0.0492 0.112354439165	3
-159 72.5 0.0668285714286 0.0886544361418	7
-151.5 72.5 0.0967142857143 0.079733418176	56
-150 72.5 0.3161 NaN	1
-148.5 72.5 0.126253333333 0.103081076736	15
-147 72.5 0.039075 0.0625332644811	4
-145.5 72.5 0.140757142857 0.0857867276294	14
-144 72.5 0.153881481481 0.0896810074955	27
-142.5 72.5 0.105666666667 0.0722064975311	36
-141 72.5 0.139798245614 0.065602023472	114
-139.5 72.5 0.1945 NaN	1
-138 72.5 0.0928875 0.102016853475	8
-136.5 72.5 0.168766666667 0.0845861296746	3
-135 72.5 0.15235 0.0561017447967	14
-133.5 72.5 0.0778933333333 0.0848015622048	15
-132 72.5 0.101222222222 0.12337000018	9
-130.5 72.5 0.029725 0.128959525766	8
-129 72.5 0.193166666667 0.0821367558811	6
-105 72.5 0.2118 NaN	1
-93 72.5 0.29074 0.170488102224	5
-73.5 72.5 0.2022 NaN	1
-72 72.5 0.284333333333 0.0118732191647	3
-69 72.5 0.1129 0.0746275418328	3
-67.5 72.5 0.0424894736842 0.143651100838	19
-66 72.5 0.0804 NaN	1
-21 72.5 0.1737 NaN	1
-19.5 72.5 0.1507 NaN	1
136.5 72.5 -0.1483 NaN	1
156 72.5 0.1603 NaN	1
160.5 72.5 0.25972 0.0341128568138	5
163.5 72.5 0.2897 NaN	1
168 72.5 0.275416666667 0.0314198291954	6
171 72.5 0.2631 NaN	1
174 72.5 -0.05225 0.0150613744393	2
177 72.5 0.108236 0.0796780233189	25
178.5 72.5 0.109366666667 0.125162338395	15
-168 72 0.20895 0.0986413959755	2
-153 72 0.3154 NaN	1
-150 72 -0.0816 0.00155563491861	2
-148.5 72 0.0326 NaN	1
-147 72 0.119047619048 0.097093149187	21
-145.5 72 0.0605 0.318198051534	2
-144 72 0.03125 0.090756689377	4
-142.5 72 0.0484 NaN	1
-141 72 0.128922727273 0.078272746165	22
-139.5 72 0.0202 0.0651952452254	2
-138 72 0.33315 0.048295393155	2
-136.5 72 0.0945466666667 0.142785202648	15
-135 72 0.254933333333 0.198565262152	3
-132 72 0.238925 0.116627165932	4
-129 72 -0.0492 NaN	1
-103.5 72 -0.0215 0.023444402317	3
-102 72 0.18985 0.0463154941677	2
-91.5 72 0.27005 0.0231223917448	2
-72 72 0.2966 NaN	1
-70.5 72 0.0995333333333 0.170491978306	6
-69 72 0.175383333333 0.096439274503	6
-67.5 72 0.139714285714 0.126768910634	14
-63 72 0.1384 NaN	1
-21 72 0.049 0.0596813203607	20
157.5 72 0.19605 0.0437699097554	2
162 72 0.1813 0.0605283404696	2
166.5 72 0.186133333333 0.0676743920056	3
172.5 72 0.266 NaN	1
174 72 0.100966666667 0.0972494901443	3
177 72 0.0659375 0.107136752953	16
-166.5 71.5 0.0697 NaN	1
-163.5 71.5 0.4783 NaN	1
-162 71.5 0.2355 NaN	1
-159 71.5 0.06295 0.0604576297914	2
-157.5 71.5 -0.036325 0.104405024624	4
-154.5 71.5 0.0707 0.235607979491	2
-138 71.5 0.3396 NaN	1
-133.5 71.5 0.2006 0.0118793939239	2
-132 71.5 0.1843 0.0990219167659	4
-130.5 71.5 0.2461 NaN	1
-127.5 71.5 0.2204 NaN	1
-126 71.5 0.204111111111 0.0626757418074	9
-103.5 71.5 0.122546666667 0.061444700651	15
-102 71.5 0.0879444444444 0.126967138973	18
-100.5 71.5 0.0752 NaN	1
-91.5 71.5 0.2413125 0.0410099443515	8
-70.5 71.5 0.184 0.0223445742855	2
-69 71.5 0.30295 0.0221324422511	2
-67.5 71.5 0.13137 0.0727547944201	10
-66 71.5 0.006 0.177059538009	2
-64.5 71.5 0.112225 0.063932056569	8
130.5 71.5 0.14965 0.0651245345473	2
160.5 71.5 0.2571 NaN	1
165 71.5 0.215333333333 0.151290523497	9
168 71.5 0.175061538462 0.0824868932868	13
169.5 71.5 0.20275 0.0222738636074	2
174 71.5 0.2639 NaN	1
-159 71 0.146575 0.016288723093	4
-151.5 71 0.109 NaN	1
-150 71 0.0522333333333 0.123289145237	3
-147 71 0.2443 0.0879763036277	3
-132 71 0.0913 0.159716060557	4
-126 71 0.1902 NaN	1
-121.5 71 0.19525 0.00346482322782	2
-103.5 71 0.0950315789474 0.0729040850298	19
-102 71 0.131556 0.120142103638	25
-100.5 71 0.2823 0.064702395628	5
-99 71 0.12505 0.125529583682	30
-97.5 71 0.249136363636 0.0842045518096	11
-91.5 71 0.20935 0.0357088924499	2
-66 71 0.20755 0.0362745778749	2
-64.5 71 0.1466 0.0841799560466	5
-61.5 71 -0.165 NaN	1
160.5 71 0.28565 0.0555078823231	2
166.5 71 0.19045 0.0442889376707	4
172.5 71 0.109866666667 0.00955527777374	3
174 71 0.0293333333333 0.117650488737	9
175.5 71 0.07155 0.0789329272231	6
-163.5 70.5 0.0257 NaN	1
-148.5 70.5 0.2518 NaN	1
-99 70.5 0.266827272727 0.0748888121272	11
-66 70.5 0.0549833333333 0.136480114547	6
162 70.5 0.1695 NaN	1
166.5 70.5 0.0956 NaN	1
174 70.5 0.0235 NaN	1
177 70.5 0.21115 0.0893075864639	2
-180 70 0.2481 NaN	1
-163.5 70 0.2648 NaN	1
-99 70 0.200366666667 0.0746210649437	3
-64.5 70 0.140033333333 0.161023517951	3
-63 70 0.277975 0.027744594068	4
-180 69.5 0.099725 0.137336044674	4
-64.5 69.5 0.121 NaN	1
-66 69 -0.0968 0.057528818865	5
-64.5 69 0.082625 0.0871295347935	4
-175.5 68.5 0.2542 0.102530483272	2
