lon, lat, freeboard (m), standard deviation, count
-180 81.5 0.193105357143 0.0998343235195	56
-178.5 81.5 0.230889583333 0.0893239412752	48
-177 81.5 0.1883 0.0965179229182	37
-175.5 81.5 0.18380952381 0.132685490613	42
-174 81.5 0.156283606557 0.140831917761	61
-172.5 81.5 0.14451369863 0.126729285306	73
-171 81.5 0.195443046358 0.122259190526	151
-169.5 81.5 0.170049006623 0.111514539481	151
-168 81.5 0.168224043716 0.114454341254	183
-166.5 81.5 0.174872340426 0.118107346515	141
-165 81.5 0.21075234375 0.108370495276	128
-163.5 81.5 0.22773943662 0.114283455219	71
-162 81.5 0.180275238095 0.095337848426	105
-160.5 81.5 0.158041304348 0.0894612226784	92
-159 81.5 0.234156818182 0.10893088997	44
-157.5 81.5 0.199247916667 0.11446193828	48
-156 81.5 0.232373684211 0.133618619137	19
-154.5 81.5 0.198951162791 0.100904781547	43
-153 81.5 0.166833333333 0.0953719400576	48
-151.5 81.5 0.181708536585 0.111792657725	82
-150 81.5 0.20369 0.103133989033	50
-148.5 81.5 0.154834285714 0.136645172455	70
-147 81.5 0.0992291666667 0.123968947653	48
-145.5 81.5 0.2146125 0.0996014987256	32
-144 81.5 0.179393939394 0.114124739958	66
-142.5 81.5 0.215924390244 0.113703801125	41
-141 81.5 0.145552272727 0.110788605511	44
-139.5 81.5 0.136424691358 0.115584384251	81
-138 81.5 0.195054255319 0.108489374798	94
-136.5 81.5 0.1620875 0.119476785863	144
-135 81.5 0.154506306306 0.107816833766	222
-133.5 81.5 0.164041558442 0.115628714292	154
-132 81.5 0.207727906977 0.119740639964	86
-130.5 81.5 0.194278756477 0.110635322091	193
-129 81.5 0.196723469388 0.100811690206	196
-127.5 81.5 0.266582065217 0.110009699295	184
-126 81.5 0.255644324324 0.102216716613	185
-124.5 81.5 0.236582017544 0.114302892619	228
-123 81.5 0.221794405594 0.114970361872	286
-121.5 81.5 0.200713690476 0.111483591299	168
-120 81.5 0.262688709677 0.106932267495	248
-118.5 81.5 0.281989976134 0.101156076501	419
-117 81.5 0.311831672598 0.0886902263119	281
-115.5 81.5 0.318128181818 0.0974928470279	330
-114 81.5 0.312371649485 0.0895240098603	388
-112.5 81.5 0.267751724138 0.104122472539	290
-111 81.5 0.252460493827 0.107127717489	243
-109.5 81.5 0.262811145511 0.132453885095	323
-108 81.5 0.275525764192 0.120580256777	229
-106.5 81.5 0.209675362319 0.124296181367	138
-105 81.5 0.198328717949 0.122940048653	195
-103.5 81.5 0.217066666667 0.143695018334	255
-102 81.5 0.257931086142 0.133981327281	267
-100.5 81.5 0.188891304348 0.140171035603	115
-99 81.5 0.226476033058 0.14273061049	121
-97.5 81.5 0.285415254237 0.112838862548	59
-96 81.5 0.274090909091 0.0751996204052	11
-10.5 81.5 0.0173 0.164190194592	2
-9 81.5 0.227642105263 0.12941302579	133
-7.5 81.5 0.205279295154 0.114834534919	227
-6 81.5 0.206147777778 0.107057402477	180
-4.5 81.5 0.240752849741 0.120962786136	193
-3 81.5 0.27816961326 0.12701005872	181
-1.5 81.5 0.263039224138 0.10765583677	232
0 81.5 0.223122274882 0.106737057547	211
1.5 81.5 0.239718939394 0.105573299376	264
3 81.5 0.237743564356 0.115601154422	303
4.5 81.5 0.268687096774 0.0936044099513	186
6 81.5 0.213153968254 0.12504716016	126
7.5 81.5 0.23772 0.118194932066	60
9 81.5 0.185086567164 0.120000317538	134
10.5 81.5 0.174611428571 0.129138259011	140
12 81.5 0.18342173913 0.154943477236	69
13.5 81.5 0.163022826087 0.150789436992	92
15 81.5 0.118968518519 0.118151584478	54
16.5 81.5 0.206530645161 0.154239539803	124
18 81.5 0.233691752577 0.141438993526	97
19.5 81.5 0.199226785714 0.145758841916	112
21 81.5 0.182657142857 0.140753651377	77
22.5 81.5 0.166765517241 0.134798731837	116
24 81.5 0.2297 0.116303873648	79
25.5 81.5 0.191397183099 0.126712738081	71
27 81.5 0.158434408602 0.114182029058	93
28.5 81.5 0.211918292683 0.10638429886	82
30 81.5 0.21378627451 0.125690527569	102
31.5 81.5 0.220001785714 0.104743875483	56
33 81.5 0.201760902256 0.0963297657156	133
34.5 81.5 0.243176 0.0809789190233	150
36 81.5 0.2708128 0.0770760003817	125
37.5 81.5 0.240872368421 0.0898056859353	76
39 81.5 0.222162 0.104539431234	100
40.5 81.5 0.193034285714 0.121566849058	35
42 81.5 0.184608333333 0.135878673237	24
43.5 81.5 0.1232125 0.160025330366	24
45 81.5 0.162183333333 0.153135762207	6
46.5 81.5 0.187086666667 0.104848341991	45
48 81.5 0.175780555556 0.137052031453	36
49.5 81.5 0.2515375 0.0595073089749	8
51 81.5 0.084725 0.0520204687279	4
52.5 81.5 0.17225 0.14501757529	8
66 81.5 0.208708 0.102567871513	25
67.5 81.5 0.148054285714 0.128493813865	35
69 81.5 0.201884 0.0873540306886	50
70.5 81.5 0.247096 0.0843683709958	50
72 81.5 0.2562 0.0994188746244	58
73.5 81.5 0.275435897436 0.0925248941955	39
75 81.5 0.237661538462 0.0992681261107	26
76.5 81.5 0.231086842105 0.132714931584	38
78 81.5 0.249377777778 0.10466488009	18
79.5 81.5 0.221602857143 0.0797794256454	35
81 81.5 0.233778947368 0.0844421536316	19
82.5 81.5 0.23626 0.117690014835	50
84 81.5 0.283751724138 0.102122513698	58
85.5 81.5 0.3263 0.072990248734	40
87 81.5 0.30245625 0.105838251325	32
88.5 81.5 0.30496 0.078825356689	15
90 81.5 0.40394 0.0189343074867	5
91.5 81.5 0.12232 0.107232000821	5
93 81.5 0.260425 0.0531027541659	4
97.5 81.5 0.29385 0.0758215762733	8
99 81.5 0.323166666667 0.0185160290919	3
100.5 81.5 0.157247222222 0.13857337713	36
102 81.5 0.224630508475 0.101134325586	59
103.5 81.5 0.205390909091 0.111692496974	165
105 81.5 0.208457627119 0.105875717664	118
106.5 81.5 0.148181052632 0.111994428333	95
108 81.5 0.162817283951 0.125748463997	81
109.5 81.5 0.218061290323 0.117400481093	124
111 81.5 0.217799137931 0.104158341414	116
112.5 81.5 0.184086111111 0.111086547247	180
114 81.5 0.205111413043 0.106070901796	184
115.5 81.5 0.195793269231 0.0990502415071	104
117 81.5 0.212708474576 0.0849707521448	59
118.5 81.5 0.195037777778 0.0927932459555	45
120 81.5 0.208075362319 0.0822914018913	69
121.5 81.5 0.216346 0.122087855971	50
123 81.5 0.185441935484 0.0957148575211	62
124.5 81.5 0.180101666667 0.0761296496544	60
126 81.5 0.193283673469 0.118142328265	49
127.5 81.5 0.179448076923 0.0934359851961	52
129 81.5 0.19462 0.0998753010744	35
130.5 81.5 0.203697435897 0.12307389626	39
132 81.5 0.156822727273 0.11191662528	66
133.5 81.5 0.206734615385 0.091336520373	26
135 81.5 0.183975609756 0.122079027233	41
136.5 81.5 0.241213043478 0.0801884436359	46
138 81.5 0.245033333333 0.0997240860241	12
139.5 81.5 0.190716666667 0.0693447350973	36
141 81.5 0.11006 0.117236589851	5
144 81.5 0.25556 0.0567860999088	15
147 81.5 0.2847 0.0988535280099	2
148.5 81.5 0.21196875 0.0829780028582	16
150 81.5 0.232433333333 0.0844529652134	3
151.5 81.5 0.04622 0.122942576026	5
153 81.5 0.230475 0.0874022644634	4
156 81.5 0.2392 NaN	1
157.5 81.5 0.23415 0.137428150925	4
159 81.5 0.199516666667 0.15250676597	6
160.5 81.5 0.135925 0.111625307017	4
162 81.5 0.297 NaN	1
163.5 81.5 0.188442857143 0.141924707635	14
165 81.5 0.0871833333333 0.132392740234	6
166.5 81.5 0.200869565217 0.128097563793	23
168 81.5 0.193047916667 0.127155687768	48
169.5 81.5 0.16185 0.100846275045	22
171 81.5 0.253428571429 0.0986211480025	49
172.5 81.5 0.209618867925 0.114392326021	53
174 81.5 0.238015 0.0788821339169	40
175.5 81.5 0.196516666667 0.100710877491	72
177 81.5 0.179754081633 0.114923183819	98
178.5 81.5 0.184286585366 0.102799503724	82
-180 81 0.157251111111 0.124305992729	45
-178.5 81 0.210734 0.108993921587	50
-177 81 0.20343030303 0.0978031776224	33
-175.5 81 0.227355555556 0.0793054616907	36
-174 81 0.169680434783 0.0779018631058	46
-172.5 81 0.186263380282 0.109040497378	71
-171 81 0.135809677419 0.101231715547	62
-169.5 81 0.165571428571 0.0969109193317	91
-168 81 0.164238235294 0.104589543846	102
-166.5 81 0.140827536232 0.110644161862	69
-165 81 0.170909195402 0.098370055512	87
-163.5 81 0.20201509434 0.0966810963072	53
-162 81 0.200554666667 0.0995314757947	75
-160.5 81 0.176406593407 0.105649209706	91
-159 81 0.201356 0.0992313713836	25
-157.5 81 0.173857142857 0.0711924353927	7
-156 81 0.174160606061 0.0875127167166	33
-154.5 81 0.127466666667 0.0950192930967	12
-153 81 0.131925 0.0843416613148	4
-151.5 81 0.126732258065 0.0795560782807	31
-150 81 0.2044 0.0710215225595	25
-148.5 81 0.144155555556 0.114370182819	27
-147 81 0.13031875 0.102042280249	16
-145.5 81 0.125052380952 0.140009426894	21
-144 81 0.174633333333 0.138673746867	39
-142.5 81 0.147994594595 0.120172089443	37
-141 81 0.12944375 0.126869137398	32
-139.5 81 0.189666666667 0.202203616249	12
-138 81 0.119448979592 0.144025835533	49
-136.5 81 0.150750819672 0.110477778494	61
-135 81 0.197548148148 0.104543876089	81
-133.5 81 0.212998518519 0.101518232305	135
-132 81 0.200045794393 0.116955694143	107
-130.5 81 0.195762096774 0.102604391887	124
-129 81 0.209507142857 0.0820499353988	42
-127.5 81 0.1628744 0.116287891434	125
-126 81 0.206315238095 0.106118798433	105
-124.5 81 0.175416260163 0.118326991623	123
-123 81 0.181308 0.118506485871	125
-121.5 81 0.222429268293 0.100694589149	123
-120 81 0.267376760563 0.0957785786216	142
-118.5 81 0.24750738255 0.119177038473	149
-117 81 0.266831081081 0.108383058642	222
-115.5 81 0.263327932961 0.0952738070851	179
-114 81 0.281148 0.117955884916	175
-112.5 81 0.224225287356 0.108039770796	174
-111 81 0.236314957265 0.111450033795	234
-109.5 81 0.269940540541 0.110685147514	185
-108 81 0.23569037037 0.127270524471	135
-106.5 81 0.20086 0.140054556396	160
-105 81 0.198376086957 0.134233562539	92
-103.5 81 0.134202985075 0.115465261692	67
-102 81 0.190167567568 0.107982050834	111
-100.5 81 0.194090769231 0.139747552218	65
-99 81 0.238275 0.126136139292	60
-97.5 81 0.230637142857 0.0880130674981	35
-12 81 0.151616666667 0.200924935403	6
-10.5 81 0.108325 0.167437824281	8
-9 81 0.224441935484 0.157591930365	31
-7.5 81 0.184278021978 0.111935583462	91
-6 81 0.25973963964 0.140747889556	111
-4.5 81 0.2347 0.145578835657	47
-3 81 0.261742201835 0.144349656053	109
-1.5 81 0.277275462963 0.136413552828	216
0 81 0.232571875 0.120677105514	160
1.5 81 0.223093181818 0.115389865003	132
3 81 0.245203669725 0.115111088798	109
4.5 81 0.229507857143 0.116358861966	140
6 81 0.223473394495 0.113595532191	109
7.5 81 0.244133333333 0.148579327037	42
9 81 0.147288135593 0.132900037732	59
10.5 81 0.231988235294 0.135189890613	34
12 81 0.153377777778 0.142218439363	45
13.5 81 0.167721052632 0.143837129177	114
15 81 0.140911764706 0.126723476352	51
16.5 81 0.20265106383 0.128831119439	47
18 81 0.198996551724 0.117863333335	29
19.5 81 0.13315483871 0.124955031481	31
21 81 0.182906382979 0.0878474502965	47
22.5 81 0.189310526316 0.0732631171019	19
24 81 0.229280434783 0.096340490206	46
25.5 81 0.138865979381 0.117557964326	97
27 81 0.215346268657 0.114746625128	67
28.5 81 0.215851724138 0.0976277395175	58
30 81 0.212103448276 0.127747478424	87
31.5 81 0.196408928571 0.101722921841	56
33 81 0.191533870968 0.121252347543	62
34.5 81 0.265261702128 0.0910210237377	47
36 81 0.259846153846 0.0775471789124	91
37.5 81 0.2194325 0.114990230103	40
39 81 0.211352380952 0.0753726715663	21
40.5 81 0.169925 0.10826216021	16
42 81 0.1243625 0.166329508914	8
43.5 81 0.2933 NaN	1
45 81 0.182083333333 0.0519902843488	6
67.5 81 0.19121 0.0825083356058	10
69 81 0.195025 0.098689795994	4
70.5 81 0.24867 0.0777461831861	10
72 81 0.180890909091 0.151954450113	11
73.5 81 0.191168965517 0.118727178569	29
75 81 0.168735 0.122312422552	20
76.5 81 0.118966666667 0.0856272082219	12
78 81 0.2617375 0.0414734661303	8
82.5 81 0.269688888889 0.0803915995677	18
84 81 0.228175 0.106369773275	16
85.5 81 0.334614285714 0.0804880618181	7
87 81 0.204990909091 0.0952647096731	11
88.5 81 0.13394 0.142186959865	10
99 81 0.2882 NaN	1
100.5 81 0.14125 0.0472961203483	6
102 81 0.19278125 0.0800645757602	16
103.5 81 0.21292 0.0542454667845	10
105 81 0.2274 0.0763081721892	15
106.5 81 0.166815686275 0.126496996601	51
108 81 0.146340277778 0.117840640374	72
109.5 81 0.201232432432 0.115221756541	74
111 81 0.18118030303 0.117747972829	132
112.5 81 0.166946706587 0.10471743033	167
114 81 0.188828947368 0.0836673760647	76
115.5 81 0.174601587302 0.098488315161	63
117 81 0.245879710145 0.0675013084398	69
118.5 81 0.252863414634 0.0669846092625	41
120 81 0.239320512821 0.141815788928	39
121.5 81 0.177469767442 0.107820297	43
123 81 0.199847272727 0.121430071104	55
124.5 81 0.169220338983 0.0877027813416	59
126 81 0.209734848485 0.104986966946	66
127.5 81 0.219816666667 0.0909182817414	60
129 81 0.144430337079 0.127815701309	89
130.5 81 0.190253846154 0.110015200475	78
132 81 0.209788235294 0.104027250989	34
133.5 81 0.185907142857 0.102416245559	28
135 81 0.125966666667 0.130058981492	6
136.5 81 0.158157142857 0.0506481607808	7
138 81 0.23465 0.0635688996287	2
139.5 81 0.3258 NaN	1
141 81 0.300533333333 0.150424477175	3
142.5 81 0.1496 0.044538634914	3
144 81 0.246 0.0822027169056	4
145.5 81 0.240488888889 0.0985292398789	9
147 81 0.184 0.036345288553	2
148.5 81 0.163 0.130865243667	6
151.5 81 0.1956 0.0938905533054	6
153 81 0.15744 0.0471948937916	5
156 81 0.251466666667 0.156940636335	3
157.5 81 0.2414 NaN	1
160.5 81 0.1997 NaN	1
162 81 0.1644 NaN	1
165 81 0.184391666667 0.10299061262	12
166.5 81 0.11324 0.141704138966	5
168 81 0.210425 0.0724499542413	24
169.5 81 0.2009625 0.0757441357938	8
171 81 0.147007142857 0.122038231489	14
172.5 81 0.269525 0.109431249692	12
174 81 0.193237037037 0.100457718424	27
175.5 81 0.188013043478 0.108536153609	23
177 81 0.194925 0.0830268940258	20
178.5 81 0.205081481481 0.135836307135	27
-180 80.5 0.182785714286 0.0906342595876	14
-178.5 80.5 0.200524242424 0.102401672442	33
-177 80.5 0.228355555556 0.104107416175	27
-175.5 80.5 0.220088709677 0.0801840262594	62
-174 80.5 0.19195 0.109875148237	26
-172.5 80.5 0.111919354839 0.108208325063	31
-171 80.5 0.151945833333 0.0928943788192	72
-169.5 80.5 0.152779310345 0.110292055286	58
-168 80.5 0.147508080808 0.116562115066	99
-166.5 80.5 0.152457377049 0.10352622447	61
-165 80.5 0.225995081967 0.0940761737924	61
-163.5 80.5 0.145631428571 0.119212622139	35
-162 80.5 0.198105263158 0.0829751868779	19
-160.5 80.5 0.155776666667 0.103588555097	30
-159 80.5 0.15445 0.0936480930576	16
-157.5 80.5 0.208071428571 0.150165561013	7
-156 80.5 0.197476 0.111390724778	25
-154.5 80.5 0.152841176471 0.112793635963	34
-153 80.5 0.1372 NaN	1
-151.5 80.5 0.211375 0.113234570062	8
-150 80.5 0.1987 NaN	1
-148.5 80.5 0.109875 0.118400638243	12
-147 80.5 0.179523076923 0.123079670362	13
-145.5 80.5 0.164152380952 0.120051795568	21
-144 80.5 0.19696 0.125644312778	25
-142.5 80.5 0.17179 0.0931793783815	10
-141 80.5 0.180748 0.141879600131	25
-139.5 80.5 0.146977777778 0.0871559346484	9
-138 80.5 0.177148076923 0.105061204366	52
-136.5 80.5 0.17691875 0.12389329255	48
-135 80.5 0.191605555556 0.122154710776	54
-133.5 80.5 0.207932075472 0.10682725771	53
-132 80.5 0.207949450549 0.123921504163	91
-130.5 80.5 0.219292307692 0.117829566148	65
-129 80.5 0.18449 0.110869918653	30
-127.5 80.5 0.199857377049 0.126483600332	61
-126 80.5 0.160545205479 0.0983400337281	73
-124.5 80.5 0.166183333333 0.118347934997	66
-123 80.5 0.176020547945 0.103406734628	73
-121.5 80.5 0.192588392857 0.110563781882	112
-120 80.5 0.24246 0.123604287181	85
-118.5 80.5 0.27072375 0.121567980923	80
-117 80.5 0.224394214876 0.109243035093	121
-115.5 80.5 0.260478888889 0.0859985689038	180
-114 80.5 0.211951388889 0.0962304593171	216
-112.5 80.5 0.179265079365 0.117877731676	189
-111 80.5 0.198242307692 0.0992608015011	156
-109.5 80.5 0.137152173913 0.139967256358	92
-108 80.5 0.217830555556 0.134180814428	180
-106.5 80.5 0.234967980296 0.129426866881	203
-105 80.5 0.277073684211 0.126675823968	133
-103.5 80.5 0.237460465116 0.133894710416	86
-102 80.5 0.113469230769 0.129951374811	26
-100.5 80.5 0.135545454545 0.16429509648	11
-99 80.5 0.179920833333 0.098341980859	24
-97.5 80.5 0.131966666667 0.0945815168695	3
-13.5 80.5 0.25318 0.0959641182943	5
-12 80.5 0.171707142857 0.0946534742714	42
-10.5 80.5 0.262304347826 0.0912552170966	46
-9 80.5 0.267428571429 0.0843474114606	28
-7.5 80.5 0.271033333333 0.0931945251815	15
-6 80.5 0.249581333333 0.100335674038	75
-4.5 80.5 0.16074375 0.135347301502	64
-3 80.5 0.226007142857 0.120241368295	98
-1.5 80.5 0.163507142857 0.15247841117	28
0 80.5 0.205355555556 0.121823168336	45
1.5 80.5 0.184032941176 0.124030060093	85
3 80.5 0.190247916667 0.11332473015	48
4.5 80.5 0.159321311475 0.141015792395	61
6 80.5 0.208973913043 0.148327843942	23
7.5 80.5 0.19576 0.142927972869	15
9 80.5 0.208792 0.161156926421	25
10.5 80.5 0.15 0.132467939517	13
12 80.5 0.237794117647 0.119920326938	34
13.5 80.5 0.238192857143 0.130786928683	14
15 80.5 0.02815 0.105480061307	4
25.5 80.5 0.3113 NaN	1
27 80.5 0.1809375 0.106428553332	8
28.5 80.5 0.194768965517 0.116215563574	29
30 80.5 0.219695 0.100634415661	40
31.5 80.5 0.272069565217 0.0840537784278	23
33 80.5 0.222738461538 0.0744840199692	13
34.5 80.5 0.260228571429 0.0682091401993	35
36 80.5 0.190641860465 0.116287478818	43
37.5 80.5 0.188047058824 0.0864726338043	17
39 80.5 0.170378571429 0.11892866109	14
40.5 80.5 0.24072 0.0939114849206	5
43.5 80.5 0.08205 0.0835647653021	4
64.5 80.5 0.17705 0.103202494072	24
67.5 80.5 0.260281818182 0.0734338861587	11
69 80.5 0.167825 0.0854052057352	4
70.5 80.5 0.13078 0.0614098689137	5
72 80.5 0.201518181818 0.133268524552	11
73.5 80.5 0.0465 0.163214827758	4
75 80.5 0.165433333333 0.137501311509	6
76.5 80.5 0.175971428571 0.127746203	7
81 80.5 0.240518181818 0.0405672976221	11
82.5 80.5 0.2447 0.0538375952905	4
84 80.5 0.263407692308 0.0653563496219	13
85.5 80.5 0.07245 0.076862507115	2
87 80.5 0.19505 0.0395272690683	2
88.5 80.5 0.14945 0.0492853426487	2
90 80.5 0.2223 0.0352504373495	4
91.5 80.5 0.0873 NaN	1
103.5 80.5 0.195688888889 0.104602156341	9
105 80.5 0.217052631579 0.117678273585	38
106.5 80.5 0.1889625 0.0627823664393	8
108 80.5 0.162144444444 0.114100340831	9
109.5 80.5 0.197046808511 0.0774619846485	47
111 80.5 0.201754347826 0.0999539665302	46
112.5 80.5 0.204497674419 0.107326900476	43
114 80.5 0.177467647059 0.124043576704	34
115.5 80.5 0.257640625 0.0904730074142	32
117 80.5 0.218356666667 0.0810481197354	30
118.5 80.5 0.21619 0.0799727468665	30
120 80.5 0.146566666667 0.118247280014	27
121.5 80.5 0.214363888889 0.084545967726	36
123 80.5 0.2111 0.0941022464013	37
124.5 80.5 0.197434042553 0.102681202032	47
126 80.5 0.248817307692 0.0949572116667	52
127.5 80.5 0.215681578947 0.0860701786692	76
129 80.5 0.229651162791 0.0952224272605	43
130.5 80.5 0.19875862069 0.109358520856	29
132 80.5 0.265162068966 0.0796284784564	29
133.5 80.5 0.21291875 0.111629417979	16
135 80.5 0.171309090909 0.080476853674	33
136.5 80.5 0.254781818182 0.132833239953	11
138 80.5 0.229057142857 0.0518917738228	7
139.5 80.5 0.256611111111 0.0832095163495	9
141 80.5 0.1181 0.0354601184431	4
142.5 80.5 0.148733333333 0.151346221184	6
145.5 80.5 0.07915 0.0371231060123	2
147 80.5 0.1405 0.0717444201188	12
148.5 80.5 0.18964 0.0598446154637	5
151.5 80.5 0.0951 NaN	1
153 80.5 0.2343 0.0348871036344	3
156 80.5 0.2864 NaN	1
157.5 80.5 0.24314 0.0285223245897	5
160.5 80.5 0.190661111111 0.109371978016	18
163.5 80.5 0.105230769231 0.135822631795	13
165 80.5 0.129742105263 0.125511421861	19
166.5 80.5 0.20109375 0.101195325773	16
168 80.5 0.05795 0.107768614567	8
169.5 80.5 0.252525 0.0827537324069	12
171 80.5 0.226719047619 0.100834778817	21
172.5 80.5 0.2442625 0.0495641269324	8
174 80.5 0.249363157895 0.132984135272	19
175.5 80.5 0.189396153846 0.0926659872047	26
177 80.5 0.233956521739 0.0737953486221	23
178.5 80.5 0.202188235294 0.06996712113	34
-180 80 0.220375 0.100435840217	16
-178.5 80 0.151773684211 0.121479842142	19
-177 80 0.21505 0.070193867901	12
-175.5 80 0.145625806452 0.111802993304	31
-174 80 0.23744 0.130702589328	15
-172.5 80 0.143580645161 0.111468881814	31
-171 80 0.15705 0.145825743437	50
-169.5 80 0.13504516129 0.120509255039	62
-168 80 0.163812765957 0.106476865309	94
-166.5 80 0.1537875 0.0908384906205	40
-165 80 0.179410526316 0.0872219746347	38
-163.5 80 0.155479166667 0.106085592921	24
-162 80 0.160408 0.106027877309	25
-160.5 80 0.112766666667 0.0885579248888	12
-159 80 0.190307692308 0.072766710126	13
-157.5 80 0.120058333333 0.0986874170696	12
-156 80 0.0327428571429 0.140351794397	7
-154.5 80 0.152669230769 0.13444649112	13
-153 80 0.195657142857 0.112651185186	7
-151.5 80 0.14611 0.130334326083	10
-150 80 0.1272625 0.153092305839	8
-148.5 80 0.02761 0.103329413367	10
-147 80 0.16968 0.0837621921997	20
-145.5 80 0.181114634146 0.101098201173	41
-144 80 0.185408333333 0.0980472157933	48
-142.5 80 0.184224 0.101590413255	50
-141 80 0.168761111111 0.0957529366092	18
-139.5 80 0.169138095238 0.102752598391	21
-138 80 0.302566666667 0.151069266674	3
-136.5 80 0.179302941176 0.100475664128	34
-135 80 0.230233333333 0.051965790029	3
-133.5 80 0.139182758621 0.104405043129	58
-132 80 0.188402702703 0.0918110223678	74
-130.5 80 0.153003225806 0.110344057335	31
-129 80 0.176796153846 0.0898298457341	26
-127.5 80 0.212280487805 0.0876652195896	82
-126 80 0.19078 0.129591076585	70
-124.5 80 0.175071428571 0.103729110588	77
-123 80 0.222602247191 0.127414815552	89
-121.5 80 0.2218 0.11379113874	44
-120 80 0.217804587156 0.118092377828	109
-118.5 80 0.216704597701 0.0905299233997	174
-117 80 0.192385221675 0.102687755487	203
-115.5 80 0.227523508772 0.0965292452308	285
-114 80 0.262981034483 0.0898740434581	290
-112.5 80 0.244571590909 0.104894150673	176
-111 80 0.282793103448 0.102271633429	174
-109.5 80 0.192816883117 0.105999494268	154
-108 80 0.214246320346 0.111975913062	231
-106.5 80 0.20790787037 0.112229842581	216
-105 80 0.264671428571 0.117537993857	49
-103.5 80 0.169942105263 0.1069633118	38
-102 80 0.220783333333 0.1052025064	18
-69 80 0.0051 NaN	1
-15 80 0.134746153846 0.133876003671	13
-13.5 80 0.19183 0.148715422695	20
-12 80 0.157789705882 0.123762489362	68
-10.5 80 0.173019402985 0.135483139104	67
-9 80 0.2252 0.194141921579	50
-7.5 80 0.274478571429 0.134866895083	70
-6 80 0.210974 0.128642971857	50
-4.5 80 0.219525641026 0.119076151481	39
-3 80 0.226837209302 0.107957024129	43
-1.5 80 0.225508333333 0.106518420607	36
0 80 0.205681081081 0.143191592393	37
1.5 80 0.0518647058824 0.107875778915	17
3 80 0.224225 0.0394383379467	4
6 80 0.1399 NaN	1
10.5 80 0.2551 NaN	1
30 80 0.24155 0.0767634244503	4
31.5 80 0.14482 0.12525591061	15
33 80 0.2435 NaN	1
34.5 80 0.1983 NaN	1
36 80 0.3102 0.0584231689201	4
37.5 80 0.12756 0.127828099415	5
39 80 0.2359 0.0717011157514	5
40.5 80 0.14865 0.0355674710937	2
42 80 0.16908 0.214316149648	5
43.5 80 0.23075 0.0887419010389	2
45 80 0.164523529412 0.0861804908628	34
46.5 80 0.186914285714 0.134019618322	7
48 80 0.19955 0.0723770889163	6
54 80 0.22052 0.0884259973085	5
55.5 80 0.2639 0.0945854111372	6
61.5 80 0.266533333333 0.150265842204	3
63 80 0.23376 0.0729419769406	20
64.5 80 0.2626 0.0590040676564	3
66 80 0.203722222222 0.0805711452348	9
67.5 80 0.15055 0.133996735035	2
69 80 0.1404 NaN	1
70.5 80 0.1495 0.0958924745049	4
72 80 0.19232 0.0554848688082	10
73.5 80 0.160473333333 0.119388181197	15
75 80 0.2204 NaN	1
76.5 80 0.34465 0.0488216140659	4
79.5 80 0.1609 0.0299813275223	2
81 80 0.219133333333 0.0360588870229	3
82.5 80 0.276083333333 0.0795312119024	6
84 80 0.166422222222 0.0647239164411	18
85.5 80 0.229020512821 0.0810583648707	39
87 80 0.281233333333 0.124897010906	3
88.5 80 0.211075 0.0632057684604	4
90 80 0.338 NaN	1
103.5 80 0.205786666667 0.10131343069	15
105 80 0.19364375 0.0902852218897	16
106.5 80 0.21236 0.0810578147579	10
109.5 80 0.149908333333 0.140462382142	24
111 80 0.200488888889 0.0811603082857	27
112.5 80 0.22074137931 0.100607023744	29
114 80 0.162430769231 0.157840348584	13
115.5 80 0.238411111111 0.0754722768648	18
117 80 0.1866 0.159986770286	4
118.5 80 0.210394117647 0.111212852516	51
120 80 0.1269 0.0850187691696	10
121.5 80 0.170857142857 0.102218829999	28
123 80 0.139875 0.173438430478	4
124.5 80 0.159618518519 0.0798615919867	27
126 80 0.2537 0.0982921576774	47
127.5 80 0.240296666667 0.106121834613	30
129 80 0.194156756757 0.0928214416081	74
130.5 80 0.199772 0.101011106765	50
132 80 0.211721818182 0.103475777611	55
133.5 80 0.201069565217 0.0651041433871	23
135 80 0.164066666667 0.0526405103825	3
136.5 80 0.192475 0.131841985599	4
138 80 0.19698 0.0321690379091	5
139.5 80 0.1689 0.103790301409	7
142.5 80 0.31545 0.0218495995387	2
144 80 0.22985 0.0729027091403	2
147 80 0.2349 NaN	1
156 80 0.250166666667 0.0388115103202	3
157.5 80 0.2479 NaN	1
159 80 0.26815 0.0235466558135	2
160.5 80 0.1797 NaN	1
162 80 0.01855 0.111227896681	2
165 80 0.238 0.0608768702656	4
166.5 80 0.203275 0.081506371939	16
168 80 0.22536 0.0639887724527	5
169.5 80 0.25518 0.0942838126792	10
171 80 0.2777 0.0632153462381	2
174 80 0.192983333333 0.0560938472292	12
175.5 80 0.191488461538 0.0844891582485	26
177 80 0.22597 0.094278205918	10
178.5 80 0.224022222222 0.0612507244188	18
-180 79.5 0.210025 0.100835555072	4
-178.5 79.5 0.22315 0.0803980410209	2
-177 79.5 0.178565 0.127591800904	20
-175.5 79.5 0.153983333333 0.087237635227	18
-174 79.5 0.18955 0.0873983891216	20
-172.5 79.5 0.184707692308 0.103671097796	39
-171 79.5 0.107714285714 0.141880236216	7
-169.5 79.5 0.0733888888889 0.13470764125	9
-168 79.5 0.1978 0.0891643875098	6
-166.5 79.5 0.169922222222 0.0994857989012	18
-165 79.5 0.187431707317 0.103791910665	41
-163.5 79.5 0.192467857143 0.0509125906975	28
-162 79.5 0.193861764706 0.131101628436	34
-160.5 79.5 0.166321428571 0.0747517756781	14
-159 79.5 0.0332 0.290338044355	2
-157.5 79.5 0.226811111111 0.0586176476081	9
-156 79.5 0.14138 0.0472007097404	5
-154.5 79.5 0.175083333333 0.111682127785	6
-153 79.5 0.15084 0.0600128541786	10
-151.5 79.5 -0.0431 NaN	1
-148.5 79.5 0.2823 0.0894787684314	5
-147 79.5 0.110741666667 0.128271802742	12
-145.5 79.5 0.185577777778 0.169801853478	9
-144 79.5 0.171260869565 0.0999150127	23
-142.5 79.5 0.184080645161 0.101695416082	62
-141 79.5 0.22274 0.08462467301	40
-139.5 79.5 0.210679545455 0.116525560784	44
-138 79.5 0.152161904762 0.103870679335	42
-136.5 79.5 0.187015789474 0.128678939511	38
-135 79.5 0.104755555556 0.124101389484	27
-133.5 79.5 0.146778571429 0.134554142254	14
-132 79.5 0.160961111111 0.133917973748	18
-130.5 79.5 0.0258333333333 0.103077107061	9
-129 79.5 0.173430434783 0.138440066245	46
-127.5 79.5 0.189178378378 0.101656725758	111
-126 79.5 0.246388372093 0.115633613491	86
-124.5 79.5 0.215023157895 0.131812880309	95
-123 79.5 0.236918939394 0.108532116563	132
-121.5 79.5 0.20126122449 0.115623306864	49
-120 79.5 0.234213513514 0.10675256138	111
-118.5 79.5 0.217708235294 0.110394721287	170
-117 79.5 0.265626993865 0.115235349655	163
-115.5 79.5 0.204010666667 0.116582281999	150
-114 79.5 0.252229090909 0.0998259693094	165
-112.5 79.5 0.247923255814 0.0932493972095	129
-111 79.5 0.260827 0.119379251124	200
-109.5 79.5 0.258884210526 0.10807941368	228
-108 79.5 0.261235051546 0.123553367384	97
-106.5 79.5 0.254261111111 0.146863198205	18
-105 79.5 0.35245 0.066831255163	4
-103.5 79.5 0.405358823529 0.153826188679	17
-102 79.5 0.256866666667 0.156616778278	15
-70.5 79.5 0.1809 0.200315775714	3
-69 79.5 0.0312666666667 0.187156102403	6
-67.5 79.5 0.0389666666667 0.0735074656072	9
-16.5 79.5 0.14047 0.196087067113	10
-15 79.5 0.199703488372 0.145884004188	172
-13.5 79.5 0.24381875 0.173254415645	32
-12 79.5 0.217581132075 0.113187472059	106
-10.5 79.5 0.161395348837 0.135494877699	43
-9 79.5 0.172647368421 0.154699714028	19
-7.5 79.5 0.306780851064 0.129465610069	47
-6 79.5 0.214284931507 0.115726459895	73
-4.5 79.5 0.232435135135 0.115347932786	74
-3 79.5 0.244988888889 0.102265455549	18
-1.5 79.5 0.174265 0.133459839317	20
0 79.5 0.2205 0.106636585788	15
27 79.5 0.273423809524 0.048454441538	21
28.5 79.5 0.240255696203 0.0748207254758	79
30 79.5 0.205446341463 0.0951162055003	41
31.5 79.5 0.228085 0.0992988872042	40
33 79.5 0.2199 NaN	1
34.5 79.5 0.35665 0.0424971175493	2
37.5 79.5 0.28846 0.076865226208	5
39 79.5 0.212714285714 0.114768046056	14
40.5 79.5 0.195991666667 0.161219514149	12
42 79.5 0.179056756757 0.0683949703338	37
43.5 79.5 0.153094736842 0.126549043957	19
45 79.5 0.186695 0.105880709813	20
46.5 79.5 0.162407317073 0.106796695954	82
48 79.5 0.1985 0.1995539359	7
49.5 79.5 0.168325 0.191355381797	8
51 79.5 0.185015384615 0.112172747822	26
52.5 79.5 0.122719402985 0.138560034291	67
54 79.5 0.0949846153846 0.150349187151	13
55.5 79.5 0.121791666667 0.0928510092796	12
57 79.5 0.192033333333 0.167343144105	12
58.5 79.5 0.2351 NaN	1
60 79.5 0.211414285714 0.0967315258602	7
61.5 79.5 0.1938 0.0337422583714	8
63 79.5 0.218042857143 0.0466142273397	7
67.5 79.5 0.276492857143 0.065971864216	14
69 79.5 0.249066666667 0.115179012845	9
70.5 79.5 0.138557142857 0.0808521761707	28
72 79.5 0.121920833333 0.0955156241164	48
73.5 79.5 0.161106 0.0959977538215	50
79.5 79.5 0.130911111111 0.0857742304606	9
81 79.5 0.188307142857 0.0567404816048	14
82.5 79.5 0.190347368421 0.0639686934577	19
84 79.5 0.22118 0.0976695804607	20
85.5 79.5 0.258166666667 0.116866433732	3
87 79.5 0.22543 0.0601595480553	10
88.5 79.5 0.191675 0.03075292669	4
90 79.5 0.238833333333 0.108249819091	3
105 79.5 0.18227 0.167137741266	10
106.5 79.5 0.22932 0.0986961194779	10
108 79.5 0.183265957447 0.0881753916094	47
109.5 79.5 0.22023 0.0531276042499	10
111 79.5 0.168238095238 0.121108230073	42
112.5 79.5 0.236855555556 0.081610310487	9
114 79.5 0.12254 0.156693357503	15
115.5 79.5 0.192666666667 0.0446678109306	3
117 79.5 0.218684 0.0957428573489	25
118.5 79.5 0.186325 0.0355144454178	4
120 79.5 0.1791 0.0867914248562	15
121.5 79.5 0.168573684211 0.0757831177484	19
123 79.5 0.1309 0.0570272741765	17
124.5 79.5 0.172742857143 0.115474377539	14
126 79.5 0.22301875 0.108587060118	16
127.5 79.5 0.252679166667 0.0760439345503	24
129 79.5 0.199528125 0.131964636598	32
130.5 79.5 0.238873333333 0.0840300326131	15
132 79.5 0.232211764706 0.0636966529964	17
133.5 79.5 0.24485 0.0160513239329	2
135 79.5 0.196722222222 0.0710052775816	9
138 79.5 0.2512 NaN	1
139.5 79.5 0.1407 NaN	1
154.5 79.5 0.245325 0.0591806485827	4
156 79.5 0.22844 0.0750778462664	5
159 79.5 0.29935 0.0127986327395	2
160.5 79.5 0.190575 0.0447987630038	4
163.5 79.5 0.25435 0.0251022907321	2
165 79.5 0.2734 0.0460099989133	6
166.5 79.5 0.231185714286 0.0784925777504	7
168 79.5 0.26178 0.0649144205859	5
169.5 79.5 0.2015 0.0273964109572	7
171 79.5 0.214606666667 0.0724348277607	45
172.5 79.5 0.146038888889 0.104222618855	18
174 79.5 0.20744 0.0182482327912	5
175.5 79.5 0.189225 0.0877456694088	4
177 79.5 0.1768 0.0411039535811	5
178.5 79.5 0.2478 0.0900854039232	2
-180 79 0.218375 0.0453734412037	4
-178.5 79 0.201625 0.093459215704	8
-177 79 0.140883333333 0.0930707562377	6
-175.5 79 0.200158333333 0.08306484278	12
-174 79 0.149215384615 0.109491543404	13
-172.5 79 0.22619 0.132409670898	20
-171 79 0.171607692308 0.121979940028	13
-169.5 79 0.18646875 0.110702904019	16
-168 79 0.21708 0.0746010247174	10
-166.5 79 0.144224 0.0911770177548	25
-165 79 0.2028 0.0844604286042	6
-163.5 79 0.204045 0.0847525654013	20
-162 79 0.134941176471 0.113547941741	17
-160.5 79 0.21295 0.119789795058	6
-159 79 0.0955 0.000848528137425	2
-156 79 0.182 NaN	1
-153 79 0.1306 NaN	1
-151.5 79 0.09972 0.0534755271129	5
-148.5 79 0.1968 NaN	1
-147 79 -0.0516 NaN	1
-145.5 79 0.139272727273 0.115470637748	11
-144 79 0.225742857143 0.0609456276021	7
-142.5 79 0.22545 0.122712586966	6
-141 79 0.213056862745 0.106900745095	51
-139.5 79 0.1844 0.0961100233885	48
-138 79 0.171141176471 0.0737645414378	17
-136.5 79 0.156716666667 0.130528717823	18
-135 79 0.136042857143 0.117883429103	7
-133.5 79 0.148476470588 0.118500474513	34
-132 79 0.12015 0.152049007085	10
-130.5 79 0.09818 0.180580900922	10
-129 79 0.160428888889 0.127416125036	45
-127.5 79 0.12166875 0.168320882914	16
-126 79 0.170358653846 0.0997530821585	104
-124.5 79 0.190971551724 0.112821975046	116
-123 79 0.205076470588 0.103680458177	119
-121.5 79 0.21642815534 0.108615109642	103
-120 79 0.168715384615 0.129343335776	65
-118.5 79 0.213529530201 0.109176354053	149
-117 79 0.161906944444 0.121501199584	72
-115.5 79 0.256798 0.107405441598	100
-114 79 0.248413580247 0.0962411745994	81
-112.5 79 0.246830508475 0.0964036042649	59
-111 79 0.192688 0.146409887872	25
-73.5 79 0.166 NaN	1
-70.5 79 0.0686 0.22017999455	3
-15 79 0.178122222222 0.117709784891	54
-13.5 79 0.154908974359 0.147526727656	78
-12 79 0.218338461538 0.0878284649845	26
-10.5 79 0.210036363636 0.111474304301	22
-9 79 0.219087096774 0.136387085757	31
-7.5 79 0.246934848485 0.111931629533	66
-6 79 0.17816 0.104288634896	20
-4.5 79 0.2129875 0.125344399786	40
-3 79 0.2170375 0.132227562909	8
-1.5 79 0.242191304348 0.132910865255	23
24 79 0.262096296296 0.0781485738906	27
25.5 79 0.22575 0.0797362527336	4
27 79 0.13325 0.101162064695	4
31.5 79 0.190036363636 0.105623645769	11
33 79 0.2064 0.0861220064792	3
34.5 79 0.23975 0.0340118361751	2
36 79 0.06966 0.213225978717	5
37.5 79 0.1102 NaN	1
39 79 0.239245454545 0.0784953420737	11
40.5 79 0.228263157895 0.126961390503	19
42 79 0.21134 0.0722836288519	5
43.5 79 0.194903703704 0.108228762285	27
45 79 0.185429166667 0.0945097990154	48
46.5 79 0.125428571429 0.0599226088185	7
48 79 0.162069230769 0.105852258554	13
49.5 79 0.133525 0.162213137488	20
51 79 0.11306 0.136057383319	10
52.5 79 0.139425 0.0973616784396	8
54 79 0.10333 0.117133272607	30
55.5 79 0.154835483871 0.0893828602078	31
57 79 0.0894019230769 0.0748949054274	52
58.5 79 0.134302469136 0.0737130551112	81
60 79 0.135188235294 0.0772738707646	17
61.5 79 0.189616666667 0.0562865318408	6
63 79 0.188933333333 0.0710891177795	6
64.5 79 0.1951 0.143684097937	2
66 79 0.2838 0.0956588208165	3
67.5 79 0.254776470588 0.124803473156	17
69 79 0.152725 0.147633278769	8
70.5 79 0.174748275862 0.0749772899936	29
72 79 0.147005555556 0.0897138291669	18
73.5 79 0.164316666667 0.117135435052	24
75 79 0.200911764706 0.112552610634	34
76.5 79 0.1984 NaN	1
78 79 0.139715384615 0.153982568527	13
79.5 79 0.1714 0.0414202848855	4
81 79 0.156325 0.0468849211723	4
82.5 79 0.195071428571 0.0949463202882	14
84 79 0.282533333333 0.0601897278058	3
85.5 79 0.14116 0.107552884666	5
87 79 0.24758 0.0928180855222	5
88.5 79 0.20728 0.0213657904136	5
90 79 0.237736363636 0.113506407508	11
91.5 79 0.2637 0.0600213295421	3
93 79 0.20597 0.113989833555	40
94.5 79 0.1274 0.123319422639	2
108 79 0.0384 NaN	1
109.5 79 0.4005 NaN	1
112.5 79 0.198 0.128668903262	4
114 79 0.1413 NaN	1
115.5 79 0.226492307692 0.069549759903	13
117 79 0.2646 0.061588067026	3
118.5 79 0.187926086957 0.0857750822972	23
120 79 0.278083333333 0.041211426409	6
121.5 79 0.263907142857 0.080047788268	14
123 79 0.215969444444 0.0753204499624	36
124.5 79 0.16115 0.0961967218034	22
126 79 0.202639285714 0.107708696094	28
127.5 79 0.11892 0.154162199613	20
129 79 0.222809090909 0.0794884199685	11
130.5 79 0.1784625 0.0996498528181	16
132 79 0.16038 0.059528539374	5
133.5 79 0.2075 NaN	1
135 79 0.0931 NaN	1
136.5 79 0.3632 NaN	1
151.5 79 0.158116666667 0.0581017526987	6
154.5 79 0.3443 NaN	1
156 79 0.233 0.0511459187033	5
157.5 79 0.1756625 0.0742288811278	24
159 79 0.1424 0.0829814327535	12
162 79 0.129 0.0200818325857	2
163.5 79 0.1882125 0.0304584699691	8
165 79 0.172857142857 0.0751530185054	7
166.5 79 0.1873 NaN	1
168 79 0.255414285714 0.0458676164822	14
169.5 79 0.03515 0.004171930009	2
171 79 0.21665 0.072694119432	6
172.5 79 0.206156521739 0.0777880910848	23
174 79 0.1719 0.0905508866711	27
175.5 79 0.116783333333 0.108784706757	12
177 79 0.220772727273 0.0647654242773	11
178.5 79 0.158266666667 0.0874192389199	3
-180 78.5 0.21994 0.0540274744922	5
-178.5 78.5 0.02758 0.112554113405	10
-177 78.5 0.189545454545 0.0840708316081	11
-175.5 78.5 0.21354 0.107371169315	5
-174 78.5 0.11482962963 0.113312182164	27
-172.5 78.5 0.0810875 0.0628544904067	8
-171 78.5 0.204022222222 0.0652970668901	9
-169.5 78.5 0.108644444444 0.104659807365	9
-168 78.5 0.262626666667 0.0877907289823	15
-165 78.5 0.0734666666667 0.115707447182	3
-162 78.5 0.1969 0.0247374210459	4
-160.5 78.5 0.108957142857 0.107688932535	7
-159 78.5 0.26705 0.0327390439689	2
-148.5 78.5 0.280533333333 0.124461171991	3
-147 78.5 0.256785714286 0.101763441841	7
-145.5 78.5 0.128328571429 0.151219156005	21
-144 78.5 0.213225 0.129665630887	4
-142.5 78.5 0.208742105263 0.069860180327	19
-141 78.5 0.219438461538 0.146666620484	13
-139.5 78.5 0.162584375 0.105755607216	32
-138 78.5 0.18840625 0.095062122091	32
-136.5 78.5 0.164225806452 0.125107196616	31
-135 78.5 0.1935275 0.0972015088716	40
-133.5 78.5 0.190087878788 0.136877156059	66
-132 78.5 0.13556 0.117770434838	60
-130.5 78.5 0.1217375 0.142861170485	32
-129 78.5 0.129471428571 0.125617774517	14
-127.5 78.5 0.130663043478 0.101704832964	46
-126 78.5 0.143310526316 0.150867737862	19
-124.5 78.5 0.183218181818 0.105197664195	55
-123 78.5 0.226657798165 0.0891940293359	109
-121.5 78.5 0.180762295082 0.112535687916	61
-120 78.5 0.151041176471 0.158389886639	68
-118.5 78.5 0.193316129032 0.129127546728	93
-117 78.5 0.235391836735 0.128643441076	49
-115.5 78.5 0.214452739726 0.156352426046	146
-114 78.5 0.312484615385 0.133148143348	13
-15 78.5 0.12366440678 0.145886071235	59
-13.5 78.5 0.3053875 0.166953074148	24
-12 78.5 0.166933333333 0.0759282204893	6
-10.5 78.5 0.20071971831 0.118729763533	71
-9 78.5 0.261580555556 0.104371689701	36
-7.5 78.5 0.202927272727 0.137811075586	22
-6 78.5 0.18808125 0.103192901686	16
-4.5 78.5 0.245708333333 0.101044782676	12
24 78.5 0.308265517241 0.129880976491	29
25.5 78.5 0.201761290323 0.100142077994	31
28.5 78.5 0.28308 0.0541245641502	10
31.5 78.5 0.243711111111 0.0806282528857	18
33 78.5 0.252014285714 0.0780702979921	7
34.5 78.5 0.2212 0.0840211376913	20
36 78.5 0.1373875 0.0967556338338	8
37.5 78.5 0.0995125 0.158700341502	8
39 78.5 0.189142857143 0.120632478815	14
40.5 78.5 0.246105 0.0708962286503	20
42 78.5 0.149761538462 0.114651395823	13
43.5 78.5 0.219663636364 0.113072828502	11
45 78.5 0.1816 0.0865689898289	7
46.5 78.5 0.173166666667 0.021079670301	9
48 78.5 0.09755 0.0228395490323	2
49.5 78.5 0.251733333333 0.00596769078734	3
51 78.5 -0.1283 NaN	1
52.5 78.5 0.04705 0.0888871381772	4
54 78.5 0.1379 0.172949609056	12
55.5 78.5 0.206585714286 0.0696523991209	14
57 78.5 0.20249 0.135918663995	10
58.5 78.5 0.197728571429 0.152485406015	7
60 78.5 0.29055 0.0894627110402	4
61.5 78.5 -0.0068 NaN	1
63 78.5 0.188623076923 0.0672347027688	13
64.5 78.5 0.1732 0.0476521922746	8
66 78.5 0.156438461538 0.0833241715477	13
67.5 78.5 0.197106666667 0.107362785962	15
69 78.5 0.250822222222 0.0672447540292	9
70.5 78.5 0.135465384615 0.0808755980123	26
72 78.5 0.122356862745 0.107627095575	51
73.5 78.5 0.105616666667 0.0960308436104	54
75 78.5 0.134952380952 0.0603967020544	21
76.5 78.5 0.1975 0.109370050745	11
78 78.5 0.20023 0.0710143023477	30
79.5 78.5 0.180463636364 0.0777947719674	11
81 78.5 0.275516666667 0.0401394278318	6
82.5 78.5 0.1988 0.0831811477039	13
84 78.5 0.16905 0.0341718695226	4
85.5 78.5 0.24944 0.104472163757	5
87 78.5 0.141016666667 0.104820368568	6
88.5 78.5 0.2642 NaN	1
90 78.5 0.21942173913 0.0912332871695	23
91.5 78.5 0.2322 0.0706924677742	13
93 78.5 0.245826086957 0.0746191555798	23
94.5 78.5 0.18355 0.116112122537	10
96 78.5 0.1481 0.120842562866	9
99 78.5 0.1281 0.134476342405	4
108 78.5 0.2077 0.0595383909759	2
112.5 78.5 0.2104 NaN	1
115.5 78.5 0.22242 0.0656551749674	5
117 78.5 0.263525 0.0649389136035	4
120 78.5 0.3269 0.0854124698156	3
121.5 78.5 0.213633333333 0.0694731842752	3
123 78.5 0.224742857143 0.0631180602032	7
124.5 78.5 0.283366666667 0.00650563857998	3
126 78.5 0.22326 0.0543999448529	15
130.5 78.5 0.1783 NaN	1
132 78.5 0.1876 0.0987121066536	2
133.5 78.5 0.271 NaN	1
135 78.5 0.22382 0.0706813766136	5
139.5 78.5 0.3491 NaN	1
150 78.5 0.2032 NaN	1
153 78.5 0.09585 0.0173241161391	2
156 78.5 0.27645 0.0282135605693	2
157.5 78.5 0.2481375 0.0505469212712	8
159 78.5 0.1144 0.0995962649902	6
160.5 78.5 0.125248275862 0.108716806496	29
162 78.5 0.237875 0.0769204079986	4
163.5 78.5 0.115442857143 0.173558519018	7
165 78.5 0.15423125 0.127181852577	16
166.5 78.5 0.2113 0.0709397531109	15
168 78.5 0.209011764706 0.0952400945767	34
169.5 78.5 0.220285714286 0.0758018860851	14
171 78.5 0.0492 NaN	1
172.5 78.5 0.16744 0.0442686457891	5
174 78.5 0.144988 0.0998614261531	25
175.5 78.5 0.220142857143 0.0914856064661	7
-180 78 0.131755555556 0.0904532905857	9
-178.5 78 0.132711111111 0.117874387002	9
-177 78 0.0683142857143 0.0913270757328	7
-175.5 78 0.148556521739 0.136393091088	23
-174 78 0.1364375 0.125141226221	16
-172.5 78 0.114366666667 0.138699997597	21
-171 78 0.115788888889 0.0859807019692	9
-169.5 78 0.165166666667 0.0949634842102	3
-168 78 0.192466666667 0.0212490784114	3
-166.5 78 0.1713 NaN	1
-165 78 0.3005 NaN	1
-156 78 0.15525 0.0874691088328	2
-147 78 0.0897529411765 0.10743551041	17
-145.5 78 0.125033333333 0.13171755641	6
-144 78 0.2406 0.0673572564762	3
-142.5 78 0.165871428571 0.0640633466262	7
-141 78 0.07134 0.0963873072557	5
-139.5 78 0.0979 NaN	1
-138 78 0.198735 0.0690472856664	20
-136.5 78 0.156861363636 0.128031228414	44
-135 78 0.140713793103 0.134552429304	29
-133.5 78 0.179065957447 0.0902228335039	47
-132 78 0.160781395349 0.0859121041858	43
-130.5 78 0.17044 0.12533574956	35
-129 78 0.104218918919 0.143063794701	37
-127.5 78 0.161274074074 0.187248618343	27
-126 78 0.152827272727 0.122524925285	22
-124.5 78 0.182509411765 0.112920278055	85
-123 78 0.218315706806 0.104502168521	191
-121.5 78 0.12197 0.126937461283	40
-120 78 0.0700578947368 0.135849979279	76
-118.5 78 0.126009433962 0.130656461267	53
-117 78 0.179588235294 0.115881221227	34
-16.5 78 0.091 NaN	1
-15 78 0.1218 NaN	1
-13.5 78 0.17015 0.11575338008	2
-12 78 0.199894285714 0.11813538331	35
-10.5 78 0.250062352941 0.105399952535	85
-9 78 0.289751136364 0.120137191686	88
-7.5 78 0.222841025641 0.124877585781	39
-6 78 0.223666666667 0.111603437871	60
25.5 78 0.254066666667 0.117214859695	21
27 78 0.187026666667 0.082677933372	15
28.5 78 0.145778571429 0.10191626411	14
30 78 0.212821052632 0.126837764176	19
31.5 78 0.173676470588 0.0941223042736	17
33 78 0.137191666667 0.0831669714786	24
34.5 78 0.281514285714 0.0672416521229	14
36 78 0.153048275862 0.133168747998	29
37.5 78 0.15570625 0.103428843976	32
39 78 0.128713333333 0.119966417126	15
40.5 78 0.188642857143 0.111046444595	7
42 78 0.1003 0.063317717373	7
43.5 78 0.127542553191 0.0911977634753	47
45 78 0.13705 0.0298964044661	6
48 78 0.3864 NaN	1
51 78 0.0711 NaN	1
52.5 78 0.247 0.0575584919886	2
54 78 0.0568 0.0963079435976	2
57 78 0.0783 0.212697719781	2
58.5 78 0.15175 0.125085614681	6
60 78 0.218541666667 0.116629432262	12
61.5 78 0.111133333333 0.0458451015195	3
63 78 0.121885714286 0.114900899489	14
64.5 78 0.149242857143 0.0534666066062	14
66 78 -0.06 0.0694021133204	7
67.5 78 0.2076125 0.0770104897771	8
69 78 0.054175 0.0600225166084	4
70.5 78 0.0542 NaN	1
72 78 0.146735 0.119708986054	20
73.5 78 0.2093 0.0738500883923	10
75 78 0.1702 0.163914085728	9
76.5 78 0.191116666667 0.0884452110762	24
78 78 0.180815384615 0.0388053013164	13
81 78 0.247541176471 0.103480578243	17
82.5 78 0.1848 NaN	1
84 78 0.187775 0.0819891064193	8
85.5 78 0.17145 0.0821544649493	10
87 78 0.107580769231 0.126528905849	26
88.5 78 0.2277625 0.0314671228654	8
90 78 0.309783333333 0.0728445582502	6
91.5 78 0.26768 0.0467530961542	5
93 78 0.271566666667 0.11403442755	6
94.5 78 0.18772 0.113065582739	15
96 78 0.33945 0.037547370081	2
97.5 78 0.0511 0.0245201957578	3
108 78 0.249 0.0552957502888	2
109.5 78 0.149807692308 0.108266357206	13
111 78 0.22435 0.0997727668254	2
112.5 78 0.2264 0.123036579926	2
114 78 0.2601 0.0655726772368	6
115.5 78 0.1765625 0.103570127209	8
118.5 78 0.2046 0.030229703935	5
121.5 78 0.104266666667 0.0591207521378	3
124.5 78 0.199133333333 0.0787949236944	9
126 78 0.0818 0.0212450778613	4
127.5 78 0.28055 0.0328804653252	2
130.5 78 0.2413 NaN	1
136.5 78 0.0913 NaN	1
154.5 78 0.1933 0.0625720384837	4
156 78 0.21561 0.0900195589858	10
157.5 78 0.21122 0.0365332314475	5
159 78 0.2542 NaN	1
160.5 78 0.2245 NaN	1
162 78 0.224966666667 0.0580525164542	6
163.5 78 0.209594594595 0.091209395672	37
165 78 0.19617 0.147068487805	20
166.5 78 0.1022375 0.10468436829	8
168 78 0.139863157895 0.094040122705	19
169.5 78 0.208496875 0.112167476985	32
171 78 0.193580952381 0.119481557652	21
172.5 78 0.2344 0.152722532719	6
175.5 78 0.154653846154 0.102530374486	13
177 78 0.05794 0.0578873465352	10
178.5 78 0.160825 0.107712313595	4
-180 77.5 0.114925 0.0995854440502	16
-178.5 77.5 0.100282857143 0.120861681968	35
-177 77.5 0.10791 0.119319622046	40
-175.5 77.5 0.106236111111 0.141688058077	36
-174 77.5 0.097111627907 0.122725055092	43
-172.5 77.5 0.140379069767 0.0848700731318	43
-171 77.5 0.1118 0.0622388069528	12
-166.5 77.5 0.209914285714 0.0643535916784	7
-165 77.5 0.194858333333 0.103370713791	12
-163.5 77.5 0.1217 0.0926309883354	2
-160.5 77.5 0.175693333333 0.0701896152948	15
-153 77.5 0.1512 NaN	1
-151.5 77.5 0.2305 NaN	1
-148.5 77.5 0.17325 0.0566523697651	6
-147 77.5 -0.0752333333333 0.143297813428	3
-145.5 77.5 0.18745 0.0243951839509	2
-144 77.5 0.139138095238 0.103505127777	21
-142.5 77.5 0.20158 0.076528537161	5
-141 77.5 0.18304 0.103712184738	20
-139.5 77.5 0.128055 0.130945514885	20
-138 77.5 0.146228571429 0.100743216716	7
-136.5 77.5 0.125141176471 0.126102537935	17
-135 77.5 0.209251428571 0.0886682427778	35
-133.5 77.5 0.11855 0.087386588687	52
-132 77.5 0.169752238806 0.124318130956	67
-130.5 77.5 0.12595 0.124439475682	38
-129 77.5 0.16133 0.115263052286	10
-127.5 77.5 0.132216216216 0.116805452007	37
-126 77.5 0.162788888889 0.162910054176	18
-124.5 77.5 0.163982352941 0.140617267369	51
-123 77.5 0.173575 0.119091130733	32
-121.5 77.5 0.0276714285714 0.217502449904	7
-120 77.5 0.115623076923 0.150275278041	39
-118.5 77.5 0.2025 0.0783599227922	9
-76.5 77.5 0.1965 0.145805418281	2
-16.5 77.5 0.179030769231 0.147257022383	13
-15 77.5 0.210686666667 0.167696225644	15
-13.5 77.5 0.229905555556 0.177827396395	18
-12 77.5 0.290411538462 0.102029696442	78
-10.5 77.5 0.233282978723 0.127202900772	47
-9 77.5 0.3039 0.0982724912435	72
-6 77.5 0.230961904762 0.0769687499976	21
25.5 77.5 0.35048 0.0701006205393	5
27 77.5 0.0361555555556 0.0854534538669	9
28.5 77.5 0.35055 0.0313248304066	2
30 77.5 0.17331875 0.133472610018	16
31.5 77.5 0.0834 0.145805418281	2
33 77.5 0.21755 0.0746551404794	4
34.5 77.5 0.192994117647 0.112581489767	17
36 77.5 0.201086956522 0.116798658555	23
37.5 77.5 0.17518 0.185654186594	5
39 77.5 0.0913083333333 0.0895663437025	12
43.5 77.5 0.185757142857 0.0823058715009	14
46.5 77.5 0.109566666667 0.12907991065	3
48 77.5 0.0851666666667 0.129416163339	3
49.5 77.5 0.14825 0.0492864754945	4
64.5 77.5 0.0759 0.115413907308	3
66 77.5 0.2317 0.0633291007358	5
67.5 77.5 -0.1173 NaN	1
69 77.5 0.034 NaN	1
70.5 77.5 0.179342857143 0.0850158584646	7
72 77.5 0.1493 NaN	1
73.5 77.5 0.194916666667 0.0940232152184	18
75 77.5 0.20258 0.0939564532702	10
76.5 77.5 0.150509090909 0.105263718297	22
78 77.5 0.238229166667 0.0693834053532	24
79.5 77.5 0.128225 0.10735191943	20
81 77.5 0.1555125 0.062885325054	8
84 77.5 0.101066666667 0.0331519732947	3
85.5 77.5 0.120025 0.125345838973	24
87 77.5 0.14251 0.119021925618	10
90 77.5 0.22905 0.0235466558135	2
91.5 77.5 0.303625 0.0754467306559	4
93 77.5 0.1723 0.0624332443495	3
94.5 77.5 0.2404 0.0630851408812	13
96 77.5 0.291466666667 0.065818107944	3
97.5 77.5 0.290233333333 0.0262258396751	6
100.5 77.5 0.21065 0.0471909494955	8
109.5 77.5 0.1291 0.061733837291	4
112.5 77.5 0.1643 NaN	1
114 77.5 0.27995 0.0207182286888	2
115.5 77.5 0.148385714286 0.0732298533972	7
117 77.5 0.2813 NaN	1
118.5 77.5 0.228583333333 0.0719117620084	12
120 77.5 0.175983333333 0.0516768581346	6
121.5 77.5 0.21695 0.0366988419436	2
123 77.5 0.355475 0.0606993341534	4
126 77.5 0.2056 0.0768024088164	3
130.5 77.5 0.1944 0.0620839753882	2
133.5 77.5 0.148966666667 0.0469699194521	3
135 77.5 0.2401 NaN	1
151.5 77.5 0.1268 0.0253144227665	2
154.5 77.5 -0.09825 0.111598222805	4
156 77.5 0.158533333333 0.178075835905	3
157.5 77.5 0.183609090909 0.088525707617	11
159 77.5 0.21835 0.101299530022	24
160.5 77.5 0.138983333333 0.115922998023	18
162 77.5 0.18531 0.0847927932638	20
163.5 77.5 0.0933380952381 0.129499569405	21
165 77.5 0.171747474747 0.109026280621	99
166.5 77.5 0.180288461538 0.100354365433	26
168 77.5 0.178154054054 0.115656432291	37
169.5 77.5 0.157045 0.124859935784	40
171 77.5 0.125825 0.103510687854	4
172.5 77.5 0.142142857143 0.134782963511	14
174 77.5 0.10269 0.184970865273	10
175.5 77.5 0.0578666666667 0.14479104772	9
177 77.5 0.176576190476 0.0846012996773	42
178.5 77.5 0.102832 0.119780624894	25
-180 77 0.185425 0.111618672468	24
-178.5 77 0.0966205882353 0.100710896703	34
-177 77 0.177852631579 0.101858836787	19
-175.5 77 0.130872972973 0.0993676692576	37
-174 77 0.131229411765 0.11555460703	17
-172.5 77 0.1885 0.0672069471855	17
-171 77 0.12995 0.0640458938196	34
-169.5 77 0.108518181818 0.110991025026	11
-168 77 0.2848 NaN	1
-166.5 77 0.186696153846 0.0760416753144	26
-165 77 0.19245 0.0697651570833	8
-163.5 77 0.16532 0.0406472262276	5
-162 77 0.118544444444 0.0848291976726	9
-160.5 77 0.114616666667 0.0692437843179	6
-159 77 0.13364 0.104452778805	5
-157.5 77 0.0882 NaN	1
-156 77 0.0279666666667 0.029921954036	3
-154.5 77 0.2956 NaN	1
-150 77 0.197242857143 0.0805671326109	7
-148.5 77 0.126833333333 0.156495069145	6
-145.5 77 0.05135 0.190282434817	2
-144 77 0.0293 NaN	1
-142.5 77 0.054975 0.125546317203	20
-141 77 0.096925 0.162595647748	16
-139.5 77 0.197845714286 0.0938106300977	35
-138 77 0.148245454545 0.118725116053	33
-136.5 77 0.200719047619 0.109712932779	21
-135 77 0.0991416666667 0.112759960916	36
-133.5 77 0.211425 0.138921037057	28
-132 77 0.124694594595 0.109523723828	37
-130.5 77 0.185808571429 0.125038945395	35
-129 77 0.131990322581 0.139405799389	31
-127.5 77 0.123688461538 0.139847100297	26
-126 77 0.152394444444 0.113370918065	54
-124.5 77 0.163223809524 0.129156444764	42
-123 77 0.137036363636 0.165402618288	33
-121.5 77 0.26146 0.13521905561	5
-76.5 77 0.121809090909 0.11747460538	11
-75 77 -0.0832 0.0752985723636	5
-16.5 77 0.118983333333 0.147105450839	6
-15 77 0.123505555556 0.130303557228	18
-13.5 77 0.251815384615 0.0965659223217	26
-12 77 0.287090361446 0.0926820589559	83
-10.5 77 0.190007142857 0.118686163177	14
-9 77 0.281092857143 0.117225752222	28
-7.5 77 0.137835897436 0.149069920873	39
18 77 0.155925 0.0443040536144	4
22.5 77 0.247166666667 0.0496487529216	6
24 77 0.12095 0.124380082811	2
25.5 77 0.0473 0.191460361433	3
27 77 -0.0205 NaN	1
28.5 77 0.110427272727 0.122432128879	11
30 77 0.19882 0.109561658439	5
31.5 77 0.23969516129 0.0943685145246	62
33 77 0.301202439024 0.0828934601998	41
34.5 77 0.343325 0.0424001080973	4
36 77 0.3957 0.0630739248818	2
39 77 0.0926 0.199600701402	4
46.5 77 0.1089 NaN	1
70.5 77 0.256285714286 0.0509952752247	7
72 77 0.120517073171 0.114441694549	41
73.5 77 0.108933333333 0.119254276653	9
75 77 0.207652380952 0.127255188668	42
76.5 77 0.1696725 0.138031232043	40
78 77 0.1985 0.0488525741389	11
79.5 77 0.1809 0.0923611390142	5
81 77 0.283325 0.0683510729006	4
82.5 77 0.16852 0.136907457795	5
84 77 0.178836956522 0.127987661486	46
85.5 77 0.175514285714 0.117026270962	7
87 77 0.176206666667 0.124793998635	15
90 77 0.1886 0.0743830289784	5
91.5 77 0.215308333333 0.0620149609271	12
93 77 0.26316 0.09614177263	10
115.5 77 0.2142 0.108437816282	7
120 77 0.2121 NaN	1
121.5 77 0.2254 0.0723132767893	3
126 77 0.1675 NaN	1
127.5 77 0.16995 0.0861963166266	2
130.5 77 0.1033 0.050063160108	2
135 77 0.2374 0.117662568389	2
138 77 0.0812 NaN	1
145.5 77 0.12265 0.00997020561473	2
150 77 0.1773 NaN	1
151.5 77 0.121691666667 0.132484465356	12
157.5 77 0.2563 NaN	1
159 77 0.205591666667 0.0677568441137	12
160.5 77 0.230416666667 0.0548458157542	30
162 77 0.0779107142857 0.149575674739	28
163.5 77 0.0927435294118 0.115477514248	85
165 77 0.152149333333 0.119301907931	75
166.5 77 0.177842105263 0.142731775722	38
168 77 0.1841925 0.125118338625	40
169.5 77 0.140492307692 0.12884110856	39
171 77 0.16253 0.145179536743	10
172.5 77 0.1241 0.0679433219677	5
174 77 0.15862 0.0408854741932	5
175.5 77 0.0712083333333 0.114390684163	24
177 77 0.1493 0.102095363058	39
178.5 77 0.0778538461538 0.107671650675	13
-180 76.5 0.1875 0.109501164377	13
-178.5 76.5 0.1065 0.143447617934	45
-177 76.5 0.1301325 0.120228029898	40
-175.5 76.5 0.2043875 0.117705761791	24
-174 76.5 0.110122727273 0.122406123142	22
-172.5 76.5 0.1561875 0.0943058232628	40
-171 76.5 0.159927586207 0.0773408730258	29
-169.5 76.5 0.195861904762 0.0866770700716	21
-168 76.5 0.21838125 0.0896117865666	16
-166.5 76.5 0.225127777778 0.042921074017	18
-165 76.5 0.145655 0.0462385971719	20
-163.5 76.5 0.236153846154 0.116889553393	13
-162 76.5 0.17173125 0.0713282843844	32
-160.5 76.5 0.165206666667 0.123561398657	15
-159 76.5 0.117011111111 0.0988267985473	9
-157.5 76.5 0.0752333333333 0.126959811789	15
-156 76.5 0.143866666667 0.0922835588721	15
-150 76.5 0.0979 0.0400222438152	2
-147 76.5 0.20788 0.121801876012	5
-145.5 76.5 0.0880636363636 0.0750180547965	11
-144 76.5 0.2157 0.1265562589	4
-142.5 76.5 0.17 0.113358369784	3
-141 76.5 0.148728571429 0.126434242128	14
-139.5 76.5 0.197372727273 0.110184600475	11
-138 76.5 0.195353333333 0.1216253314	15
-136.5 76.5 0.173985714286 0.152595769964	14
-135 76.5 0.123548837209 0.141075249039	43
-133.5 76.5 0.178643333333 0.102851294339	30
-132 76.5 0.222163157895 0.100085547911	19
-130.5 76.5 0.196068421053 0.134369528013	19
-129 76.5 0.0914243902439 0.134376204702	41
-127.5 76.5 0.114295121951 0.143640667903	41
-126 76.5 0.179736842105 0.11731202385	57
-124.5 76.5 0.120673333333 0.15531557491	15
-123 76.5 0.275935714286 0.101949713148	14
-75 76.5 0.085 0.138173695036	3
-16.5 76.5 0.146122222222 0.0653422868015	9
-15 76.5 0.215033333333 0.0908116594937	9
-13.5 76.5 0.267436956522 0.11479085786	46
-12 76.5 0.239816666667 0.158167118261	30
-10.5 76.5 0.236565217391 0.155919739285	23
-9 76.5 0.2288875 0.109529427716	8
-7.5 76.5 0.163522222222 0.119906899069	9
22.5 76.5 0.17635 0.116109910983	8
24 76.5 0.229125 0.0572975493949	4
27 76.5 0.208975 0.0739273235459	4
70.5 76.5 0.182924390244 0.100824458294	41
72 76.5 0.0772933333333 0.128429366172	15
73.5 76.5 0.192579411765 0.0886231886319	34
75 76.5 0.1776 0.102245637415	28
76.5 76.5 0.272 0.116955461608	2
78 76.5 0.219133333333 0.108308186825	3
79.5 76.5 0.15825 0.132037828602	12
81 76.5 -0.0561 NaN	1
82.5 76.5 0.205448275862 0.0836826258666	29
84 76.5 0.186428571429 0.128789670171	21
85.5 76.5 0.1119 0.036510911611	7
87 76.5 0.1671 0.0750834202737	5
88.5 76.5 0.192909090909 0.122984261127	22
90 76.5 0.242025 0.0575349965963	4
91.5 76.5 0.259371428571 0.0448930846303	7
93 76.5 0.243791666667 0.0744943983048	12
115.5 76.5 0.309666666667 0.0750372129902	3
117 76.5 0.177883333333 0.0992961311767	6
121.5 76.5 0.260406666667 0.0461962346435	15
123 76.5 0.214114285714 0.0749332242416	7
124.5 76.5 0.199971428571 0.0485917590505	7
126 76.5 0.183744444444 0.053540010999	9
127.5 76.5 0.13246 0.0708476801157	10
130.5 76.5 0.2302 NaN	1
132 76.5 0.21585 0.0616887467095	18
133.5 76.5 0.18325 0.0286378246381	2
138 76.5 0.290483333333 0.0416591606573	6
144 76.5 0.2577 0.0135764501988	2
145.5 76.5 0.2327 NaN	1
156 76.5 0.0966 NaN	1
157.5 76.5 0.073425 0.10433287673	4
159 76.5 0.17204 0.108865664927	5
160.5 76.5 0.2255 0.0948937300352	2
162 76.5 0.0932565217391 0.13433574907	23
163.5 76.5 0.218882352941 0.0883021584917	34
165 76.5 0.124930434783 0.103130980831	69
166.5 76.5 0.151662 0.0995585211761	50
168 76.5 0.11305 0.139356260645	22
169.5 76.5 0.128845070423 0.12049124543	71
171 76.5 0.197490243902 0.103745734382	41
172.5 76.5 0.166644444444 0.0854807114275	18
174 76.5 0.0859454545455 0.116737032373	11
175.5 76.5 0.176711111111 0.097749282464	18
177 76.5 0.133875 0.0589705222972	4
178.5 76.5 0.15417 0.0846836969334	20
-180 76 0.179731818182 0.123593998877	22
-178.5 76 0.187558823529 0.108382320256	34
-177 76 0.221653333333 0.148927517685	15
-175.5 76 0.118177586207 0.122873172444	58
-174 76 0.148438235294 0.134642126017	68
-172.5 76 0.160796551724 0.0916338735043	29
-171 76 0.08629 0.0967363011776	30
-169.5 76 0.174202272727 0.117486748364	44
-168 76 0.148061538462 0.0713515654869	13
-166.5 76 0.146642857143 0.10134309095	49
-165 76 0.23328 0.0673273198635	20
-163.5 76 0.168088888889 0.0403225571004	9
-162 76 0.170858823529 0.0831572911628	17
-160.5 76 0.123257894737 0.138200346984	19
-159 76 0.142 0.0891446016313	9
-157.5 76 0.0269 0.0786302740679	2
-156 76 -0.0853 NaN	1
-154.5 76 0.100528571429 0.11820835721	7
-153 76 0.07494 0.0785715470129	5
-147 76 -0.0314 NaN	1
-145.5 76 0.138866666667 0.143623316247	12
-144 76 0.1381 0.193788720002	6
-142.5 76 0.164992857143 0.0948122068114	14
-141 76 0.102733333333 0.120625514161	6
-139.5 76 0.1273 0.118935074726	11
-138 76 0.072 0.152269051353	6
-136.5 76 -0.01805 0.127052758071	4
-135 76 0.11525 0.164697273257	12
-133.5 76 0.118988235294 0.153789632625	17
-132 76 0.1591625 0.121286580006	72
-130.5 76 0.0767285714286 0.245778909553	7
-129 76 0.132745833333 0.146852102409	24
-127.5 76 0.160023255814 0.120751986635	86
-126 76 0.160468421053 0.126199875553	76
-124.5 76 0.137966666667 0.0842106287828	9
-88.5 76 0.11545 0.163978062557	2
-87 76 0.3227 0.0660655230308	4
-78 76 0.01235 0.0105358910397	2
-73.5 76 0.19145 0.0152027957955	2
-72 76 0.1776 NaN	1
-70.5 76 0.2795 0.142742320284	3
-16.5 76 0.156525 0.184814183709	4
-15 76 0.239166666667 0.111345307361	30
-13.5 76 0.311664285714 0.155504527142	42
-12 76 0.277083333333 0.175204342602	6
-10.5 76 0.21656 0.151515834156	5
25.5 76 0.0814 0.0434163563649	2
67.5 76 0.0571 0.107165759457	4
69 76 0.216166666667 0.0896954997013	6
70.5 76 0.195528 0.124137277909	25
72 76 0.195730769231 0.104136916162	13
73.5 76 0.1551 NaN	1
75 76 0.155 0.0670493599273	13
76.5 76 0.3738 NaN	1
78 76 0.3431 NaN	1
79.5 76 0.127233333333 0.158808259651	3
81 76 0.26815 0.0959445152158	4
85.5 76 0.2732 0.103690790334	4
87 76 0.31133 0.101933235775	10
88.5 76 0.1472125 0.111010674358	8
90 76 0.1838125 0.083731466606	16
91.5 76 0.208425 0.152976259051	4
115.5 76 0.2879 NaN	1
117 76 0.224128571429 0.0408868240507	7
120 76 0.22565 0.0409113268749	4
121.5 76 0.052 NaN	1
123 76 0.20312 0.071637922918	5
124.5 76 0.135266666667 0.0870147305537	3
126 76 0.2558 0.0470081907757	3
132 76 0.21755 0.023829498526	2
133.5 76 0.0262 0.0324573566391	3
157.5 76 0.1775 0.0734801469786	6
159 76 0.10342 0.105821722723	5
160.5 76 0.141566666667 0.0697665392577	9
162 76 0.201715384615 0.0900207554415	13
163.5 76 0.208642372881 0.111812609867	59
165 76 0.160663888889 0.111410153815	36
166.5 76 0.166851351351 0.0928685828398	37
168 76 0.115222222222 0.137381887476	18
169.5 76 0.1995 0.109599836819	53
171 76 0.163801587302 0.111683739094	63
172.5 76 0.139233333333 0.153585425991	27
174 76 0.159108333333 0.13681821299	24
175.5 76 0.166929166667 0.126188983462	24
177 76 0.148875 0.113844504199	12
178.5 76 0.132966666667 0.130932136366	21
-180 75.5 0.175259459459 0.110718282289	37
-178.5 75.5 0.113327272727 0.0709178410685	11
-177 75.5 0.161026315789 0.121909113879	19
-175.5 75.5 0.163024489796 0.0992280192507	49
-174 75.5 0.106368235294 0.108420665764	85
-172.5 75.5 0.0596470588235 0.100771778773	17
-171 75.5 0.108976923077 0.119757116378	13
-169.5 75.5 0.152162068966 0.0787616203924	87
-168 75.5 0.181055172414 0.0790501133378	29
-166.5 75.5 0.217727272727 0.135716514035	11
-165 75.5 0.18579 0.0833930512693	10
-163.5 75.5 0.128739130435 0.123650091393	46
-162 75.5 0.164676923077 0.106597258155	26
-160.5 75.5 0.167977272727 0.119634737477	22
-159 75.5 0.2218 0.0589779958968	16
-157.5 75.5 0.0709 NaN	1
-156 75.5 0.121343478261 0.0828588988258	23
-154.5 75.5 0.0347666666667 0.196549289832	3
-153 75.5 0.139314285714 0.191604440002	7
-150 75.5 0.12725 0.0855836608238	6
-148.5 75.5 0.15656 0.10011469922	5
-147 75.5 0.156342857143 0.0928127659528	7
-145.5 75.5 0.1778 0.134427105402	10
-144 75.5 0.185063636364 0.0875259992542	11
-142.5 75.5 0.1136 0.0978635785162	2
-141 75.5 0.145814285714 0.0842185787756	14
-139.5 75.5 0.0218090909091 0.152426503303	11
-138 75.5 0.148009090909 0.11425787898	11
-136.5 75.5 0.0935692307692 0.148286689584	13
-135 75.5 0.160961111111 0.126981169083	36
-133.5 75.5 0.147827272727 0.173910793747	11
-132 75.5 0.0573826086957 0.100529148429	23
-130.5 75.5 0.203086363636 0.120235421037	22
-129 75.5 0.111988095238 0.12941542337	42
-127.5 75.5 0.128603921569 0.112283166968	51
-126 75.5 0.123376923077 0.104537400664	39
-124.5 75.5 0.151910526316 0.136824136495	19
-123 75.5 0.17668 0.0473960652375	5
-121.5 75.5 0.255866666667 0.0283806859208	3
-78 75.5 0.1632 0.268417734138	2
-75 75.5 0.18522 0.0868883932921	10
-73.5 75.5 0.2567 0.0998434775035	2
-70.5 75.5 0.1233 0.136718122427	9
-69 75.5 0.197083870968 0.114612186952	31
-67.5 75.5 0.1101 0.047093311627	2
-66 75.5 0.0676666666667 0.152244846656	3
-16.5 75.5 0.109144444444 0.116392150843	9
-15 75.5 0.220713157895 0.0911648408136	38
-13.5 75.5 0.164955555556 0.102680805304	9
64.5 75.5 0.124208695652 0.126985131245	23
66 75.5 0.201866666667 0.0806886314055	15
67.5 75.5 0.13084137931 0.0922421716277	29
69 75.5 0.174266666667 0.0480046178334	3
70.5 75.5 0.1599 0.108103234974	18
72 75.5 0.1311 0.028001428535	2
75 75.5 0.24375 0.062214650829	10
76.5 75.5 0.246533333333 0.0872929474051	6
79.5 75.5 0.112266666667 0.110440351925	21
84 75.5 0.24535 0.083458798218	6
85.5 75.5 0.206051515152 0.13536068281	33
87 75.5 0.0280333333333 0.262643078467	6
88.5 75.5 0.0487833333333 0.12977544125	12
115.5 75.5 0.264216666667 0.0290407587137	6
117 75.5 0.18783 0.0911476585912	10
118.5 75.5 0.14962 0.104726987926	5
121.5 75.5 0.28182 0.105491573123	5
126 75.5 0.1191 NaN	1
133.5 75.5 -0.00997058823529 0.0882752567591	17
157.5 75.5 0.2985 NaN	1
159 75.5 0.2345 0.0336582827845	2
160.5 75.5 0.166984615385 0.073184969383	13
162 75.5 0.174546153846 0.0971485427527	13
163.5 75.5 0.206942857143 0.0953116270105	28
165 75.5 0.0926714285714 0.0945753214563	14
166.5 75.5 0.136025 0.132130163957	12
168 75.5 0.118529090909 0.138378041869	55
169.5 75.5 0.151389393939 0.127733788228	66
171 75.5 0.154269863014 0.105039586036	73
172.5 75.5 0.143444186047 0.162391356066	43
174 75.5 0.149585714286 0.0944139886908	35
175.5 75.5 0.197285714286 0.118658308608	35
177 75.5 0.0956576923077 0.144998637712	26
178.5 75.5 0.171191304348 0.106864728255	46
-180 75 0.136438235294 0.127528463881	34
-178.5 75 0.120661904762 0.141950369122	42
-177 75 0.130482926829 0.113652896801	41
-175.5 75 0.184470588235 0.075013980634	34
-174 75 0.122165384615 0.0758202766669	26
-172.5 75 0.154445454545 0.0962588635234	33
-171 75 0.2051 0.0928754681958	28
-169.5 75 0.0995125 0.107945046976	16
-168 75 0.16339625 0.0863018128266	80
-166.5 75 0.208571794872 0.0715998895497	39
-165 75 0.170733333333 0.098207001981	15
-163.5 75 0.163166666667 0.0962595615428	24
-162 75 0.17872173913 0.131422860045	23
-160.5 75 0.183857894737 0.0903621806079	19
-159 75 0.115130769231 0.0724156680171	13
-157.5 75 0.0568888888889 0.0778756130705	9
-154.5 75 0.15285 0.123390133317	2
-151.5 75 0.153575 0.0907577131708	4
-148.5 75 0.1904 NaN	1
-147 75 0.2304 NaN	1
-144 75 0.103766666667 0.120204204031	6
-142.5 75 0.24538 0.112270797628	5
-141 75 0.151144444444 0.14519334619	9
-139.5 75 0.2482 0.0301715097402	4
-138 75 0.20923 0.109117287051	10
-135 75 0.181611764706 0.109588776127	17
-133.5 75 0.0741428571429 0.190569985894	7
-132 75 0.146125 0.0737943256626	4
-130.5 75 0.159535714286 0.147957093916	28
-129 75 0.137730952381 0.114097915776	42
-127.5 75 0.147632258065 0.124082194229	31
-126 75 0.12902 0.130274377686	55
-124.5 75 0.206095 0.095887030433	20
-123 75 0.15645 0.0322485193459	6
-121.5 75 0.0280666666667 0.18042146029	3
-120 75 0.1741 NaN	1
-118.5 75 0.153105263158 0.111727871156	19
-117 75 0.134942857143 0.086611101235	7
-103.5 75 0.10265 0.0639814816959	4
-102 75 0.128866666667 0.162262863803	12
-78 75 0.22097 0.0638633445552	10
-76.5 75 -0.166 NaN	1
-75 75 0.0774 0.160053897172	3
-73.5 75 0.187614285714 0.0836709703883	21
-72 75 0.136376923077 0.103446372208	13
-70.5 75 0.190071428571 0.0519709763325	7
-69 75 0.185809090909 0.144493629303	11
-67.5 75 0.0695714285714 0.216630728155	7
-66 75 0.0096 0.128964400773	7
-64.5 75 0.214866666667 0.0539636420812	6
-63 75 0.1495875 0.155883486136	8
-16.5 75 0.260975 0.0744677279095	4
-15 75 0.4598 NaN	1
61.5 75 0.218690625 0.0810565925733	32
63 75 0.150253488372 0.0886754713195	43
64.5 75 0.150565714286 0.121234628966	35
66 75 0.134091666667 0.133847523858	36
67.5 75 0.132178947368 0.135726950484	19
69 75 0.198511538462 0.099143356114	26
70.5 75 0.25545 0.127067088579	2
73.5 75 0.2241 0.0520650234482	7
75 75 0.16322 0.0972503573258	5
81 75 0.179716666667 0.0847836639139	6
82.5 75 0.133033333333 0.0363879558829	3
84 75 0.282181818182 0.0677606791315	11
118.5 75 0.20785 0.111132385019	6
120 75 0.2938 NaN	1
121.5 75 0.274875 0.0777646609971	4
126 75 -0.114933333333 0.105899260306	3
127.5 75 0.0852 0.200789915085	3
130.5 75 0.2471 NaN	1
132 75 0.17485 0.143471965903	2
133.5 75 0.22976 0.0899595075576	5
135 75 0.0259 0.143542676581	2
154.5 75 0.0310555555556 0.12918856481	9
157.5 75 0.05455 0.191272384311	2
160.5 75 0.107342857143 0.100309153074	7
162 75 0.1639 NaN	1
163.5 75 0.21855 0.0379716341497	2
165 75 0.194818604651 0.132232672383	43
166.5 75 0.193094736842 0.0745262703398	19
168 75 0.172302702703 0.101575791316	37
169.5 75 0.126853488372 0.097608438718	43
171 75 0.0968681818182 0.128834731292	22
172.5 75 0.178576190476 0.0802832230591	21
174 75 0.146916129032 0.0939858184223	31
175.5 75 0.112226785714 0.12716213343	56
177 75 0.149243939394 0.127295177416	66
178.5 75 0.183995652174 0.135615217036	46
-180 74.5 0.0682 NaN	1
-178.5 74.5 0.098643902439 0.118310303965	41
-177 74.5 0.186433333333 0.0839416806308	30
-175.5 74.5 0.130922222222 0.103390969996	45
-174 74.5 0.16531369863 0.0775797731282	73
-172.5 74.5 0.157343589744 0.119450614757	39
-171 74.5 0.213170833333 0.0995232438621	24
-169.5 74.5 0.183618461538 0.0907874851857	65
-168 74.5 0.16035 0.10025272581	32
-166.5 74.5 0.209992857143 0.0863267679063	56
-163.5 74.5 0.13195 0.0615583463066	4
-162 74.5 0.193511111111 0.121522811073	9
-160.5 74.5 0.0972666666667 0.105315395361	9
-159 74.5 0.0846125 0.118918104323	8
-156 74.5 0.14365 0.161655678321	10
-154.5 74.5 0.1817 NaN	1
-151.5 74.5 0.15462 0.160855127366	5
-150 74.5 0.2003 0.0708070147184	4
-147 74.5 0.164066666667 0.0828116738953	3
-142.5 74.5 0.198466666667 0.10421057208	3
-141 74.5 0.12775 0.197490780978	8
-139.5 74.5 -0.1549 NaN	1
-138 74.5 0.09522 0.210906844365	5
-136.5 74.5 0.018225 0.151151690601	8
-135 74.5 0.14325 0.153282154865	6
-133.5 74.5 0.145975 0.110443440599	8
-132 74.5 0.130811111111 0.0586893185436	9
-130.5 74.5 0.219883333333 0.129519163318	6
-129 74.5 0.100988461538 0.133531510369	26
-127.5 74.5 0.11785 0.102668216047	30
-126 74.5 0.16617037037 0.107676687766	27
-123 74.5 0.2538 NaN	1
-120 74.5 0.1778 NaN	1
-118.5 74.5 0.1726 0.100870643235	4
-117 74.5 0.134133333333 0.0495217460651	3
-115.5 74.5 0.1993 NaN	1
-109.5 74.5 0.183417241379 0.0777558085518	29
-108 74.5 0.1609625 0.129171502137	8
-106.5 74.5 0.114133333333 0.114136985746	12
-105 74.5 0.143066666667 0.153652782179	30
-103.5 74.5 0.2488 0.139737062609	4
-100.5 74.5 0.135933333333 0.0305539413715	3
-79.5 74.5 0.150133333333 0.0847317138581	3
-78 74.5 0.100716666667 0.123592348183	18
-76.5 74.5 0.186078571429 0.0923994353843	14
-75 74.5 0.211655555556 0.138581872111	9
-73.5 74.5 0.20661 0.0737772992789	10
-72 74.5 0.140467857143 0.121518186578	28
-70.5 74.5 0.1484375 0.0982609054289	8
-67.5 74.5 0.104241666667 0.169713359727	12
-63 74.5 0.16515 0.243598286119	2
-61.5 74.5 0.1989 0.0377322143533	3
-18 74.5 -0.08825 0.00714177848998	2
-16.5 74.5 0.271775 0.128354389556	12
-15 74.5 0.03742 0.145636712405	5
60 74.5 0.288966666667 0.0733671759031	9
61.5 74.5 0.159638888889 0.103432502224	18
63 74.5 0.1435 0.0881575634872	6
64.5 74.5 0.1651 0.16132117034	14
66 74.5 0.13308 0.0798857211549	10
67.5 74.5 0.054925 0.154680086523	4
69 74.5 0.1826 0.0671189690028	11
70.5 74.5 0.1243 NaN	1
72 74.5 0.185875 0.0765920524598	4
73.5 74.5 0.0759 NaN	1
76.5 74.5 0.1862 NaN	1
82.5 74.5 0.234475 0.134853831363	4
84 74.5 0.263871428571 0.175992061509	7
117 74.5 0.136983333333 0.136071297042	12
118.5 74.5 0.263977777778 0.0784173266835	18
121.5 74.5 0.3366 NaN	1
124.5 74.5 0.231871428571 0.0609978883319	7
127.5 74.5 0.1198875 0.156587460157	8
129 74.5 0.15115 0.0691855693046	6
132 74.5 0.15722173913 0.111896689189	23
133.5 74.5 0.0818857142857 0.155687575993	14
136.5 74.5 0.196609090909 0.0427974170843	11
151.5 74.5 0.228566666667 0.0334643591502	3
159 74.5 0.09256 0.207335809739	5
160.5 74.5 -0.04615 0.133428145457	4
162 74.5 0.162033333333 0.121696157157	6
163.5 74.5 0.3423 0.225598825352	3
165 74.5 0.1922 0.0973535310094	5
166.5 74.5 0.194723809524 0.111374642108	21
168 74.5 0.0795608695652 0.090350664027	23
169.5 74.5 0.183773684211 0.100832236039	19
171 74.5 0.0573928571429 0.189998560579	14
172.5 74.5 0.140226086957 0.126649775571	23
174 74.5 0.160559090909 0.117044622625	66
175.5 74.5 0.161248351648 0.115830101981	91
177 74.5 0.0971555555556 0.133511577917	18
178.5 74.5 0.177752830189 0.103272385548	53
-180 74 0.18236 0.0920551407645	35
-178.5 74 0.1965 0.0600534761692	7
-177 74 0.141357142857 0.0801297862056	14
-175.5 74 0.129569565217 0.0976537968111	23
-174 74 0.106192307692 0.113401767046	13
-172.5 74 0.150167567568 0.114360728142	37
-171 74 0.175866666667 0.0842518983819	15
-168 74 0.2115 NaN	1
-166.5 74 0.25075 0.143896229971	2
-165 74 0.32345 0.0215667568262	2
-163.5 74 0.0816 0.104038358311	5
-162 74 0.0147 0.292317943343	2
-160.5 74 0.188588888889 0.0826953965533	9
-159 74 0.17855 0.0287792459943	2
-157.5 74 0.16935 0.0926359919254	6
-156 74 -0.1465 NaN	1
-154.5 74 0.0479 0.103953980203	3
-151.5 74 0.11758 0.109773389307	5
-150 74 0.1156 0.0303288641396	3
-147 74 0.176028571429 0.106995852167	7
-145.5 74 0.03885 0.0722722860669	4
-144 74 -0.1173 NaN	1
-142.5 74 -0.0316 0.0678822509939	2
-141 74 0.11795 0.202303250097	2
-139.5 74 0.10886 0.14982115338	5
-138 74 0.08735 0.0453255446741	2
-136.5 74 0.05785 0.0658045844401	4
-135 74 0.04175 0.0761554003338	2
-133.5 74 0.12973 0.110220401684	20
-132 74 0.0656533333333 0.124065615512	15
-130.5 74 0.09476 0.114990969211	5
-129 74 0.0144214285714 0.140099965292	14
-127.5 74 0.1351 0.0439990151405	4
-126 74 0.0032 NaN	1
-115.5 74 0.147817910448 0.0999983483581	67
-114 74 0.15569 0.0863630336368	20
-112.5 74 -0.0869 0.00989949493661	2
-111 74 0.163496296296 0.101187782333	27
-109.5 74 0.130519047619 0.124324139326	21
-108 74 0.113871428571 0.0998193876101	21
-106.5 74 0.0214 NaN	1
-105 74 0.09068 0.193573776633	5
-103.5 74 0.11348 0.196363787395	5
-102 74 0.23595 0.05267491813	6
-88.5 74 0.199175 0.0652555170081	4
-85.5 74 0.378983333333 0.229165969696	6
-81 74 -0.01425 0.0294532963633	4
-78 74 0.14982 0.0551580184561	5
-76.5 74 0.144666666667 0.129559618194	6
-75 74 0.171506666667 0.0983777665552	15
-73.5 74 0.149383333333 0.138317380205	6
-72 74 0.08638 0.0636753248912	5
-70.5 74 0.150922727273 0.0929856124496	44
-69 74 -0.0326666666667 0.12373602278	3
-67.5 74 0.20205 0.197777766698	2
-66 74 0.119242857143 0.102479624348	14
-64.5 74 0.0047 0.101681955135	2
-63 74 -0.063425 0.068826999305	4
-61.5 74 0.10005 0.0773300493887	14
-18 74 0.245133333333 0.108598676327	9
-16.5 74 0.17 0.107136772399	6
-15 74 0.25869 0.188099798866	10
60 74 0.157846153846 0.117371581674	26
61.5 74 0.14938490566 0.113216364331	53
63 74 0.126475 0.0816089118908	36
64.5 74 0.101655769231 0.106102542293	104
66 74 0.099764 0.124680366456	50
67.5 74 0.2548 0.0671751442127	2
69 74 0.2682 NaN	1
70.5 74 0.129066666667 0.149187611193	3
76.5 74 0.115866666667 0.00826579296458	3
79.5 74 0.08164 0.115086211164	10
81 74 0.0111 0.134633131138	2
118.5 74 0.187533333333 0.0412971245972	9
120 74 0.12621875 0.113825347023	16
121.5 74 0.181283333333 0.0455309308785	6
127.5 74 0.0653 0.0267265785315	3
129 74 0.205866666667 0.124908659961	3
132 74 0.1798 0.0870694119654	9
133.5 74 0.173185483871 0.0857732577966	62
138 74 0.125005 0.0691635093551	20
151.5 74 0.22725 0.0127986327395	2
154.5 74 0.087825 0.0648079920483	4
159 74 -0.0972 0.0659750169166	8
160.5 74 0.134463636364 0.167907541657	11
162 74 0.188610714286 0.108709522358	28
163.5 74 0.0579888888889 0.106015522972	9
165 74 0.180782352941 0.12799006424	17
166.5 74 0.1596875 0.137512954585	8
168 74 0.1841625 0.127335338351	8
169.5 74 0.13555 0.141206716429	18
171 74 0.194211764706 0.0964810077318	17
172.5 74 0.184062962963 0.108377978703	27
174 74 0.16198974359 0.133085391651	39
175.5 74 0.142036842105 0.126950524967	19
177 74 0.0949282051282 0.138937346631	39
178.5 74 0.213864285714 0.0995384240238	14
-180 73.5 0.14772 0.0584494396894	5
-178.5 73.5 0.142861904762 0.0816981057075	21
-177 73.5 0.164883333333 0.0770367812585	6
-175.5 73.5 0.1626 0.104946206458	17
-174 73.5 0.0773875 0.137633042908	16
-172.5 73.5 0.15825915493 0.10777837522	71
-171 73.5 0.21592 0.089714864989	5
-169.5 73.5 0.139381818182 0.0875803610198	11
-168 73.5 0.17705 0.0949644407134	2
-166.5 73.5 0.2106 0.164048773235	2
-165 73.5 0.239928571429 0.0762605558657	7
-163.5 73.5 0.1062375 0.10618435367	8
-162 73.5 0.162858333333 0.0942104747924	12
-160.5 73.5 0.240166666667 0.0639301180978	9
-159 73.5 0.1861 0.0110308657865	2
-157.5 73.5 0.222391666667 0.0923139845442	12
-156 73.5 0.13495 0.130897727253	22
-154.5 73.5 -0.0213 NaN	1
-151.5 73.5 0.1157 0.124081408761	6
-150 73.5 0.069 0.116120756112	11
-148.5 73.5 0.14515 0.112823043262	12
-147 73.5 0.1819 0.156279189274	5
-145.5 73.5 0.145033333333 0.0361455852537	3
-141 73.5 0.2197 NaN	1
-136.5 73.5 0.17595 0.162194076135	10
-135 73.5 0.0244916666667 0.148783573497	12
-133.5 73.5 0.00756153846154 0.125920520822	13
-132 73.5 0.07555 0.0435180039371	4
-130.5 73.5 0.0781 0.093168176385	12
-129 73.5 0.0613384615385 0.112637157416	13
-127.5 73.5 0.0863576923077 0.0994199504046	26
-126 73.5 0.200415384615 0.0575954547708	13
-115.5 73.5 0.27995 0.02142533547	2
-114 73.5 0.139783333333 0.0683061197844	36
-112.5 73.5 0.110722222222 0.163821791726	9
-111 73.5 0.200863636364 0.0462309479186	11
-109.5 73.5 0.105028 0.131866837883	25
-103.5 73.5 0.16125 0.0204353859763	2
-76.5 73.5 0.0977 0.153452468211	4
-75 73.5 -0.1229 NaN	1
-73.5 73.5 0.1706 0.0511009980333	6
-72 73.5 0.168748148148 0.102226582311	27
-70.5 73.5 0.1985875 0.0891779410318	16
-69 73.5 0.24962 0.0882131056023	5
-67.5 73.5 0.120433333333 0.138852504374	24
-66 73.5 0.2722 NaN	1
-63 73.5 0.068925 0.143236549689	4
-61.5 73.5 0.09638 0.155179628173	5
-60 73.5 0.0495666666667 0.0887436457819	6
-19.5 73.5 0.014125 0.136389940367	4
-18 73.5 0.061425 0.157474386806	4
-16.5 73.5 0.1033 NaN	1
58.5 73.5 0.132733333333 0.125884672088	6
60 73.5 0.169785 0.104093132768	20
61.5 73.5 0.180381081081 0.0953350927514	37
63 73.5 0.127255882353 0.104332330883	34
64.5 73.5 0.1354175 0.0942827278075	40
66 73.5 0.04385 0.0212839141137	2
67.5 73.5 0.170625 0.08745106727	4
69 73.5 0.203325 0.0598445416614	4
73.5 73.5 0.108022222222 0.113984991559	18
130.5 73.5 0.2453 NaN	1
132 73.5 0.0234 NaN	1
133.5 73.5 0.149570833333 0.113385492819	24
135 73.5 0.128526086957 0.0948680864885	23
136.5 73.5 0.132468085106 0.0941916757754	47
138 73.5 0.0830070422535 0.112258802167	71
148.5 73.5 0.1707 NaN	1
150 73.5 0.2432 NaN	1
151.5 73.5 0.217366666667 0.0433163171719	3
153 73.5 0.103863043478 0.0942251968158	46
154.5 73.5 0.2218 NaN	1
156 73.5 0.25715 0.0119501046021	2
157.5 73.5 0.3437 NaN	1
159 73.5 0.3513 NaN	1
160.5 73.5 0.150818181818 0.143390228525	11
162 73.5 0.217757142857 0.124982809367	14
163.5 73.5 0.183525 0.105888915851	4
165 73.5 0.161672727273 0.11604010592	11
166.5 73.5 0.219788888889 0.0468199328397	9
168 73.5 0.05516 0.125143466114	10
169.5 73.5 0.1829875 0.121266288302	8
171 73.5 0.103088 0.115636619488	25
172.5 73.5 0.221433333333 0.0846627426912	9
174 73.5 0.110783333333 0.0790978234003	6
175.5 73.5 0.112014285714 0.0788112603751	7
177 73.5 0.145039285714 0.128625184272	28
178.5 73.5 0.126684615385 0.135713852438	13
-180 73 0.184141666667 0.146506862752	12
-178.5 73 0.122072 0.150436909589	25
-177 73 0.199366666667 0.126421111652	30
-175.5 73 0.212818181818 0.0649252657281	22
-174 73 0.224452941176 0.075649639929	34
-172.5 73 0.183147058824 0.0664851782767	34
-171 73 0.130175757576 0.133893810607	33
-169.5 73 0.1428 0.125573316955	30
-168 73 0.10234 0.141371648501	5
-166.5 73 0.162471428571 0.15929001553	7
-165 73 0.153925 0.0458662094212	4
-163.5 73 0.176023529412 0.161647693803	17
-159 73 0.090325 0.0356325109041	4
-157.5 73 -0.0114666666667 0.0890114299777	6
-156 73 0.0663625 0.11854391516	8
-154.5 73 -0.007 NaN	1
-153 73 0.0140875 0.159078555954	8
-148.5 73 0.177757142857 0.149461866454	7
-145.5 73 0.118078571429 0.0664862643833	14
-144 73 0.1609 0.166966001672	8
-142.5 73 0.247975 0.0979950691179	8
-141 73 0.10219 0.176078274576	10
-138 73 0.07109375 0.117279651368	16
-135 73 0.074 0.0186676190233	2
-133.5 73 0.00973333333333 0.120542783553	6
-130.5 73 0.0819692307692 0.0897187684678	26
-129 73 0.0948894736842 0.153848868463	19
-112.5 73 0.08705 0.151142843033	6
-91.5 73 0.205466666667 0.0496149423057	9
-90 73 0.27362 0.05576416412	5
-73.5 73 0.0718615384615 0.143777209242	13
-72 73 0.196017142857 0.138847240405	35
-70.5 73 0.144277777778 0.0640460730812	18
-69 73 0.0931666666667 0.14245061877	12
-67.5 73 0.194142857143 0.0944512547498	7
-66 73 0.0622866666667 0.152282964373	15
-64.5 73 0.0665523809524 0.0999259756973	21
-63 73 0.3047 NaN	1
-61.5 73 0.14735 0.205414519935	2
-60 73 0.03715 0.142672180189	6
-19.5 73 0.18795 0.101344157865	10
-18 73 0.114242857143 0.100357483884	21
57 73 0.2289 NaN	1
58.5 73 0.125504166667 0.131342004537	24
60 73 0.14155 0.1404389767	18
61.5 73 0.195196875 0.0780725654362	32
63 73 0.153433333333 0.109480340701	9
64.5 73 0.128236585366 0.0946455988308	41
66 73 0.0910333333333 0.237904735836	3
132 73 0.231533333333 0.0641781310105	9
133.5 73 0.0624411764706 0.113255905248	17
135 73 0.131570588235 0.0660357929905	17
136.5 73 0.145575 0.0776063553383	28
138 73 0.118636619718 0.093782211593	71
139.5 73 0.2624 NaN	1
153 73 0.21262 0.0567020458185	5
154.5 73 0.126986666667 0.0805958423836	15
156 73 0.1594125 0.130090006616	8
157.5 73 -0.04725 0.0436284883992	2
159 73 0.0931428571429 0.106040556033	7
160.5 73 0.258157142857 0.0696392096725	7
162 73 0.151925 0.0134010882643	4
163.5 73 0.225944444444 0.0746439399937	9
165 73 0.187797222222 0.0689758114377	36
166.5 73 0.17718 0.0227514175383	5
168 73 0.260125 0.0772422326192	4
169.5 73 0.135471428571 0.120108761152	14
171 73 0.19267 0.0872912627676	10
172.5 73 0.0930857142857 0.0974640006801	7
174 73 0.14034 0.0836949401099	5
175.5 73 0.1805875 0.0895666297606	16
177 73 0.219045454545 0.104663320831	11
178.5 73 0.106938461538 0.133228891627	13
-178.5 72.5 0.154566666667 0.171721293574	6
-177 72.5 0.05756 0.16267317849	5
-175.5 72.5 0.12615 0.106040951209	4
-174 72.5 0.176815 0.100910748867	20
-172.5 72.5 0.16254 0.0963881113001	5
-171 72.5 0.17064 0.143623436651	10
-169.5 72.5 0.119790322581 0.0830705979066	31
-168 72.5 0.11566 0.0870110222903	5
-166.5 72.5 0.1676 NaN	1
-165 72.5 0.0144 NaN	1
-162 72.5 0.157533333333 0.0902252920934	3
-160.5 72.5 0.0473222222222 0.123198110555	9
-159 72.5 0.02915 0.0485782358675	2
-156 72.5 0.24828 0.157333775776	5
-154.5 72.5 0.154066666667 0.235901493566	6
-153 72.5 0.02065 0.0741755013465	2
-151.5 72.5 -0.0375 NaN	1
-150 72.5 0.1804625 0.103877633197	8
-148.5 72.5 0.105481818182 0.145748000454	11
-147 72.5 0.0373583333333 0.136320881201	12
-145.5 72.5 0.0979 0.095840318586	7
-144 72.5 0.2187 NaN	1
-142.5 72.5 -0.01495 0.12777419536	2
-141 72.5 0.08333 0.101436440226	70
-139.5 72.5 0.0462088235294 0.138120317264	34
-138 72.5 0.0675666666667 0.0829775270781	9
-136.5 72.5 0.0891333333333 0.109704943675	6
-135 72.5 -0.05145 0.179251569031	2
-133.5 72.5 0.221816666667 0.175807308343	6
-132 72.5 0.1943 0.0531294645183	4
-130.5 72.5 -0.095 NaN	1
-129 72.5 0.209433333333 0.0935650308609	9
-127.5 72.5 -0.0084 0.0984847450116	13
-126 72.5 0.12835 0.173877557494	2
-105 72.5 -0.00716666666667 0.162201397446	3
-103.5 72.5 0.15265 0.122440528421	6
-72 72.5 0.194622727273 0.114890962518	22
-70.5 72.5 0.0920666666667 0.169842054078	3
-69 72.5 0.04806 0.0953966829146	10
-67.5 72.5 0.1902 0.0784279286989	6
-66 72.5 -0.0498 NaN	1
-64.5 72.5 0.086262962963 0.132658564478	27
-63 72.5 0.072725 0.0487462159704	8
-61.5 72.5 0.3868 NaN	1
-60 72.5 -0.1168 NaN	1
-21 72.5 0.152979166667 0.136627465503	24
-19.5 72.5 0.1407 0.0502385973796	7
-18 72.5 0.230976923077 0.0888691937048	13
57 72.5 0.167242857143 0.106532860328	14
58.5 72.5 0.109458333333 0.168510169417	12
60 72.5 0.1321 0.171779524391	5
61.5 72.5 0.160025 0.0660156231509	4
63 72.5 0.0964333333333 0.0436129950053	3
64.5 72.5 0.1589 0.0154149278299	2
66 72.5 0.13184 0.119269144967	35
67.5 72.5 0.18753 0.0937606059186	10
130.5 72.5 -0.148 NaN	1
132 72.5 0.211484210526 0.0821914720039	19
133.5 72.5 0.079375 0.0834338703063	8
135 72.5 0.0707115384615 0.0988058108693	26
136.5 72.5 0.201908333333 0.0906708077541	12
138 72.5 0.0654137931034 0.0910685327657	29
151.5 72.5 0.26542 0.0336097009805	5
154.5 72.5 0.076 NaN	1
156 72.5 0.22234 0.0769778207595	10
157.5 72.5 0.0979333333333 0.0282408097145	3
159 72.5 0.0303333333333 0.171834639504	3
160.5 72.5 0.09 0.173732063822	3
162 72.5 0.155166666667 0.159336446971	3
163.5 72.5 0.2972 NaN	1
166.5 72.5 0.11518 0.0777844264619	5
168 72.5 0.181333333333 0.0859720739543	9
169.5 72.5 0.1339 0.115965512115	2
171 72.5 0.210552173913 0.106302218696	23
172.5 72.5 0.14571 0.106306329464	20
174 72.5 0.2634 0.0022627416998	2
175.5 72.5 0.161983333333 0.0840233823878	12
177 72.5 0.186105882353 0.116871406205	17
178.5 72.5 0.0883714285714 0.1033810059	7
-180 72 0.12519 0.0920195444216	10
-178.5 72 0.0591 NaN	1
-175.5 72 0.129363157895 0.118028170886	19
-174 72 0.1583 0.0768910267847	3
-172.5 72 0.2153 NaN	1
-171 72 0.145217777778 0.101755536568	45
-169.5 72 0.0873666666667 0.165630379661	6
-168 72 0.1129 NaN	1
-166.5 72 0.12085 0.0970270237271	4
-162 72 0.217 NaN	1
-159 72 0.02775 0.147447131768	4
-157.5 72 0.2109625 0.0504819044666	8
-156 72 0.061 NaN	1
-154.5 72 0.225866666667 0.0800717095276	6
-145.5 72 0.215033333333 0.148763566328	6
-144 72 0.114575 0.159832670315	4
-139.5 72 0.12557826087 0.101462612714	23
-138 72 0.163775 0.123970275335	4
-136.5 72 -0.03765 0.155068517114	2
-135 72 0.201786666667 0.143882128676	15
-133.5 72 0.104284 0.118061172985	25
-132 72 0.0888 NaN	1
-103.5 72 0.13576875 0.129163620878	16
-93 72 0.4641 NaN	1
-73.5 72 -0.0282 NaN	1
-70.5 72 0.106842857143 0.17611903983	7
-69 72 0.10442 0.164411866968	5
-67.5 72 0.199559259259 0.0925076348585	27
-66 72 0.0205555555556 0.150849536883	9
-64.5 72 0.137075 0.182932908922	4
-63 72 0.0543384615385 0.149066794528	13
-61.5 72 0.0589 0.18153265271	6
-60 72 0.0784 NaN	1
-19.5 72 0.19974516129 0.0894668834028	31
58.5 72 0.197176470588 0.103373754705	17
60 72 0.202039393939 0.0567964124054	33
63 72 0.126975 0.0943798486613	4
64.5 72 0.3349 NaN	1
67.5 72 0.08816 0.165673664171	5
132 72 -0.0509 NaN	1
133.5 72 0.1319 0.0783009259205	5
136.5 72 0.1336875 0.0823219685139	16
154.5 72 0.212075 0.121830593742	8
162 72 0.23368 0.0763669234682	5
165 72 0.24665 0.00162634559673	2
166.5 72 0.150175 0.123579431271	4
168 72 0.198825 0.0553348820064	4
169.5 72 0.174833333333 0.0956854351508	9
171 72 0.190942857143 0.125902782223	21
172.5 72 0.168436842105 0.0808619424767	38
174 72 0.111482539683 0.110234359639	63
175.5 72 0.118590322581 0.124031924264	31
177 72 0.185405882353 0.0738110719217	17
178.5 72 0.075764 0.103295445527	25
-177 71.5 0.215833333333 0.080164601498	3
-175.5 71.5 0.0142 NaN	1
-171 71.5 0.220466666667 0.129445793031	3
-169.5 71.5 0.18686 0.0592874607316	5
-168 71.5 0.1165 0.134585809059	17
-166.5 71.5 0.113630769231 0.0966478003252	13
-163.5 71.5 0.0416 0.171049213191	4
-159 71.5 0.16455 0.139582436813	4
-157.5 71.5 0.121783333333 0.146550027656	12
-154.5 71.5 0.1651 NaN	1
-153 71.5 0.2147 NaN	1
-141 71.5 0.121311111111 0.120768495425	27
-139.5 71.5 0.19272 0.199864946902	5
-138 71.5 -0.087 NaN	1
-135 71.5 0.08068 0.147769954847	10
-133.5 71.5 0.0400166666667 0.113244009407	6
-132 71.5 -0.03235 0.0802596826973	4
-130.5 71.5 0.1782 NaN	1
-103.5 71.5 0.0391333333333 0.112581185521	3
-102 71.5 0.0878428571429 0.0686046125063	7
-100.5 71.5 0.2676 0.138451507756	2
-91.5 71.5 0.21782 0.0706687861317	10
-70.5 71.5 0.0436 NaN	1
-69 71.5 0.02805 0.0744583440589	2
-67.5 71.5 0.0919285714286 0.15673568743	7
-66 71.5 0.0787 0.126930926098	22
-63 71.5 0.109528571429 0.171969519725	7
-60 71.5 0.16075 0.129329830279	2
-21 71.5 0.2408 NaN	1
-19.5 71.5 0.2206 NaN	1
58.5 71.5 0.1883 0.127137799257	2
60 71.5 -0.08365 0.140077853353	2
63 71.5 0.0846833333333 0.15010057184	6
66 71.5 0.4478 NaN	1
162 71.5 0.287 NaN	1
163.5 71.5 0.3451 0.0535986940139	2
165 71.5 0.2972 0.0514773736704	2
168 71.5 0.130241666667 0.141290437587	24
171 71.5 0.153869230769 0.141938533555	13
172.5 71.5 0.144746153846 0.078260756613	13
174 71.5 0.12586 0.115079382321	35
175.5 71.5 0.161733333333 0.0415621622793	3
177 71.5 0.16214375 0.0722139041898	16
-177 71 0.172933333333 0.156655364841	3
-174 71 0.29364 0.097742687706	5
-172.5 71 0.08228 0.0438296931315	5
-169.5 71 0.099175 0.118149012551	4
-166.5 71 0.0947333333333 0.0645004134354	3
-165 71 0.1444 NaN	1
-163.5 71 0.198095 0.0959024036524	20
-162 71 0.0906857142857 0.105054167434	7
-153 71 0.0412 0.139751314842	3
-150 71 0.0628 0.21658451776	4
-148.5 71 0.2959 0.103661854122	2
-145.5 71 0.2688 0.109318708371	2
-139.5 71 0.2209 0.151603693886	2
-124.5 71 0.1515 NaN	1
-120 71 0.10278 0.027620861681	5
-103.5 71 0.15114 0.0868645957799	5
-102 71 0.236570588235 0.102144436735	17
-100.5 71 0.267838709677 0.0580802587082	31
-99 71 0.110488636364 0.0746816474947	44
-91.5 71 0.219753125 0.0932370028454	32
-69 71 0.0247 0.186393347521	2
-67.5 71 -0.1509 NaN	1
-66 71 0.212828571429 0.156446196441	7
-64.5 71 0.2628 NaN	1
-63 71 -0.04365 0.189151063967	2
-19.5 71 0.1465 0.0159806132548	2
60 71 0.1612 NaN	1
61.5 71 0.14 0.175786745803	2
63 71 0.2516 0.0538860835467	3
64.5 71 0.1297 NaN	1
66 71 0.1483 0.0150329637796	3
168 71 0.0749 0.105896364432	6
169.5 71 0.24915 0.112500688887	2
171 71 0.05615 0.1037325648	2
172.5 71 0.1101 0.0881055049358	2
174 71 0.0408 NaN	1
175.5 71 0.138564705882 0.102095971647	17
177 71 0.07372 0.128525627795	5
-178.5 70.5 0.0756 0.129152762262	6
-177 70.5 0.2751 0.0118793939239	2
-175.5 70.5 0.184836363636 0.0766427201074	11
-174 70.5 0.257666666667 0.0225344920807	3
-171 70.5 0.2215 0.149571877927	4
-169.5 70.5 0.1937625 0.0751711368906	8
-168 70.5 -0.026 0.103777781823	6
-166.5 70.5 0.201766666667 0.0376294919799	6
-165 70.5 0.0674 NaN	1
-163.5 70.5 0.08935 0.0246780266634	2
-162 70.5 0.02356 0.103423996248	5
-147 70.5 0.0372 NaN	1
-145.5 70.5 0.2323 NaN	1
-144 70.5 0.163575 0.118365461601	4
-138 70.5 0.0256 NaN	1
-133.5 70.5 0.152033333333 0.101842541864	3
-99 70.5 0.171804109589 0.0908313645633	73
-91.5 70.5 0.2479 0.087208103599	4
-90 70.5 0.231833333333 0.092115923343	3
-67.5 70.5 0.1742625 0.0731907671285	8
-64.5 70.5 0.0859888888889 0.132601814132	9
63 70.5 0.220075 0.103865919178	4
64.5 70.5 0.26332 0.0400391932986	5
66 70.5 0.17295 0.0525380338422	2
163.5 70.5 -0.0183 NaN	1
168 70.5 0.122991666667 0.16048627502	12
172.5 70.5 0.11935 0.326754043586	2
174 70.5 0.2443 0.0954594154602	2
175.5 70.5 0.0767333333333 0.177778217638	6
177 70.5 0.22283 0.0762489144012	20
178.5 70.5 0.1294 0.0567099638512	2
-178.5 70 0.1893 0.113985613127	2
-177 70 0.02865 0.0969899479328	4
-175.5 70 0.245445454545 0.0620259359242	11
-172.5 70 0.200933333333 0.0761426512103	3
-171 70 0.2982 0.0128693434176	2
-168 70 0.0679 0.0832971788238	2
-163.5 70 -0.0513 NaN	1
-139.5 70 0.1577 0.133077496219	2
-118.5 70 0.232 NaN	1
-100.5 70 0.139572222222 0.0839783501901	18
-63 70 0.1449 0.107763073453	2
55.5 70 0.12885 0.0181726442765	2
64.5 70 0.202066666667 0.0608166369782	3
166.5 70 0.0793875 0.0699409227747	8
168 70 0.0556 0.118466936316	5
169.5 70 0.12614 0.147247556856	5
174 70 0.2259 NaN	1
177 70 0.164896875 0.0935243473022	32
178.5 70 0.205420833333 0.11474337711	24
-180 69.5 0.162704347826 0.0650763361422	23
-178.5 69.5 0.166511111111 0.0766937977356	9
-177 69.5 0.158927027027 0.156083751821	37
-175.5 69.5 0.174543478261 0.075850977258	23
-171 69.5 0.0457666666667 0.143285751792	15
-169.5 69.5 0.181711111111 0.0876064158756	27
-168 69.5 0.1391 0.0890769049754	9
-165 69.5 0.2356 NaN	1
-138 69.5 0.117225 0.0814167621971	4
-136.5 69.5 0.14428 0.126973115265	5
-100.5 69.5 0.303928571429 0.0832724186888	7
-99 69.5 0.1557 0.0493560533268	2
-88.5 69.5 0.2675 0.0957798308622	6
-87 69.5 0.3641 0.0151320851174	2
-64.5 69.5 0.35215 0.112642110243	2
-63 69.5 0.40905 0.0356947708589	4
-178.5 69 0.1491 0.148831885025	3
-177 69 0.120255 0.148410268743	20
-175.5 69 0.119637288136 0.130097113459	59
-174 69 0.1857 0.162634559673	2
-171 69 0.2493 0.0480832611207	2
-169.5 69 0.139466666667 0.0919548310443	15
-168 69 -0.0963 NaN	1
-165 69 0.21835 0.0123743686708	2
-87 69 0.235742857143 0.09389522276	7
-64.5 69 0.37485 0.0917117495199	2
-63 69 0.1986 0.0774090864606	4
-61.5 69 -0.0334 NaN	1
-177 68.5 0.115872222222 0.100413321155	18
-175.5 68.5 0.132291891892 0.107850094984	37
-174 68.5 0.201997029703 0.114742003168	101
-171 68.5 0.1141 NaN	1
-169.5 68.5 0.175142857143 0.105084974512	14
-64.5 68.5 0.1294 0.142855358084	7
-63 68.5 0.0950764705882 0.0881433458167	17
-175.5 68 0.18785 0.0885516193286	22
-174 68 0.163054545455 0.0933644408049	33
-172.5 68 0.187613043478 0.128320469933	23
-171 68 0.039125 0.137648161733	8
-169.5 68 0.192175 0.139700648303	12
-168 68 0.1596 NaN	1
-63 68 0.2333 NaN	1
-28.5 68 0.3147 NaN	1
-27 68 -0.0139 NaN	1
-174 67.5 0.106055555556 0.134250839021	9
-172.5 67.5 0.138825 0.132451314955	28
-168 67.5 0.247094117647 0.0674376700238	17
-61.5 67.5 0.130075 0.09561103057	4
-60 67.5 0.21775 0.313319014744	2
-33 67.5 0.4067 NaN	1
-31.5 67.5 0.0444 NaN	1
-28.5 67.5 0.0510166666667 0.148022206667	6
-27 67.5 0.425975 0.0531498118529	4
-168 67 0.142657142857 0.101993624917	7
-165 67 0.161673333333 0.120064301026	15
-60 67 0.3143 0.0362038671968	2
-31.5 67 0.347 0.0134350288425	2
-30 67 0.205214285714 0.0775760794011	7
-169.5 66.5 0.01115 0.107692362775	2
-166.5 66.5 0.05915 0.163593738965	8
-75 66.5 0.4149 NaN	1
-60 66.5 0.2716 NaN	1
-168 66 0.2161 0.179015669705	3
-82.5 66 0.197125 0.0249585489696	4
-81 66 0.2364 NaN	1
-79.5 66 0.3105 0.0311126983722	2
-61.5 66 0.2007625 0.0474168426225	8
-60 66 0.0852 NaN	1
-79.5 65.5 0.32975 0.0202939646201	2
-78 65.5 0.2636 0.0241056010089	3
-169.5 65 0.21705 0.167513596463	2
-168 65 0.21895 0.0447598592491	2
-61.5 65 0.0277333333333 0.0944179140841	9
22.5 65 0.611255555556 0.132153718365	9
-169.5 64.5 0.31625 0.0350017856687	2
-168 64.5 0.2211 0.0660788619757	6
-79.5 64.5 0.3279 NaN	1
-64.5 64.5 0.17055 0.00572756492761	2
-63 64.5 0.153166666667 0.035298205809	3
22.5 64.5 0.0756 0.136895872838	2
-169.5 64 0.0691 0.107957553387	4
-166.5 64 0.20419375 0.0598884459502	16
-165 64 -0.02975 0.0557907250356	2
-163.5 64 0.021525 0.138367943748	8
-79.5 64 0.28615 0.0195868578389	2
22.5 64 0.09694 0.143525701918	10
-165 63.5 0.0343727272727 0.074896650004	11
-63 63.5 0.219725 0.162111738728	4
-90 63 0.2685 NaN	1
-84 63 0.2136 NaN	1
-175.5 62.5 0.27995 0.0948230193571	2
-168 62.5 -0.1918 NaN	1
-90 62.5 0.238413333333 0.0849239059954	15
-88.5 62.5 0.133175 0.0873219092401	4
-87 62.5 0.185344444444 0.10093919099	9
-178.5 62 0.1120875 0.138956729519	8
-172.5 62 0.0124888888889 0.117332449097	9
-171 62 -0.01862 0.0459717521963	5
-169.5 62 0.01455 0.0277892965006	2
-90 62 0.22605 0.0053033008589	2
-87 62 0.09252 0.110983572042	20
-85.5 62 0.20445 0.112694883054	4
-177 61.5 0.0823 NaN	1
-91.5 61.5 0.24945 0.0311834090503	2
-90 61.5 0.162623076923 0.0683324124391	13
-88.5 61.5 0.0004 0.153357865791	5
-87 61.5 0.130804545455 0.0916212154537	22
-85.5 61.5 0.1347125 0.0645791948219	40
-171 61 -0.00528 0.123950152423	15
-91.5 61 0.2533 NaN	1
-90 61 0.2534 NaN	1
-88.5 61 0.0743928571429 0.0996748750402	14
-87 61 0.219590909091 0.0927968906219	11
-85.5 61 0.128595652174 0.0767126788203	46
-84 61 0.2301 NaN	1
-171 60.5 0.112385714286 0.051399008699	7
-91.5 60.5 0.0898 0.114390328013	15
-88.5 60.5 0.3326 NaN	1
-87 60.5 0.104853333333 0.107696185545	15
-85.5 60.5 0.16024 0.0904414138176	10
-84 60.5 0.24331 0.0710573234946	10
-82.5 60.5 0.0892 0.154597574366	3
-90 60 0.0644111111111 0.0968723831188	9
-88.5 60 0.156214285714 0.110166910165	7
-87 60 0.142007894737 0.0607773178778	38
-85.5 60 0.132028571429 0.0888410699749	7
-84 60 0.0362714285714 0.0736214577934	7
