lon, lat, freeboard (m), standard deviation, count
-180 81.5 0.23648028169 0.103447838643	71
-178.5 81.5 0.231261111111 0.149581101323	36
-177 81.5 0.258891752577 0.101938200917	97
-175.5 81.5 0.303632222222 0.10288308061	90
-174 81.5 0.297004854369 0.0935279976732	103
-172.5 81.5 0.265732857143 0.100571582008	70
-171 81.5 0.243538235294 0.0730752331907	34
-169.5 81.5 0.210086538462 0.103789069712	52
-168 81.5 0.229790909091 0.101986936733	44
-166.5 81.5 0.211664864865 0.102272845433	74
-165 81.5 0.270792366412 0.100071486463	131
-163.5 81.5 0.279385 0.117734548773	120
-162 81.5 0.240765929204 0.0877821036596	226
-160.5 81.5 0.244660747664 0.100264500911	107
-159 81.5 0.214336666667 0.106230925254	60
-157.5 81.5 0.209542931937 0.112522585054	191
-156 81.5 0.233883783784 0.103314822685	222
-154.5 81.5 0.165772680412 0.110632794218	194
-153 81.5 0.223824705882 0.120495678549	85
-151.5 81.5 0.247683146067 0.126694599006	89
-150 81.5 0.233783783784 0.114278440334	74
-148.5 81.5 0.231384415584 0.116332083714	77
-147 81.5 0.240035365854 0.107820189103	82
-145.5 81.5 0.2523168 0.118395116737	125
-144 81.5 0.209405882353 0.110728680062	17
-142.5 81.5 0.193698550725 0.108874173858	69
-141 81.5 0.269950666667 0.11062409123	75
-139.5 81.5 0.221618918919 0.13084197305	111
-138 81.5 0.269785034014 0.113069782886	147
-136.5 81.5 0.262878151261 0.106190474979	119
-135 81.5 0.21562278481 0.139459516182	79
-133.5 81.5 0.214087096774 0.117690803215	31
-132 81.5 0.230666666667 0.117755642776	84
-130.5 81.5 0.295957142857 0.0819273181679	35
-129 81.5 0.2135 0.107826100736	6
-127.5 81.5 0.21338245614 0.149811804707	57
-126 81.5 0.308843478261 0.136043358533	46
-124.5 81.5 0.23952 0.151502123197	25
-123 81.5 0.253157647059 0.117956163545	85
-121.5 81.5 0.204695238095 0.140502854326	63
-120 81.5 0.235016666667 0.140788520612	24
-118.5 81.5 0.213784210526 0.15446988751	76
-117 81.5 0.184828571429 0.143335824452	35
-115.5 81.5 0.173655555556 0.161223171913	45
-114 81.5 0.295265921788 0.128183310675	179
-112.5 81.5 0.328522254335 0.105851127597	346
-111 81.5 0.321249714286 0.116438222915	175
-109.5 81.5 0.319432407407 0.116079618043	108
-108 81.5 0.327614705882 0.125279807744	68
-106.5 81.5 0.287641558442 0.127676786983	77
-105 81.5 0.2612325 0.110173600384	80
-103.5 81.5 0.254092307692 0.127514388065	104
-102 81.5 0.238657142857 0.143448424239	49
-100.5 81.5 0.24348 0.179656218929	5
-99 81.5 0.313281081081 0.124828439721	74
-97.5 81.5 0.291604347826 0.105813091982	23
-96 81.5 0.284727272727 0.103908354726	11
-9 81.5 0.24449 0.0912453402159	10
-7.5 81.5 0.2346 0.178967203699	13
-6 81.5 0.254925 0.051229963563	4
-4.5 81.5 0.093 NaN	1
-3 81.5 0.2359375 0.0609165691159	8
-1.5 81.5 0.208766666667 0.0747770018121	9
0 81.5 0.1396 NaN	1
1.5 81.5 0.1169 NaN	1
3 81.5 0.254868421053 0.151611488324	19
4.5 81.5 0.1514 0.113053423949	19
6 81.5 0.153528571429 0.142798152582	7
7.5 81.5 0.177623529412 0.155584022836	17
9 81.5 0.1561 0.0578413347011	2
10.5 81.5 0.28317254902 0.124822381132	51
12 81.5 0.202152173913 0.129513726438	23
13.5 81.5 0.184804761905 0.130273292384	42
15 81.5 0.22585942029 0.133704684813	69
16.5 81.5 0.166789473684 0.129816117364	19
18 81.5 0.175120779221 0.101427071723	77
19.5 81.5 0.13785 0.0781352993211	2
21 81.5 0.287254605263 0.103590495255	152
22.5 81.5 0.249744954128 0.115222464764	109
24 81.5 0.244796226415 0.154940486046	53
25.5 81.5 0.125579411765 0.145608084981	34
27 81.5 0.157566990291 0.118677807685	103
28.5 81.5 0.178918181818 0.119425355722	55
30 81.5 0.165067567568 0.129745700109	37
31.5 81.5 0.187077142857 0.144197466906	35
33 81.5 0.126397674419 0.105398333972	43
34.5 81.5 0.115633333333 0.043362925793	3
36 81.5 0.208766666667 0.180403944894	3
37.5 81.5 0.174808695652 0.118668306779	46
39 81.5 0.115441666667 0.205596659233	12
40.5 81.5 0.0263307692308 0.112736384134	13
42 81.5 0.0955285714286 0.144809008862	7
45 81.5 -0.0216 0.138557479048	5
46.5 81.5 0.158366666667 0.101248670773	3
67.5 81.5 0.231918181818 0.0985725047937	22
69 81.5 0.139343589744 0.123944199658	39
70.5 81.5 0.185278571429 0.153030736875	14
72 81.5 0.203411111111 0.191404099436	18
73.5 81.5 0.230686363636 0.0875077427619	22
75 81.5 0.0122166666667 0.109773409873	12
76.5 81.5 0.1678 NaN	1
78 81.5 0.143 0.130986457315	6
79.5 81.5 0.0796333333333 0.0773064723465	6
81 81.5 0.134285 0.0789321645799	20
82.5 81.5 0.152466666667 0.09258815619	6
84 81.5 0.16615 0.0463154941677	2
85.5 81.5 0.0325666666667 0.140838820406	3
87 81.5 0.198683333333 0.0780140527357	12
88.5 81.5 0.20073 0.136293604519	50
90 81.5 0.274355102041 0.0939107689539	49
91.5 81.5 0.2096 0.0792019619027	14
93 81.5 0.0814166666667 0.169142370998	6
94.5 81.5 0.1622 0.1823989364	6
97.5 81.5 0.1982 0.0744933777817	7
99 81.5 0.2454 0.0919621173399	79
100.5 81.5 0.192838709677 0.105313331468	31
102 81.5 0.166060215054 0.123932341412	93
103.5 81.5 0.222825333333 0.0996962821467	75
105 81.5 0.215776315789 0.101886962029	76
106.5 81.5 0.210729411765 0.116781406558	51
108 81.5 0.17697 0.122188664608	30
109.5 81.5 0.299696 0.099280757115	25
111 81.5 0.298811111111 0.0880570546396	27
112.5 81.5 0.238186666667 0.120319003764	15
114 81.5 0.211514705882 0.145727521022	34
115.5 81.5 0.263646153846 0.0897955048558	13
117 81.5 0.252 0.106954149055	19
118.5 81.5 0.210087878788 0.102031997915	33
120 81.5 0.236591428571 0.112101887405	35
121.5 81.5 0.331211111111 0.0914105377419	27
123 81.5 0.2796 0.101582232698	11
124.5 81.5 0.32751875 0.0850970521914	16
126 81.5 0.295816666667 0.0748395827277	36
127.5 81.5 0.265665 0.100297345766	60
129 81.5 0.29544245283 0.0881404030895	106
130.5 81.5 0.234392307692 0.109236328507	39
132 81.5 0.276618367347 0.0683133761715	49
133.5 81.5 0.272059574468 0.109799876573	47
135 81.5 0.246929411765 0.078192396802	51
136.5 81.5 0.314661111111 0.0671838607287	72
138 81.5 0.260304761905 0.0615010119932	21
139.5 81.5 0.212933333333 0.133502192095	18
141 81.5 0.19704375 0.106789066111	48
142.5 81.5 0.3266125 0.0525361491193	8
144 81.5 0.232202222222 0.123089353149	45
145.5 81.5 0.292330952381 0.089069420687	42
147 81.5 0.276802857143 0.0595381760164	35
148.5 81.5 0.25185 0.107052499658	42
150 81.5 0.312026829268 0.0805659513206	41
151.5 81.5 0.279808333333 0.11702997727	24
153 81.5 0.259755263158 0.0713780218175	38
154.5 81.5 0.258671428571 0.0833682936191	7
156 81.5 0.307633333333 0.0804653341508	9
157.5 81.5 0.2746 0.0370777561349	3
159 81.5 0.3001 0.0789569689209	35
160.5 81.5 0.295957142857 0.0473743798707	14
162 81.5 0.288771428571 0.0755937668225	14
163.5 81.5 0.229824 0.0761761734403	25
165 81.5 0.2429 0.0508343060016	7
166.5 81.5 0.245195348837 0.115742090038	43
168 81.5 0.3132125 0.115266999831	8
169.5 81.5 0.308690909091 0.0850138042267	11
171 81.5 0.262527659574 0.120238754698	47
172.5 81.5 0.33935 0.0741800769987	18
174 81.5 0.302253333333 0.0809891424538	30
175.5 81.5 0.294810714286 0.0637512885533	56
177 81.5 0.261530232558 0.101933450112	86
178.5 81.5 0.293223913043 0.0914810756017	46
-180 81 0.21656744186 0.104309698497	43
-178.5 81 0.266574358974 0.086057131323	39
-177 81 0.232667647059 0.0796105015175	34
-175.5 81 0.273746808511 0.0687174582306	47
-174 81 0.269764634146 0.105565498212	82
-172.5 81 0.254611666667 0.116241678531	60
-171 81 0.221224561404 0.106969245047	57
-169.5 81 0.275677272727 0.103104238211	66
-168 81 0.173194117647 0.0967228810671	34
-166.5 81 0.245064367816 0.0889141066802	87
-165 81 0.269437974684 0.109372838357	79
-163.5 81 0.264792753623 0.115738251528	138
-162 81 0.26815982906 0.0934075940757	117
-160.5 81 0.242336521739 0.111651931207	115
-159 81 0.226420338983 0.120036443862	59
-157.5 81 0.242551851852 0.123781712056	108
-156 81 0.187383458647 0.123516602479	133
-154.5 81 0.178461682243 0.143147379947	107
-153 81 0.217429807692 0.105062525886	104
-151.5 81 0.220802702703 0.108578804611	111
-150 81 0.232645901639 0.0746583028956	61
-148.5 81 0.202317391304 0.104722035375	69
-147 81 0.239678481013 0.0947622797278	79
-145.5 81 0.234157142857 0.114264207655	70
-144 81 0.237986075949 0.105080655385	158
-142.5 81 0.208390322581 0.105629700725	62
-141 81 0.230004347826 0.125711753108	46
-139.5 81 0.239827419355 0.091797089438	62
-138 81 0.258250943396 0.0994387357248	53
-136.5 81 0.26392 0.0957308297682	70
-135 81 0.259208333333 0.106198746379	72
-133.5 81 0.196428846154 0.116012814263	52
-132 81 0.179997777778 0.136454633635	45
-130.5 81 0.1259375 0.162043415148	8
-129 81 0.182095121951 0.174969324385	41
-127.5 81 0.2624 0.142813874086	39
-126 81 0.21731547619 0.116751079553	84
-124.5 81 0.232704255319 0.135972581887	47
-123 81 0.213435483871 0.110120438758	31
-121.5 81 0.247266666667 0.101646790407	27
-120 81 0.250744444444 0.117472508513	27
-118.5 81 0.275818604651 0.116024273841	86
-117 81 0.241432038835 0.129713114984	103
-115.5 81 0.253545217391 0.144696745949	115
-114 81 0.330564655172 0.134387152113	116
-112.5 81 0.289075806452 0.117948542846	124
-111 81 0.288108333333 0.118819517086	84
-109.5 81 0.304972727273 0.128302522617	99
-108 81 0.262140909091 0.10773153431	22
-106.5 81 0.304265934066 0.121462626369	91
-105 81 0.277358119658 0.0964032666796	234
-103.5 81 0.291946153846 0.133324839153	91
-102 81 0.265321153846 0.144275901724	52
-100.5 81 0.156733333333 0.174627253028	9
-99 81 0.222396551724 0.189673457144	29
-97.5 81 0.252595 0.1477702686	40
-10.5 81 0.2933 NaN	1
-9 81 -0.0477 NaN	1
-6 81 0.237942857143 0.114734722606	21
-3 81 0.226738095238 0.105435821599	21
-1.5 81 0.231865909091 0.107464373638	44
0 81 0.0989 0.401070966289	2
1.5 81 0.1204 0.107452128876	3
3 81 0.194775 0.140288350207	28
4.5 81 0.1545 0.0390322943215	2
6 81 0.142069230769 0.131267096567	13
9 81 0.1424 0.122454342512	11
10.5 81 0.242543478261 0.135685769422	23
12 81 0.311378571429 0.137298513514	14
13.5 81 0.2295875 0.112896890273	16
15 81 0.378557894737 0.097722539853	19
16.5 81 0.19043125 0.179707732049	16
19.5 81 0.188383333333 0.0499353733855	12
21 81 0.174881818182 0.14662820205	11
22.5 81 -0.10245 0.0347189429563	2
28.5 81 -0.1536 NaN	1
30 81 0.189436170213 0.154326185365	47
31.5 81 0.24417 0.09016069666	10
33 81 0.0764642857143 0.0929479970996	14
34.5 81 0.21225 0.0379716341497	2
37.5 81 0.10978 0.0920958173803	20
39 81 0.035275 0.100730655711	8
67.5 81 0.18095 0.0741755013465	2
70.5 81 -0.0066 NaN	1
72 81 0.04755 0.158546213452	26
73.5 81 0.18405 0.122254993081	4
75 81 0.27384375 0.06520763727	16
76.5 81 0.198116216216 0.0755863579458	37
84 81 0.256869230769 0.116629233966	26
85.5 81 0.230236842105 0.130723963673	19
87 81 0.0255666666667 0.149762460806	6
88.5 81 0.204173684211 0.19063250862	38
99 81 0.252418518519 0.0876212260771	27
100.5 81 0.239988888889 0.069738519565	9
102 81 0.0590666666667 0.0356992296836	9
103.5 81 0.215722222222 0.167640961416	9
105 81 0.214934782609 0.122592431209	23
106.5 81 0.227925 0.0749125808708	12
108 81 0.188631578947 0.0823245410463	19
109.5 81 0.3902 NaN	1
111 81 0.26222 0.115176648179	15
112.5 81 0.3887 NaN	1
114 81 0.28241 0.107073219496	10
115.5 81 0.252317647059 0.109136527085	17
117 81 0.269284 0.0591497441527	25
118.5 81 0.28017 0.105708225792	10
120 81 0.312461111111 0.0902730963693	18
121.5 81 0.231353846154 0.0982152789827	13
123 81 0.249762962963 0.143836528869	27
124.5 81 0.0574333333333 0.0903882219466	6
126 81 0.281588235294 0.0738395886564	17
127.5 81 0.32542 0.066817481495	25
129 81 0.296767857143 0.0897163722355	28
130.5 81 0.252731428571 0.113512805112	35
132 81 0.281547058824 0.0872703709575	17
133.5 81 0.237544444444 0.11130950219	9
135 81 0.21223125 0.104078583892	16
136.5 81 0.215266666667 0.102337679308	12
138 81 0.33362 0.0820334809697	5
139.5 81 0.215904545455 0.0910236990452	22
141 81 0.219830769231 0.112493306354	13
142.5 81 0.320475 0.109448510399	8
144 81 0.261163636364 0.0860249065414	11
145.5 81 0.271158823529 0.11162766877	34
147 81 0.31083 0.0677346300729	10
148.5 81 0.245438095238 0.0782005081581	21
150 81 0.30578 0.0673239399388	10
151.5 81 0.278589473684 0.080746206617	19
153 81 0.318 0.0847907719036	5
154.5 81 0.240514285714 0.0859281371956	7
156 81 0.28205 0.0899922026537	14
157.5 81 0.136975 0.170615188363	4
159 81 0.3109 0.0101355808911	3
160.5 81 0.321166666667 0.00343559795862	3
162 81 0.311545454545 0.05719025664	22
163.5 81 0.296442857143 0.0325762621727	7
165 81 0.280485714286 0.0498765805335	21
166.5 81 0.2902 0.0505507480162	33
168 81 0.302675862069 0.0762561128939	29
169.5 81 0.299604166667 0.10218619612	24
171 81 0.347172727273 0.0511240665618	11
172.5 81 0.332618181818 0.0845407348215	22
174 81 0.281171428571 0.098648197212	14
175.5 81 0.282058333333 0.0910608433794	12
177 81 0.240471875 0.11231725296	32
178.5 81 0.247891666667 0.137629796314	12
-180 80.5 0.268532142857 0.0794096973907	28
-178.5 80.5 0.239466666667 0.0964433512483	18
-177 80.5 0.244351282051 0.0800113310127	39
-175.5 80.5 0.222486842105 0.100275170517	38
-174 80.5 0.238114285714 0.107403244017	28
-172.5 80.5 0.254744680851 0.0936546101572	47
-171 80.5 0.196886792453 0.107089134401	53
-169.5 80.5 0.261464705882 0.0892205397085	68
-168 80.5 0.255075 0.0523798246049	40
-166.5 80.5 0.260058823529 0.103794137866	68
-165 80.5 0.229638297872 0.0904594541726	47
-163.5 80.5 0.2454675 0.0851414400518	40
-162 80.5 0.250430188679 0.107622523352	53
-160.5 80.5 0.225044705882 0.102872449347	85
-159 80.5 0.251940983607 0.103146302854	61
-157.5 80.5 0.24826557377 0.0931039614002	61
-156 80.5 0.222283116883 0.0936336891163	77
-154.5 80.5 0.186058333333 0.125433710153	36
-153 80.5 0.251883333333 0.0943057371469	18
-151.5 80.5 0.192334210526 0.0867629273063	38
-150 80.5 0.247262857143 0.0860141194534	70
-148.5 80.5 0.234492982456 0.111548365327	57
-147 80.5 0.174443333333 0.152692780769	30
-145.5 80.5 0.214464150943 0.112044383538	53
-144 80.5 0.225530769231 0.102315959855	13
-142.5 80.5 0.1611 0.187018648222	24
-141 80.5 0.223488888889 0.135404736121	27
-139.5 80.5 0.238407142857 0.0554592638344	14
-138 80.5 0.296509090909 0.0987050628754	22
-136.5 80.5 0.204675 0.121842492401	12
-135 80.5 0.226719047619 0.126345085457	21
-133.5 80.5 0.211631428571 0.155799136846	35
-132 80.5 0.220530769231 0.182241485327	13
-130.5 80.5 0.220281818182 0.116646850092	11
-129 80.5 0.0663 0.1073132797	4
-127.5 80.5 0.132 NaN	1
-126 80.5 0.169966666667 0.129789200131	18
-124.5 80.5 0.195071428571 0.125855151519	42
-123 80.5 0.163672340426 0.126704429596	47
-121.5 80.5 0.236784210526 0.119656776107	38
-120 80.5 0.26841010101 0.11963244773	99
-118.5 80.5 0.213258928571 0.116030539517	56
-117 80.5 0.1860265625 0.137925863733	64
-115.5 80.5 0.348457142857 0.102318898687	126
-114 80.5 0.328792857143 0.0937017969936	70
-112.5 80.5 0.261555555556 0.143930398586	99
-111 80.5 0.318702469136 0.11770466322	81
-109.5 80.5 0.312694505495 0.114372921584	91
-108 80.5 0.229346153846 0.123660924854	78
-106.5 80.5 0.110938709677 0.123863152114	31
-105 80.5 0.259477777778 0.164244700964	27
-103.5 80.5 0.33801875 0.094925326573	16
-102 80.5 0.276840909091 0.107169041634	22
-100.5 80.5 0.357622727273 0.106123032516	22
-99 80.5 0.359434615385 0.144813593345	52
-97.5 80.5 0.4628 NaN	1
-12 80.5 0.184633333333 0.211683356297	3
-10.5 80.5 0.5565 0.0750635730564	7
-9 80.5 0.4063 NaN	1
-6 80.5 0.399166666667 0.137114307544	3
-4.5 80.5 0.195185714286 0.141520792684	7
-3 80.5 0.29982 0.0868028647761	10
28.5 80.5 -0.1454 0.0517602163829	2
34.5 80.5 0.0605857142857 0.118334771286	7
36 80.5 0.1313 0.0789510879324	8
63 80.5 0.15582 0.0741199500809	5
64.5 80.5 0.154968 0.107288535113	25
67.5 80.5 0.0950875 0.117607050779	8
70.5 80.5 0.1455625 0.140965010223	8
72 80.5 0.184136363636 0.0995161463112	22
73.5 80.5 0.0241285714286 0.120060758428	7
75 80.5 -0.1518 NaN	1
78 80.5 -0.0485 NaN	1
79.5 80.5 0.0962 NaN	1
81 80.5 0.147557142857 0.182929438647	7
82.5 80.5 0.238761111111 0.0811996526304	36
84 80.5 0.200792592593 0.117932001026	27
85.5 80.5 0.281250649351 0.0997895187822	77
87 80.5 0.24348115942 0.11123301493	69
88.5 80.5 0.188005555556 0.141629020257	18
90 80.5 0.344866666667 0.0689171579991	6
100.5 80.5 0.1873 0.0458287027964	3
102 80.5 0.2375 NaN	1
103.5 80.5 0.212356666667 0.113210270289	30
105 80.5 0.21205 0.0752731407229	8
106.5 80.5 0.2044 NaN	1
109.5 80.5 0.1384 NaN	1
111 80.5 0.2488 0.072576773144	6
112.5 80.5 0.3089 NaN	1
114 80.5 0.3992 0.183140656327	2
115.5 80.5 0.28935 0.0888382478762	8
117 80.5 0.31578 0.090219014995	10
118.5 80.5 0.283953846154 0.0675885051295	13
120 80.5 0.2511625 0.0656790885943	8
121.5 80.5 0.238666666667 0.0762290487858	12
123 80.5 0.3349 0.0696596487693	10
124.5 80.5 0.316466666667 0.0596079133449	3
126 80.5 0.308853846154 0.0954995865208	13
127.5 80.5 0.2586 0.109769502305	23
129 80.5 0.2749 0.0708232071193	4
130.5 80.5 0.276328571429 0.0595365074075	7
132 80.5 0.33633 0.0753759473867	10
135 80.5 0.2954 0.000989949493653	2
138 80.5 0.29865 0.0251428584957	4
139.5 80.5 0.3029 0.00169705627484	2
141 80.5 0.290954545455 0.0618557412636	11
142.5 80.5 0.232822222222 0.0901442008365	9
144 80.5 0.2029 0.173876581846	8
145.5 80.5 0.255166666667 0.0430137497397	6
147 80.5 0.333828571429 0.0620984356831	7
148.5 80.5 0.265166666667 0.0895444797079	27
150 80.5 0.273016666667 0.125415823515	12
151.5 80.5 0.2549 0.063724139853	11
153 80.5 0.30765 0.0396034931119	4
154.5 80.5 0.1022 NaN	1
156 80.5 0.4131 NaN	1
157.5 80.5 0.3119 0.0033941125497	2
159 80.5 0.28395 0.037547370081	2
160.5 80.5 0.220433333333 0.0895563695855	3
162 80.5 0.0336 NaN	1
163.5 80.5 0.1777 0.13534341506	6
165 80.5 0.2333 0.0484119406758	6
166.5 80.5 0.3841 NaN	1
168 80.5 0.31548 0.0660342486896	5
169.5 80.5 0.267685714286 0.0808122810092	7
171 80.5 0.0977333333333 0.0584402543914	3
172.5 80.5 0.2845 0.033735026308	6
174 80.5 0.31245 0.059072827933	6
175.5 80.5 0.310633333333 0.0740755695219	9
177 80.5 0.241485714286 0.161147915126	14
178.5 80.5 0.267553333333 0.0886849080709	30
-180 80 0.11194 0.189091242526	5
-178.5 80 0.262065 0.110184354009	20
-177 80 0.25814 0.0982773309455	10
-175.5 80 0.283189473684 0.0686398482802	19
-174 80 0.263187755102 0.0557303314806	49
-172.5 80 0.217791666667 0.115871727341	12
-171 80 0.203913888889 0.0945563268346	36
-169.5 80 0.246014814815 0.0662929553265	27
-168 80 0.20218 0.0742352476927	5
-166.5 80 0.281427586207 0.0774845002775	29
-165 80 0.16364 0.107124923182	25
-163.5 80 0.206891891892 0.123260242708	37
-162 80 0.207866666667 0.125143682128	18
-160.5 80 0.123713793103 0.104623849112	29
-159 80 0.199471666667 0.115669316928	60
-157.5 80 0.210348717949 0.0643779173965	39
-156 80 0.258638888889 0.075031308809	36
-154.5 80 0.222601639344 0.101710129767	61
-153 80 0.230729487179 0.111194781842	78
-151.5 80 0.227678723404 0.104880739592	47
-150 80 0.255229411765 0.128930396749	17
-148.5 80 0.175569230769 0.132786369087	26
-147 80 0.188962162162 0.0992742283648	37
-145.5 80 0.203949206349 0.106889253621	63
-144 80 0.171492 0.155181782973	25
-142.5 80 0.218055172414 0.0906736124247	29
-141 80 0.267577142857 0.0896131131611	35
-139.5 80 0.239920833333 0.128992743238	24
-138 80 0.219159259259 0.143770734315	27
-136.5 80 0.287842105263 0.0570270434462	19
-135 80 0.263944444444 0.124966146527	9
-133.5 80 -0.122 NaN	1
-132 80 0.15268125 0.119837897282	16
-129 80 0.18966 0.110824785134	5
-127.5 80 0.23332 0.0722220822648	25
-126 80 0.207947727273 0.113059388569	44
-124.5 80 0.213717105263 0.0994982443908	76
-123 80 0.199039583333 0.120184611047	96
-121.5 80 0.150173684211 0.157026978723	19
-120 80 0.230133333333 0.122321443045	36
-118.5 80 0.313807462687 0.119103771044	67
-117 80 0.278669230769 0.121511111466	78
-115.5 80 0.276861764706 0.157347274706	34
-114 80 0.308194736842 0.107368951309	76
-112.5 80 0.297421518987 0.116225820944	79
-111 80 0.368072857143 0.131419275847	70
-109.5 80 0.305982051282 0.128262321242	78
-108 80 0.347502531646 0.139543556269	79
-106.5 80 0.29822278481 0.163880711737	79
-105 80 0.31481 0.20397749766	30
-103.5 80 0.2572 0.156147090633	47
-102 80 0.259475 0.0541634793934	4
-12 80 0.499492857143 0.0889367312718	28
-10.5 80 0.29392 0.21305003403	5
-7.5 80 0.492953846154 0.280999233734	13
-6 80 0.30013 0.0883856455163	10
-3 80 0.244833333333 0.105937824532	6
55.5 80 -0.1652 0.00296984848098	2
63 80 0.17565 0.0684345777263	8
64.5 80 0.2626 0.0967553616085	6
66 80 0.173171428571 0.138202999416	7
67.5 80 0.24915 0.162782153335	10
69 80 0.12569 0.154380096947	10
70.5 80 0.216125 0.10110335883	4
73.5 80 0.01745 0.143896229971	2
75 80 0.0299 0.0285671139599	2
76.5 80 0.288083333333 0.0833048477981	6
78 80 0.226 0.0698796823118	3
79.5 80 0.170075 0.0673287642839	4
82.5 80 0.264096363636 0.0937812801419	55
84 80 0.245296491228 0.0673584467206	57
85.5 80 0.224729411765 0.079299383389	17
87 80 0.2411 0.0868341051556	12
88.5 80 0.303090322581 0.0978050615702	62
90 80 0.123328571429 0.102050015749	7
103.5 80 0.23305 0.0765894030964	4
112.5 80 0.2691 NaN	1
114 80 0.273385714286 0.0474367448494	7
117 80 0.275 0.0556949907981	6
118.5 80 0.243633333333 0.170061175267	3
120 80 0.070675 0.180060404217	4
121.5 80 0.35 NaN	1
123 80 0.22555 0.0669698663579	6
126 80 0.32455 0.063623375334	10
129 80 0.311342105263 0.0914785786448	19
130.5 80 0.264345454545 0.0461814543651	11
132 80 0.33445 0.0384195696662	4
133.5 80 0.265747058824 0.0793410212126	17
135 80 0.2813375 0.0806176562547	16
136.5 80 0.24087 0.0724546253654	20
138 80 0.261752 0.0742551912888	25
139.5 80 0.196066666667 0.142767398239	9
141 80 0.309066666667 0.0732087654133	3
142.5 80 0.218971428571 0.0771254976059	7
144 80 0.285383333333 0.0738646713028	6
145.5 80 0.15950625 0.125081799735	16
147 80 0.267644444444 0.155345124731	9
148.5 80 0.316166666667 0.0556356300704	3
150 80 0.31274 0.0688087421771	5
151.5 80 0.1905 0.128871990751	15
153 80 0.1782 0.111942451733	9
157.5 80 -0.1072 0.0306884343035	2
159 80 0.1777 NaN	1
160.5 80 0.3493 NaN	1
162 80 0.3163 NaN	1
163.5 80 0.2224 0.0429920922961	2
165 80 0.258763636364 0.0936831070442	11
166.5 80 0.291 0.0734206374257	5
168 80 0.2810625 0.0344380992299	8
169.5 80 0.3292 0.0504874241767	2
171 80 0.262025 0.106791678047	4
174 80 0.19355 0.0908327977267	8
175.5 80 0.2843625 0.0724400232212	8
177 80 0.249365217391 0.0928404036687	23
178.5 80 0.2618 0.0705442110615	22
-180 79.5 0.18276 0.142016418065	5
-178.5 79.5 0.226476190476 0.10609561209	21
-177 79.5 0.225023529412 0.10876537177	34
-175.5 79.5 0.218841860465 0.109883235067	43
-174 79.5 0.273076086957 0.101842493172	46
-172.5 79.5 0.242572413793 0.109303901043	29
-171 79.5 0.241181481481 0.0914380792459	27
-169.5 79.5 0.233848484848 0.0906482147856	66
-168 79.5 0.206884210526 0.0997310614043	38
-166.5 79.5 0.25294516129 0.0853764285921	31
-165 79.5 0.218775 0.0769146202993	20
-163.5 79.5 0.124316666667 0.101882215313	24
-162 79.5 0.228445070423 0.065310523739	71
-160.5 79.5 0.180184615385 0.116080601971	26
-159 79.5 0.240266666667 0.0762995287391	102
-157.5 79.5 0.168746153846 0.0854660785611	26
-156 79.5 0.236466666667 0.125318407799	3
-154.5 79.5 0.222438235294 0.0799278918007	34
-153 79.5 0.204769767442 0.113002007009	43
-151.5 79.5 0.284711111111 0.068520297074	9
-150 79.5 0.207641666667 0.0888740217523	12
-148.5 79.5 0.251862068966 0.106801004589	29
-147 79.5 0.210233333333 0.115988894899	42
-145.5 79.5 0.263710447761 0.0984106472657	67
-144 79.5 0.249051428571 0.0977073853896	35
-142.5 79.5 0.195411111111 0.119391606242	27
-141 79.5 0.168535714286 0.124978586426	56
-139.5 79.5 0.2868375 0.0979669799814	16
-138 79.5 0.256442857143 0.0699457374718	7
-136.5 79.5 0.219569444444 0.123688553159	36
-135 79.5 0.211983116883 0.116829910557	77
-133.5 79.5 0.200161290323 0.131315032593	31
-132 79.5 0.23248 0.0808683930841	5
-130.5 79.5 0.273803225806 0.0996790766539	31
-129 79.5 0.22205625 0.115809757613	16
-127.5 79.5 0.238126136364 0.115634001974	88
-126 79.5 0.232151428571 0.104871586382	35
-124.5 79.5 0.138734782609 0.153464021868	23
-123 79.5 0.252031034483 0.111011898022	29
-121.5 79.5 0.206736 0.112249579355	50
-120 79.5 0.284255421687 0.115648799993	83
-118.5 79.5 0.3054078125 0.0677548857365	64
-117 79.5 0.282163043478 0.114286070618	46
-115.5 79.5 0.305232258065 0.129105110632	31
-114 79.5 0.149103703704 0.103362437313	27
-112.5 79.5 0.326547058824 0.124048753621	68
-111 79.5 0.318933333333 0.139290442362	21
-109.5 79.5 0.303837313433 0.113529890385	67
-108 79.5 0.31455 0.119826255757	52
-106.5 79.5 0.286316666667 0.120369574278	18
-105 79.5 0.181133333333 0.0840892581329	3
-103.5 79.5 0.2134 0.171801018623	7
-102 79.5 0.3786 0.177447388134	10
-72 79.5 -0.1117 NaN	1
-13.5 79.5 0.736 NaN	1
-12 79.5 0.54735952381 0.192864730885	42
-9 79.5 0.275086956522 0.14122705865	23
-7.5 79.5 -0.0262 0.115884528734	6
-4.5 79.5 0.255923076923 0.203146003135	13
46.5 79.5 -0.1896 NaN	1
48 79.5 0.0682545454545 0.0577216313636	11
49.5 79.5 0.206 0.0791263992535	35
51 79.5 0.127364285714 0.108160355364	14
52.5 79.5 0.140575 0.091310658899	8
54 79.5 0.0940666666667 0.048747307618	9
55.5 79.5 0.0511178571429 0.105807704871	28
57 79.5 0.11134 0.10586426687	5
58.5 79.5 -0.0124333333333 0.127825219212	6
60 79.5 -0.1112 0.0158151825788	3
61.5 79.5 -0.17285 0.00459619407771	2
63 79.5 0.0601428571429 0.0872909475479	7
64.5 79.5 0.0645833333333 0.103139544631	6
69 79.5 0.3156 0.0148492424049	2
72 79.5 0.03655 0.0950218771802	8
73.5 79.5 -0.1969 NaN	1
81 79.5 0.1788 NaN	1
84 79.5 0.22092 0.166654798911	5
88.5 79.5 0.2067 0.0497431402306	4
117 79.5 0.20565 0.0875343932406	4
118.5 79.5 0.165325 0.0658804857988	12
121.5 79.5 0.285771428571 0.0674354188412	7
123 79.5 0.206159090909 0.119204992142	22
124.5 79.5 0.269233333333 0.0466202030598	3
126 79.5 0.28988 0.0596956196048	5
127.5 79.5 0.229933333333 0.0878010440333	3
129 79.5 0.37104 0.0429740968491	5
130.5 79.5 0.1306 NaN	1
132 79.5 0.186561538462 0.144518548628	13
133.5 79.5 0.277521428571 0.0553597490347	14
135 79.5 0.2665 0.105394334356	15
136.5 79.5 0.205735 0.126129575291	20
139.5 79.5 0.16815 0.203151778235	2
141 79.5 0.309683333333 0.099593883681	6
142.5 79.5 0.240966666667 0.176344161608	3
144 79.5 0.259767567568 0.0862471353922	37
145.5 79.5 0.233258974359 0.068224890187	39
147 79.5 0.307366666667 0.0472783312529	12
148.5 79.5 0.1577 NaN	1
150 79.5 0.26318 0.0682061222407	10
151.5 79.5 0.25365 0.056639253173	2
153 79.5 0.27976 0.0876938234237	25
154.5 79.5 0.232392857143 0.119721795871	14
156 79.5 0.253042857143 0.0750176417347	21
157.5 79.5 0.254575 0.0641576419947	20
159 79.5 0.307275 0.0339530435553	4
162 79.5 0.265711111111 0.0833611187012	9
163.5 79.5 0.250745454545 0.135774845709	11
165 79.5 0.29968 0.0727182370523	5
166.5 79.5 0.23338 0.0773107696968	10
168 79.5 0.26016 0.137898850612	5
169.5 79.5 0.2079 0.0753721986765	25
171 79.5 0.284490909091 0.0765218198234	11
172.5 79.5 0.232853846154 0.105182013793	13
174 79.5 0.2409 0.0557320524175	13
175.5 79.5 0.1019 0.105370204517	3
177 79.5 0.2207 0.0848669178773	17
178.5 79.5 0.24225 0.1016573493	4
-180 79 0.24099375 0.0780098068087	16
-178.5 79 0.282266666667 0.044750009311	3
-177 79 0.215366666667 0.20372229464	3
-175.5 79 0.192395918367 0.114411395774	49
-174 79 0.232137142857 0.11356310266	35
-172.5 79 0.23662173913 0.103715711685	46
-171 79 0.205163333333 0.0704810000484	30
-169.5 79 0.22658245614 0.125645440942	57
-168 79 0.235343478261 0.0874068794156	23
-166.5 79 0.2152375 0.108841307745	24
-165 79 0.155893333333 0.0977868561622	15
-163.5 79 0.116563157895 0.0859421007328	19
-162 79 0.188660465116 0.105283811761	43
-160.5 79 0.210909090909 0.0937407413033	22
-159 79 0.193743396226 0.107595698923	53
-157.5 79 0.207535211268 0.100067544472	71
-156 79 0.26442967033 0.0783600571359	91
-154.5 79 0.254147619048 0.105507871023	42
-153 79 0.2338875 0.0700639742226	32
-151.5 79 0.131828571429 0.137677803521	14
-150 79 0.311138095238 0.0803454446511	21
-148.5 79 0.241681967213 0.137743178304	61
-147 79 0.242128 0.0929742505572	25
-145.5 79 0.2212 0.129394835593	24
-144 79 0.251936842105 0.110815501734	76
-142.5 79 0.223018181818 0.155121293974	22
-141 79 0.237138888889 0.109766099657	18
-139.5 79 0.225676923077 0.0709781557223	13
-138 79 0.20382 0.144909648479	10
-136.5 79 0.221640625 0.143274860725	32
-135 79 0.221756 0.123566143151	25
-133.5 79 0.191082857143 0.125420547819	35
-132 79 0.173491666667 0.093816730998	12
-130.5 79 0.211966666667 0.0774835466406	9
-129 79 0.266306666667 0.0919447571297	45
-127.5 79 0.192075342466 0.111071451954	73
-126 79 0.196248275862 0.127963048854	29
-124.5 79 0.22440952381 0.0866508747872	63
-123 79 0.23887173913 0.101428189514	46
-121.5 79 0.31083164557 0.0732412286589	79
-120 79 0.286538333333 0.107018146872	60
-118.5 79 0.316908333333 0.0694842238004	36
-117 79 0.25740952381 0.150994671776	21
-115.5 79 0.305168 0.092155040195	25
-114 79 0.320616666667 0.169370760203	18
-112.5 79 0.376713114754 0.14144169644	61
-111 79 0.364663636364 0.107479670483	22
-109.5 79 0.410012 0.125891950173	50
-108 79 0.246264423077 0.115791158606	104
-73.5 79 0.0908333333333 0.10723120992	15
-10.5 79 0.4935 0.0398808224589	2
-9 79 0.0902666666667 0.118970640636	3
-6 79 0.176614285714 0.102727997297	7
39 79 0.138736363636 0.0912130064489	11
45 79 -0.1323 0.0707226979123	6
46.5 79 -0.00786666666667 0.182385425222	3
48 79 0.161653846154 0.104835285017	26
49.5 79 0.101253571429 0.0876134079124	28
51 79 0.136080851064 0.092990337596	47
52.5 79 0.0791512195122 0.0922077087937	41
54 79 0.1125025 0.101562711428	40
55.5 79 0.0426833333333 0.0869039335512	6
57 79 0.115188235294 0.130815413285	17
58.5 79 0.0750791666667 0.0786281616723	24
60 79 0.1933 0.0461033621334	2
61.5 79 0.036412 0.106702383291	25
63 79 0.0444 0.0653012506261	4
64.5 79 -0.0362 NaN	1
67.5 79 0.0574 0.139044333458	4
69 79 0.0865444444444 0.087395471832	18
73.5 79 0.19079 0.073014525952	10
75 79 0.0927384615385 0.0863768346497	13
76.5 79 0.067 0.0564271211387	2
78 79 0.1541 0.103213080566	7
79.5 79 0.23766 0.092245395549	5
81 79 -0.0163 0.144808701396	3
82.5 79 0.3022 0.0657865487771	3
85.5 79 -0.13395 0.000212132034333	2
87 79 0.1728125 0.152674990351	8
88.5 79 0.32695 0.0976514464819	2
90 79 0.138566666667 0.156844696011	6
91.5 79 0.246375 0.0858364516308	8
106.5 79 0.1614 NaN	1
108 79 0.11625 0.06269537463	4
109.5 79 0.2055 0.0675994082814	2
111 79 0.1199 NaN	1
112.5 79 0.156208333333 0.145208736641	12
114 79 0.169005555556 0.111910413079	18
115.5 79 0.19334 0.0980242214965	5
117 79 0.306542857143 0.045825351686	7
118.5 79 -0.0021 NaN	1
120 79 0.08235 0.140502117422	2
121.5 79 0.2288125 0.0967086262588	8
123 79 0.2453 0.0895197184982	2
126 79 0.210985714286 0.117790908373	7
127.5 79 0.306652941176 0.0920019301268	17
129 79 0.1559 0.0660437733628	2
130.5 79 0.261022222222 0.0831671025373	9
132 79 0.2542125 0.108933056078	24
133.5 79 0.309533333333 0.173867804189	3
135 79 0.251366666667 0.0994450010573	18
136.5 79 0.20489 0.101078786103	10
138 79 0.2996 0.0400554615502	3
139.5 79 0.262384615385 0.0764219192614	13
141 79 0.23874 0.0751007523265	5
142.5 79 0.1806 NaN	1
144 79 0.241018181818 0.0877309730732	11
145.5 79 0.325890909091 0.0712556868544	11
147 79 0.288244444444 0.0749242469283	9
150 79 0.2595875 0.077823728249	8
151.5 79 0.2487 0.0612735396943	7
153 79 0.194894117647 0.110041199504	17
154.5 79 0.305866666667 0.053283718589	6
156 79 0.2558875 0.0785309299849	8
157.5 79 0.263935294118 0.0996532895118	34
159 79 0.240731578947 0.0795183839864	19
160.5 79 0.0983 0.201022900851	4
162 79 0.32915 0.0472628465781	4
163.5 79 0.180966666667 0.0363799853399	3
165 79 0.262136363636 0.0976654623982	11
166.5 79 0.1910875 0.120026906954	8
168 79 0.2238 0.0785576494411	15
169.5 79 0.264616 0.120159084412	25
171 79 0.166055555556 0.137466381868	18
172.5 79 0.2031 0.134164202876	19
174 79 0.1876 NaN	1
175.5 79 0.194128571429 0.10116290022	7
177 79 0.202430769231 0.130566613807	13
178.5 79 0.0964285714286 0.11079297081	7
-180 78.5 0.1413625 0.166229513775	8
-178.5 78.5 0.289322222222 0.0371938764375	9
-177 78.5 0.220066666667 0.125912424592	6
-175.5 78.5 0.25848 0.164909435752	5
-174 78.5 0.148713513514 0.124850575494	37
-172.5 78.5 0.192447058824 0.112195009457	17
-171 78.5 0.1779 0.146780059553	18
-169.5 78.5 0.100333333333 0.0930204950535	9
-168 78.5 0.209919354839 0.0922342829225	31
-166.5 78.5 0.12583125 0.111265530812	32
-165 78.5 0.1359 0.0790069237472	11
-163.5 78.5 0.216539215686 0.100298197548	51
-162 78.5 0.216506122449 0.0978804381379	49
-160.5 78.5 0.184853846154 0.12548441879	13
-159 78.5 0.124916666667 0.102981073258	24
-157.5 78.5 0.22261 0.088626127192	20
-156 78.5 0.209093333333 0.101169215299	60
-154.5 78.5 0.274833333333 0.0911658379	9
-153 78.5 0.262620689655 0.0727821714207	58
-151.5 78.5 0.12502 0.0746156492373	10
-150 78.5 0.230219512195 0.0964936920724	41
-148.5 78.5 0.241815 0.086259225441	20
-147 78.5 0.224174074074 0.10166481349	27
-145.5 78.5 0.22349375 0.113863224785	16
-144 78.5 0.25012 0.0598243010824	5
-142.5 78.5 0.268226315789 0.111931843558	19
-141 78.5 0.246138888889 0.127668528246	18
-139.5 78.5 0.188278571429 0.158285103913	14
-138 78.5 0.244665217391 0.108956461733	23
-136.5 78.5 0.281434375 0.107557422351	32
-135 78.5 0.227313461538 0.12740191772	52
-133.5 78.5 0.20012 0.129124354237	15
-132 78.5 0.238796551724 0.127246483204	29
-130.5 78.5 0.27096 0.111174409525	10
-129 78.5 0.206885714286 0.162279974999	21
-127.5 78.5 0.220452830189 0.130704943117	53
-126 78.5 0.22549245283 0.0952662016285	53
-124.5 78.5 0.247123809524 0.109895240159	42
-123 78.5 0.225096 0.0924815048176	25
-121.5 78.5 0.2149125 0.114407818646	24
-120 78.5 0.209383333333 0.251840698988	6
-118.5 78.5 0.228233333333 0.0998134143906	27
-117 78.5 0.181516666667 0.122316111542	36
-115.5 78.5 0.354510958904 0.0938059130475	73
-114 78.5 0.224411111111 0.212401167867	9
-10.5 78.5 0.0363 0.166170093579	2
-9 78.5 0.125242857143 0.113127138759	7
43.5 78.5 0.1099 0.0999848988598	2
45 78.5 0.10488 0.0471143502555	5
48 78.5 -0.0236333333333 0.0833090631324	9
49.5 78.5 0.034815625 0.0784665702781	32
51 78.5 0.000257142857143 0.132466786493	7
52.5 78.5 0.1112 0.100293153638	19
54 78.5 0.0926666666667 0.0944194365584	9
55.5 78.5 0.124947727273 0.102235549928	44
57 78.5 0.154 0.061972453558	5
63 78.5 0.038075 0.0303164834152	4
66 78.5 0.0394666666667 0.0579217000211	3
72 78.5 0.159266666667 0.0369028905824	3
73.5 78.5 0.0896272727273 0.0965384078065	11
76.5 78.5 -0.051075 0.0549620063576	8
78 78.5 0.183525 0.0484036273059	12
84 78.5 0.210025 0.0762852869169	8
85.5 78.5 0.230378571429 0.0928923047121	14
87 78.5 0.1673 NaN	1
93 78.5 0.0703333333333 0.0843735938154	3
94.5 78.5 0.184918181818 0.146934684933	11
109.5 78.5 0.37682 0.0908969856486	5
112.5 78.5 0.0512 0.0831557574675	2
114 78.5 0.221917391304 0.0886426310949	23
115.5 78.5 0.23395 0.0898732718888	2
117 78.5 0.28545 0.095954390207	2
118.5 78.5 0.131675 0.0441456207719	4
123 78.5 0.4451 0.0291327993849	2
127.5 78.5 0.2540125 0.0860658956431	8
129 78.5 0.1884 NaN	1
130.5 78.5 0.284081818182 0.0652935344147	11
132 78.5 0.2141 NaN	1
133.5 78.5 0.312157142857 0.0728626555337	21
135 78.5 0.26071 0.0608647763489	10
136.5 78.5 0.250340625 0.0793964972794	32
138 78.5 0.2414875 0.0842550799655	16
139.5 78.5 0.145225 0.113241723129	8
141 78.5 0.20915 0.0954732248678	4
142.5 78.5 0.23625 0.0982171319068	2
145.5 78.5 0.262388888889 0.0737783749557	9
147 78.5 0.34055 0.00657609306503	2
151.5 78.5 0.19523 0.117216656477	10
153 78.5 0.0991 NaN	1
154.5 78.5 0.2151 0.0904885628132	6
156 78.5 0.26102 0.11918183936	25
157.5 78.5 0.228146153846 0.0751199692799	26
159 78.5 0.18847 0.107457082389	10
160.5 78.5 0.298722222222 0.0919378278132	18
162 78.5 0.157716666667 0.0897543600697	12
163.5 78.5 0.2366 0.153030274782	9
165 78.5 0.223513953488 0.0852356916673	43
166.5 78.5 0.222678125 0.0927503160046	32
168 78.5 0.21770952381 0.101847675009	21
169.5 78.5 0.155925 0.165821799431	4
171 78.5 0.073225 0.190653426842	4
172.5 78.5 0.26235 0.0871862661203	2
174 78.5 0.0813 0.0792220423872	6
175.5 78.5 0.1913 0.0612813729176	4
177 78.5 0.140778947368 0.12218238907	19
178.5 78.5 0.198163636364 0.0900932325175	11
-180 78 0.18514 0.112299888196	10
-178.5 78 -0.0982 NaN	1
-177 78 0.181085 0.136860675506	20
-175.5 78 0.143535714286 0.145078825297	14
-174 78 0.128083333333 0.185343890287	6
-172.5 78 0.14396 0.190810345631	5
-171 78 0.171392307692 0.0910652097999	13
-169.5 78 0.205211111111 0.140135568348	18
-168 78 0.198666666667 0.0696860579074	6
-166.5 78 0.255927777778 0.109287719592	18
-165 78 0.210407954545 0.0957929654768	88
-163.5 78 0.152723809524 0.0924346574871	21
-162 78 0.148226923077 0.122200761234	26
-160.5 78 0.225631111111 0.125188847932	45
-159 78 0.2156 0.0890083366882	6
-157.5 78 0.35455 0.107975205487	2
-154.5 78 0.183985 0.0995305839005	20
-153 78 0.204995918367 0.0861885069658	49
-151.5 78 0.247888679245 0.0907243005789	53
-150 78 0.212102352941 0.0772947388964	85
-147 78 0.3033 0.025031580054	2
-145.5 78 0.25745 0.107944755374	48
-144 78 0.215552631579 0.106866382186	38
-142.5 78 0.213075555556 0.121123928188	45
-141 78 0.222274576271 0.105526952911	59
-139.5 78 0.262598076923 0.100703940944	52
-138 78 0.31198 0.116516844753	10
-136.5 78 0.257907692308 0.128596425958	13
-135 78 0.248314545455 0.139574183671	55
-133.5 78 0.200948837209 0.133179380236	43
-132 78 0.218775 0.108837277412	12
-130.5 78 0.243570833333 0.145139580432	24
-129 78 0.267466666667 0.131485264791	36
-127.5 78 0.264008695652 0.111783877675	92
-126 78 0.231873333333 0.101673476812	60
-124.5 78 0.235594736842 0.127530286049	19
-123 78 0.295277083333 0.0941622778507	48
-121.5 78 0.2892425 0.111592431773	80
-120 78 0.299151111111 0.125790637067	45
-118.5 78 0.2964 0.132229126897	31
-117 78 0.12605 0.0927039219389	8
-16.5 78 0.2293 0.159947553904	2
-15 78 0.2824 NaN	1
-13.5 78 0.303625 0.0902185633152	4
-12 78 0.321752941176 0.104387284413	17
45 78 0.106036363636 0.0555557167386	22
49.5 78 -0.0752666666667 0.0179722934912	3
54 78 0.163433333333 0.0306576798426	3
72 78 0.19254 0.0743949796693	5
73.5 78 0.18439 0.0962453975812	10
75 78 0.162409677419 0.0838480147045	31
78 78 0.21515483871 0.128316831421	31
79.5 78 -0.09565 0.145876128959	2
81 78 0.133455555556 0.118088900819	18
84 78 0.2739 NaN	1
85.5 78 0.180019354839 0.064192519914	31
88.5 78 0.1382 0.00056568542496	2
90 78 0.221366666667 0.128506277408	3
94.5 78 0.16496 0.0792644182468	5
96 78 0.1841 0.211046526538	12
97.5 78 0.2465425 0.102687936244	40
109.5 78 0.0782 0.0926473421097	9
114 78 0.2065 NaN	1
115.5 78 0.10275 0.11575338008	2
117 78 0.1953 0.208278443436	3
118.5 78 0.08552 0.183526093513	5
130.5 78 0.2644475 0.071284068733	40
132 78 0.20192 0.101329365367	15
133.5 78 0.25738125 0.0929952528705	32
135 78 0.20885 0.0884590583264	2
136.5 78 0.147678947368 0.106406143196	19
138 78 0.240216666667 0.0513251636553	12
139.5 78 0.21523877551 0.0957225740015	49
141 78 0.183466666667 0.0979753863648	21
142.5 78 0.16626875 0.0727958581125	16
144 78 0.225625 0.120970533602	16
148.5 78 0.272466666667 0.085397906186	15
150 78 0.22905 0.000494974746855	2
151.5 78 0.2503 NaN	1
153 78 0.2712 0.0314979999365	6
154.5 78 0.1497 0.217026173537	3
156 78 0.100333333333 0.121220185338	3
157.5 78 0.227522222222 0.0852698936978	18
159 78 0.0548916666667 0.107764173996	12
160.5 78 0.2192 NaN	1
162 78 0.211731818182 0.141978792469	22
163.5 78 0.181071428571 0.0882597627137	7
165 78 0.213925 0.0574815550126	4
166.5 78 0.14045 0.175821446101	12
168 78 0.152205263158 0.14591797724	19
169.5 78 0.212805128205 0.114780387442	39
171 78 0.162871428571 0.14514126124	7
172.5 78 0.199217142857 0.102448103033	35
174 78 0.239 0.107485601898	27
175.5 78 0.147985714286 0.110303545219	14
177 78 0.1180875 0.122738148783	16
178.5 78 0.266542857143 0.0831135940975	7
-180 77.5 0.22290625 0.131706949798	16
-178.5 77.5 0.26838 0.100576741673	30
-177 77.5 0.1876 0.237455595849	3
-175.5 77.5 0.0978875 0.141351036557	8
-174 77.5 0.184447826087 0.119080247464	23
-172.5 77.5 0.166718181818 0.11327727767	11
-171 77.5 0.178666666667 0.105576388504	15
-169.5 77.5 0.162133333333 0.068083949962	12
-168 77.5 0.185835483871 0.132325378136	31
-166.5 77.5 0.217196491228 0.111467807596	57
-165 77.5 0.1767 0.0755604393846	5
-163.5 77.5 0.188582352941 0.0993926540502	34
-162 77.5 0.15132 0.109530453691	15
-160.5 77.5 0.196955102041 0.134063711628	49
-159 77.5 0.153529787234 0.0860846926627	47
-157.5 77.5 0.149823333333 0.136834747999	60
-156 77.5 0.141431578947 0.118370614093	19
-154.5 77.5 0.2663 0.0818209130857	23
-153 77.5 0.237527027027 0.0947204091836	37
-151.5 77.5 0.158005084746 0.114338469744	59
-150 77.5 0.160596428571 0.107023866775	84
-148.5 77.5 0.225807407407 0.0958758208306	27
-147 77.5 0.310754545455 0.0813557049461	11
-145.5 77.5 0.186511111111 0.150467048919	18
-144 77.5 0.206696551724 0.138729146394	29
-142.5 77.5 0.171117647059 0.119154853213	17
-141 77.5 0.3145 0.0964667357751	10
-139.5 77.5 0.214231428571 0.113233594504	35
-138 77.5 0.339 NaN	1
-136.5 77.5 0.163473076923 0.155420424804	26
-135 77.5 0.273270833333 0.128265121082	24
-133.5 77.5 0.257525 0.104904156474	12
-132 77.5 0.228343333333 0.132327951235	30
-130.5 77.5 0.192725 0.100585432179	4
-129 77.5 0.227045714286 0.149697108587	35
-127.5 77.5 0.213808888889 0.0966477973747	45
-126 77.5 0.242773529412 0.130727393945	68
-124.5 77.5 0.250779365079 0.131687360862	126
-123 77.5 0.29230546875 0.118073051129	128
-121.5 77.5 0.214387012987 0.124220539609	77
-120 77.5 0.512533333333 0.0472712184658	15
-118.5 77.5 0.359285714286 0.0731150921718	14
-76.5 77.5 0.1661 0.0624991199938	4
-75 77.5 0.0115 NaN	1
-16.5 77.5 0.11095 0.0924188563011	2
-13.5 77.5 0.388119512195 0.106494864241	41
49.5 77.5 -0.0568 NaN	1
78 77.5 0.172706666667 0.127388760811	15
79.5 77.5 0.1547 NaN	1
81 77.5 0.02165 0.0972271824132	2
85.5 77.5 0.273225 0.0484828062307	4
94.5 77.5 0.2642 NaN	1
97.5 77.5 0.196107142857 0.128466089296	14
99 77.5 0.217033333333 0.11718419262	9
100.5 77.5 -0.0829 0.0832662596734	3
109.5 77.5 0.08586 0.0233279446158	5
111 77.5 0.02772 0.0826914566325	5
115.5 77.5 -0.03115 0.0760139789776	2
117 77.5 0.1477 0.220212246102	4
118.5 77.5 0.2499 0.0182433549546	2
124.5 77.5 0.13135 0.090014693245	2
126 77.5 0.335466666667 0.0611769836894	3
127.5 77.5 0.212225 0.141690116687	4
129 77.5 0.3212 0.0611165007724	16
130.5 77.5 0.335871428571 0.0736451411377	14
132 77.5 0.259975 0.115380547383	8
133.5 77.5 0.146356666667 0.0751994803877	30
135 77.5 0.243913043478 0.0685025832582	23
136.5 77.5 0.189704761905 0.0691346474367	21
138 77.5 0.220374358974 0.0994400182018	39
139.5 77.5 0.25255 0.0621546860663	2
141 77.5 0.2787 0.0658553718386	3
142.5 77.5 0.0985428571429 0.135525629275	7
144 77.5 0.142614285714 0.102252325623	7
145.5 77.5 0.193085714286 0.107457239336	21
148.5 77.5 0.409 0.0667512546699	5
150 77.5 0.331 0.0571342279199	2
151.5 77.5 0.342966666667 0.00303534731675	3
154.5 77.5 0.299 NaN	1
157.5 77.5 0.20026 0.110078399334	15
159 77.5 0.16085 0.121725080666	20
160.5 77.5 0.1262925 0.124868442334	40
162 77.5 0.175277777778 0.114169027852	36
163.5 77.5 0.114793333333 0.124302117363	15
165 77.5 0.276333333333 0.0997859135433	33
166.5 77.5 0.238227272727 0.115906366501	33
168 77.5 0.223238709677 0.110446438534	31
169.5 77.5 0.244533333333 0.189144450972	3
171 77.5 0.1635 0.136998759118	4
172.5 77.5 0.158439583333 0.0956771226787	48
174 77.5 0.164144444444 0.156461821023	18
175.5 77.5 0.177442105263 0.140848674966	19
177 77.5 0.12945 0.12542734949	8
178.5 77.5 0.164206666667 0.138449300899	30
-180 77 0.26895 0.0690843325219	2
-178.5 77 0.13542 0.105005247488	5
-177 77 0.111177777778 0.149751099977	9
-175.5 77 0.1017125 0.134061610969	8
-174 77 0.14242 0.0860248646226	10
-172.5 77 -0.00262 0.143998322907	5
-171 77 0.115828571429 0.161461705618	7
-169.5 77 0.238576923077 0.0853910829429	26
-168 77 0.20285 0.0521137697734	2
-166.5 77 0.152294594595 0.135336779402	37
-165 77 0.210602777778 0.0840584982909	36
-163.5 77 0.215584210526 0.0975659677868	19
-162 77 0.189733333333 0.0953718055864	42
-160.5 77 0.2589 0.106688581082	4
-159 77 0.014525 0.0743147697298	8
-157.5 77 0.14182 0.149927065075	20
-156 77 0.149309302326 0.102230092518	43
-154.5 77 0.222033707865 0.108077935836	89
-153 77 0.202807954545 0.084180202469	88
-151.5 77 0.150043103448 0.0951005600959	58
-150 77 0.283754545455 0.0847912066624	11
-147 77 0.259270588235 0.126996726162	17
-145.5 77 0.278783333333 0.0729846912134	12
-144 77 0.246146666667 0.0755368487813	15
-142.5 77 0.241104347826 0.160941921987	23
-141 77 0.265022807018 0.134265523201	57
-139.5 77 0.29905 0.113278023633	48
-138 77 0.29355625 0.103259470549	48
-136.5 77 0.11822 0.135361874248	5
-135 77 0.236866666667 0.0422872715286	3
-133.5 77 -0.0218 0.0800232466225	3
-132 77 0.265952631579 0.0955769751935	19
-130.5 77 0.24636 0.141966170784	35
-129 77 0.2358375 0.0784158816822	16
-127.5 77 0.153157894737 0.172716978885	19
-126 77 0.224420689655 0.130752676345	58
-124.5 77 0.296265909091 0.10797072373	44
-123 77 0.348525423729 0.116395587036	118
-121.5 77 0.37945 0.0916114439722	4
-76.5 77 0.0673142857143 0.122713199155	56
-75 77 0.09635 0.0987408898751	4
-16.5 77 0.1252 NaN	1
-15 77 0.405833333333 0.246759160586	3
-13.5 77 0.21 NaN	1
-12 77 0.2054 0.0844285496737	2
49.5 77 0.0632666666667 0.0894324512318	3
75 77 0.2294 NaN	1
76.5 77 0.155957894737 0.0921537683307	19
79.5 77 0.17095 0.0761509507997	14
81 77 0.175495454545 0.0834371704154	22
82.5 77 0.243314285714 0.0548770877681	7
87 77 0.039225 0.120731528796	12
88.5 77 0.26836 0.0555960070509	10
90 77 0.263425 0.129486765733	4
93 77 0.26637 0.0772695865137	10
115.5 77 0.09745 0.104780993824	4
117 77 0.0558 NaN	1
118.5 77 0.00936666666667 0.149671852174	3
127.5 77 -0.0099 0.207608983428	5
129 77 0.2214 0.0602454977571	2
130.5 77 0.260133333333 0.0504711498749	12
132 77 0.208555555556 0.131523736271	18
133.5 77 0.217361290323 0.132616893538	31
135 77 0.202178787879 0.0731506098641	33
136.5 77 0.218873684211 0.0627795442852	38
138 77 0.298 0.037451835736	15
139.5 77 0.1585 NaN	1
141 77 0.14575 0.128857996777	4
142.5 77 0.1690125 0.145156747174	8
144 77 0.177343181818 0.0989234032971	44
145.5 77 0.209186538462 0.11369149179	52
147 77 0.1957 0.0801859089866	2
148.5 77 0.12198 0.178551888817	5
151.5 77 0.10825 0.0480125504426	2
153 77 0.215877777778 0.0837511759746	18
154.5 77 0.141914285714 0.102300691242	7
157.5 77 0.104866666667 0.10288193881	3
159 77 0.244845454545 0.0902358062372	11
160.5 77 0.1270625 0.0701849380972	8
162 77 0.0558333333333 0.100346665781	3
163.5 77 0.250454545455 0.0933208697306	11
165 77 0.269473529412 0.0960814310847	34
166.5 77 0.233848275862 0.0613126101029	29
168 77 0.18138 0.121976050928	5
169.5 77 0.214447692308 0.0905106953412	65
171 77 0.203569879518 0.0934988962175	83
172.5 77 0.196108333333 0.11899443905	48
174 77 0.158995454545 0.0917282346171	22
175.5 77 0.2906 NaN	1
177 77 0.0475 0.0933214159058	4
178.5 77 0.224278571429 0.0904562297771	14
-180 76.5 0.3833 0.0411347379555	4
-177 76.5 0.10525 0.130744043841	2
-175.5 76.5 0.1449125 0.182762949023	8
-174 76.5 0.1784 NaN	1
-172.5 76.5 0.138366666667 0.10932697136	6
-171 76.5 0.210175862069 0.0981876761803	29
-169.5 76.5 0.1483875 0.0703121883697	16
-168 76.5 0.168095505618 0.117688405923	89
-166.5 76.5 0.217221875 0.112798966863	32
-165 76.5 0.204967741935 0.129380537916	31
-163.5 76.5 0.21168 0.121444184427	30
-162 76.5 0.143161904762 0.0876093229981	21
-160.5 76.5 0.187961538462 0.0529356297538	13
-159 76.5 0.23746 0.127512187653	5
-157.5 76.5 0.13134 0.0947297630104	5
-156 76.5 0.121546666667 0.0749895694334	15
-154.5 76.5 0.19994516129 0.0770695436547	31
-153 76.5 0.191022857143 0.105083126999	35
-151.5 76.5 0.177728571429 0.133527251201	14
-150 76.5 0.120768421053 0.159534319027	19
-148.5 76.5 0.179594117647 0.0999223867044	51
-147 76.5 0.216317647059 0.0656268450721	17
-145.5 76.5 0.22955 0.0779791702957	6
-144 76.5 0.2049625 0.126087146026	8
-142.5 76.5 0.213039393939 0.137596272977	33
-141 76.5 0.297423076923 0.1008713302	13
-138 76.5 0.26725 0.165990933487	4
-136.5 76.5 0.280866666667 0.101147308888	15
-135 76.5 0.29052 0.0677968435843	5
-133.5 76.5 0.107 0.147252594771	7
-132 76.5 0.0172666666667 0.0967456631242	3
-130.5 76.5 0.195 0.110501085968	3
-129 76.5 0.247320588235 0.113050784466	68
-127.5 76.5 0.136138461538 0.15663855176	13
-126 76.5 0.226931578947 0.157977203182	19
-124.5 76.5 0.241157142857 0.109198511643	14
-123 76.5 0.2431 0.0987469898275	6
-76.5 76.5 0.133375 0.063113462642	4
-75 76.5 0.167016666667 0.0588751362348	6
-73.5 76.5 0.16115 0.0280330162487	4
-16.5 76.5 -0.1284 0.0312019230177	3
-15 76.5 0.307114285714 0.118032840466	7
75 76.5 0.230325 0.136788959106	16
76.5 76.5 0.166866666667 0.24502747465	3
78 76.5 0.271186956522 0.0948679767042	23
79.5 76.5 0.253109090909 0.102359364995	33
82.5 76.5 0.30051875 0.0483964078385	16
85.5 76.5 0.198407142857 0.132830745192	14
87 76.5 0.46617 0.0797836386736	10
90 76.5 0.3263 NaN	1
120 76.5 0.23125 0.0229809703886	2
124.5 76.5 0.1118 0.148073968002	5
126 76.5 0.121366666667 0.150018643286	12
129 76.5 0.270457142857 0.0781511539079	7
132 76.5 0.280128571429 0.0391309644777	7
133.5 76.5 0.21452 0.0745491707341	15
135 76.5 0.203766666667 0.144207706683	6
136.5 76.5 0.0811 0.116577708942	10
138 76.5 0.2422 NaN	1
139.5 76.5 0.131493333333 0.0889375098969	15
142.5 76.5 0.1402 0.0924808250396	21
144 76.5 0.220742857143 0.0720194260735	98
145.5 76.5 0.134383333333 0.0643266481846	6
147 76.5 0.175118181818 0.106699248528	11
151.5 76.5 -0.0463 NaN	1
154.5 76.5 0.2447125 0.0655243125543	8
156 76.5 0.0683 0.122309030283	19
157.5 76.5 0.149558536585 0.0997238787242	41
160.5 76.5 0.096575 0.132626452238	4
162 76.5 0.240655555556 0.0985237041416	9
163.5 76.5 0.228433333333 0.132984983672	18
165 76.5 0.0989285714286 0.0711059236699	7
166.5 76.5 0.182885 0.142180956882	20
168 76.5 0.25633030303 0.106876454624	33
169.5 76.5 0.148730952381 0.0807233411045	42
171 76.5 0.218944117647 0.11488211927	34
172.5 76.5 0.212854285714 0.110779349697	35
174 76.5 0.1749 0.0893144631811	4
175.5 76.5 0.179375 0.0977703394988	8
177 76.5 0.17093125 0.0798426762974	16
178.5 76.5 0.128854545455 0.138909282365	11
-180 76 0.242533333333 0.075944686202	24
-177 76 0.103083333333 0.139508127601	6
-175.5 76 0.19375 0.0470226009489	2
-174 76 0.132233333333 0.126307274137	9
-172.5 76 0.174482857143 0.106180444321	35
-171 76 0.149870588235 0.104393622678	17
-169.5 76 0.174196428571 0.115050492883	28
-168 76 0.181605882353 0.0914257404944	34
-166.5 76 0.164876923077 0.0912128466873	39
-165 76 0.10615 0.173939833604	8
-163.5 76 0.211331578947 0.0999849880545	19
-162 76 0.108325 0.166331894974	8
-160.5 76 0.13414 0.118947062086	20
-159 76 0.193214285714 0.112395172325	7
-157.5 76 0.283275 0.0817782603363	12
-156 76 0.3578 0.0391383017857	4
-154.5 76 -0.0456 NaN	1
-153 76 0.190845454545 0.103835219108	11
-151.5 76 0.281591304348 0.0965824372941	23
-150 76 0.22316 0.0651119343899	15
-148.5 76 0.208471428571 0.102220704268	7
-147 76 0.0567 0.174513953597	2
-145.5 76 0.152873684211 0.0974722059649	19
-144 76 0.248638461538 0.0952866512028	13
-142.5 76 0.132352380952 0.0992713736132	21
-141 76 0.0157 NaN	1
-136.5 76 -0.0044 0.147667972154	3
-132 76 0.164064285714 0.130255468553	14
-130.5 76 0.233224390244 0.100640808772	41
-129 76 0.341888235294 0.115051944151	17
-127.5 76 0.182554761905 0.0990060042584	42
-126 76 0.176233333333 0.127384987342	9
-124.5 76 0.40375 0.0637975313002	10
-78 76 0.11665 0.0532451406233	2
-76.5 76 0.09215 0.00685893577751	2
-75 76 0.0900555555556 0.0657419842774	18
-73.5 76 0.00435 0.0338704148188	2
-72 76 0.2849 NaN	1
-18 76 0.701538461538 0.0675760625575	13
-16.5 76 0.661830769231 0.196853788316	13
75 76 0.180175 0.104095384944	4
76.5 76 0.193325 0.132052675727	4
78 76 0.26815 0.0937316328675	6
84 76 0.365 NaN	1
85.5 76 0.202087096774 0.11594044374	31
87 76 0.272786666667 0.10951339938	30
88.5 76 0.13217 0.103442051577	30
117 76 0.276633333333 0.0627452521444	6
118.5 76 0.3699 NaN	1
120 76 0.1636 NaN	1
126 76 0.26005 0.138380797078	2
130.5 76 0.257066666667 0.017229141979	3
132 76 0.218666666667 0.0706276385938	3
133.5 76 0.2696 0.0396448519447	8
135 76 0.0732875 0.113980755738	8
145.5 76 0.197338461538 0.0784971818864	13
147 76 0.226525 0.0841632894183	8
148.5 76 0.3413 NaN	1
154.5 76 0.0003 0.0429920922961	2
156 76 0.139041176471 0.0839702407019	17
157.5 76 0.21785 0.13456242046	2
159 76 0.2452 0.0895207238577	7
160.5 76 0.247766666667 0.15195056762	9
162 76 0.15518 0.0505488575539	5
163.5 76 0.209151724138 0.118117089669	29
165 76 0.197375 0.0537859569652	4
166.5 76 0.2518 0.193040151264	2
168 76 0.116 0.157445683756	7
169.5 76 0.202975 0.0861959685832	8
171 76 0.176375 0.0961029005806	12
172.5 76 0.2323 0.101604935201	15
174 76 0.152253333333 0.10780969099	30
175.5 76 0.222433333333 0.0904738083646	45
177 76 0.26193902439 0.106685420461	41
178.5 76 0.16658 0.0804187291618	5
-178.5 75.5 0.124375 0.0709246222793	12
-177 75.5 0.25355 0.233978652872	4
-175.5 75.5 0.11522 0.126644806447	5
-171 75.5 0.2021 NaN	1
-169.5 75.5 0.22395 0.0657386600759	8
-168 75.5 0.200638709677 0.115320190997	31
-166.5 75.5 0.149475 0.156433954571	8
-165 75.5 0.287575 0.0572315399641	4
-163.5 75.5 0.127961111111 0.0818585015808	18
-162 75.5 0.147745 0.104776461172	20
-160.5 75.5 0.164566666667 0.0781600724352	27
-159 75.5 0.238052941176 0.0921041644677	34
-157.5 75.5 0.126471428571 0.151083461639	7
-156 75.5 0.1832 NaN	1
-154.5 75.5 0.0678 0.112544302388	4
-153 75.5 0.19019 0.105809004553	10
-151.5 75.5 0.3048 NaN	1
-150 75.5 0.188682758621 0.0972372102092	29
-148.5 75.5 0.179321052632 0.0963281577557	19
-147 75.5 0.19804 0.100700479972	25
-145.5 75.5 0.157818181818 0.0958553161612	11
-144 75.5 0.156825 0.10405115729	16
-142.5 75.5 0.0944 NaN	1
-141 75.5 0.03955 0.053072309164	4
-138 75.5 0.208533333333 0.0616272937369	3
-136.5 75.5 0.1436 0.0868821500655	6
-135 75.5 0.228691666667 0.11362889724	12
-133.5 75.5 0.04945 0.141350645559	2
-132 75.5 0.224429347826 0.11452662106	92
-130.5 75.5 0.289669230769 0.0971000977052	13
-129 75.5 0.205380645161 0.158581426864	31
-127.5 75.5 0.360241176471 0.15207931754	17
-126 75.5 0.1099 NaN	1
-124.5 75.5 0.155205555556 0.153237664208	18
-123 75.5 0.223777777778 0.144062732588	36
-121.5 75.5 0.15393255814 0.113040346192	43
-78 75.5 0.121933333333 0.0503827682182	3
-76.5 75.5 0.00701666666667 0.0914156532913	6
-75 75.5 0.2131 NaN	1
-73.5 75.5 0.0816 0.0688664649884	3
-72 75.5 0.192622222222 0.105363356744	9
-70.5 75.5 0.214325 0.0629921886692	4
-69 75.5 0.20076 0.03718908442	5
-64.5 75.5 0.22455 0.0323147799002	2
-63 75.5 0.336533333333 0.0331066962008	3
-61.5 75.5 0.223318181818 0.08641523585	22
66 75.5 0.1 NaN	1
69 75.5 0.11134 0.0312381657592	5
72 75.5 0.0898 0.0690136580685	5
78 75.5 0.0513 NaN	1
84 75.5 -0.1332 0.0507702668892	2
87 75.5 0.2832 0.0931573323546	22
120 75.5 0.2207875 0.0811706920631	8
126 75.5 0.2312 0.0469518902708	2
130.5 75.5 0.176652631579 0.116166118451	19
132 75.5 0.109313333333 0.11394628977	15
153 75.5 0.195011111111 0.145384132941	9
154.5 75.5 0.186405555556 0.1179067751	18
156 75.5 0.2242 0.0357518670841	6
157.5 75.5 0.201589655172 0.103075930212	29
159 75.5 0.105575 0.127430286824	16
160.5 75.5 0.2285 0.0827749660223	5
162 75.5 0.246957142857 0.0714890601021	14
163.5 75.5 0.18238 0.136701013164	5
165 75.5 0.178105555556 0.166666650294	18
166.5 75.5 0.18005 0.0765458135952	20
168 75.5 0.248909090909 0.118071959129	22
169.5 75.5 0.2547 0.131656674726	4
172.5 75.5 0.212414285714 0.0743833858818	7
174 75.5 0.204356521739 0.126980781746	23
175.5 75.5 0.270066666667 0.0549962030775	18
177 75.5 0.0899 0.0483661038332	2
178.5 75.5 0.3526 NaN	1
-178.5 75 0.212811111111 0.0798465785811	9
-177 75 -0.0279 NaN	1
-175.5 75 0.294775 0.0509248711339	4
-174 75 0.2771 NaN	1
-172.5 75 0.0649 0.142040386611	8
-171 75 0.204773333333 0.126601593686	15
-169.5 75 0.250532 0.086595514318	25
-168 75 0.198159375 0.106300993408	32
-166.5 75 0.1989 NaN	1
-165 75 0.255275 0.0916746298774	20
-163.5 75 0.0838142857143 0.194621510337	21
-162 75 0.0391625 0.090452449031	8
-160.5 75 0.18955 0.130319779773	2
-159 75 0.118472413793 0.126825999747	29
-157.5 75 0.224133333333 0.0372223499169	3
-156 75 0.1077 NaN	1
-154.5 75 0.256525 0.143004274412	4
-153 75 0.192866666667 0.0604567127592	18
-151.5 75 0.146566666667 0.131280549461	6
-148.5 75 0.2073625 0.0831702545986	8
-147 75 0.142816666667 0.090921112993	12
-145.5 75 0.0884 0.125151588084	3
-144 75 0.25108 0.115627059982	5
-142.5 75 0.20296 0.102023833817	10
-141 75 0.4719 NaN	1
-139.5 75 0.156822222222 0.0856342480813	9
-138 75 0.11775 0.0751654508401	2
-136.5 75 0.1908 0.129974854711	8
-133.5 75 0.2472 NaN	1
-132 75 0.212512903226 0.115245181365	31
-130.5 75 0.224990909091 0.114076432595	44
-129 75 0.169772727273 0.149264597885	11
-127.5 75 0.277064285714 0.153904788785	14
-126 75 0.1486 0.0945415957837	4
-124.5 75 0.362535294118 0.110219444697	34
-123 75 0.225531818182 0.0813545876973	22
-121.5 75 0.223876744186 0.106717895869	129
-120 75 0.270375 0.106862571402	4
-76.5 75 0.124272727273 0.0852457399629	11
-73.5 75 0.1876 NaN	1
-69 75 0.15955 0.0120915259583	2
-67.5 75 0.281033333333 0.0594391565665	3
-66 75 0.2184 NaN	1
-61.5 75 0.1654 NaN	1
67.5 75 0.0929125 0.0645074603876	24
69 75 0.02764 0.0716144747939	5
70.5 75 0.124 0.156516963937	3
72 75 0.1005 NaN	1
79.5 75 0.150985714286 0.196589533704	7
118.5 75 0.336157142857 0.100744741089	7
127.5 75 0.2622625 0.0669387766652	8
130.5 75 0.0522125 0.0569459000782	8
151.5 75 0.306628571429 0.0406477434505	7
153 75 0.210147368421 0.0768268137906	38
154.5 75 0.1503 NaN	1
156 75 0.195057142857 0.0779978571134	14
157.5 75 0.25256 0.0831563166572	5
160.5 75 0.192982608696 0.153981789514	23
162 75 0.154071428571 0.119189494983	7
163.5 75 0.0989125 0.203341896726	8
165 75 0.236338095238 0.106840097698	21
166.5 75 0.202542857143 0.0611531333154	14
168 75 0.244316666667 0.0649003672306	6
169.5 75 0.226575 0.0883302373671	28
171 75 0.114136363636 0.154060743038	11
172.5 75 0.203825 0.117113255172	28
174 75 0.181796666667 0.0821642697885	30
175.5 75 0.162844444444 0.0996556791111	18
177 75 0.0905333333333 0.103418873197	3
178.5 75 0.171357142857 0.144218998484	7
-180 74.5 0.171033333333 0.130559421976	6
-178.5 74.5 0.119863636364 0.116647797002	11
-177 74.5 0.261 NaN	1
-174 74.5 0.1683 NaN	1
-172.5 74.5 0.1505625 0.125480265238	8
-169.5 74.5 0.249188888889 0.0901233265416	18
-168 74.5 0.36455 0.037547370081	2
-166.5 74.5 0.11326 0.141663698875	20
-165 74.5 0.17172 0.120272226405	10
-163.5 74.5 0.204869230769 0.135934759993	13
-162 74.5 0.128115151515 0.10051953517	33
-160.5 74.5 -0.001125 0.023002373066	4
-157.5 74.5 0.2302 NaN	1
-156 74.5 0.26388 0.113895904228	5
-154.5 74.5 0.1553 0.168421352566	6
-153 74.5 0.129066666667 0.0703889432605	3
-151.5 74.5 0.3309 NaN	1
-150 74.5 0.1941875 0.104923284049	8
-148.5 74.5 0.186345454545 0.0977263708002	22
-147 74.5 0.180055555556 0.156079804196	9
-145.5 74.5 0.19698 0.0847555425916	5
-144 74.5 0.125369230769 0.17319921278	13
-142.5 74.5 0.09066 0.14835564776	10
-141 74.5 0.1279 0.178270216245	3
-139.5 74.5 0.2467 0.133648430059	8
-138 74.5 0.0632 NaN	1
-135 74.5 0.172866666667 0.142991603483	6
-133.5 74.5 0.252407142857 0.125545181268	28
-132 74.5 0.195494444444 0.119307741318	54
-130.5 74.5 0.176756521739 0.186133974034	46
-129 74.5 -0.005725 0.104023278645	4
-127.5 74.5 0.221512962963 0.118171594209	54
-126 74.5 0.248375 0.115139173033	4
-123 74.5 0.244633333333 0.0476274430694	3
-81 74.5 0.3316 NaN	1
-78 74.5 0.204725 0.0670460769066	8
-76.5 74.5 0.030625 0.148960696718	4
-75 74.5 0.1529 NaN	1
-72 74.5 0.2456 0.0257386868352	2
-69 74.5 0.2445 0.0658710103156	3
-60 74.5 0.11416 0.0893092129078	50
61.5 74.5 0.120718181818 0.1057830404	11
64.5 74.5 -0.05435 0.115203949585	4
66 74.5 0.0723785714286 0.08280437724	14
67.5 74.5 -0.09635 0.110662211256	2
69 74.5 0.08878 0.0284317076518	5
70.5 74.5 -0.0617 NaN	1
118.5 74.5 0.2028 0.090940310094	5
123 74.5 0.207254545455 0.0549746007468	11
126 74.5 0.1822 0.0267014980853	7
153 74.5 0.1945 NaN	1
154.5 74.5 0.1333 NaN	1
156 74.5 0.09573 0.0594127006624	10
160.5 74.5 0.1526 NaN	1
163.5 74.5 0.0939 0.0912546437175	3
165 74.5 0.14818 0.155815137262	5
166.5 74.5 0.15886 0.0972119613452	15
168 74.5 0.19009 0.0891028301084	10
169.5 74.5 0.202696 0.140780821019	25
171 74.5 0.151770967742 0.136473167555	31
172.5 74.5 0.244123255814 0.083325520121	43
174 74.5 0.01525 0.0591848375853	2
177 74.5 0.22515 0.09383615857	30
178.5 74.5 0.1425 0.130923584583	5
-180 74 0.200610526316 0.10106251033	19
-178.5 74 0.15 NaN	1
-177 74 0.110033333333 0.128679848202	3
-174 74 0.1627 0.0747403505477	6
-172.5 74 0.27944 0.172010778732	5
-171 74 0.2216 NaN	1
-169.5 74 -0.0849 NaN	1
-168 74 0.134105882353 0.121421865157	17
-166.5 74 0.254233333333 0.142528490719	6
-165 74 0.216196 0.123389652051	25
-162 74 0.224942857143 0.143420196824	7
-160.5 74 0.2915 NaN	1
-159 74 0.215314285714 0.0701498260528	7
-157.5 74 0.186055555556 0.1541492792	9
-156 74 0.0884 NaN	1
-150 74 0.105575 0.109663982997	4
-148.5 74 0.21116 0.147996935779	5
-147 74 0.242 0.0405800443568	7
-145.5 74 0.0699 0.136988776913	5
-144 74 0.4114 NaN	1
-142.5 74 0.09665 0.0320319371878	2
-141 74 0.0235 0.11200571414	2
-139.5 74 0.15414 0.143896955415	10
-138 74 0.153829032258 0.136557922249	31
-136.5 74 0.294509090909 0.128857909765	11
-135 74 0.287375 0.176122344486	12
-133.5 74 0.137371428571 0.09556172027	7
-132 74 0.198633333333 0.0487658008581	3
-130.5 74 0.194218604651 0.139433129997	43
-129 74 0.0086 NaN	1
-127.5 74 0.165792857143 0.181002848205	28
-126 74 0.256617073171 0.136861767675	41
-79.5 74 0.07905 0.0317490944753	2
-76.5 74 0.134033333333 0.144050072313	3
-75 74 0.206545454545 0.0656510984468	11
-73.5 74 0.1522 0.065325951964	3
-72 74 0.228075 0.117518690003	4
-67.5 74 0.1046 0.0787127689768	6
-64.5 74 0.1701 NaN	1
-61.5 74 0.1343 0.110520360115	3
-60 74 0.119 NaN	1
64.5 74 -0.02446 0.10594844501	5
66 74 0.185449333333 0.0613064023228	75
67.5 74 -0.0479105263158 0.0862880762635	19
153 74 0.22521 0.128373235788	10
154.5 74 0.129897777778 0.0882475147445	45
156 74 0.143145833333 0.0752666851597	24
159 74 0.14058 0.101633198316	5
160.5 74 0.164893103448 0.115031163265	29
163.5 74 0.12355 0.175008928344	2
165 74 0.285933333333 0.0136690648302	3
168 74 0.3115 0.0243244732728	2
169.5 74 0.186723636364 0.105604469889	55
171 74 0.0976714285714 0.114143341378	7
172.5 74 0.19411 0.0624971012661	10
174 74 0.24375 0.105504834012	12
175.5 74 0.243436363636 0.118679057187	22
177 74 0.201045 0.0884970322131	20
178.5 74 0.185022222222 0.140188056702	18
-180 73.5 0.184575 0.0861666685716	12
-178.5 73.5 0.1067 NaN	1
-175.5 73.5 0.1501 0.128309651495	4
-174 73.5 0.1292 NaN	1
-171 73.5 0.1171 NaN	1
-169.5 73.5 0.136057142857 0.101040340111	14
-168 73.5 0.187147058824 0.122762858946	34
-166.5 73.5 0.0181928571429 0.106462643967	14
-165 73.5 0.172283333333 0.101470950772	30
-163.5 73.5 0.226733333333 0.03228394854	3
-162 73.5 0.175381818182 0.10998334254	11
-160.5 73.5 0.30545 0.0853477884892	2
-159 73.5 0.189688888889 0.0867704506794	9
-157.5 73.5 0.17865 0.0241123412385	2
-153 73.5 0.172983333333 0.0876572282625	6
-151.5 73.5 0.106492857143 0.126003629156	14
-150 73.5 0.0713 NaN	1
-147 73.5 0.1553 NaN	1
-145.5 73.5 0.07625 0.159226180846	4
-144 73.5 0.303755555556 0.093950254272	9
-142.5 73.5 0.2083 0.0244658946291	2
-141 73.5 0.3115 NaN	1
-139.5 73.5 0.269375 0.116433596956	4
-138 73.5 0.26175 0.0949672575154	8
-136.5 73.5 0.0933571428571 0.0999091396744	7
-135 73.5 0.385171428571 0.0393033804435	7
-133.5 73.5 0.275675 0.117679547218	4
-132 73.5 0.212404166667 0.135276745259	24
-129 73.5 0.16675 0.143846034283	20
-127.5 73.5 0.21644 0.130358171972	5
-126 73.5 0.259854716981 0.0902473408218	53
-75 73.5 0.236585714286 0.181971585956	7
-73.5 73.5 0.2690375 0.119857259599	8
-72 73.5 0.117186666667 0.11394569425	15
-70.5 73.5 0.09622 0.156440729991	5
-69 73.5 0.1998 0.0213546247918	2
-66 73.5 0.303933333333 0.0379758256439	3
-64.5 73.5 0.302025 0.0510952949563	4
-63 73.5 0.216157142857 0.056233141389	7
-61.5 73.5 0.3664 NaN	1
-60 73.5 0.0874764705882 0.136070691781	17
64.5 73.5 0.134727272727 0.063666539842	33
66 73.5 0.0864692307692 0.157185301394	13
67.5 73.5 0.20881 0.102672645389	10
153 73.5 0.197423809524 0.122236593967	21
154.5 73.5 0.180844897959 0.0941565298258	49
156 73.5 0.0716 NaN	1
157.5 73.5 0.2599 NaN	1
159 73.5 -0.078 NaN	1
160.5 73.5 0.184466666667 0.072949183226	3
162 73.5 0.04905 0.157356336595	4
163.5 73.5 0.0989125 0.144730838233	8
165 73.5 0.1525 0.153866435586	2
166.5 73.5 0.1778 NaN	1
168 73.5 0.210571428571 0.110834717059	14
169.5 73.5 0.17654 0.0373551602861	5
171 73.5 0.14396 0.0965113602985	10
172.5 73.5 0.165535714286 0.158503282392	28
174 73.5 0.19561875 0.0740534151249	16
175.5 73.5 0.202427777778 0.105018411862	18
177 73.5 0.159453846154 0.11856797358	13
178.5 73.5 -0.008675 0.0717236512097	8
-178.5 73 0.191353333333 0.102858126054	15
-177 73 0.3002 NaN	1
-175.5 73 0.155058333333 0.109032200901	12
-174 73 0.231576470588 0.0577752491277	17
-172.5 73 0.3163 NaN	1
-171 73 0.127826666667 0.130227429998	15
-169.5 73 0.167358333333 0.0733943948607	12
-168 73 0.1462375 0.115826150883	24
-166.5 73 0.1727 NaN	1
-165 73 0.199914285714 0.105048091028	7
-163.5 73 0.205458823529 0.123326695502	17
-162 73 0.0825692307692 0.127197368845	13
-160.5 73 0.0915 NaN	1
-159 73 0.305433333333 0.045241279086	3
-157.5 73 0.14476 0.135115073178	5
-156 73 0.2515 0.113033844489	7
-154.5 73 0.183566666667 0.145426158238	9
-153 73 0.1474125 0.172190396592	8
-151.5 73 0.150430769231 0.117780538902	39
-150 73 0.204771428571 0.0625724570474	7
-148.5 73 0.23585 0.114485657243	8
-142.5 73 0.22355 0.0246847118679	6
-141 73 0.118635714286 0.113704736436	14
-139.5 73 0.1864 NaN	1
-138 73 0.183844444444 0.0842784834805	9
-136.5 73 0.2877 0.15914810712	5
-133.5 73 0.22074 0.0707956394945	15
-132 73 0.0835272727273 0.103757506629	11
-130.5 73 0.133353191489 0.113276026573	47
-129 73 0.186684848485 0.127884992574	33
-127.5 73 0.187495 0.138938348596	20
-91.5 73 0.1048 NaN	1
-73.5 73 0.0903 0.270397633126	2
-72 73 0.0355529411765 0.147640344747	17
-70.5 73 0.36955 0.0774281925399	2
-69 73 0.155744444444 0.0659295478354	9
-67.5 73 0.19855 0.125832235252	8
-64.5 73 0.0154 0.113522993266	3
-63 73 0.101833333333 0.117762317119	3
-61.5 73 0.20894 0.040406224768	5
-60 73 0.15475 0.0385037227637	4
-57 73 0.175366666667 0.149371561327	3
61.5 73 0.0709111111111 0.157766452743	9
66 73 0.187733333333 0.0432842157528	3
67.5 73 -0.0853 0.0196104563945	3
153 73 0.148804545455 0.0880156721828	22
154.5 73 0.180182352941 0.103652968091	17
156 73 0.194008 0.094598247902	50
157.5 73 0.04655 0.0943981302781	6
159 73 0.21828 0.0965566517647	5
162 73 0.2761 0.0330925973595	2
163.5 73 0.118971428571 0.144000019841	7
166.5 73 0.118414285714 0.100248315507	7
168 73 0.28795 0.0802566196647	2
169.5 73 0.165685714286 0.199277456733	7
171 73 0.0499 0.0616597113195	2
172.5 73 0.167133333333 0.0882108046704	12
174 73 0.07044 0.129708742959	5
175.5 73 0.08315 0.302712413026	2
177 73 0.0734 0.0208717512442	3
178.5 73 0.171025 0.142218994864	4
-180 72.5 0.09395 0.383605428794	2
-178.5 72.5 0.2752 NaN	1
-177 72.5 0.2873 0.226299226689	6
-174 72.5 0.085825 0.0700244421613	4
-169.5 72.5 0.17635 0.0668215908221	2
-168 72.5 0.08225 0.127632774004	2
-165 72.5 0.18715 0.076446255631	4
-163.5 72.5 0.11848 0.146112857066	5
-162 72.5 0.221526315789 0.129103028806	19
-160.5 72.5 0.08045 0.127491352648	2
-157.5 72.5 0.0164 0.0685168592392	3
-154.5 72.5 0.1408 0.0140007142675	2
-153 72.5 0.151433333333 0.111987164443	9
-151.5 72.5 0.37035 0.0587504042539	4
-150 72.5 0.34275 0.0712056528655	2
-144 72.5 0.15925625 0.107847262174	16
-142.5 72.5 0.17285 0.124365688779	12
-141 72.5 0.1291 0.120773647788	11
-139.5 72.5 0.245675 0.0905688017871	8
-135 72.5 -0.1814 NaN	1
-133.5 72.5 0.164242857143 0.0956118865892	7
-132 72.5 0.199688571429 0.131828180892	35
-130.5 72.5 0.139426136364 0.128084767634	88
-129 72.5 0.0183 0.103059866097	11
-127.5 72.5 0.211865714286 0.113566021075	35
-91.5 72.5 0.26645 0.11061508336	4
-73.5 72.5 0.162442857143 0.125928579968	14
-72 72.5 0.311033333333 0.144205628647	3
-70.5 72.5 0.2519 NaN	1
-69 72.5 0.114625 0.164124149437	8
-64.5 72.5 -0.169 0.0186676190233	2
-61.5 72.5 0.11674 0.117839308261	15
-60 72.5 0.0706833333333 0.125062361414	12
-58.5 72.5 0.164507142857 0.142199017979	14
-19.5 72.5 0.152866666667 0.0954576520418	3
61.5 72.5 0.0621583333333 0.170714655377	12
63 72.5 -0.02442 0.153185922982	5
64.5 72.5 0.0383 0.044689148571	2
66 72.5 0.071475 0.0624439148356	4
154.5 72.5 0.1783 0.213970511987	2
156 72.5 0.134688888889 0.136408984715	9
157.5 72.5 0.130984615385 0.083939687462	52
159 72.5 0.09968125 0.084787838898	16
162 72.5 0.214328571429 0.116184762545	7
165 72.5 0.251675 0.0655025381188	4
168 72.5 0.3092 0.0572159651379	4
171 72.5 0.208511538462 0.0807460975004	26
172.5 72.5 0.1515 0.0788168904628	10
174 72.5 0.08735 0.163553798488	2
175.5 72.5 -0.1086 NaN	1
177 72.5 0.314425 0.0384274532941	4
-180 72 0.2291 NaN	1
-171 72 0.2621 NaN	1
-169.5 72 -0.0456 NaN	1
-168 72 0.1029 0.0336098199936	4
-166.5 72 0.1659 0.0878045936536	4
-163.5 72 0.08455 0.102176929881	2
-162 72 0.2017 NaN	1
-160.5 72 0.22605 0.25745757903	2
-159 72 0.0735 0.14519631538	3
-157.5 72 0.250933333333 0.0343441892222	3
-156 72 0.1074 NaN	1
-154.5 72 0.2044 0.13261048224	5
-153 72 0.3064 0.0651952452254	2
-151.5 72 0.0967333333333 0.063744986731	3
-150 72 0.1929 NaN	1
-148.5 72 0.160866666667 0.0300237128506	3
-145.5 72 0.0492333333333 0.156371363534	3
-144 72 0.25265 0.0882876305848	8
-142.5 72 0.1741 0.101318285615	5
-141 72 0.1755 0.210324902103	10
-139.5 72 0.2748 NaN	1
-138 72 0.20304 0.0645889154577	5
-135 72 0.0462 0.0664070026428	3
-133.5 72 0.239191666667 0.0974810791749	24
-132 72 0.141411111111 0.149646487133	9
-130.5 72 0.05373 0.117127708554	10
-129 72 0.179470967742 0.119233365558	31
-73.5 72 0.1381 0.0369109739779	2
-72 72 0.302466666667 0.150025275648	3
-70.5 72 0.239988888889 0.0941365822149	9
-69 72 0.215633333333 0.091575615386	3
-67.5 72 0.163383333333 0.102139951374	6
-66 72 0.303825 0.0548645225381	4
-63 72 0.0383333333333 0.0649313380939	6
-61.5 72 0.25025 0.0682358043845	2
-60 72 0.154931428571 0.0986970074385	35
-58.5 72 0.1144375 0.155467083677	8
-57 72 0.1041 NaN	1
-21 72 0.39092 0.131942153992	5
66 72 0.182533333333 0.0753180810519	30
156 72 0.173381818182 0.0702022765754	11
159 72 0.2713 NaN	1
160.5 72 0.2526 NaN	1
163.5 72 0.166633333333 0.0277002406728	3
165 72 0.208966666667 0.139897212267	9
168 72 0.178933333333 0.17623088076	3
169.5 72 0.214442857143 0.123386909856	7
171 72 0.0254 NaN	1
172.5 72 0.252783333333 0.154826023868	6
174 72 0.170963636364 0.0794318358434	11
-171 71.5 -0.0466 NaN	1
-166.5 71.5 0.0286 NaN	1
-165 71.5 0.290228571429 0.0790394356062	7
-162 71.5 -0.1612 NaN	1
-160.5 71.5 -0.1399 NaN	1
-154.5 71.5 0.1729125 0.120807857331	8
-148.5 71.5 0.2923 NaN	1
-147 71.5 0.24645 0.0113844191771	2
-145.5 71.5 0.0761333333333 0.20719802927	3
-141 71.5 0.06426 0.10749615342	5
-139.5 71.5 0.236666666667 0.0711489517374	3
-138 71.5 0.141009090909 0.137978624827	11
-136.5 71.5 0.130452631579 0.115341615157	19
-135 71.5 0.0471666666667 0.170211525266	3
-133.5 71.5 0.18605 0.184509304192	4
-132 71.5 0.29134 0.0748541782401	5
-130.5 71.5 0.197955555556 0.178222039259	9
-129 71.5 0.1045 NaN	1
-127.5 71.5 0.228465517241 0.0821285610763	58
-126 71.5 0.181457142857 0.0984101989265	14
-124.5 71.5 0.188479166667 0.0529430537314	24
-69 71.5 0.1897 0.0534572726577	2
-67.5 71.5 0.36955 0.026799347007	2
-66 71.5 0.2196 NaN	1
-63 71.5 0.189773333333 0.0836174919044	15
-61.5 71.5 0.1449 0.109972715624	12
-60 71.5 0.0601 0.153784687144	3
-58.5 71.5 0.1637 0.200448347461	4
-57 71.5 0.2865375 0.167626429364	8
60 71.5 0.06815 0.137815111653	2
66 71.5 0.0574705882353 0.0948953684638	17
163.5 71.5 0.28135 0.111086475324	2
165 71.5 0.255 0.154714963724	2
166.5 71.5 0.246254545455 0.100044183875	11
168 71.5 0.215755952381 0.0675860011726	84
169.5 71.5 0.202048351648 0.0796880450572	91
171 71.5 0.241082352941 0.123922497127	17
172.5 71.5 0.211066666667 0.0957499426378	12
177 71.5 0.09975 0.118523107452	6
178.5 71.5 0.139527272727 0.138923461596	11
-177 71 0.12812 0.131425309587	5
-174 71 0.1181 0.0213546247918	2
-168 71 0.22935 0.0908632213825	2
-166.5 71 0.20075 0.168220703244	2
-162 71 0.236533333333 0.18346728137	3
-160.5 71 -0.1871 NaN	1
-153 71 0.2272 0.0314542524947	3
-151.5 71 0.204385714286 0.164343039895	7
-150 71 0.190144444444 0.162297559371	9
-148.5 71 0.293566666667 0.0787337496461	3
-147 71 0.34775 0.067952961672	2
-145.5 71 0.25013 0.12776676711	10
-142.5 71 0.1665 0.133244774757	9
-139.5 71 0.201083333333 0.144735944626	6
-138 71 0.23835 0.101284335742	4
-136.5 71 0.21991 0.0998999279892	50
-133.5 71 0.283485714286 0.0377446432655	7
-132 71 0.332475 0.025647400778	4
-130.5 71 0.280338461538 0.0692398192091	13
-129 71 0.3656 NaN	1
-127.5 71 0.4224 NaN	1
-126 71 0.0787 NaN	1
-67.5 71 0.1237375 0.104347317544	8
-66 71 0.356433333333 0.0713158000259	3
-64.5 71 0.4107 NaN	1
-61.5 71 0.1404 0.18964021198	3
-58.5 71 0.132766666667 0.15633682441	6
58.5 71 0.08725 0.117443248706	4
61.5 71 0.3253 NaN	1
162 71 0.1139 0.119708718702	16
163.5 71 0.114466666667 0.0657256621623	6
165 71 0.0412 0.178082228198	3
166.5 71 0.30026 0.0404208856904	5
168 71 0.223845945946 0.105926792316	37
169.5 71 0.176625531915 0.0995254535295	94
171 71 0.28388 0.103346387616	25
172.5 71 -0.00535 0.0173241161391	2
174 71 0.176085714286 0.0930813878383	7
175.5 71 0.21285 0.0685892338491	6
177 71 0.2209 0.143251347538	8
-177 70.5 0.0924666666667 0.136463707019	3
-175.5 70.5 0.20005 0.174316522453	4
-148.5 70.5 0.2432 0.0315369624409	2
-147 70.5 0.19111 0.10486977586	10
-145.5 70.5 0.347275 0.06719381792	4
-144 70.5 0.0706 0.0567099638512	2
-139.5 70.5 0.3086 0.0946108873228	2
-138 70.5 0.3916 NaN	1
-136.5 70.5 0.2974 NaN	1
-135 70.5 0.2757 0.074281744056	9
-133.5 70.5 0.25515 0.0602683250141	6
-130.5 70.5 0.3508 0.0489317892581	2
-126 70.5 0.3398 0.0625781644559	7
-90 70.5 0.274061538462 0.156260090546	13
-64.5 70.5 0.240611764706 0.139127104128	17
-63 70.5 0.226814285714 0.0955978630963	7
-60 70.5 0.0645230769231 0.139818073187	13
-58.5 70.5 0.283563636364 0.0835517836162	11
61.5 70.5 0.085975 0.125885036839	4
63 70.5 -0.0212714285714 0.0573561886892	7
64.5 70.5 0.2375 NaN	1
166.5 70.5 0.0642 0.114692719908	2
168 70.5 0.177818181818 0.11190703122	11
169.5 70.5 0.21120754717 0.121178583804	53
171 70.5 0.247065116279 0.125148553411	43
172.5 70.5 0.179171875 0.140937486106	32
177 70.5 0.0948923076923 0.116981077256	13
-178.5 70 0.04005 0.0425753058317	4
-177 70 0.1291 0.0353038241555	3
-175.5 70 0.2198 0.110652555325	6
-169.5 70 -0.059 NaN	1
-139.5 70 0.17016 0.0830200805696	10
-138 70 0.197 0.09772215716	2
-135 70 0.183542857143 0.11514606459	7
-91.5 70 -0.1309 NaN	1
-90 70 0.3603 0.0268700576851	2
-66 70 0.1769875 0.181966397506	8
-63 70 0.1374 0.0814662813684	5
-60 70 0.16248 0.224456247407	5
-58.5 70 0.1113 0.113892756574	3
-57 70 0.07175 0.145876128959	2
61.5 70 0.182871428571 0.102880262206	14
64.5 70 0.162741666667 0.0806261793532	24
66 70 0.1414 NaN	1
169.5 70 0.1374 0.183447349395	3
174 70 0.3099 NaN	1
177 70 0.27115 0.00148492424049	2
178.5 70 0.2805 NaN	1
-178.5 69.5 0.195 NaN	1
-174 69.5 0.2507 NaN	1
-168 69.5 0.0488 0.168707695932	4
-87 69.5 0.235066666667 0.0620472669288	3
-64.5 69.5 0.2918 NaN	1
-63 69.5 0.1742 0.0958836795289	2
-58.5 69.5 0.203433333333 0.199095350691	6
-22.5 69.5 0.1715 NaN	1
-21 69.5 0.306233333333 0.0940196291562	6
66 69.5 0.102766666667 0.145655289411	3
178.5 69.5 0.35345 0.0248253230929	4
-177 69 0.119 NaN	1
-175.5 69 0.24935 0.0773085808088	4
-168 69 -0.0744 NaN	1
-64.5 69 0.366533333333 0.105093498055	3
-63 69 0.35705 0.102035508525	2
-58.5 69 0.15342 0.150942727549	5
-177 68.5 0.1774 NaN	1
-175.5 68.5 0.075575 0.191670678944	4
-168 68.5 -0.0936 NaN	1
-63 68.5 0.333527272727 0.059824344391	11
-61.5 68.5 0.3034 NaN	1
-57 68.5 -0.1766 NaN	1
-25.5 68.5 0.3379 0.0778242036044	4
-172.5 68 0.26505 0.0639931636974	2
-171 68 0.29074 0.0635548424591	5
-60 68 0.25548 0.0421293985504	10
-58.5 68 0.1140625 0.168394654967	8
-28.5 68 0.4501 0.0439055805109	4
-27 68 0.1715 NaN	1
-24 68 0.219975 0.285325058778	4
-172.5 67.5 0.21294 0.0516997388775	5
-79.5 67.5 0.3667 NaN	1
-63 67.5 0.2596 0.135905923344	2
-61.5 67.5 0.170075 0.180863300787	8
-33 67.5 -0.1102 NaN	1
-31.5 67.5 0.3336 NaN	1
-30 67.5 0.406536363636 0.0593362498432	11
-171 67 0.1987 NaN	1
-166.5 67 0.2465 0.066163660721	3
-79.5 67 0.2176 0.0322823997456	4
-75 67 -0.044 NaN	1
-61.5 67 0.3056 NaN	1
-30 67 0.28875 0.0220258181838	4
-78 66.5 0.240914285714 0.102460057026	21
-75 66.5 0.2991 0.363296457456	6
-60 66.5 0.2911 NaN	1
-33 66.5 0.84795 0.216733668029	8
-79.5 66 0.1869 NaN	1
-60 66 0.1796 0.155194684187	3
-78 65.5 0.232 0.0362776790878	3
-60 65.5 0.275283333333 0.129141190058	12
-61.5 65 -0.1682 NaN	1
-63 64.5 0.240064705882 0.0605361352951	17
-61.5 64.5 0.2294 0.0400222438152	2
-63 64 0.285866666667 0.0602334071204	3
-61.5 64 0.194292307692 0.0150891496082	13
-166.5 63.5 0.123 NaN	1
-165 63.5 0.11792 0.0708286453351	5
-166.5 63 0.0324 NaN	1
-81 63 0.0846 0.155769997111	6
-73.5 63 0.19085 0.177026598755	4
-88.5 62.5 0.161833333333 0.20158552362	3
-85.5 62.5 0.204463636364 0.0395931123487	11
-81 62.5 0.29573 0.0526051338855	10
-85.5 62 0.1939 0.0231931024229	2
-82.5 61.5 0.245627272727 0.0899771092102	11
-81 61.5 0.334 0.0678112822471	3
-82.5 61 0.235632 0.109215069626	25
-81 61 0.288866666667 0.0212970263965	3
-87 60.5 0.3725 NaN	1
-82.5 60.5 0.226822727273 0.112584423061	22
-81 60.5 0.287116666667 0.0657416269585	12
-79.5 60.5 0.288083333333 0.0706304584911	6
-85.5 60 0.2988 NaN	1
-84 60 0.134357142857 0.138802892107	7
-82.5 60 0.21044 0.0612684094783	5
-81 60 0.16335 0.106419570569	2
