lon, lat, freeboard (m), standard deviation, count
-180 81.5 0.1832025 0.0833616673814	80
-178.5 81.5 0.177361403509 0.0953664571639	114
-177 81.5 0.202909756098 0.087034570496	123
-175.5 81.5 0.191240677966 0.0720353771292	59
-174 81.5 0.195642391304 0.107294464113	92
-172.5 81.5 0.171283962264 0.0785229940685	106
-171 81.5 0.12424625 0.0945920206228	80
-169.5 81.5 0.119008974359 0.110442343406	78
-168 81.5 0.130078409091 0.0898205458011	88
-166.5 81.5 0.15908030303 0.107152699374	132
-165 81.5 0.1693984375 0.0999029844236	128
-163.5 81.5 0.158041176471 0.112481864854	68
-162 81.5 0.138601030928 0.117357452092	97
-160.5 81.5 0.123509659091 0.106012889609	176
-159 81.5 0.120437288136 0.0909626818937	236
-157.5 81.5 0.134347260274 0.102054903824	292
-156 81.5 0.140740758294 0.0904898529627	422
-154.5 81.5 0.133614070352 0.0973739091823	398
-153 81.5 0.127768243243 0.0992721272219	148
-151.5 81.5 0.15192345679 0.107419773064	162
-150 81.5 0.142037016575 0.117468386338	181
-148.5 81.5 0.134634482759 0.10876906298	116
-147 81.5 0.118296875 0.111673381417	64
-145.5 81.5 0.168174725275 0.129835129293	91
-144 81.5 0.165838582677 0.101099516466	127
-142.5 81.5 0.200649689441 0.0844515875548	161
-141 81.5 0.175265822785 0.0960898814719	158
-139.5 81.5 0.149642035398 0.0988712363669	226
-138 81.5 0.139718705036 0.111469297501	139
-136.5 81.5 0.145696296296 0.111288179367	135
-135 81.5 0.153042162162 0.099222107874	185
-133.5 81.5 0.142440930233 0.104612944371	215
-132 81.5 0.150409065934 0.111080635096	364
-130.5 81.5 0.107690625 0.109536544221	320
-129 81.5 0.0843524137931 0.113128854034	435
-127.5 81.5 0.0938384401114 0.0944860710601	359
-126 81.5 0.105785215054 0.102484929254	372
-124.5 81.5 0.127445169082 0.0870997875493	414
-123 81.5 0.0926853448276 0.0888303608699	348
-121.5 81.5 0.0827165562914 0.0878155716126	604
-120 81.5 0.0773117552335 0.0834074679896	621
-118.5 81.5 0.0695442164179 0.0811392058924	536
-117 81.5 0.0695895927602 0.0833632027031	442
-115.5 81.5 0.100411243386 0.084799824241	756
-114 81.5 0.111670877193 0.0836049026548	570
-112.5 81.5 0.0705488549618 0.0772794369503	524
-111 81.5 0.0528973741794 0.0791070221788	457
-109.5 81.5 0.0524586885246 0.0907319080754	305
-108 81.5 0.0700684454756 0.0879441073936	431
-106.5 81.5 0.0463745299145 0.0919318753738	585
-105 81.5 0.0300279792746 0.0939811175794	579
-103.5 81.5 0.0297737193764 0.0989004427023	449
-102 81.5 0.0666290106952 0.112375624542	748
-100.5 81.5 0.0366744217687 0.105977836992	735
-99 81.5 0.0583915448852 0.114002447688	958
-97.5 81.5 0.0711052264808 0.124709324469	574
-96 81.5 0.13069047619 0.132523564203	63
-10.5 81.5 0.115 0.174177667914	5
-9 81.5 0.091625 0.0621164162413	4
-7.5 81.5 0.146559615385 0.147063553368	52
-6 81.5 0.169279012346 0.0997406733936	81
-4.5 81.5 0.153742857143 0.139851300471	28
-3 81.5 0.197942307692 0.117921888979	52
-1.5 81.5 0.224804166667 0.0973615336915	24
0 81.5 0.194854666667 0.0972813116317	75
1.5 81.5 0.186827083333 0.123736108594	48
3 81.5 0.205347826087 0.143511535392	23
4.5 81.5 0.194294117647 0.104051231383	34
6 81.5 0.1407 0.0410121933088	2
93 81.5 0.3238 NaN	1
97.5 81.5 0.3808 NaN	1
99 81.5 0.223014285714 0.061671777137	7
100.5 81.5 0.1247 0.247063109347	2
102 81.5 0.204066666667 0.0274418172382	3
103.5 81.5 0.162318181818 0.0591408964792	11
105 81.5 0.136183823529 0.106350908339	68
106.5 81.5 0.167573076923 0.102173262873	26
108 81.5 0.160369767442 0.109467167365	43
109.5 81.5 0.266945454545 0.0856674076138	11
111 81.5 0.215866666667 0.104303953265	6
112.5 81.5 0.3241 0.0653329057323	8
114 81.5 0.3252 0.0847113923861	2
115.5 81.5 0.20791 0.102239571052	10
118.5 81.5 0.1596 0.101241372746	10
120 81.5 0.024475 0.140463337447	4
121.5 81.5 0.2311 0.131663282657	2
123 81.5 0.189642857143 0.116122820857	7
124.5 81.5 0.219675 0.0647326488979	4
126 81.5 0.18785 0.139653589284	2
127.5 81.5 0.110866666667 0.0382795419687	3
129 81.5 0.1207 0.0938505194445	4
135 81.5 0.2912 NaN	1
136.5 81.5 0.17954 0.121276968135	5
138 81.5 0.0598125 0.141181063456	8
139.5 81.5 0.124875 0.0698264216946	4
141 81.5 0.1146 0.0935210849666	4
142.5 81.5 0.0934142857143 0.124610871459	21
144 81.5 0.123088235294 0.0835446052688	34
145.5 81.5 0.0915 0.123084442559	4
147 81.5 0.16296 0.143544969338	10
148.5 81.5 0.2434 0.113937658393	3
150 81.5 0.154466666667 0.0979586775125	9
151.5 81.5 -0.0320153846154 0.111374981079	13
153 81.5 0.170601960784 0.0736150622908	51
154.5 81.5 0.168066216216 0.100230847625	74
156 81.5 0.171553333333 0.0923251999481	45
157.5 81.5 0.185017647059 0.0950207821696	17
159 81.5 0.105948 0.096082681929	25
160.5 81.5 0.0860432835821 0.0917712145796	67
162 81.5 0.0583292929293 0.0991635191032	99
163.5 81.5 0.0408470588235 0.102204777316	34
165 81.5 0.01072 0.0837758888676	10
166.5 81.5 0.137372 0.112896588127	75
168 81.5 0.163982142857 0.117057485256	28
169.5 81.5 0.0393545454545 0.129112542874	11
171 81.5 0.108017647059 0.0930730287589	51
172.5 81.5 0.128952173913 0.0906783760555	46
174 81.5 0.145666666667 0.0931558869526	102
175.5 81.5 0.149006428571 0.0827228102743	140
177 81.5 0.151465116279 0.0761528892001	86
178.5 81.5 0.156321917808 0.103262886264	73
-180 81 0.182937777778 0.0949090169317	45
-178.5 81 0.186612727273 0.0884484187101	110
-177 81 0.190162790698 0.107141059719	43
-175.5 81 0.219318 0.0762583356166	50
-174 81 0.189437735849 0.0847657614716	53
-172.5 81 0.173259701493 0.0682446647037	67
-171 81 0.160835789474 0.0826924614071	95
-169.5 81 0.181575641026 0.0852329050322	78
-168 81 0.136077173913 0.106320188301	92
-166.5 81 0.133722222222 0.105659601711	63
-165 81 0.162912 0.0995839808444	50
-163.5 81 0.172233333333 0.105003107664	57
-162 81 0.118991044776 0.108937159716	67
-160.5 81 0.132903921569 0.104885179957	102
-159 81 0.14161627907 0.117211814161	86
-157.5 81 0.129481543624 0.100834840267	298
-156 81 0.135332374101 0.101906070375	278
-154.5 81 0.115516494845 0.0871734035053	291
-153 81 0.141287951807 0.0887274319886	166
-151.5 81 0.12428019802 0.114799389388	101
-150 81 0.109544144144 0.0999452583665	111
-148.5 81 0.116610666667 0.101857809706	75
-147 81 0.127445714286 0.0887714696394	70
-145.5 81 0.181305263158 0.0876837149056	19
-144 81 0.159114285714 0.0988034451148	42
-142.5 81 0.181527906977 0.0971136259518	43
-141 81 0.189345833333 0.0961338560557	48
-139.5 81 0.182637333333 0.0990244110954	75
-138 81 0.172622916667 0.121760745968	96
-136.5 81 0.14579602649 0.110975914432	151
-135 81 0.133590055249 0.108189336148	181
-133.5 81 0.144709243697 0.111821345853	119
-132 81 0.159031428571 0.0988429259308	175
-130.5 81 0.139552073733 0.0884571020108	217
-129 81 0.117499134199 0.0950740891833	231
-127.5 81 0.0958056451613 0.104122046344	248
-126 81 0.107359793814 0.114793252911	194
-124.5 81 0.0918339712919 0.100142800655	209
-123 81 0.0902103529412 0.0827245071951	425
-121.5 81 0.117752870091 0.0849667661371	331
-120 81 0.095188852459 0.0938089429109	305
-118.5 81 0.0916022167488 0.0790282554253	406
-117 81 0.0745357647059 0.0920939888075	425
-115.5 81 0.0782087640449 0.0932832653974	445
-114 81 0.0861387665198 0.0841442105122	454
-112.5 81 0.0570242346939 0.0904117913763	392
-111 81 0.039061498708 0.0867661423713	387
-109.5 81 0.0434344632768 0.087624931121	354
-108 81 0.0661406593407 0.0905052866241	273
-106.5 81 0.054458908046 0.0852682575273	348
-105 81 0.0434330827068 0.0961457853131	266
-103.5 81 0.0433443645084 0.0987383633511	417
-102 81 0.0581362275449 0.11486390526	334
-100.5 81 0.0487475903614 0.110632849261	332
-99 81 0.0581592105263 0.120684867629	304
-97.5 81 0.130098989899 0.110253326568	99
-10.5 81 0.172985714286 0.0704475556371	7
-9 81 0.216691666667 0.129633472518	12
-7.5 81 0.224859090909 0.119822952952	110
-6 81 0.17242972973 0.111049664233	111
-4.5 81 0.112528571429 0.174670916706	21
-3 81 0.163403921569 0.114353808788	51
-1.5 81 0.0889 0.116752168669	19
0 81 0.120711111111 0.0800197545054	9
1.5 81 0.223458139535 0.0949383214126	43
3 81 0.1713125 0.0545236629495	8
99 81 0.0542666666667 0.0526764969729	3
100.5 81 0.21234 0.067123639651	5
102 81 0.102428571429 0.0758409676953	7
103.5 81 0.233645454545 0.0930686882215	11
105 81 0.129369230769 0.108812119305	13
106.5 81 0.0671692307692 0.124955668036	13
108 81 0.01055 0.0611647365726	2
111 81 0.3677 NaN	1
112.5 81 0.2762 NaN	1
115.5 81 0.330716666667 0.0371202056388	6
117 81 0.3193 NaN	1
118.5 81 0.0517 NaN	1
120 81 0.352325 0.0936874724817	4
121.5 81 0.2474 0.0234759451354	2
141 81 0.1744 0.0510531096017	2
147 81 0.186978571429 0.055750642336	14
148.5 81 0.176481818182 0.0886934813634	11
150 81 0.319475 0.0633395808322	4
151.5 81 0.2287 NaN	1
153 81 0.13526 0.108915708489	10
154.5 81 0.114816 0.090970902188	50
156 81 0.12050952381 0.113502486939	42
157.5 81 0.176533333333 0.0686658770181	6
159 81 0.227295652174 0.0694761403012	23
160.5 81 0.17926 0.07498874719	40
162 81 0.144857142857 0.145151115016	7
163.5 81 0.0524033333333 0.128118308695	30
165 81 0.0947444444444 0.111077744296	9
166.5 81 0.100484615385 0.096046383346	26
168 81 0.1695 0.105518750308	4
169.5 81 0.103125 0.109190152112	12
171 81 0.144851351351 0.0664764395257	37
172.5 81 0.139561111111 0.110090597179	36
174 81 0.141755932203 0.0970525813247	59
175.5 81 0.145737037037 0.0913766770632	81
177 81 0.172002083333 0.0960480329168	96
178.5 81 0.154698148148 0.0923281975959	108
-180 80.5 0.179217647059 0.105323945437	51
-178.5 80.5 0.166668292683 0.0891829956859	41
-177 80.5 0.184809195402 0.0652569832888	87
-175.5 80.5 0.178012222222 0.0876754700654	90
-174 80.5 0.124497674419 0.0613794850495	43
-172.5 80.5 0.145798148148 0.0748496391913	54
-171 80.5 0.155327272727 0.095942392929	55
-169.5 80.5 0.155957142857 0.0844906877217	56
-168 80.5 0.138355208333 0.0829993073779	96
-166.5 80.5 0.0913614035088 0.102637858085	57
-165 80.5 0.0984823529412 0.11460927774	17
-163.5 80.5 0.0760409090909 0.119108249218	44
-162 80.5 0.0898226415094 0.104708664768	53
-160.5 80.5 0.0867116666667 0.0966466971211	120
-159 80.5 0.131495774648 0.0854761260514	71
-157.5 80.5 0.121635245902 0.0764242918438	122
-156 80.5 0.156218095238 0.0800127583348	105
-154.5 80.5 0.13952037037 0.0758563149686	54
-153 80.5 0.161625531915 0.0850455310517	94
-151.5 80.5 0.148905714286 0.0979256709204	35
-150 80.5 0.166867346939 0.101141621806	49
-148.5 80.5 0.161936111111 0.0891578925367	36
-147 80.5 0.161880769231 0.0766017598713	26
-145.5 80.5 0.144231818182 0.0966062572476	22
-144 80.5 0.170522916667 0.0820453409664	48
-142.5 80.5 0.176993939394 0.110410642431	33
-141 80.5 0.207242 0.108419282663	50
-139.5 80.5 0.141242424242 0.0871166840165	66
-138 80.5 0.183346315789 0.0950126361255	95
-136.5 80.5 0.170314285714 0.101053473125	70
-135 80.5 0.172258064516 0.0925287470587	62
-133.5 80.5 0.15233125 0.109934793354	48
-132 80.5 0.171787719298 0.15190126148	57
-130.5 80.5 0.0874868686869 0.0913783250842	99
-129 80.5 0.0875650793651 0.101526954013	189
-127.5 80.5 0.100781767956 0.0835598970079	181
-126 80.5 0.100969298246 0.0875846808636	228
-124.5 80.5 0.0750075268817 0.0938922379817	279
-123 80.5 0.0844392561983 0.0941708749071	242
-121.5 80.5 0.0832012096774 0.0851742303323	248
-120 80.5 0.13245 0.0852723130972	190
-118.5 80.5 0.104577777778 0.0921882902477	252
-117 80.5 0.0841387931034 0.0967501489144	348
-115.5 80.5 0.0942164021164 0.0818889928947	378
-114 80.5 0.0702313304721 0.0857928957072	233
-112.5 80.5 0.0217862433862 0.0771956144794	189
-111 80.5 0.0224239202658 0.0897991875942	301
-109.5 80.5 0.0384 0.0877228320839	280
-108 80.5 0.0502836734694 0.103239947738	196
-106.5 80.5 0.0312530364372 0.10798250715	247
-105 80.5 0.0231287234043 0.101216432375	282
-103.5 80.5 0.0253143835616 0.106865563482	292
-102 80.5 0.0386912650602 0.119525633205	332
-100.5 80.5 0.0923530120482 0.112181769986	249
-99 80.5 0.149183333333 0.107385399642	84
-15 80.5 0.2269 NaN	1
-13.5 80.5 0.2031 0.048753324673	4
-9 80.5 0.184009090909 0.123263299117	11
-7.5 80.5 0.191723684211 0.10724236112	38
-6 80.5 0.189905882353 0.153601780062	17
-4.5 80.5 0.10121875 0.150334789021	48
-3 80.5 0.129361538462 0.112878904668	52
-1.5 80.5 0.181955 0.136434100055	20
0 80.5 0.2542 0.0244658946291	2
100.5 80.5 0.13001 0.0814932233038	10
102 80.5 0.1073 0.24579031714	2
103.5 80.5 0.231075 0.0470787549396	4
114 80.5 0.0392 NaN	1
147 80.5 0.106272727273 0.130536830748	11
148.5 80.5 0.28285 0.0508409775673	2
150 80.5 0.0827 0.0277185858225	2
153 80.5 0.174116666667 0.120067121506	6
156 80.5 0.1724125 0.109518028196	16
157.5 80.5 0.152025 0.0960049087287	4
159 80.5 0.1382375 0.139267942548	8
160.5 80.5 0.162827777778 0.095872708535	18
162 80.5 0.199255 0.059570281137	20
163.5 80.5 0.1841 0.0666897793269	4
165 80.5 0.1321 NaN	1
166.5 80.5 0.11352 0.0855708887414	5
168 80.5 0.1286 0.042494313345	4
169.5 80.5 0.14035 0.0903233229386	16
171 80.5 0.0875 0.0617723643711	5
172.5 80.5 0.163973333333 0.0810889206826	30
174 80.5 0.133008333333 0.0752993027856	72
175.5 80.5 0.13849245283 0.0917613666173	53
177 80.5 0.0585 0.154026514837	12
178.5 80.5 0.188455172414 0.0811479846867	29
-180 80 0.160525 0.0991623412822	36
-178.5 80 0.13518 0.0595066905669	10
-177 80 0.1441 0.0707483680303	20
-175.5 80 0.161164285714 0.0868877360578	28
-174 80 0.144727941176 0.105958175141	68
-172.5 80 0.183265517241 0.0755295508671	29
-171 80 0.1006 0.0757994653501	39
-169.5 80 0.138861904762 0.0638440010979	21
-168 80 0.118303448276 0.075048310549	29
-166.5 80 0.12982745098 0.110869813887	51
-165 80 0.135438888889 0.118985971028	36
-163.5 80 0.131256410256 0.101996650603	39
-162 80 0.0937068181818 0.109457914601	44
-160.5 80 0.0868729166667 0.0987175817318	96
-159 80 0.120088679245 0.0801438626192	53
-157.5 80 0.157237313433 0.083607493567	67
-156 80 0.152729906542 0.102565872266	107
-154.5 80 0.135284444444 0.086122473457	45
-153 80 0.159524489796 0.0751419865172	49
-151.5 80 0.150873333333 0.0643381987483	45
-150 80 0.165792982456 0.0830304846333	57
-148.5 80 0.177395454545 0.0674298681684	22
-147 80 0.162713333333 0.0765356273395	75
-145.5 80 0.168846153846 0.0798051638969	26
-144 80 0.180578181818 0.0766605352401	55
-142.5 80 0.186601265823 0.0864602924924	79
-141 80 0.191678217822 0.0827445135389	101
-139.5 80 0.156894 0.102238974576	50
-138 80 0.1279125 0.104664124014	72
-136.5 80 0.112504761905 0.0967797699894	42
-135 80 0.131790434783 0.0940231802083	115
-133.5 80 0.173858181818 0.082304002803	110
-132 80 0.140299173554 0.104018496349	121
-130.5 80 0.132449074074 0.0919924961338	108
-129 80 0.127333333333 0.098591752423	129
-127.5 80 0.0966947712418 0.098159841981	153
-126 80 0.0820296875 0.109949963823	128
-124.5 80 0.0965580882353 0.0865772747895	272
-123 80 0.0984299465241 0.0816435424459	187
-121.5 80 0.0904133663366 0.0938187946968	202
-120 80 0.111132489451 0.0808918439833	237
-118.5 80 0.0970505154639 0.0819122057797	194
-117 80 0.0744711026616 0.0746945239616	263
-115.5 80 0.0878584664537 0.0840053802471	313
-114 80 0.0554139917695 0.0827457674738	243
-112.5 80 0.0534278074866 0.0871086719447	187
-111 80 0.0416022988506 0.0908394657247	261
-109.5 80 0.00526666666667 0.0784384294186	222
-108 80 0.00578350877193 0.0931054697356	285
-106.5 80 0.0474652173913 0.126994102633	230
-105 80 0.0692603092784 0.0963474650021	194
-103.5 80 0.104929104478 0.112726376299	134
-102 80 0.0426636363636 0.103440668734	22
-15 80 0.191816666667 0.0871579388284	42
-13.5 80 0.2021125 0.112457154451	64
-12 80 0.0857815789474 0.112115861537	38
-10.5 80 0.212757894737 0.186252237319	19
-7.5 80 0.209157142857 0.129921282028	7
-6 80 0.180457142857 0.108808518738	49
-4.5 80 0.139525 0.0960408376682	4
-3 80 0.18527037037 0.132708772578	27
-1.5 80 0.1448 0.0536850693086	4
112.5 80 0.2845 NaN	1
148.5 80 0.29245 0.0383958982184	2
150 80 0.255516666667 0.0604056757819	6
156 80 0.0101 NaN	1
157.5 80 0.169718181818 0.106001781289	11
160.5 80 0.205775 0.0386397355926	4
162 80 0.19725 0.029769195488	2
163.5 80 0.131733333333 0.101198293793	6
165 80 0.1099875 0.165190560414	8
168 80 0.1351 0.105595044076	7
169.5 80 0.212 NaN	1
171 80 0.2388 0.0964877194258	6
172.5 80 0.117362857143 0.0938483228272	35
174 80 0.173782142857 0.0703665884226	56
175.5 80 0.171921917808 0.0876794069427	73
177 80 0.170315217391 0.0841768032639	46
178.5 80 0.179747916667 0.107252839053	48
-180 79.5 0.14716 0.10512895996	10
-178.5 79.5 0.185877777778 0.107090543207	9
-177 79.5 0.154648148148 0.1233687168	27
-175.5 79.5 0.133129032258 0.105725815812	31
-174 79.5 0.14798030303 0.0732033358208	66
-172.5 79.5 0.14096875 0.0843174692754	16
-171 79.5 0.0140142857143 0.0610546866498	7
-169.5 79.5 0.182351851852 0.0924018038884	27
-168 79.5 0.166164285714 0.122859254103	14
-166.5 79.5 0.207909090909 0.0642422206115	11
-165 79.5 0.22678 0.0830538138799	15
-163.5 79.5 0.110564285714 0.0884914129441	14
-162 79.5 0.144583333333 0.0854427942658	30
-160.5 79.5 0.147137037037 0.0880344694212	27
-159 79.5 0.16839047619 0.0970372591492	42
-157.5 79.5 0.151884848485 0.0662073642109	33
-156 79.5 0.151865 0.0793978286537	60
-154.5 79.5 0.182994285714 0.0644107450976	35
-153 79.5 0.163930985915 0.0737393877915	71
-151.5 79.5 0.136562857143 0.0528592531035	35
-150 79.5 0.134439622642 0.0963052904922	53
-148.5 79.5 0.132602857143 0.0595515766854	35
-147 79.5 0.1479 0.0767850310933	41
-145.5 79.5 0.17541547619 0.0987940848603	84
-144 79.5 0.179335714286 0.0925700023977	28
-142.5 79.5 0.174902739726 0.0718217294816	73
-141 79.5 0.209288888889 0.0824485237472	63
-139.5 79.5 0.199126136364 0.0775813232862	88
-138 79.5 0.193164150943 0.0702464887293	106
-136.5 79.5 0.199654651163 0.0822018413831	172
-135 79.5 0.199963829787 0.0860907159096	94
-133.5 79.5 0.213546017699 0.0831661225193	113
-132 79.5 0.166189565217 0.0970128426784	115
-130.5 79.5 0.129975 0.100315780784	164
-129 79.5 0.10135915493 0.103445057987	142
-127.5 79.5 0.0887452054795 0.112358901605	146
-126 79.5 0.107377142857 0.101113340027	140
-124.5 79.5 0.130776515152 0.0690535016163	132
-123 79.5 0.119498907104 0.0720342287297	183
-121.5 79.5 0.0970115384615 0.0790389099454	156
-120 79.5 0.112992857143 0.075462021847	266
-118.5 79.5 0.0746099502488 0.0781696507636	201
-117 79.5 0.047072815534 0.0891314706615	206
-115.5 79.5 0.0298302941176 0.0822022442611	340
-114 79.5 0.0601270042194 0.102105467391	237
-112.5 79.5 0.0753893129771 0.121342119805	131
-111 79.5 0.0529977973568 0.104695047023	227
-109.5 79.5 0.0203096899225 0.105833361892	258
-108 79.5 0.0207891891892 0.081815580147	111
-106.5 79.5 -0.0293 0.0822277436039	12
-105 79.5 0.222933333333 0.0917648360913	36
-103.5 79.5 0.102483333333 0.148627300895	36
-102 79.5 0.0757444444444 0.163733992432	9
-100.5 79.5 0.00234117647059 0.0995712123233	17
-99 79.5 0.132613793103 0.143065725965	29
-97.5 79.5 0.2197875 0.0833083332738	8
-16.5 79.5 0.274964220183 0.0701992343566	109
-15 79.5 0.263625482625 0.128571810415	259
-13.5 79.5 0.259883006536 0.11849074961	306
-12 79.5 0.1666 0.13160574771	54
-10.5 79.5 0.0832 0.145695916209	6
-9 79.5 0.166288888889 0.0748406715036	9
-7.5 79.5 0.2338 0.14538994979	9
-6 79.5 0.206489705882 0.103170625433	68
-4.5 79.5 0.214788235294 0.0860101075627	17
-3 79.5 0.162371641791 0.103185933687	67
114 79.5 0.227425 0.094148123543	4
144 79.5 0.06915 0.317137391362	2
145.5 79.5 0.18865 0.0183140656327	2
147 79.5 0.2817 0.0544472221514	2
154.5 79.5 0.009825 0.117680651907	4
156 79.5 0.0833 NaN	1
157.5 79.5 0.2118 0.0111722871427	2
159 79.5 0.179163636364 0.0895421942184	11
160.5 79.5 0.1409 0.0857013418798	2
163.5 79.5 0.0723 NaN	1
165 79.5 0.02978 0.15583495115	5
166.5 79.5 0.19486 0.0360497988899	5
168 79.5 0.2451 0.0919767905507	3
171 79.5 0.23035 0.0610233152164	2
174 79.5 0.155878571429 0.0847537807514	14
175.5 79.5 0.15707 0.0560271174423	10
177 79.5 0.149766666667 0.0758838915713	9
178.5 79.5 0.1994 0.0827405130513	9
-180 79 0.0961631578947 0.0767771248523	19
-178.5 79 0.1659 0.079538173556	20
-177 79 0.123092857143 0.0778042164597	14
-175.5 79 0.124621621622 0.0953828459279	37
-174 79 0.109038888889 0.093428041759	18
-172.5 79 0.163515384615 0.0922570916182	26
-171 79 0.3147 NaN	1
-169.5 79 0.105377272727 0.0898297062532	22
-168 79 0.165687179487 0.0815864967803	78
-166.5 79 0.193942857143 0.0947987075073	14
-165 79 0.106395238095 0.109765379224	21
-163.5 79 0.126810714286 0.13514842414	28
-162 79 0.132234285714 0.0626917338714	35
-160.5 79 0.149825 0.123106468149	4
-159 79 0.0869285714286 0.0885000322841	7
-157.5 79 0.187811111111 0.0719500772141	9
-156 79 0.138108333333 0.0643568510367	24
-154.5 79 0.147577777778 0.0853777456041	9
-153 79 0.1584 0.0967233629862	39
-151.5 79 0.156385185185 0.0535512386103	27
-150 79 0.160748837209 0.064437039674	43
-148.5 79 0.151310810811 0.0702765401973	37
-147 79 0.146211111111 0.0558204139282	9
-145.5 79 0.157766666667 0.0452445650511	6
-144 79 0.234784615385 0.066690427176	13
-142.5 79 0.169034482759 0.0856626483153	58
-141 79 0.197447945205 0.0823440328905	73
-139.5 79 0.203462765957 0.0905567890309	94
-138 79 0.194 0.0793750685633	107
-136.5 79 0.177680373832 0.087729011831	107
-135 79 0.183722222222 0.0748799126143	45
-133.5 79 0.198189130435 0.0846718714487	92
-132 79 0.172393243243 0.104371045598	74
-130.5 79 0.1661128 0.0939821310882	125
-129 79 0.120352136752 0.0867113121506	117
-127.5 79 0.114790816327 0.100561968469	98
-126 79 0.101794520548 0.0904680727759	73
-124.5 79 0.106453846154 0.082952448565	104
-123 79 0.0980913580247 0.0689593474583	162
-121.5 79 0.112833653846 0.0610333485328	104
-120 79 0.092229338843 0.0778257320643	242
-118.5 79 0.0865516129032 0.0820958630329	186
-117 79 0.0678311403509 0.0857843261436	228
-115.5 79 0.0712932692308 0.09041948431	208
-114 79 0.0738115702479 0.106710866512	121
-112.5 79 0.114633793103 0.107295493602	145
-111 79 0.154144262295 0.108971082593	61
-109.5 79 0.0480661290323 0.104267450784	62
-108 79 -0.0331210526316 0.0905149539259	76
-99 79 0.095612 0.121660652774	25
-97.5 79 0.125496296296 0.124879069138	27
-96 79 0.06762 0.0668422920014	5
-72 79 0.144925 0.05603007377	4
-70.5 79 0.1585 NaN	1
-16.5 79 -0.0453 0.111540194549	5
-15 79 0.19814893617 0.123312790796	141
-13.5 79 0.198526304348 0.115689297966	460
-12 79 0.187093902439 0.0945434348512	82
-10.5 79 0.0613352941176 0.101741971066	17
-9 79 0.174237037037 0.0889606358416	27
-7.5 79 0.2172 0.118524261464	37
-6 79 0.234909090909 0.0997742017858	22
-4.5 79 0.2423 0.0309446818263	4
147 79 0.204433333333 0.157729652676	3
154.5 79 0.2826 NaN	1
156 79 0.1425125 0.118543872981	8
157.5 79 0.2606 NaN	1
160.5 79 0.08755 0.120446903931	4
162 79 0.1755 NaN	1
165 79 0.122866666667 0.108099599136	3
166.5 79 0.193625 0.0936601436044	4
168 79 0.213 NaN	1
169.5 79 0.155733333333 0.0445113843116	3
171 79 -0.08455 0.0760139789776	2
175.5 79 0.0948 NaN	1
177 79 0.202307142857 0.0982028235869	14
178.5 79 0.108591666667 0.0895209417687	12
-180 78.5 0.240392307692 0.120576272276	13
-178.5 78.5 0.11255 0.0948806144584	6
-177 78.5 0.100103846154 0.0950899762573	26
-175.5 78.5 0.175233333333 0.0730441253108	12
-174 78.5 0.170783333333 0.0824692286048	6
-172.5 78.5 0.07104 0.179604727109	5
-171 78.5 0.0844090909091 0.110638746804	22
-169.5 78.5 0.0385310344828 0.0859047649745	29
-168 78.5 0.11021025641 0.107739490377	39
-166.5 78.5 0.126613636364 0.126688201009	44
-165 78.5 0.11774 0.102580142028	40
-163.5 78.5 0.171946153846 0.0803249611554	26
-162 78.5 0.100578723404 0.0942769115914	47
-160.5 78.5 0.163411111111 0.0889770339138	27
-159 78.5 0.1421 0.169614315434	6
-157.5 78.5 0.1353 0.0584088349481	6
-156 78.5 0.181866666667 0.0941476145918	3
-154.5 78.5 0.232 NaN	1
-153 78.5 0.16784 0.0821126847692	5
-151.5 78.5 0.155042857143 0.0366891835624	7
-150 78.5 0.20365 0.076862507115	2
-148.5 78.5 0.194669565217 0.0731296633931	23
-147 78.5 0.15135 0.0562149891043	2
-144 78.5 0.2132 0.0745369341029	12
-142.5 78.5 0.172933333333 0.110208272527	3
-141 78.5 0.193868421053 0.0823403846686	19
-139.5 78.5 0.204315384615 0.0575985509967	13
-138 78.5 0.163392 0.0665820478808	25
-136.5 78.5 0.200486666667 0.0683440442244	15
-135 78.5 0.202411904762 0.0697521577685	42
-133.5 78.5 0.167221568627 0.114755141608	51
-132 78.5 0.13151 0.0831227367717	20
-130.5 78.5 0.132398507463 0.089877538726	67
-129 78.5 0.1501 0.093338097936	77
-127.5 78.5 0.107697959184 0.0935132109423	49
-126 78.5 0.154928301887 0.0597775632509	53
-124.5 78.5 0.118221176471 0.071190873703	85
-123 78.5 0.0991966666667 0.0741938191344	90
-121.5 78.5 0.0865641791045 0.0803447865281	134
-120 78.5 0.0895790123457 0.069415370625	81
-118.5 78.5 0.126081730769 0.0749149067625	104
-117 78.5 0.116316546763 0.0903666561864	139
-115.5 78.5 0.101118965517 0.0850295664922	58
-114 78.5 0.111642857143 0.121029402174	7
-108 78.5 -0.01196 0.101065020382	30
-106.5 78.5 0.0100033333333 0.0919222965836	30
-18 78.5 0.1985 NaN	1
-16.5 78.5 0.0146833333333 0.116973679376	6
-15 78.5 0.0728182857143 0.125329362896	175
-13.5 78.5 0.171108695652 0.100829686666	115
-12 78.5 0.1618 0.143607068071	3
-10.5 78.5 0.06554 0.162166667352	5
-9 78.5 0.0999666666667 0.0241485127216	6
-7.5 78.5 0.194383333333 0.126574079758	6
-6 78.5 0.0451 0.0781437137587	3
147 78.5 0.26 NaN	1
148.5 78.5 0.2481 0.121905209077	2
156 78.5 0.150533333333 0.0142976688077	3
157.5 78.5 0.1852 0.0968736290226	2
159 78.5 0.191277777778 0.0777593688532	9
160.5 78.5 0.2622 NaN	1
162 78.5 0.137 NaN	1
165 78.5 0.119557142857 0.0328144204653	7
169.5 78.5 0.2972 NaN	1
175.5 78.5 0.07052 0.0606568380317	5
177 78.5 0.2002 NaN	1
-180 78 0.12975 0.105559004037	4
-178.5 78 0.187333333333 0.102111034337	3
-177 78 0.189621428571 0.0642553580953	14
-175.5 78 0.114004761905 0.0995207465866	42
-174 78 0.183228571429 0.0780113742059	14
-172.5 78 0.178641176471 0.116074701479	17
-171 78 0.0832 NaN	1
-169.5 78 0.23895 0.0508409775673	2
-168 78 0.11994 0.140292958146	20
-166.5 78 0.103996428571 0.0659555441581	56
-165 78 0.138656 0.0859101617971	25
-163.5 78 0.154607407407 0.0685437251009	27
-162 78 0.0994307692308 0.0783162007997	13
-160.5 78 0.139975 0.0930085081089	32
-159 78 0.1085 0.0755304160587	17
-156 78 0.161 NaN	1
-154.5 78 0.24335 0.0577706240229	2
-151.5 78 0.14612 0.112135284367	5
-148.5 78 0.2143 NaN	1
-147 78 0.0706 0.00410121933088	2
-141 78 0.149366666667 0.0940831673625	15
-138 78 0.1021 0.117096882964	2
-136.5 78 0.259133333333 0.0725151478428	6
-135 78 0.1978375 0.0773559479198	8
-133.5 78 0.131216666667 0.0984825230837	18
-132 78 0.1461 0.0617072659147	7
-130.5 78 0.119240425532 0.106998170768	47
-129 78 0.0486 NaN	1
-127.5 78 0.109730508475 0.0815014919564	59
-126 78 0.132532692308 0.0630621213871	104
-124.5 78 0.103698245614 0.061588896802	114
-123 78 0.0845539568345 0.0750926840511	139
-121.5 78 0.0789105263158 0.068741453678	38
-120 78 0.130883098592 0.0899559304579	71
-118.5 78 0.158541322314 0.0733159255885	121
-117 78 0.0968658536585 0.10446666929	82
-115.5 78 0.0701 0.0776989060412	10
-108 78 0.0315081081081 0.0923088697387	37
-106.5 78 -0.0011 0.0538460503924	22
-16.5 78 -0.0434230769231 0.108208969342	26
-15 78 0.1419 0.0816672823106	5
-13.5 78 0.152395 0.108005845237	20
-12 78 0.0656235294118 0.144297940601	17
-10.5 78 0.155756666667 0.147364866639	30
-9 78 0.1642 0.126606615151	13
142.5 78 0.2408 NaN	1
148.5 78 0.1712 NaN	1
153 78 0.1765 NaN	1
156 78 0.17678 0.048879037283	15
157.5 78 0.198485185185 0.0958829763654	27
159 78 0.231021428571 0.0496446786764	14
160.5 78 0.0834666666667 0.111233508141	3
162 78 0.13062 0.0942810267233	5
165 78 0.1373 0.0823604880996	3
168 78 0.1636 NaN	1
169.5 78 0.10116 0.123465614646	5
171 78 0.14246 0.0700594604604	5
172.5 78 0.26525 0.00714177848998	2
175.5 78 0.23695 0.195090760929	2
177 78 0.0784 NaN	1
-180 77.5 -0.033875 0.172351499227	8
-177 77.5 0.13543 0.11807466906	20
-175.5 77.5 0.219057142857 0.125593256947	7
-174 77.5 0.1814 0.0851908184933	10
-172.5 77.5 0.116030769231 0.128523242934	13
-171 77.5 0.05228 0.0933620211863	5
-168 77.5 0.0970685714286 0.064237897791	35
-166.5 77.5 0.163366666667 0.0539667922584	6
-165 77.5 0.162228571429 0.112869536993	7
-163.5 77.5 0.126926315789 0.0706867254716	19
-162 77.5 0.103816666667 0.0805765907053	12
-160.5 77.5 0.19166 0.0971945655834	20
-159 77.5 0.128013043478 0.069636029757	23
-157.5 77.5 0.144971428571 0.0446346544845	7
-145.5 77.5 0.3183 NaN	1
-144 77.5 0.25535 0.0258093975133	2
-142.5 77.5 0.2389 NaN	1
-138 77.5 0.150575 0.104433435738	4
-136.5 77.5 0.177575 0.0504045219532	4
-135 77.5 0.158609090909 0.0699233216394	11
-133.5 77.5 0.0385 NaN	1
-132 77.5 0.135666666667 0.040083205128	3
-130.5 77.5 0.11055 0.102369893035	6
-129 77.5 0.106235294118 0.130627097788	17
-127.5 77.5 0.0832189189189 0.0747785725319	37
-126 77.5 0.105792413793 0.0804338419334	145
-124.5 77.5 0.0481623931624 0.0743067326087	234
-123 77.5 0.0732178294574 0.088179375467	129
-121.5 77.5 0.0615381578947 0.0920957240659	76
-120 77.5 0.125348 0.0997490481158	25
-118.5 77.5 0.140233333333 0.0663742814507	15
-108 77.5 -0.0023 NaN	1
-99 77.5 -0.1037 0.0778857624987	6
-16.5 77.5 0.123255555556 0.0577669696087	9
-15 77.5 0.176924675325 0.208209741263	77
-13.5 77.5 0.26373 0.291408476379	20
-12 77.5 0.149853846154 0.122083022403	13
-10.5 77.5 0.107330232558 0.114751704075	43
-9 77.5 0.22045 0.0552250396107	2
-6 77.5 0.2893 NaN	1
144 77.5 0.07765 0.0946815980009	2
145.5 77.5 0.0915666666667 0.0704273621069	3
147 77.5 -0.0612 NaN	1
150 77.5 0.1126 NaN	1
153 77.5 0.0634666666667 0.0569961694619	3
157.5 77.5 0.2203 0.0675994082814	2
159 77.5 0.2855 NaN	1
168 77.5 0.314533333333 0.0494029688717	3
169.5 77.5 0.2776 NaN	1
171 77.5 0.2115 NaN	1
175.5 77.5 0.135 0.044689148571	2
178.5 77.5 0.141525 0.123704758089	24
-180 77 0.1998 0.0657609306503	2
-166.5 77 0.0617 0.147928068105	4
-165 77 0.1491 NaN	1
-162 77 0.137191666667 0.0672638151857	12
-160.5 77 0.163975 0.0833336016662	4
-138 77 0.0869 NaN	1
-136.5 77 0.1456375 0.105206571461	8
-135 77 0.219814285714 0.0741481945964	7
-133.5 77 0.20653125 0.0635425811956	16
-132 77 -0.01196 0.152468708629	10
-130.5 77 0.1991 0.129068595027	10
-129 77 0.1037 0.0566568971971	6
-127.5 77 0.0911024390244 0.0717878627896	41
-126 77 0.0890119047619 0.0629110083939	126
-124.5 77 0.0849237837838 0.0845392446606	185
-123 77 0.107451162791 0.0834173534819	129
-121.5 77 0.0787254901961 0.0916697285763	51
-112.5 77 -0.1634 NaN	1
-111 77 0.2146 NaN	1
-108 77 0.0637 0.0612262198735	25
-106.5 77 0.0987428571429 0.0959846737105	91
-103.5 77 0.0817 NaN	1
-102 77 0.1213 0.0472347329833	2
-76.5 77 0.0509 NaN	1
-16.5 77 -0.11438 0.0525762969407	5
-15 77 0.16221 0.144531491763	10
-13.5 77 0.18334 0.0828745441554	30
-12 77 0.181654545455 0.127952132892	22
-10.5 77 0.207633333333 0.145467290383	36
-9 77 0.2505 NaN	1
142.5 77 0.177115789474 0.0708599421642	19
144 77 0.158 0.0730633515063	4
147 77 0.1859 0.241312929616	3
157.5 77 0.1489 0.0642052957317	2
160.5 77 0.1639 0.122046630433	2
166.5 77 0.1628875 0.0475922945444	16
168 77 0.173944444444 0.0665185354285	18
178.5 77 -0.0309 0.114265071945	4
-178.5 76.5 0.237 0.0489551835866	3
-174 76.5 0.2455 0.100695928418	3
-169.5 76.5 0.2773 0.0202232539419	2
-166.5 76.5 0.2347 0.00622253967444	2
-136.5 76.5 0.1425 0.0274650687237	3
-135 76.5 0.275683333333 0.0576560288839	6
-133.5 76.5 0.18678 0.0874059341998	10
-132 76.5 0.147315384615 0.0648405974442	13
-130.5 76.5 0.09211875 0.0622782693437	48
-129 76.5 0.09955625 0.0617558849164	48
-127.5 76.5 0.0877202247191 0.0961247085109	89
-126 76.5 0.100445121951 0.0811334202995	82
-124.5 76.5 0.115593939394 0.080650553855	33
-123 76.5 0.03775 0.131288000661	18
-112.5 76.5 0.1041 NaN	1
-111 76.5 -0.1898 NaN	1
-108 76.5 0.0395 NaN	1
-106.5 76.5 0.0681095238095 0.0527742447105	21
-18 76.5 0.0715851851852 0.106270274821	27
-16.5 76.5 -0.0139 0.0412349366436	3
-15 76.5 0.15575 0.0633659766752	6
-13.5 76.5 0.180005882353 0.133903419541	51
-12 76.5 0.1693125 0.127558663675	8
-10.5 76.5 0.204057142857 0.0765592114454	7
147 76.5 0.1175 NaN	1
156 76.5 0.02745 0.0102530483272	2
157.5 76.5 0.13535 0.11349063838	2
165 76.5 0.2453 0.0560583879285	8
166.5 76.5 0.1429 0.0920664433982	3
168 76.5 0.274575 0.0984551124456	4
175.5 76.5 0.1732 0.0475385107045	3
-163.5 76 0.1634 0.124637935638	5
-141 76 0.157125 0.0710535654747	4
-138 76 0.24035 0.0229809703886	2
-136.5 76 0.105039130435 0.0902318314078	23
-135 76 0.0744529411765 0.0908215084496	17
-133.5 76 0.114465 0.113377136259	20
-132 76 0.108944444444 0.0758431398598	63
-130.5 76 0.114019230769 0.0793681692468	52
-129 76 0.135889130435 0.103077250919	46
-127.5 76 0.0710727272727 0.102650861422	99
-126 76 0.03368 0.102356781244	10
-76.5 76 0.3019 NaN	1
-16.5 76 -0.01115 0.105075715722	30
-13.5 76 0.204414285714 0.0636486037703	7
-12 76 0.170846153846 0.111288930382	13
165 76 0.2977 0.0294156420974	2
166.5 76 0.17675 0.114339166518	2
172.5 76 0.1282 NaN	1
-142.5 75.5 0.3291 NaN	1
-139.5 75.5 0.0009 NaN	1
-138 75.5 0.1084 0.104139745855	7
-136.5 75.5 0.132705882353 0.0583975970245	17
-135 75.5 0.0804333333333 0.100865448329	6
-133.5 75.5 0.108488571429 0.0827610123166	35
-132 75.5 0.117083333333 0.0735062651377	24
-130.5 75.5 0.127621276596 0.106462481524	47
-129 75.5 0.0651941176471 0.113691207172	17
-127.5 75.5 0.08938 0.0293338882523	5
-126 75.5 0.146 NaN	1
-70.5 75.5 0.0924277777778 0.161035731532	18
-16.5 75.5 0.10478 0.147020787646	5
-15 75.5 0.329 NaN	1
168 75.5 0.34085 0.0320319371878	2
174 75.5 0.2268 0.0767917964369	2
-141 75 0.168284210526 0.0554354706258	19
-139.5 75 0.15335625 0.0661390955361	16
-138 75 0.16825 0.0803980410209	2
-136.5 75 0.1136 0.0750730823419	27
-135 75 0.171128571429 0.0792499041109	28
-133.5 75 0.129335 0.0722023565368	20
-132 75 0.158567567568 0.0857268985858	37
-130.5 75 0.1075 0.11634000936	10
-129 75 0.1495 NaN	1
-72 75 0.2689 NaN	1
-69 75 0.28645 0.11801612178	2
-16.5 75 0.131385714286 0.0876507164559	7
-15 75 0.163466666667 0.146276632903	3
154.5 75 0.19934 0.222793038491	5
169.5 75 0.3111 0.0531571255807	4
-142.5 74.5 0.216975 0.048872239905	4
-139.5 74.5 0.25085 0.109955104475	2
-138 74.5 0.161933333333 0.014821043598	3
-136.5 74.5 0.177 0.0383251875403	2
-135 74.5 0.132077777778 0.0679379260419	27
-133.5 74.5 0.1176 0.040351042944	7
-132 74.5 0.106071428571 0.042753451117	14
-130.5 74.5 0.1102 0.099842969014	14
-129 74.5 0.0819 0.0317850593833	3
-105 74.5 0.11375 0.0925602776573	2
-72 74.5 0.0958 0.0539014842096	5
-16.5 74.5 0.0767 0.25167713444	4
-147 74 0.283 0.0390322943215	2
-141 74 0.1951 NaN	1
-138 74 0.1641875 0.0613543207816	8
-133.5 74 0.128773076923 0.0918254411705	26
-132 74 0.141666666667 0.0518953112847	3
-130.5 74 0.2291 NaN	1
-105 74 -0.1633 NaN	1
-103.5 74 0.06715 0.139060766094	4
-72 74 0.137 0.146527267087	11
-18 74 0.10905 0.0508409775673	2
169.5 74 0.2759 NaN	1
-145.5 73.5 0.0979 NaN	1
-139.5 73.5 0.2343 NaN	1
-136.5 73.5 0.1563125 0.0355407788925	8
-135 73.5 -0.01661 0.0885868368702	10
-133.5 73.5 0.1197 NaN	1
-18 73.5 0.186141666667 0.0392610715904	12
148.5 73.5 0.260483333333 0.107604226993	6
-145.5 73 0.2229 NaN	1
-139.5 73 0.10358 0.0774346498668	25
-138 73 0.218815625 0.086707744601	32
-19.5 73 0.284166666667 0.0971106104742	6
150 73 0.245 NaN	1
-144 72.5 0.0889777777778 0.0358951521023	9
-135 72.5 0.136533333333 0.134008129107	6
-21 72.5 0.1433 0.128410591463	2
-19.5 72.5 0.3266 NaN	1
150 72.5 0.1818 0.123319422639	2
-133.5 72 0.3003 NaN	1
-103.5 71.5 0.14746 0.0819164086127	5
-102 71.5 0.14805 0.0659730626847	2
-91.5 71.5 0.258575 0.152858504834	4
