lon, lat, freeboard (m), standard deviation, count
-180 81.5 0.178688888889 0.10100892824	63
-178.5 81.5 0.185622619048 0.118738751758	84
-177 81.5 0.199986666667 0.103086594778	30
-175.5 81.5 0.267828571429 0.0939397628676	7
-174 81.5 0.220659016393 0.133373119952	61
-172.5 81.5 0.153063333333 0.132326046947	60
-171 81.5 0.1726671875 0.0923288344352	64
-169.5 81.5 0.181561445783 0.105108855109	83
-168 81.5 0.16405 0.102402602506	26
-166.5 81.5 0.190460714286 0.0920242856001	28
-165 81.5 0.2103275 0.111619523123	40
-163.5 81.5 0.213190163934 0.156307767673	61
-162 81.5 0.217173076923 0.125745643448	26
-160.5 81.5 0.229244444444 0.125652990899	63
-159 81.5 0.210390163934 0.144746165988	61
-157.5 81.5 0.178354166667 0.149465975575	48
-156 81.5 0.145985714286 0.103987419874	28
-154.5 81.5 0.187596296296 0.130872309375	81
-153 81.5 0.210758536585 0.104615770741	41
-151.5 81.5 0.205028358209 0.129016323856	134
-150 81.5 0.245456880734 0.0959785926816	109
-148.5 81.5 0.219941935484 0.095730472841	124
-147 81.5 0.221755263158 0.103131620596	114
-145.5 81.5 0.1856484375 0.124971446888	64
-144 81.5 0.186276 0.109856506704	50
-142.5 81.5 0.150173809524 0.102516561564	42
-141 81.5 0.202341025641 0.0954193865272	39
-139.5 81.5 0.217016363636 0.100647236469	55
-138 81.5 0.236026315789 0.103179084132	57
-136.5 81.5 0.215722666667 0.12107842508	75
-135 81.5 0.191390140845 0.110445170825	71
-133.5 81.5 0.194071538462 0.113385017559	130
-132 81.5 0.224806766917 0.100647226847	133
-130.5 81.5 0.192998324022 0.108708498203	179
-129 81.5 0.201615384615 0.100284073561	364
-127.5 81.5 0.2316692 0.107320710541	250
-126 81.5 0.255394711538 0.122378723645	208
-124.5 81.5 0.232915333333 0.124055516765	150
-123 81.5 0.25202020202 0.105888647556	198
-121.5 81.5 0.223399509804 0.111004987461	204
-120 81.5 0.232911428571 0.104904450866	280
-118.5 81.5 0.214399531616 0.113039775914	427
-117 81.5 0.184931456954 0.09807856517	604
-115.5 81.5 0.205783950617 0.104790405682	405
-114 81.5 0.185792038217 0.107955964725	314
-112.5 81.5 0.163369902913 0.0992862000923	206
-111 81.5 0.18586 0.115593597496	405
-109.5 81.5 0.183713554217 0.127740828642	332
-108 81.5 0.159188501742 0.113274865778	287
-106.5 81.5 0.148048087432 0.113784152948	366
-105 81.5 0.139382915361 0.11178251032	638
-103.5 81.5 0.186708641975 0.130989203506	405
-102 81.5 0.254738235294 0.155908472326	272
-100.5 81.5 0.259589423077 0.143082788723	208
-99 81.5 0.270138888889 0.130693164164	234
-97.5 81.5 0.297604402516 0.131683802982	159
-96 81.5 0.3458 0.129740284525	15
-10.5 81.5 0.264657142857 0.0798616564806	14
-9 81.5 0.179175 0.153469077009	52
-7.5 81.5 0.225715625 0.149449169804	64
-6 81.5 0.208917346939 0.144246891032	98
-4.5 81.5 0.199123737374 0.120743962833	198
-3 81.5 0.270198809524 0.114862487499	252
-1.5 81.5 0.254152739726 0.111330842271	146
0 81.5 0.256838053097 0.106414474645	113
1.5 81.5 0.235938461538 0.153537792931	130
3 81.5 0.27022704918 0.126077877046	122
4.5 81.5 0.324464473684 0.124987624672	76
6 81.5 0.233568145161 0.112610534423	248
7.5 81.5 0.290358659218 0.0994252616962	179
9 81.5 0.308743629344 0.0996132547955	259
10.5 81.5 0.341180874317 0.123916506875	183
12 81.5 0.310873584906 0.11870096907	53
13.5 81.5 0.209864285714 0.145898856468	14
15 81.5 0.366160606061 0.119191914416	33
34.5 81.5 0.1655 0.0799030662741	2
40.5 81.5 0.1822 0.126471953413	5
42 81.5 0.172914285714 0.0626792211335	7
48 81.5 -0.0084 NaN	1
67.5 81.5 -0.0152428571429 0.177037311106	7
69 81.5 0.133694444444 0.149392363267	18
70.5 81.5 0.27922 0.132655312747	5
72 81.5 0.171616666667 0.0701993565972	6
75 81.5 0.113116666667 0.176495239785	6
76.5 81.5 0.14655 0.110746312418	8
78 81.5 0.1550875 0.152448552524	16
79.5 81.5 0.166568 0.146610637177	25
81 81.5 0.132537096774 0.111234185443	62
82.5 81.5 0.108408860759 0.13864263801	79
84 81.5 0.118862244898 0.147027907804	98
85.5 81.5 0.175170731707 0.138984486983	41
87 81.5 0.14179 0.149529242402	10
88.5 81.5 0.191715789474 0.113902557103	19
90 81.5 0.0499266666667 0.124593346914	15
93 81.5 0.070796 0.166547727093	25
94.5 81.5 0.15598 0.0984988468132	35
96 81.5 0.3011 0.0632948655106	3
97.5 81.5 0.32004 0.144775802536	5
99 81.5 0.105128571429 0.183125364554	21
100.5 81.5 0.14628490566 0.119707895113	53
102 81.5 0.11619 0.110846085324	20
103.5 81.5 0.15825 0.167273534258	20
105 81.5 0.156360810811 0.100027741108	74
106.5 81.5 0.0881010204082 0.128720634521	98
108 81.5 0.122624571429 0.100199392143	175
109.5 81.5 0.103826086957 0.132836386904	92
111 81.5 0.150349484536 0.108957099856	97
112.5 81.5 0.165713235294 0.124663377074	68
114 81.5 0.125181481481 0.125496337786	27
115.5 81.5 0.0349083333333 0.114909675661	12
117 81.5 0.15216 0.0820543884668	10
118.5 81.5 0.1395125 0.122719104055	16
120 81.5 0.22604 0.102505355958	5
121.5 81.5 0.196285714286 0.0690313317408	7
123 81.5 0.164648387097 0.122641504315	31
124.5 81.5 0.098604 0.12173968293	25
126 81.5 0.0977588235294 0.100296766267	17
127.5 81.5 0.22666 0.092313395561	5
129 81.5 0.228958333333 0.0918730691407	12
130.5 81.5 0.2279 0.0375218936089	9
132 81.5 0.198303125 0.0796491641184	32
133.5 81.5 0.206082352941 0.0687602286509	17
135 81.5 0.214384615385 0.072517961524	13
136.5 81.5 0.201716666667 0.108983642086	12
138 81.5 0.189822222222 0.0755126111616	9
139.5 81.5 0.152633333333 0.0927239042763	12
141 81.5 0.194954545455 0.102641262304	11
142.5 81.5 0.2889 0.0124450793489	2
163.5 81.5 0.2284 NaN	1
165 81.5 0.23735 0.0984999746193	2
166.5 81.5 0.2013 0.0885362496382	9
168 81.5 -0.040375 0.188890962815	4
169.5 81.5 0.196075 0.0954365539682	4
171 81.5 0.2440125 0.0850289940046	8
172.5 81.5 0.188 0.077307774512	26
174 81.5 0.3001125 0.0982745053046	8
175.5 81.5 0.240475510204 0.109116364742	49
177 81.5 0.213465 0.077531771982	40
178.5 81.5 0.235210526316 0.0995119136952	38
-180 81 0.233296153846 0.075017995072	26
-178.5 81 0.194244 0.100620988864	25
-177 81 0.242348571429 0.085531034517	35
-175.5 81 0.238829411765 0.11576747994	34
-174 81 0.185961904762 0.119418399433	42
-172.5 81 0.2409125 0.0993154021974	56
-171 81 0.213938 0.0742132968173	50
-169.5 81 0.196354054054 0.115418695757	37
-168 81 0.176110714286 0.112290200553	28
-166.5 81 0.225618181818 0.136940654242	33
-165 81 0.213966153846 0.122217764509	65
-163.5 81 0.201735 0.0852458381451	20
-162 81 0.216855555556 0.0816149653195	27
-160.5 81 0.19606 0.0794332030299	40
-159 81 0.186584210526 0.119533158564	57
-157.5 81 0.24282 0.0838750572624	40
-156 81 0.229975 0.116347718684	36
-154.5 81 0.21789068323 0.0898909191752	161
-153 81 0.25726097561 0.0895812901643	164
-151.5 81 0.238611494253 0.0854391819942	87
-150 81 0.231158823529 0.0807743239744	68
-148.5 81 0.218185496183 0.0992674693962	131
-147 81 0.235318333333 0.101184391996	60
-145.5 81 0.273252380952 0.08261776818	21
-144 81 0.27975 0.0948230193571	2
-142.5 81 0.255248148148 0.0792542276008	27
-141 81 0.202533333333 0.114185549097	54
-139.5 81 0.143085915493 0.128994225004	71
-138 81 0.201538888889 0.127681350331	18
-136.5 81 0.208476666667 0.117821587856	60
-135 81 0.181001298701 0.11015136893	77
-133.5 81 0.209077777778 0.0977829583539	9
-132 81 0.20975308642 0.145074708415	81
-130.5 81 0.196303571429 0.125668109738	56
-129 81 0.182093518519 0.116845615271	108
-127.5 81 0.185060759494 0.112965596947	158
-126 81 0.181694047619 0.123664723332	168
-124.5 81 0.193109146341 0.112214383894	164
-123 81 0.187259728507 0.125689622259	221
-121.5 81 0.190817180617 0.110182889052	227
-120 81 0.225693571429 0.0997098491058	280
-118.5 81 0.188085714286 0.106728899524	273
-117 81 0.182004850746 0.100254977623	268
-115.5 81 0.17184469697 0.104460752769	264
-114 81 0.159420253165 0.110829780403	158
-112.5 81 0.128796 0.103155011081	325
-111 81 0.160587698413 0.10710919535	252
-109.5 81 0.185313135593 0.104273569595	236
-108 81 0.18929488189 0.107325206793	254
-106.5 81 0.183455147059 0.129397274469	136
-105 81 0.140106358382 0.120802085473	173
-103.5 81 0.189458737864 0.134922687153	206
-102 81 0.210674666667 0.12464261511	150
-100.5 81 0.259134188034 0.138474875203	117
-99 81 0.271409090909 0.12190604955	187
-97.5 81 0.305451315789 0.118420270217	76
-10.5 81 0.0220444444444 0.131597417381	18
-9 81 0.239684615385 0.152520907175	39
-7.5 81 0.057075 0.285985015633	4
-6 81 0.209311111111 0.148415509293	18
-4.5 81 0.237952525253 0.124723776716	99
-3 81 0.2001725 0.121673480854	80
-1.5 81 0.2371171875 0.142339258887	64
0 81 0.202128037383 0.11128696019	107
1.5 81 0.274972093023 0.13416782261	86
3 81 0.312586206897 0.117173438982	29
4.5 81 0.34958 0.086979765342	20
6 81 0.288418085106 0.109856642619	94
7.5 81 0.318114285714 0.122913491121	84
9 81 0.289225 0.11172587723	36
10.5 81 0.259025 0.215557855729	4
12 81 0.1259 NaN	1
33 81 0.22395 0.111652160749	2
34.5 81 0.186085714286 0.102950156687	7
36 81 0.1017 0.155148079803	4
39 81 0.07355 0.045984526383	4
42 81 0.148263636364 0.12389254435	11
69 81 0.08745 0.301015356751	2
70.5 81 0.2639 NaN	1
72 81 0.13346 0.0714320516295	5
73.5 81 0.26822 0.188251260288	5
75 81 0.169633333333 0.0736756631007	3
82.5 81 0.121055 0.194869914707	20
84 81 0.130133333333 0.151435977071	12
85.5 81 0.178486363636 0.118951435851	22
87 81 0.0811571428571 0.108201738389	7
88.5 81 0.0712 0.157332819208	6
90 81 0.13264 0.113119103407	10
91.5 81 0.208688888889 0.0368059249457	9
100.5 81 0.107533333333 0.196587291892	3
102 81 0.0469833333333 0.159586383087	6
103.5 81 0.146545454545 0.122791444031	11
105 81 0.18615 0.103641958936	24
106.5 81 0.0851714285714 0.0870617271746	28
108 81 0.143517808219 0.0913133788154	73
109.5 81 0.122336764706 0.106729966003	68
111 81 0.186060526316 0.113808334705	38
112.5 81 0.205517142857 0.126762537344	35
114 81 0.0420275862069 0.136679314185	29
115.5 81 0.142717647059 0.100397598548	17
117 81 0.0799692307692 0.128298352708	13
118.5 81 0.101175 0.169547782983	8
120 81 0.254871428571 0.108700700922	7
121.5 81 0.0675 0.142638724455	8
123 81 0.176744444444 0.0540952426538	9
124.5 81 0.0909 0.198168892614	3
126 81 0.198942105263 0.0998477302685	19
127.5 81 0.2201 NaN	1
129 81 0.13987 0.0983048438956	10
130.5 81 0.1096 0.0987121066536	2
132 81 0.0860333333333 0.220022188275	3
133.5 81 0.245475 0.190134656231	12
135 81 0.09076 0.121650500067	25
136.5 81 0.219375 0.0747097392017	20
138 81 0.19729 0.0735521934268	20
139.5 81 0.181395454545 0.0950136956407	22
141 81 0.255133333333 0.0837907711704	3
171 81 0.21272 0.0777514758702	5
172.5 81 0.204655555556 0.0721253788744	9
174 81 0.206752380952 0.0792780967169	21
175.5 81 0.230522857143 0.0986653288103	35
177 81 0.220162162162 0.100823909618	37
178.5 81 0.29681875 0.0767128169973	16
-180 80.5 0.231325 0.0856381262445	16
-178.5 80.5 0.27804 0.0720679054781	5
-177 80.5 0.244381818182 0.106926230184	22
-175.5 80.5 0.267603846154 0.0646903917488	26
-174 80.5 0.203745762712 0.121446524804	59
-172.5 80.5 0.214514285714 0.126087200897	42
-171 80.5 0.227471428571 0.0888902403193	70
-169.5 80.5 0.230524657534 0.0819003082697	73
-168 80.5 0.197467836257 0.0955226660229	171
-166.5 80.5 0.198630769231 0.0973748934837	169
-165 80.5 0.207356521739 0.121313501405	46
-163.5 80.5 0.231722222222 0.0861235060866	18
-162 80.5 0.201012903226 0.0792743663569	31
-160.5 80.5 0.258718181818 0.0744933019448	22
-159 80.5 0.2571 0.0831837466954	15
-157.5 80.5 0.206293333333 0.116374905262	30
-156 80.5 0.216451351351 0.116707948938	37
-154.5 80.5 0.294971875 0.0924353382864	32
-153 80.5 0.224913043478 0.0911032203112	92
-151.5 80.5 0.243442105263 0.0767019308982	76
-150 80.5 0.270828333333 0.0648135869091	60
-148.5 80.5 0.243281927711 0.111380156687	83
-147 80.5 0.214093220339 0.0917997649768	59
-145.5 80.5 0.194558823529 0.101646883	17
-144 80.5 0.32492 0.0715565999751	5
-142.5 80.5 0.240806666667 0.0780568425359	15
-141 80.5 0.27172 0.0797752370378	10
-139.5 80.5 0.227292307692 0.151832179624	13
-138 80.5 0.3878 0.140472879945	3
-136.5 80.5 0.162755072464 0.111887951483	69
-135 80.5 0.102854285714 0.144116441132	70
-133.5 80.5 0.148536538462 0.135790846495	104
-132 80.5 0.1738 0.120824654267	90
-130.5 80.5 0.190367676768 0.101501046369	99
-129 80.5 0.185124561404 0.104881673601	57
-127.5 80.5 0.140730927835 0.117996084293	97
-126 80.5 0.20803908046 0.117517593296	87
-124.5 80.5 0.235420155039 0.136898950747	129
-123 80.5 0.199674747475 0.153266558078	99
-121.5 80.5 0.245346411483 0.121724961882	209
-120 80.5 0.193306145251 0.115525406108	179
-118.5 80.5 0.16604537037 0.12730987612	108
-117 80.5 0.138695744681 0.143277910201	94
-115.5 80.5 0.138037333333 0.1084963789	150
-114 80.5 0.188511811024 0.118363497573	127
-112.5 80.5 0.157069032258 0.122588023804	155
-111 80.5 0.206854878049 0.111914493542	82
-109.5 80.5 0.13536 0.136747191285	75
-108 80.5 0.183546268657 0.116590033873	201
-106.5 80.5 0.223101910828 0.146135366852	157
-105 80.5 0.203002654867 0.133904614545	113
-103.5 80.5 0.186993023256 0.134621491173	215
-102 80.5 0.19144048583 0.127294116175	247
-100.5 80.5 0.260919463087 0.124551444206	149
-99 80.5 0.320465540541 0.111441529596	148
-97.5 80.5 0.325875 0.0816287275821	4
-15 80.5 0.0267 NaN	1
-13.5 80.5 0.196536363636 0.149302660879	11
-12 80.5 0.078575 0.0403172729733	4
-10.5 80.5 0.111475 0.137298235367	24
-9 80.5 0.193446153846 0.155050779937	13
-7.5 80.5 0.24824 0.0653949004128	5
-6 80.5 0.217595238095 0.123264197869	21
-4.5 80.5 0.194371428571 0.148543876154	21
-3 80.5 0.302915 0.0932148791567	80
-1.5 80.5 0.0378 0.156412019998	2
0 80.5 0.148 0.140562406069	3
1.5 80.5 0.196833333333 0.168864872013	9
4.5 80.5 0.3585 NaN	1
6 80.5 0.1265 NaN	1
36 80.5 0.1526 NaN	1
39 80.5 0.05522 0.067540042444	10
40.5 80.5 0.32039 0.10052928208	10
43.5 80.5 0.138426315789 0.10703267851	19
45 80.5 0.242766666667 0.0908171276063	6
63 80.5 0.1703125 0.0776571850691	8
64.5 80.5 0.177433333333 0.154983731307	12
66 80.5 0.13055 0.141486122994	6
67.5 80.5 0.10756 0.0879626795863	5
69 80.5 0.168581818182 0.0926255992497	11
72 80.5 0.00646 0.181594239997	5
73.5 80.5 0.0508 NaN	1
75 80.5 0.0943625 0.0861992200412	8
78 80.5 0.1551 0.154573542367	2
79.5 80.5 0.1215 NaN	1
82.5 80.5 0.18684 0.124902256896	10
84 80.5 -0.0655 NaN	1
85.5 80.5 0.15825 0.126625454665	14
87 80.5 0.28306 0.0454685574247	15
88.5 80.5 0.2121 0.126105590677	4
90 80.5 0.257365625 0.122979438491	64
91.5 80.5 0.252467857143 0.117549831998	28
100.5 80.5 0.19795 0.0409414826307	2
103.5 80.5 0.158573684211 0.0813677580297	19
105 80.5 0.202253333333 0.0726884041319	15
106.5 80.5 0.1153 0.0429920922961	2
108 80.5 0.0913125 0.0771193034479	8
109.5 80.5 0.158234883721 0.0944744810183	43
111 80.5 0.180304347826 0.111668232148	23
112.5 80.5 0.157946153846 0.198403589582	13
114 80.5 0.09306 0.136794345643	5
115.5 80.5 0.0476 0.160129962843	5
117 80.5 0.2497 NaN	1
118.5 80.5 0.2183 0.175786745803	2
120 80.5 0.128733333333 0.0946359515899	3
121.5 80.5 0.2399 NaN	1
123 80.5 0.157 NaN	1
124.5 80.5 0.09465 0.199404585131	8
126 80.5 0.224471428571 0.0324939334997	7
127.5 80.5 0.130014285714 0.124329085208	7
129 80.5 0.196224 0.121107394765	25
130.5 80.5 0.209365 0.0728666285252	20
132 80.5 0.1854 NaN	1
133.5 80.5 0.138164705882 0.0926167637443	17
135 80.5 0.12427 0.105023381357	20
136.5 80.5 0.2272375 0.0907453097962	8
138 80.5 0.0841 0.0933380951166	2
139.5 80.5 0.2456 NaN	1
141 80.5 0.0394 0.118617311834	7
142.5 80.5 0.2551 NaN	1
148.5 80.5 0.2353 0.0882469262921	2
165 80.5 0.16065 0.045891230099	2
171 80.5 0.27405 0.0601294437027	4
172.5 80.5 0.24155 0.136118055378	2
174 80.5 0.244857142857 0.063479678038	7
175.5 80.5 0.294269230769 0.0888525406185	13
177 80.5 0.2219075 0.0876311921621	40
178.5 80.5 0.232713186813 0.0890556233283	91
-180 80 0.176085714286 0.0344271902509	7
-178.5 80 0.2883 0.0427092495837	2
-177 80 0.1522375 0.117318426373	16
-175.5 80 0.26621 0.101402623788	10
-174 80 0.155061290323 0.13035095621	31
-172.5 80 0.131974418605 0.115929913336	43
-171 80 0.12535625 0.116147630016	16
-169.5 80 0.239344117647 0.0811636993014	68
-168 80 0.197632432432 0.108598322483	74
-166.5 80 0.218344444444 0.0947207401617	99
-165 80 0.243282653061 0.0768351267734	98
-163.5 80 0.229186842105 0.0707551502806	76
-162 80 0.217383018868 0.0837156743339	53
-160.5 80 0.20184516129 0.0545516748213	31
-159 80 0.264466666667 0.0813068145683	15
-157.5 80 0.1882 0.0902526121506	11
-156 80 0.242266666667 0.116581778343	33
-154.5 80 0.293765853659 0.0611876605606	41
-153 80 0.232658441558 0.0746636534393	77
-151.5 80 0.234709230769 0.0772961992174	65
-150 80 0.212826315789 0.0864051289901	38
-148.5 80 0.211092682927 0.0822675129995	41
-147 80 0.17073 0.134078087115	10
-145.5 80 0.250525 0.0627105344927	12
-144 80 0.2116875 0.0587562625841	8
-142.5 80 0.220266666667 0.14059754858	6
-141 80 0.2410625 0.0909511661254	24
-138 80 0.22151 0.0658691708363	10
-136.5 80 0.203125 0.111231271043	20
-135 80 0.0695 0.139459520212	10
-133.5 80 0.222955555556 0.0692571357311	18
-132 80 0.216510869565 0.125479238173	46
-130.5 80 0.185330769231 0.114795510109	104
-129 80 0.185621935484 0.139860154306	155
-127.5 80 0.1662225 0.140194484837	160
-126 80 0.189575 0.12384894048	44
-124.5 80 0.204992156863 0.129430262061	51
-123 80 0.179837864078 0.132435119236	103
-121.5 80 0.169303448276 0.114268731107	203
-120 80 0.154112051282 0.110267560474	390
-118.5 80 0.154931355932 0.105135549952	236
-117 80 0.14479009901 0.117930828459	101
-115.5 80 0.17643 0.104883259306	110
-114 80 0.148097087379 0.0905489353737	103
-112.5 80 0.172866371681 0.121016769507	113
-111 80 0.168364615385 0.123949446347	130
-109.5 80 0.103489873418 0.0958712178339	79
-108 80 0.12255 0.103961309924	78
-106.5 80 0.20287761194 0.118388611804	134
-105 80 0.299791860465 0.150985923158	86
-103.5 80 0.284553146853 0.124106166389	143
-102 80 0.249578873239 0.128435980623	71
-69 80 0.118028571429 0.125836318476	7
-15 80 0.184859459459 0.172021993845	37
-13.5 80 0.333307407407 0.238422480996	81
-12 80 0.275996666667 0.183722961385	30
-10.5 80 0.22645 0.252649252918	2
-9 80 0.355683333333 0.0887536684688	6
-7.5 80 0.271635 0.142332480574	20
-6 80 0.252230769231 0.156334254002	13
-4.5 80 0.17615 0.132476434562	8
-3 80 0.131266666667 0.100084477651	6
-1.5 80 0.3644 0.0568743351609	3
28.5 80 0.0776 NaN	1
33 80 0.1869 NaN	1
37.5 80 0.06685 0.118099085047	10
39 80 0.137383333333 0.084249691818	36
40.5 80 0.07553 0.107261487859	10
54 80 0.1172875 0.0953743666895	8
63 80 0.19425 0.0235466558135	2
64.5 80 0.111066666667 0.193508883204	12
66 80 0.130023076923 0.104603291486	13
67.5 80 0.061 NaN	1
69 80 0.06882 0.151889972643	20
70.5 80 0.001 0.00565685424949	2
79.5 80 0.249725 0.152673101211	4
81 80 0.195318181818 0.113433635384	11
82.5 80 0.09554 0.0726493496186	5
84 80 0.2273 0.15091129845	4
85.5 80 0.15099 0.153747129712	20
87 80 0.135086666667 0.118454058411	30
88.5 80 0.11375 0.107089633323	24
90 80 0.105357142857 0.16277442019	14
105 80 0.1802 0.295820148063	3
106.5 80 0.17875 0.125381557655	6
108 80 0.043 0.0759778257125	3
109.5 80 0.1592 0.0497659187262	4
111 80 0.111983333333 0.120199524403	6
112.5 80 0.199988235294 0.103572323055	17
114 80 0.1761 0.129824805026	2
115.5 80 0.0647 NaN	1
118.5 80 0.25205 0.0311834090503	2
120 80 0.1985 NaN	1
121.5 80 0.215766666667 0.0499113547535	3
126 80 0.21415 0.0303348809129	2
129 80 0.217971428571 0.0423775771797	7
130.5 80 0.191288235294 0.0709212933677	17
132 80 0.229377777778 0.0587833475097	9
133.5 80 0.202314285714 0.0805615174586	7
135 80 0.1259 0.144688581838	8
136.5 80 0.1673 NaN	1
138 80 0.1843 0.0498511116559	4
139.5 80 0.1715 NaN	1
141 80 0.122566666667 0.149946715536	9
142.5 80 0.20038 0.0717896123715	10
144 80 0.1973 0.108794032642	14
145.5 80 0.27425 0.0829584032312	4
160.5 80 0.1726 NaN	1
172.5 80 0.166 0.0503460028205	2
174 80 0.255853333333 0.0953639035235	15
175.5 80 0.250587878788 0.0991315500912	33
177 80 0.20855 0.148421713371	2
178.5 80 0.2373125 0.103637928731	24
-178.5 79.5 0.233861538462 0.0856905920396	13
-175.5 79.5 0.15575 0.0470096089468	4
-174 79.5 0.23243 0.0548442248555	10
-172.5 79.5 0.208857142857 0.0904860739746	49
-171 79.5 0.207946938776 0.0761040737577	49
-169.5 79.5 0.217151219512 0.0867243557911	82
-168 79.5 0.229856818182 0.102716196213	88
-166.5 79.5 0.219863461538 0.0978949737916	52
-165 79.5 0.218054545455 0.0795717068488	88
-163.5 79.5 0.253010588235 0.0683003172682	85
-162 79.5 0.228274712644 0.0725058589748	87
-160.5 79.5 0.219812727273 0.0709677679956	55
-159 79.5 0.145792307692 0.0613692575255	13
-157.5 79.5 0.286344444444 0.0993226129233	18
-156 79.5 0.21855 0.0869216313699	28
-154.5 79.5 0.2792975 0.0763141163387	40
-153 79.5 0.242375 0.0928752410212	20
-151.5 79.5 0.21855 0.0917564768974	20
-150 79.5 0.245 0.0904471392582	5
-148.5 79.5 0.164718181818 0.128596732671	22
-147 79.5 0.177281818182 0.0783251381916	22
-145.5 79.5 0.116166666667 0.0387868362549	6
-144 79.5 0.269985714286 0.0482082782854	7
-141 79.5 0.1238125 0.19527820036	8
-139.5 79.5 0.0930333333333 0.0706926715404	15
-138 79.5 0.105596296296 0.138423449266	54
-136.5 79.5 0.128225 0.102295366686	12
-135 79.5 0.274291666667 0.0825598792283	60
-133.5 79.5 0.207566153846 0.134042870098	65
-132 79.5 0.120540740741 0.114527515881	54
-130.5 79.5 0.127915584416 0.107772925348	77
-129 79.5 0.158928571429 0.109263075114	49
-127.5 79.5 0.137903076923 0.125356919146	65
-126 79.5 0.167604444444 0.121296737927	90
-124.5 79.5 0.190135779817 0.113270847581	109
-123 79.5 0.12512109375 0.107125925351	128
-121.5 79.5 0.148365753425 0.122119388554	73
-120 79.5 0.175093162393 0.116920612417	117
-118.5 79.5 0.1821 0.09302689969	183
-117 79.5 0.175723021583 0.100307109084	139
-115.5 79.5 0.150168 0.108049115624	125
-114 79.5 0.136905 0.107239029213	120
-112.5 79.5 0.160074242424 0.11964712258	66
-111 79.5 0.2349368 0.101242847247	125
-109.5 79.5 0.162700862069 0.121209758895	116
-108 79.5 0.185371830986 0.160234406135	71
-106.5 79.5 0.216006666667 0.106686818283	30
-105 79.5 0.3041 0.105287307606	8
-103.5 79.5 0.27715 0.102718401467	4
-102 79.5 0.240666666667 0.0855546803707	3
-70.5 79.5 0.203953846154 0.225821591141	13
-13.5 79.5 0.3435 NaN	1
-12 79.5 0.200614285714 0.189826863471	7
-10.5 79.5 0.11716 0.112392073663	10
-9 79.5 0.0124 NaN	1
-7.5 79.5 0.21394 0.160661336011	10
-6 79.5 0.252439285714 0.0913461034839	28
-4.5 79.5 0.174615 0.114108638333	20
-3 79.5 0.125816666667 0.166970421532	6
-1.5 79.5 0.1915 NaN	1
30 79.5 0.1688 0.155366620182	4
31.5 79.5 0.0715833333333 0.0730549222617	6
33 79.5 0.0740571428571 0.132760685297	14
34.5 79.5 0.0840555555556 0.096343455605	18
39 79.5 0.1998 NaN	1
40.5 79.5 0.1618375 0.0698483651	8
42 79.5 0.129696875 0.0931112739939	32
43.5 79.5 0.133 NaN	1
49.5 79.5 0.23955 0.0811051478021	2
52.5 79.5 0.0596 NaN	1
54 79.5 0.0941 0.0497102605103	3
61.5 79.5 -0.0937 NaN	1
63 79.5 0.0503 NaN	1
64.5 79.5 0.0600615384615 0.0736098899431	13
69 79.5 -0.0356444444444 0.107477766435	9
82.5 79.5 0.176585714286 0.069702951362	7
84 79.5 0.1247875 0.144836171632	32
85.5 79.5 0.146069444444 0.154962033727	36
87 79.5 0.242425 0.0682170365741	20
88.5 79.5 0.277675 0.108398608889	12
90 79.5 0.197608333333 0.128373952741	12
103.5 79.5 0.17308 0.16967055431	5
105 79.5 0.224133333333 0.0293012513953	3
106.5 79.5 0.0409 NaN	1
111 79.5 -0.0519 NaN	1
114 79.5 0.192075 0.172807407906	12
115.5 79.5 0.0620333333333 0.0819997256093	9
117 79.5 0.0886555555556 0.0933940189615	9
120 79.5 0.0964 NaN	1
129 79.5 0.203911111111 0.125194488175	18
130.5 79.5 0.186028571429 0.0944494699877	7
132 79.5 0.0166 NaN	1
136.5 79.5 0.1405 NaN	1
138 79.5 0.2262 0.0533158513015	2
139.5 79.5 0.104833333333 0.0550795303781	6
141 79.5 0.170066666667 0.0911946453106	3
142.5 79.5 0.194155555556 0.0789024256774	9
144 79.5 0.2357125 0.090375888193	16
145.5 79.5 0.24876 0.0487248704462	5
148.5 79.5 0.20775 0.0383958982184	2
150 79.5 0.24435 0.0163341666454	2
172.5 79.5 0.117866666667 0.0924558453173	3
174 79.5 0.172075 0.114906144931	8
175.5 79.5 0.24496 0.0938744001312	5
177 79.5 0.277016666667 0.0355990121586	6
178.5 79.5 0.136233333333 0.0622000267953	3
-180 79 0.17794 0.0605987871166	5
-178.5 79 0.171016666667 0.142381158313	12
-177 79 0.212553846154 0.0856528907411	13
-175.5 79 0.237766666667 0.0789624110127	18
-174 79 0.185276666667 0.0775977989527	30
-172.5 79 0.193663636364 0.0923672521046	33
-171 79 0.205466666667 0.0672152808797	42
-169.5 79 0.258762121212 0.0644060717758	66
-168 79 0.236996551724 0.0699662953692	29
-166.5 79 0.230470967742 0.0777378380351	31
-165 79 0.238032142857 0.071481489294	56
-163.5 79 0.228844444444 0.0452117269789	27
-162 79 0.196131428571 0.0842369699946	70
-160.5 79 0.236588 0.1032119838	25
-159 79 0.173386666667 0.122937805801	15
-157.5 79 0.18873 0.146918148414	10
-156 79 0.249409090909 0.0785962958877	33
-154.5 79 0.20254 0.100127021397	30
-153 79 0.16790625 0.0768363062512	16
-151.5 79 0.1786 0.111027063768	10
-148.5 79 0.233422857143 0.114934656847	35
-147 79 0.24487755102 0.0769818979406	49
-145.5 79 0.18028 0.118345113263	25
-144 79 0.216253333333 0.13589644622	15
-142.5 79 0.0974533333333 0.0878166423104	15
-141 79 0.0627 0.108894444303	2
-139.5 79 0.183915384615 0.144853338738	13
-138 79 0.0633833333333 0.0948896089084	12
-136.5 79 0.123085416667 0.121439569053	48
-135 79 0.176752941176 0.0986269219898	51
-133.5 79 0.219276 0.0927978146294	25
-132 79 0.197933333333 0.0857109950162	6
-129 79 0.00225 0.0843016666502	6
-127.5 79 0.131583928571 0.121784333635	56
-126 79 0.171588372093 0.158439315722	43
-124.5 79 0.101268 0.103383598417	75
-123 79 0.132006034483 0.111589836914	116
-121.5 79 0.187909278351 0.100525557574	97
-120 79 0.176676086957 0.110927742617	46
-118.5 79 0.160175510204 0.0990806584948	49
-117 79 0.143246666667 0.153199952132	30
-115.5 79 0.204122222222 0.10336987929	9
-114 79 0.209984 0.117997462195	150
-112.5 79 0.210720833333 0.117145497515	72
-111 79 0.196530434783 0.113641631435	23
-109.5 79 0.0316048780488 0.0932751546534	41
-108 79 0.0383666666667 0.100452708608	6
-72 79 0.2674 0.242437249613	4
-13.5 79 0.960351724138 0.150296990799	29
-12 79 0.1267 0.0896611398545	2
-10.5 79 0.148316666667 0.106790981205	6
-9 79 0.19744 0.155401966342	15
-7.5 79 0.161375 0.139600785653	32
-6 79 0.329468571429 0.0990736647249	35
-4.5 79 0.2215625 0.135321816819	8
31.5 79 0.1826125 0.0849653280126	8
34.5 79 -0.0117 0.019091883092	2
36 79 0.201 0.152169379311	2
37.5 79 -0.0513 0.115965512115	2
39 79 0.178766666667 0.0393083112501	3
40.5 79 0.20395 0.0764620353976	8
42 79 -0.05525 0.0705185791122	4
43.5 79 0.0484 0.0910061170105	4
45 79 0.0201 0.0127279220614	2
54 79 0.07241 0.0683389989521	10
55.5 79 0.134933333333 0.214998844958	3
57 79 0.159833333333 0.101079464261	15
60 79 0.1448 0.0534072716647	7
61.5 79 0.081225 0.0765638894432	4
63 79 0.088525 0.127511312332	12
64.5 79 0.135208333333 0.0696744437083	12
66 79 0.2269 NaN	1
67.5 79 0.0987909090909 0.114341518746	11
69 79 0.172166666667 0.029522251495	3
78 79 0.283966666667 0.0215940578246	3
79.5 79 0.107575 0.112021943535	4
82.5 79 0.240765 0.079051277662	20
84 79 0.0368681818182 0.0616508632494	22
85.5 79 0.0513 0.116809874012	7
87 79 0.16498 0.0929866226938	5
88.5 79 0.218076190476 0.144231501083	21
90 79 0.265866666667 0.048898639753	12
91.5 79 0.143882608696 0.107599271931	23
93 79 0.201837373737 0.108764556226	99
94.5 79 0.154390625 0.0985523452181	32
109.5 79 0.1149 NaN	1
111 79 0.373066666667 0.0743623784809	3
112.5 79 0.09385 0.0122329473145	2
114 79 0.166055555556 0.104600113205	36
115.5 79 0.14914137931 0.0953029324884	29
117 79 0.10265 0.117426561189	12
118.5 79 0.1081125 0.108413407678	8
120 79 0.2173 0.00494974746831	2
121.5 79 0.101266666667 0.147956313372	6
123 79 0.22615 0.153654303552	2
129 79 0.097 0.118412647129	5
130.5 79 0.2173 0.0964493649538	2
136.5 79 0.224244444444 0.0472072587403	9
139.5 79 0.1593 NaN	1
142.5 79 0.256175 0.0259060321161	4
144 79 0.24225 0.0416485894119	2
147 79 0.1626 NaN	1
150 79 0.2252125 0.0683670229089	8
172.5 79 0.2971 NaN	1
174 79 0.0932333333333 0.0989625349985	3
175.5 79 0.3198 NaN	1
177 79 0.31435 0.0778524566086	2
-180 78.5 0.161633333333 0.0900504580777	9
-178.5 78.5 0.212882352941 0.0913111523535	17
-177 78.5 0.136371428571 0.0837159889937	14
-175.5 78.5 0.228271428571 0.0774548839494	7
-174 78.5 0.203644444444 0.0786005030834	18
-172.5 78.5 0.215094117647 0.0716499019483	34
-171 78.5 0.259774285714 0.06519664076	35
-169.5 78.5 0.184488571429 0.0669467381423	35
-168 78.5 0.218052083333 0.0770326042869	48
-165 78.5 0.179331578947 0.0812821416019	38
-163.5 78.5 0.241267741935 0.0639262616202	31
-162 78.5 0.23015 0.0906341918223	56
-160.5 78.5 0.192005263158 0.0848410571054	19
-159 78.5 0.174352941176 0.0767969898307	17
-157.5 78.5 0.23213 0.0909946036251	10
-156 78.5 0.26415 0.0586029293921	4
-154.5 78.5 0.2089 0.179351080287	3
-153 78.5 0.185123076923 0.119805892689	13
-151.5 78.5 0.18406 0.11148361699	15
-150 78.5 0.256377777778 0.0759067648135	9
-148.5 78.5 0.293766666667 0.0607558282527	6
-147 78.5 0.233538461538 0.121033022618	13
-145.5 78.5 0.181409090909 0.0890420176607	11
-144 78.5 0.233884615385 0.0587670095398	13
-142.5 78.5 0.1344 0.133596564327	11
-141 78.5 0.182925 0.146278788889	20
-139.5 78.5 0.28735 0.107565755083	10
-138 78.5 0.17060625 0.143753916903	16
-136.5 78.5 0.0753363636364 0.12124774862	11
-135 78.5 0.0815 0.186848377033	11
-133.5 78.5 0.145853846154 0.0889339794022	13
-132 78.5 0.19836 0.0853519168753	15
-130.5 78.5 0.132363157895 0.148016479033	38
-129 78.5 0.185125 0.125679510396	16
-127.5 78.5 0.0896142857143 0.0839004291442	28
-126 78.5 0.124413043478 0.107600449418	46
-124.5 78.5 0.229407692308 0.15591529464	13
-123 78.5 0.130489189189 0.122314633101	74
-121.5 78.5 0.149032786885 0.136548043708	61
-120 78.5 0.128543209877 0.129048797881	81
-118.5 78.5 0.175269047619 0.0895246838508	42
-117 78.5 0.273675925926 0.134272464387	54
-115.5 78.5 0.137323529412 0.178299227177	17
-114 78.5 0.264826666667 0.139400960576	15
-15 78.5 0.895523913043 0.243632073408	46
-13.5 78.5 1.05494117647 0.211312488203	51
-12 78.5 0.239129268293 0.14241430624	41
-10.5 78.5 0.141066666667 0.149279109389	9
-9 78.5 0.151774074074 0.137226753931	27
-7.5 78.5 0.094 0.140762024353	9
-6 78.5 0.208336842105 0.156184933868	19
25.5 78.5 0.221975 0.091315620241	4
28.5 78.5 0.109666666667 0.0436697072733	3
30 78.5 0.1383 NaN	1
31.5 78.5 0.38795 0.0334461507501	2
37.5 78.5 0.1625 0.0275771644663	2
40.5 78.5 0.191033333333 0.192513514677	3
43.5 78.5 0.088725 0.181686641868	4
46.5 78.5 0.2755 NaN	1
51 78.5 0.1867 NaN	1
52.5 78.5 0.0154 NaN	1
57 78.5 0.3928 0.0411536146651	2
61.5 78.5 0.24785 0.153795724908	2
63 78.5 0.194433333333 0.0980780471529	3
64.5 78.5 0.0486 NaN	1
66 78.5 0.0049 NaN	1
78 78.5 0.3177 0.00565685424949	2
79.5 78.5 0.3061 NaN	1
81 78.5 0.25825 0.0780946495332	8
82.5 78.5 0.13204 0.0472609564017	5
84 78.5 0.204285714286 0.100299392297	7
85.5 78.5 0.134742857143 0.122477899529	28
87 78.5 0.139914814815 0.127549742043	27
88.5 78.5 0.20785 0.0839442714799	22
90 78.5 0.12216 0.119931153057	20
91.5 78.5 0.199184615385 0.120972263572	26
93 78.5 0.204373076923 0.0793957759969	26
94.5 78.5 0.266215384615 0.0670920483653	26
96 78.5 0.22475390625 0.0980388464727	128
97.5 78.5 0.116225333333 0.1037812774	75
109.5 78.5 0.1046 0.0841457069612	2
112.5 78.5 0.1062875 0.154671453064	8
114 78.5 0.13436 0.116825021653	20
115.5 78.5 0.192733333333 0.142378173336	12
118.5 78.5 0.088 NaN	1
120 78.5 0.0299 NaN	1
121.5 78.5 0.147707692308 0.147361677863	13
123 78.5 0.200066666667 0.0366782405976	3
130.5 78.5 0.2652 NaN	1
132 78.5 0.2185 NaN	1
138 78.5 0.16055 0.0730441304966	2
147 78.5 0.27735 0.0398101117808	2
154.5 78.5 0.2762 NaN	1
166.5 78.5 0.11 0.0130107647738	2
172.5 78.5 0.27415 0.00148492424049	2
174 78.5 0.22365 0.010111626971	2
177 78.5 0.207857142857 0.0803979497852	14
178.5 78.5 0.154927272727 0.106767430342	11
-180 78 0.270266666667 0.0468305811765	3
-178.5 78 0.24509375 0.0846577617528	16
-177 78 0.154807142857 0.119005219435	14
-175.5 78 0.21098 0.0768938526244	15
-174 78 0.176033333333 0.167144759615	6
-172.5 78 0.3951 NaN	1
-171 78 0.210907407407 0.0807615337127	27
-169.5 78 0.2138 0.0915404555374	37
-168 78 0.175222222222 0.150887517729	18
-166.5 78 0.156219444444 0.136850266077	36
-165 78 0.247371428571 0.0827020270291	14
-163.5 78 0.2031 0.0722963807301	4
-162 78 0.173236666667 0.0782024493987	30
-160.5 78 0.0696583333333 0.143814011571	12
-159 78 0.1832 0.0857024443381	30
-157.5 78 0.20785952381 0.113012783778	42
-156 78 0.228466666667 0.0906811079185	3
-153 78 0.0406909090909 0.107606769811	11
-151.5 78 0.1319875 0.100352214546	8
-150 78 0.13722 0.0656180767777	5
-148.5 78 0.159666666667 0.227367199335	3
-147 78 0.181372727273 0.128039023746	22
-145.5 78 0.2032 0.111201178051	11
-144 78 0.159325 0.136548636024	16
-142.5 78 0.256191666667 0.138481174099	24
-141 78 0.12890952381 0.156715477553	21
-139.5 78 0.157813636364 0.133704682548	44
-138 78 0.19724 0.240747882649	5
-136.5 78 0.176038888889 0.109605641433	18
-133.5 78 0.1888125 0.0703586006013	8
-132 78 0.180613333333 0.128204166785	15
-130.5 78 0.150414285714 0.0901172463807	7
-129 78 0.192163636364 0.0576394183303	11
-127.5 78 0.18395 0.162854626721	10
-126 78 0.220113636364 0.140116306491	44
-124.5 78 0.132583333333 0.118575626656	84
-123 78 0.118872463768 0.106013747055	138
-121.5 78 0.141033333333 0.118746702711	57
-120 78 0.173188235294 0.104864141911	51
-118.5 78 0.254086 0.10948760625	50
-117 78 0.175450909091 0.105217256493	55
-16.5 78 0.241372340426 0.110858477549	47
-15 78 0.19387 0.166035478471	10
-13.5 78 0.1457 NaN	1
-12 78 0.275088888889 0.163220460149	9
-10.5 78 0.273843333333 0.0741979723938	60
-9 78 0.198465384615 0.107927679276	26
-7.5 78 0.153275 0.120083979137	12
37.5 78 -0.03645 0.200889036535	2
42 78 0.3032 NaN	1
49.5 78 0.11785 0.109106576337	2
51 78 0.23235 0.0717713382904	2
81 78 0.3255 NaN	1
84 78 0.05496 0.142381702944	10
85.5 78 0.222566666667 0.0470381051206	3
87 78 0.1704 0.114895828595	15
88.5 78 0.179726315789 0.101783926051	19
90 78 0.2362 0.0760876169593	12
91.5 78 0.182171428571 0.110980091275	14
93 78 0.301530769231 0.0363691807399	13
94.5 78 0.183493939394 0.0646232105139	33
96 78 0.232445283019 0.0998181213933	106
97.5 78 0.159553333333 0.129426201178	105
99 78 0.245554545455 0.0734524113101	11
102 78 0.23725 0.0103944696834	2
109.5 78 0.14595 0.116920386018	4
111 78 0.15842 0.0900463602818	5
115.5 78 0.13795 0.0198697005513	2
120 78 0.2194 NaN	1
121.5 78 0.151393333333 0.127017886629	15
123 78 0.11926 0.126735780267	5
124.5 78 0.1755875 0.0916653297522	8
126 78 0.175725 0.133643490302	4
129 78 0.2268 0.0729315432443	3
135 78 0.069 NaN	1
168 78 0.32985 0.0249608693759	2
169.5 78 0.2616 NaN	1
172.5 78 0.0137 0.0954322796542	3
177 78 0.27801875 0.0814227422673	16
178.5 78 0.229877777778 0.0436665426207	9
-180 77.5 0.158611111111 0.102716021687	9
-178.5 77.5 0.19685 0.0642760064099	2
-175.5 77.5 0.2462 0.0366086510723	4
-172.5 77.5 0.18099 0.0778361448457	10
-171 77.5 0.214642105263 0.108835984224	19
-169.5 77.5 0.151429824561 0.12655824741	57
-168 77.5 0.208536986301 0.0995153261603	73
-166.5 77.5 0.183280882353 0.0790583484831	68
-165 77.5 0.195108333333 0.0666809451022	48
-163.5 77.5 0.17605 0.2356090335	4
-162 77.5 0.2462 0.0755015562754	5
-160.5 77.5 0.185410526316 0.118938998813	19
-159 77.5 0.178966666667 0.0592320858995	9
-157.5 77.5 0.223425 0.0872710023842	8
-156 77.5 0.2596 0.134998493819	7
-154.5 77.5 0.104066666667 0.0557846155614	3
-153 77.5 0.148 NaN	1
-151.5 77.5 0.191785714286 0.0769739659143	7
-150 77.5 0.230166666667 0.156749045717	3
-148.5 77.5 0.173142857143 0.129472002857	7
-147 77.5 0.232671428571 0.103331033001	7
-145.5 77.5 0.05895 0.0318905158315	2
-144 77.5 0.167671428571 0.114980429295	14
-142.5 77.5 0.192745454545 0.0710907921413	11
-141 77.5 0.0918428571429 0.0688183564936	7
-139.5 77.5 0.192066666667 0.00994853423039	3
-138 77.5 0.2507 NaN	1
-136.5 77.5 0.133 0.196544261342	4
-135 77.5 0.0489214285714 0.102503104483	14
-133.5 77.5 0.1976 0.122131357855	8
-132 77.5 0.171288888889 0.125982026937	9
-130.5 77.5 0.2031375 0.127426358985	8
-129 77.5 0.125088888889 0.112530334182	9
-127.5 77.5 0.1889 0.152643651831	10
-126 77.5 0.169514285714 0.141076666866	14
-124.5 77.5 0.154042857143 0.0968020868637	28
-123 77.5 0.142634883721 0.0961633032763	43
-121.5 77.5 0.164961538462 0.0775998554387	13
-120 77.5 0.177292 0.133091468923	25
-118.5 77.5 0.363177777778 0.0970208840634	9
-16.5 77.5 0.75255 0.023829498526	2
-15 77.5 0.226325454545 0.129663674941	55
-13.5 77.5 0.385759090909 0.208120817235	44
-12 77.5 0.24379625 0.10575392795	80
-10.5 77.5 0.227727027027 0.0871389045931	37
-9 77.5 0.244288311688 0.0834793907343	77
79.5 77.5 0.26865 0.116143948042	4
84 77.5 0.109723529412 0.111592358214	17
85.5 77.5 0.126719047619 0.0933087703222	21
87 77.5 0.14921 0.085018043183	10
88.5 77.5 0.27395 0.0228202395547	4
90 77.5 0.183671428571 0.160166035874	7
91.5 77.5 0.164436363636 0.0865053787082	11
93 77.5 0.210877777778 0.0769986735163	54
94.5 77.5 0.14854011976 0.0886058260887	167
96 77.5 0.20444 0.0797998113703	20
97.5 77.5 0.25197027027 0.0933415597431	74
99 77.5 0.156395454545 0.145138903837	22
100.5 77.5 0.146893333333 0.120553127316	30
108 77.5 0.2646 NaN	1
109.5 77.5 0.257333333333 0.160440684782	3
118.5 77.5 -0.1944 NaN	1
120 77.5 0.172 0.0596798123321	2
121.5 77.5 0.19105 0.141172648437	4
124.5 77.5 0.1257 NaN	1
126 77.5 0.119 0.151944902295	4
127.5 77.5 0.198411111111 0.0867349369115	18
130.5 77.5 0.12426 0.165629595785	5
135 77.5 0.0202 0.144956890143	2
154.5 77.5 0.144025 0.0941561247787	4
160.5 77.5 0.0216 NaN	1
166.5 77.5 0.342 NaN	1
171 77.5 0.259 NaN	1
172.5 77.5 0.2046 0.068613992742	3
177 77.5 0.179523076923 0.106145083005	26
178.5 77.5 0.241130434783 0.072307383219	23
-180 77 0.17735 0.104489249846	4
-178.5 77 0.218571428571 0.0605896777316	7
-177 77 0.107833333333 0.0793685916048	3
-175.5 77 0.11196 0.11924268531	5
-174 77 0.183207692308 0.113014736956	13
-172.5 77 0.19485 0.0529877187029	10
-171 77 0.188831428571 0.102289205834	35
-169.5 77 0.1960775 0.121003162679	40
-168 77 0.191245454545 0.134985957519	11
-166.5 77 0.181822807018 0.102950678235	57
-165 77 0.153675 0.170128545938	8
-163.5 77 0.106180952381 0.107229140718	21
-162 77 0.1689 0.096797727246	7
-160.5 77 0.159325 0.0899869474662	8
-159 77 0.152316666667 0.0615656208177	6
-157.5 77 0.26005 0.114411756389	12
-156 77 0.21985 0.0608818938602	2
-154.5 77 0.1639 0.123126899309	4
-153 77 0.130128571429 0.132075202243	7
-151.5 77 0.22343 0.0881262358463	10
-150 77 0.3343 0.0517602163829	2
-148.5 77 0.282066666667 0.0637998628525	9
-145.5 77 0.22923 0.0649510593533	10
-142.5 77 0.0602666666667 0.0969967181575	3
-141 77 0.0974666666667 0.111896931742	3
-138 77 0.24135 0.0832424794478	14
-136.5 77 0.12736 0.107943907244	10
-135 77 0.02 0.209586449944	2
-133.5 77 0.173 0.152868865372	3
-132 77 0.0885 0.107278003337	3
-130.5 77 0.193221052632 0.0893898489076	19
-129 77 0.102373333333 0.117794933596	15
-127.5 77 0.0223333333333 0.0446280031669	6
-126 77 0.138871428571 0.187052441962	14
-124.5 77 0.0991 NaN	1
-123 77 0.23886625 0.125205374519	80
-121.5 77 0.131027272727 0.106141962399	11
-76.5 77 0.0831642857143 0.147428864761	14
-16.5 77 0.197733333333 0.172669752225	3
-15 77 0.328104109589 0.17387428923	73
-13.5 77 0.210323809524 0.118563653388	21
-12 77 0.209785 0.123815759552	60
-10.5 77 0.219979487179 0.121007222452	78
-9 77 0.2645 0.213711628135	4
-7.5 77 0.175925 0.135795075389	4
73.5 77 0.0111 0.0293087017795	3
78 77 0.14252 0.107239041398	5
79.5 77 0.2584875 0.0738968458957	16
81 77 0.201247727273 0.14050924076	44
82.5 77 0.166228125 0.118339910194	32
84 77 0.180428571429 0.0694569456684	28
85.5 77 0.181394117647 0.059848929299	17
87 77 0.230128571429 0.0399945293878	7
88.5 77 0.140641666667 0.095675735105	12
90 77 0.25364 0.0596773240017	5
91.5 77 0.188778181818 0.0538792810138	55
93 77 0.195413265306 0.0933397083905	98
94.5 77 0.268316666667 0.0912636537333	24
97.5 77 0.1831 0.100208402841	6
99 77 0.2106375 0.103819953181	8
114 77 0.1151 NaN	1
121.5 77 -0.0677 0.0209303607231	2
127.5 77 0.209433333333 0.069459652557	3
129 77 0.101066666667 0.0433631564042	3
132 77 0.0848 0.0711222187505	3
139.5 77 0.2767 NaN	1
154.5 77 0.01525 0.103166879375	2
159 77 0.201 NaN	1
162 77 0.1713 0.0480832611207	2
165 77 0.2476 NaN	1
174 77 0.1017 NaN	1
177 77 0.2922 0.0711349421874	2
178.5 77 0.0092 0.0295570634536	2
-178.5 76.5 0.0457 0.131957202658	7
-177 76.5 0.1393 0.105293665526	6
-175.5 76.5 0.1956 0.172049144142	6
-174 76.5 0.1238 0.0183131100581	3
-172.5 76.5 0.161956666667 0.110814541195	30
-171 76.5 0.208618181818 0.108244674864	11
-169.5 76.5 0.199589189189 0.119547639932	37
-168 76.5 0.102511764706 0.0948900869582	17
-166.5 76.5 0.168371428571 0.0877756555902	7
-165 76.5 0.252622222222 0.0748540112922	18
-163.5 76.5 0.0908125 0.141409551481	8
-162 76.5 0.1843 0.169705627485	2
-160.5 76.5 0.149375 0.140635596974	12
-157.5 76.5 0.2604 NaN	1
-156 76.5 0.3307 0.161229670553	4
-154.5 76.5 0.196 NaN	1
-153 76.5 0.272325 0.0352563351281	4
-151.5 76.5 0.126266666667 0.210298784273	6
-150 76.5 0.225609090909 0.085262925573	33
-148.5 76.5 0.165982352941 0.108741771156	17
-147 76.5 0.209555555556 0.0992633506274	9
-144 76.5 0.13384 0.0881006413144	5
-142.5 76.5 0.1676 0.00676658456436	4
-141 76.5 0.127122222222 0.100042513185	9
-139.5 76.5 0.21965 0.00459619407771	2
-138 76.5 0.220107142857 0.103038665625	28
-133.5 76.5 0.0460583333333 0.164509703822	12
-132 76.5 0.3487 0.0984292639412	2
-130.5 76.5 0.156218181818 0.165540912274	11
-129 76.5 -0.02118 0.105834195797	5
-127.5 76.5 0.151454237288 0.121746146752	59
-126 76.5 0.216642857143 0.113603866886	21
-124.5 76.5 0.168635714286 0.182882192459	14
-76.5 76.5 0.0602866666667 0.126860299242	15
-72 76.5 0.2203 NaN	1
-16.5 76.5 0.285966666667 0.0902449167544	9
-15 76.5 0.291602564103 0.144711719758	39
-13.5 76.5 0.417868141593 0.209895775695	113
-12 76.5 0.30193253012 0.134659621583	83
-10.5 76.5 0.1627 0.154555362249	3
-9 76.5 0.2823875 0.119890467124	8
73.5 76.5 0.161475 0.085090476357	4
75 76.5 0.20695 0.221960818614	2
76.5 76.5 0.156755555556 0.137399440115	18
78 76.5 0.140944 0.116009866965	25
79.5 76.5 0.213678378378 0.126039317356	37
81 76.5 0.177018965517 0.129400873742	58
82.5 76.5 0.170688235294 0.124995567357	51
84 76.5 0.164018181818 0.0879625766549	22
85.5 76.5 0.156554545455 0.09398919516	33
87 76.5 0.158841025641 0.136926080169	39
88.5 76.5 0.196974418605 0.145302948046	43
90 76.5 0.222276315789 0.119450103111	114
91.5 76.5 0.168796551724 0.0873492598822	29
93 76.5 0.2716 NaN	1
117 76.5 0.0198 0.169408736493	3
118.5 76.5 0.30555 0.0721956023591	2
120 76.5 0.1353 NaN	1
136.5 76.5 0.2461 NaN	1
139.5 76.5 0.16858 0.0713273229555	5
163.5 76.5 0.1767 0.104090201268	3
174 76.5 0.057775 0.0317939590698	4
178.5 76.5 0.1952 NaN	1
-178.5 76 0.213633333333 0.153900823043	3
-177 76 0.173528571429 0.198967557777	7
-175.5 76 0.149157142857 0.128115733222	14
-174 76 0.0701666666667 0.156377182905	3
-172.5 76 0.2262125 0.0999607114487	16
-171 76 0.18274047619 0.122110158303	42
-169.5 76 0.182995454545 0.150223248081	22
-168 76 0.131535714286 0.138412106659	28
-166.5 76 0.0956588235294 0.141004313138	17
-165 76 0.19695 0.111883108645	4
-163.5 76 0.1206 0.215243304193	2
-162 76 0.26245 0.0415071680557	2
-159 76 0.209185714286 0.164225712852	7
-157.5 76 0.121433333333 0.0532522612978	3
-156 76 0.053325 0.164142811296	4
-154.5 76 0.113083333333 0.221276184138	6
-153 76 0.169966666667 0.138046567022	6
-151.5 76 0.1087 0.133210603932	5
-150 76 0.14304 0.128305496548	10
-148.5 76 0.14555 0.135864259991	8
-147 76 0.11838 0.0907082245444	5
-145.5 76 0.1631 0.0698573546593	15
-144 76 0.092 0.0925929937954	17
-142.5 76 0.1589 0.0665209526605	8
-141 76 0.223125 0.0783264395742	12
-139.5 76 0.12629 0.0930171961402	10
-138 76 0.18365 0.120236512757	6
-136.5 76 0.2501 NaN	1
-135 76 0.12055 0.124190543118	6
-133.5 76 0.204776923077 0.161527170851	13
-132 76 0.1986 0.0896833317847	12
-130.5 76 0.110785714286 0.164829613324	7
-129 76 0.1249 0.144201568993	9
-127.5 76 0.221180769231 0.0847878765826	26
-126 76 0.259882352941 0.126183434111	17
-124.5 76 0.292 NaN	1
-78 76 0.125933333333 0.106422754459	6
-75 76 0.2014 0.0243244732728	2
-72 76 0.158525 0.0968054190976	4
-70.5 76 0.225225 0.0779097501386	4
-16.5 76 0.21926 0.100647672601	15
-15 76 0.50971 0.161695521338	30
-13.5 76 0.285575555556 0.138783798759	45
-12 76 0.120785714286 0.178094164499	7
-10.5 76 0.272366666667 0.0596033835729	3
73.5 76 0.29695 0.0440527524679	2
75 76 0.2067 0.134691078645	4
76.5 76 0.129307692308 0.0923936186608	13
78 76 0.207833333333 0.153195702725	3
79.5 76 0.133315 0.109279950851	20
81 76 0.2470375 0.102486918837	24
84 76 0.18995 0.0342946788875	2
85.5 76 0.147263157895 0.100225524641	19
87 76 0.2075375 0.135613033113	56
88.5 76 0.169372727273 0.139118123125	11
90 76 -0.0514 0.187241875658	2
91.5 76 0.17135 0.0824875409487	18
120 76 0.0188 0.110406008291	4
127.5 76 0.2487 NaN	1
153 76 0.2859 NaN	1
166.5 76 -0.0008 0.0622308605115	3
169.5 76 -0.0795 0.0224859956417	2
171 76 0.13525 0.0707813887968	2
174 76 0.140353846154 0.0916014338988	13
175.5 76 0.3907 NaN	1
177 76 0.19585 0.198516707945	4
178.5 76 0.0111142857143 0.126007836113	7
-180 75.5 0.18635 0.0109601551084	2
-175.5 75.5 0.1727 NaN	1
-174 75.5 0.187163636364 0.125726682277	33
-172.5 75.5 0.102380434783 0.123229497947	46
-171 75.5 0.0718066666667 0.136654629667	15
-169.5 75.5 0.139760416667 0.133784255887	48
-168 75.5 0.141773684211 0.108731125269	19
-166.5 75.5 0.1788625 0.0751005980098	8
-165 75.5 0.142 0.0902266701148	11
-163.5 75.5 0.05034 0.127475754557	5
-162 75.5 0.0068 NaN	1
-160.5 75.5 0.0994666666667 0.130520432628	3
-159 75.5 0.07444 0.102128316348	5
-157.5 75.5 0.140433333333 0.198095932989	6
-156 75.5 0.15482 0.175163386585	5
-154.5 75.5 0.1415 0.10019214041	5
-153 75.5 0.2463 0.0326344909567	3
-151.5 75.5 0.1787 NaN	1
-150 75.5 0.114033333333 0.122249263315	15
-148.5 75.5 0.21475 0.0686600684532	2
-147 75.5 0.2354 0.12379167985	4
-145.5 75.5 0.230233333333 0.0828831908974	3
-144 75.5 0.1759 0.000141421356249	2
-142.5 75.5 0.1637 0.129755308177	10
-141 75.5 0.2406 0.0672044641374	8
-139.5 75.5 0.18284 0.0627158911282	5
-135 75.5 0.20845 0.0813493495159	4
-133.5 75.5 0.125238095238 0.15700007795	21
-130.5 75.5 0.228371428571 0.075653017439	7
-129 75.5 0.199833333333 0.103973762716	3
-127.5 75.5 0.0892540540541 0.144852928468	37
-126 75.5 0.102997142857 0.113249998015	35
-124.5 75.5 -0.02487 0.0695117104443	10
-123 75.5 0.135533333333 0.138528348483	3
-73.5 75.5 0.104525 0.0327845064571	12
-72 75.5 0.177522222222 0.0992087669737	9
-16.5 75.5 0.21815 0.192124669346	8
-15 75.5 0.407992485549 0.133931264483	173
-13.5 75.5 0.216305263158 0.135399301262	38
-12 75.5 0.158233333333 0.177754607834	12
70.5 75.5 0.124 NaN	1
72 75.5 0.1824 0.117971521987	3
73.5 75.5 0.131 0.0100409162928	2
75 75.5 0.118227272727 0.0678400190287	11
76.5 75.5 0.0913071428571 0.121378989845	14
78 75.5 0.0953444444444 0.132723885089	18
79.5 75.5 0.17231875 0.12854538093	16
81 75.5 0.158222727273 0.102816651106	22
84 75.5 0.160106976744 0.117317569413	43
85.5 75.5 0.153790697674 0.119231471185	43
87 75.5 0.220858333333 0.0886030076861	24
88.5 75.5 0.1953 0.0777771817437	3
118.5 75.5 0.3034 NaN	1
124.5 75.5 0.2416 NaN	1
126 75.5 0.3751 NaN	1
130.5 75.5 0.19105 0.133006785541	2
132 75.5 0.17808 0.0899084818641	10
153 75.5 0.3667 NaN	1
160.5 75.5 0.2715 NaN	1
166.5 75.5 0.24215 0.0352846283812	2
171 75.5 0.2292 0.0526455804684	8
175.5 75.5 0.1971 NaN	1
177 75.5 0.1874375 0.11442927869	8
178.5 75.5 0.21625 0.00968736290226	2
-177 75 0.222490909091 0.137401204176	11
-175.5 75 0.15284 0.127251371527	10
-174 75 0.0453666666667 0.137897818915	27
-172.5 75 0.179212903226 0.104418085094	31
-171 75 0.15817037037 0.115644074365	54
-169.5 75 0.0564785714286 0.112725945267	14
-168 75 0.210389473684 0.087349857818	19
-163.5 75 0.170485714286 0.118816489155	7
-162 75 0.245 NaN	1
-160.5 75 0.1363 NaN	1
-159 75 0.1097 NaN	1
-157.5 75 0.143028571429 0.10741306119	7
-156 75 0.14555 0.172342459462	4
-154.5 75 0.1558 0.184413448533	2
-153 75 0.103816666667 0.169587439679	12
-150 75 0.1947 0.0563175594287	9
-148.5 75 0.193042857143 0.115134079188	7
-145.5 75 0.1926 0.162775981029	2
-144 75 0.1707 0.0738219479559	2
-142.5 75 0.2434 0.0578413347011	2
-141 75 0.211593333333 0.080622546179	15
-135 75 0.1963 0.0976294781303	5
-132 75 0.126885714286 0.124242609173	14
-130.5 75 0.24995 0.175880172276	6
-129 75 0.120841176471 0.138046328711	51
-127.5 75 0.0398810810811 0.142665315098	37
-126 75 0.143157142857 0.109459315121	49
-124.5 75 -0.0178 0.16156821057	4
-123 75 0.2708 0.0671712901634	10
-121.5 75 0.220795454545 0.0672040140331	22
-76.5 75 0.0460166666667 0.153456605158	6
-73.5 75 0.1076 0.103783736684	6
-70.5 75 0.241366666667 0.111554575582	3
-67.5 75 0.1268 0.0234288995331	4
-66 75 0.0668 NaN	1
-16.5 75 0.2922 0.230727263235	3
-15 75 0.275863157895 0.133963275276	19
-13.5 75 0.268656818182 0.100887218629	44
63 75 0.2842 NaN	1
67.5 75 0.2138 NaN	1
70.5 75 0.268383333333 0.134268274982	6
75 75 0.0818 0.0971064126853	14
76.5 75 0.1518375 0.108674638091	8
78 75 0.191630769231 0.0810279826625	13
79.5 75 0.14366 0.129974050402	10
81 75 0.110195454545 0.0769916598902	22
84 75 0.189826315789 0.0885454738294	19
85.5 75 0.19585 0.119396109872	20
126 75 0.1686 0.00367695526217	2
129 75 0.1993 0.0884116973895	18
156 75 0.3811 NaN	1
172.5 75 0.1424 NaN	1
-178.5 74.5 0.1382 0.0705692567624	2
-175.5 74.5 0.0630384615385 0.136497274322	13
-174 74.5 0.22946 0.233547870896	5
-172.5 74.5 0.142792857143 0.107198873434	28
-171 74.5 0.11535 0.108146436218	10
-169.5 74.5 0.16815 0.109771880344	8
-168 74.5 0.141314285714 0.115613304968	21
-165 74.5 0.319233333333 0.0908336024461	3
-163.5 74.5 0.2673 NaN	1
-160.5 74.5 0.193166666667 0.162545142448	3
-159 74.5 0.161433333333 0.0087231492784	3
-157.5 74.5 0.220716666667 0.0471605944266	6
-156 74.5 0.3434 NaN	1
-154.5 74.5 0.17912173913 0.0987064746726	23
-153 74.5 0.233169230769 0.0742304113848	13
-151.5 74.5 0.137228571429 0.0635899288223	7
-145.5 74.5 0.268825 0.040896795194	8
-138 74.5 0.24072 0.042767709782	5
-136.5 74.5 0.2126 0.114387602634	12
-135 74.5 0.16005 0.103888910449	8
-133.5 74.5 0.209610526316 0.104403256094	19
-132 74.5 0.185290909091 0.113285934295	11
-130.5 74.5 0.0768895833333 0.134706104428	48
-129 74.5 0.0865284313725 0.114092779145	102
-127.5 74.5 0.0872761363636 0.107796837429	88
-126 74.5 0.109552173913 0.176299200404	23
-123 74.5 0.29925 0.0211508189642	8
-103.5 74.5 0.0879 0.0622529517372	9
-78 74.5 0.1782 0.0364867099092	2
-76.5 74.5 0.3303 0.113846234018	5
-75 74.5 0.0803 0.0275771644663	2
-70.5 74.5 0.128357142857 0.0854854735641	7
-69 74.5 0.2754 NaN	1
-67.5 74.5 0.1643 NaN	1
-66 74.5 0.3147 0.0568513852074	2
-60 74.5 0.11634 0.0542633670168	5
-58.5 74.5 0.229575 0.0549786246342	4
-18 74.5 0.409389285714 0.117937297651	28
-16.5 74.5 0.313330952381 0.15884007986	42
-15 74.5 0.326291428571 0.100712730716	70
-13.5 74.5 0.3343125 0.0821632945073	8
63 74.5 0.158042857143 0.13929777286	7
64.5 74.5 0.2196 0.0821658079739	2
69 74.5 0.2424 NaN	1
70.5 74.5 -0.1 NaN	1
72 74.5 -0.0201 0.0900854039232	2
73.5 74.5 0.0419 NaN	1
75 74.5 0.0266666666667 0.161679196765	6
76.5 74.5 0.1585 0.0510055879292	3
78 74.5 0.19662 0.0571843684935	5
79.5 74.5 0.0821230769231 0.11594764015	13
81 74.5 0.13746 0.0892823594798	15
82.5 74.5 -0.0225 NaN	1
120 74.5 0.1738 NaN	1
129 74.5 0.2093 0.0425031763519	3
151.5 74.5 0.2357 0.262053773108	2
156 74.5 0.203633333333 0.050870063233	3
174 74.5 -0.0296 NaN	1
-175.5 74 0.17318 0.117083675207	5
-174 74 0.1511875 0.13379599009	8
-172.5 74 0.254761111111 0.108718704159	18
-171 74 0.171031578947 0.0893706890344	19
-169.5 74 0.252673076923 0.0486619815272	26
-168 74 0.298128571429 0.0694129607557	14
-165 74 0.252766666667 0.0156465118583	3
-159 74 0.186366666667 0.0674018731194	9
-157.5 74 0.24815 0.0841753102587	8
-154.5 74 0.1773 0.0796710110391	5
-145.5 74 0.161875 0.127170787395	4
-139.5 74 0.102 NaN	1
-138 74 0.1647 0.140814629922	5
-135 74 0.1835 0.109626388247	5
-133.5 74 0.2026 NaN	1
-132 74 0.06779375 0.141580193854	16
-130.5 74 0.124465517241 0.148541851428	29
-129 74 0.13115 0.139495687419	48
-127.5 74 0.0999893617021 0.169045848211	47
-126 74 0.212042857143 0.149556573882	14
-103.5 74 0.0709058823529 0.132506228488	17
-102 74 0.0852291666667 0.0556350099282	24
-78 74 0.13263 0.103171457191	20
-76.5 74 0.0728 NaN	1
-75 74 0.205633333333 0.0639394505242	3
-73.5 74 0.1984 0.135143516308	3
-70.5 74 0.25148 0.0622841633162	5
-67.5 74 0.2266 NaN	1
-64.5 74 0.2387 NaN	1
-60 74 0.24285 0.121834498398	2
-16.5 74 0.23734137931 0.106500964171	29
-15 74 0.15415 0.100762716319	2
60 74 0.104391666667 0.101072912101	12
64.5 74 0.09898 0.152606559492	5
67.5 74 0.1244 NaN	1
69 74 0.2647 NaN	1
70.5 74 0.2157 0.0118608600025	3
73.5 74 0.229 0.0519016377391	2
79.5 74 -0.0488 0.0541643794389	2
81 74 0.0440833333333 0.0975351919395	6
151.5 74 0.0317 NaN	1
159 74 0.187425 0.119120481726	4
160.5 74 0.1369 0.0374766594029	2
163.5 74 0.1986 0.0835274206474	3
172.5 74 -0.0578 0.200394061788	2
174 74 0.3848 NaN	1
-174 73.5 0.153269230769 0.0858587734268	13
-172.5 73.5 0.207336111111 0.149118976761	36
-171 73.5 0.2966 NaN	1
-169.5 73.5 0.204621052632 0.0993118241754	19
-166.5 73.5 0.25245 0.0400929544933	2
-154.5 73.5 0.27985 0.0337289934626	2
-141 73.5 -0.1206 NaN	1
-139.5 73.5 0.1032 NaN	1
-136.5 73.5 0.3879 NaN	1
-135 73.5 0.14094 0.210215206396	5
-133.5 73.5 0.09494 0.165607851397	10
-132 73.5 0.12759 0.121210848891	10
-130.5 73.5 0.0900125 0.148569911153	16
-129 73.5 0.120438095238 0.162761824382	21
-127.5 73.5 0.125329166667 0.155869882969	24
-103.5 73.5 0.0094 NaN	1
-76.5 73.5 0.0969571428571 0.109391925692	14
-69 73.5 0.2075 NaN	1
-67.5 73.5 0.2762 NaN	1
-66 73.5 0.140475 0.143587705486	4
-64.5 73.5 0.236566666667 0.0402165803287	3
-58.5 73.5 0.1283625 0.160480723698	8
-19.5 73.5 0.334322222222 0.166962980761	9
-18 73.5 0.23714 0.155626450981	50
-16.5 73.5 0.25672 0.168000244047	5
63 73.5 0.15855 0.0286378246381	2
64.5 73.5 0.142033333333 0.00385918817024	3
73.5 73.5 0.129143333333 0.105910690038	30
129 73.5 0.0516 NaN	1
150 73.5 0.13645 0.0358503138062	2
153 73.5 0.202083333333 0.186468479016	6
159 73.5 0.25635 0.010111626971	2
169.5 73.5 0.1288 NaN	1
175.5 73.5 0.2855 NaN	1
178.5 73.5 0.224133333333 0.077030924526	3
-175.5 73 0.274722222222 0.0844984434439	9
-174 73 0.11295 0.0352846283812	2
-172.5 73 0.22605 0.030417374421	4
-171 73 0.3231 NaN	1
-169.5 73 0.1965 NaN	1
-166.5 73 0.30434 0.0210430035879	5
-159 73 0.1986 0.0462251735169	4
-154.5 73 0.2871 NaN	1
-141 73 0.14565 0.00586898628385	2
-139.5 73 0.2553875 0.0860865583916	8
-138 73 0.12635 0.169728891667	4
-136.5 73 0.1835 0.109596021826	6
-135 73 0.149384615385 0.163066207649	13
-132 73 0.144483333333 0.147001761694	18
-130.5 73 0.118842857143 0.181075811537	7
-129 73 0.059325 0.197587288125	8
-127.5 73 0.2585 0.0366281312655	2
-73.5 73 0.170825 0.07407461891	4
-72 73 0.095375 0.110179531523	4
-70.5 73 0.170816666667 0.121040529025	6
-67.5 73 0.14765 0.150118769646	2
-21 73 0.2605 NaN	1
-19.5 73 0.13684 0.0740704649491	10
-18 73 0.204222727273 0.0946591224282	22
-16.5 73 0.1891 NaN	1
58.5 73 0.00604285714286 0.0804247859212	7
60 73 0.1497 0.123509594769	4
63 73 0.245133333333 0.0713404747204	3
66 73 0.233366666667 0.171461595311	6
67.5 73 0.1505125 0.182098752153	8
153 73 0.2658 NaN	1
154.5 73 0.1001 NaN	1
157.5 73 0.3488 NaN	1
160.5 73 0.290390909091 0.0816207627328	11
163.5 73 0.1687 NaN	1
171 73 0.205857142857 0.0888379584251	7
174 73 0.3202 0.0860753545835	4
175.5 73 0.3385 0.103661854122	2
178.5 73 0.232333333333 0.0448196757388	3
-177 72.5 0.219266666667 0.108006496718	3
-174 72.5 0.1294 NaN	1
-171 72.5 0.265163636364 0.0571692447515	11
-163.5 72.5 0.154875 0.0844232491675	8
-162 72.5 0.177085714286 0.0651647764919	7
-159 72.5 0.04595 0.0788424061023	2
-156 72.5 0.35545 0.0511238202798	2
-154.5 72.5 0.18212 0.0887657141018	5
-153 72.5 0.313366666667 0.0190547456906	3
-148.5 72.5 0.0288 NaN	1
-147 72.5 -0.00468 0.143682591151	5
-142.5 72.5 0.194291666667 0.118097236195	12
-141 72.5 0.178121052632 0.129871079575	19
-139.5 72.5 0.0426875 0.118333456657	8
-138 72.5 0.122396296296 0.104650353675	27
-136.5 72.5 0.0524193548387 0.132128156019	31
-135 72.5 0.145501754386 0.125243159909	57
-133.5 72.5 0.0672971428571 0.108282597281	35
-132 72.5 0.02784 0.163549812421	15
-130.5 72.5 0.069340625 0.123646136236	32
-129 72.5 0.2417375 0.0741925860274	8
-93 72.5 0.110583333333 0.0734902941437	12
-73.5 72.5 0.285475 0.0952211592382	4
-72 72.5 0.309566666667 0.07796963084	3
-70.5 72.5 0.21523 0.109346686685	10
-69 72.5 0.1992 NaN	1
-67.5 72.5 0.2335 NaN	1
-66 72.5 0.093525 0.124238758713	4
-64.5 72.5 0.2431 0.0394907584126	3
-21 72.5 0.014675 0.120379468468	8
-19.5 72.5 0.2754 0.123002105465	79
-18 72.5 0.38097 0.0693813623709	10
66 72.5 0.172533333333 0.0562431625474	3
67.5 72.5 0.120883333333 0.182002389178	6
73.5 72.5 0.169472727273 0.134407426066	11
75 72.5 0.1612 NaN	1
153 72.5 0.106583333333 0.156088095852	6
154.5 72.5 0.2485 0.0886753065966	3
156 72.5 0.2652 0.0708520994749	2
159 72.5 0.22942173913 0.0800683966512	23
160.5 72.5 0.15415 0.113636393818	4
166.5 72.5 0.13 NaN	1
172.5 72.5 0.3718 NaN	1
174 72.5 0.24375 0.00459619407771	2
175.5 72.5 0.0675285714286 0.14959541787	7
-180 72 0.164638461538 0.103249411124	13
-178.5 72 0.206383333333 0.0937049287213	6
-177 72 0.228055555556 0.105466145174	9
-174 72 0.168122222222 0.0907108562656	9
-172.5 72 0.199258333333 0.0752222580495	12
-171 72 0.189871428571 0.0570879355114	7
-163.5 72 0.16002 0.0535050651808	5
-162 72 0.0548666666667 0.142914823117	6
-160.5 72 0.123191428571 0.125505915894	35
-159 72 0.175485714286 0.076442514972	7
-157.5 72 0.163890909091 0.173626141203	11
-156 72 0.0672571428571 0.191535887474	7
-154.5 72 0.256688888889 0.144677057999	9
-147 72 0.154966666667 0.160138710706	6
-145.5 72 0.0398333333333 0.0267996890529	3
-142.5 72 0.16145 0.167268855439	4
-141 72 0.0656512820513 0.169907948564	39
-139.5 72 0.159105405405 0.148700031656	37
-138 72 0.100474074074 0.140671692501	27
-136.5 72 0.0409 0.164754484006	20
-135 72 0.0983 0.112150456301	34
-133.5 72 0.09873 0.139741157939	10
-132 72 0.14978 0.099686167546	5
-130.5 72 0.1603 NaN	1
-129 72 0.175666666667 0.0523291824256	3
-103.5 72 0.1348875 0.0977717376268	8
-93 72 0.192121428571 0.0728240786318	14
-91.5 72 0.3163 0.0325269119346	2
-72 72 0.30855 0.0364159992311	2
-67.5 72 0.2003 NaN	1
-66 72 0.05916 0.131034739669	5
-63 72 0.2458 NaN	1
-21 72 0.21816 0.0659151196616	5
-19.5 72 0.3956 0.0688133998579	6
-18 72 0.211533333333 0.119953588247	3
61.5 72 0.226866666667 0.0447377171225	3
63 72 0.18485 0.0270821897194	2
64.5 72 0.1583 0.0321026478659	2
66 72 -0.098 NaN	1
153 72 0.3352 0.00820243866176	2
154.5 72 0.2811 NaN	1
156 72 0.249416666667 0.122014886076	12
157.5 72 0.117633333333 0.112070089676	9
159 72 0.300871428571 0.0459546774654	7
160.5 72 0.195156 0.103486613788	25
162 72 0.2535 0.0204443146131	3
163.5 72 0.2446 NaN	1
172.5 72 0.104425 0.128518672444	4
174 72 0.2033875 0.061685294323	8
175.5 72 0.05355 0.16158854848	6
177 72 0.13455 0.125580717734	4
178.5 72 0.05154 0.232377027694	5
-175.5 71.5 0.223785714286 0.125105561142	7
-172.5 71.5 0.2425 NaN	1
-166.5 71.5 0.1711 NaN	1
-165 71.5 0.170680952381 0.132660606885	21
-163.5 71.5 0.171593478261 0.107878576603	46
-162 71.5 0.210505 0.109758459635	40
-160.5 71.5 0.176175 0.157366619406	32
-159 71.5 0.2001 NaN	1
-157.5 71.5 0.115395833333 0.129442505213	24
-154.5 71.5 0.227052631579 0.108416318823	19
-150 71.5 0.129433333333 0.0949632736027	3
-148.5 71.5 0.1694 0.0632588333753	6
-145.5 71.5 0.2766 0.114551691389	3
-144 71.5 0.114813636364 0.131690178596	22
-142.5 71.5 0.356833333333 0.0425112142068	3
-141 71.5 0.153732142857 0.133963317405	28
-139.5 71.5 0.102630434783 0.140143234458	46
-138 71.5 0.1109 NaN	1
-136.5 71.5 0.1251 0.158171567312	18
-135 71.5 0.0832583333333 0.142569777152	36
-133.5 71.5 0.133952173913 0.109504553121	23
-132 71.5 0.197081818182 0.080951254693	11
-130.5 71.5 0.2462 NaN	1
-127.5 71.5 0.179277777778 0.083007586668	9
-124.5 71.5 0.00625 0.0420728534806	2
-120 71.5 0.1943 NaN	1
-103.5 71.5 0.169833333333 0.0159500261233	3
-102 71.5 0.130525 0.052345542631	4
-93 71.5 0.1464 0.0745097309081	5
-91.5 71.5 0.220492307692 0.0476288858701	13
-70.5 71.5 0.23725 0.0142128463018	2
-69 71.5 0.2708 0.040261892653	4
-66 71.5 0.1422 NaN	1
-57 71.5 0.2021 0.0806078159982	4
-21 71.5 -0.0931333333333 0.150348606024	3
64.5 71.5 0.178566666667 0.0243263917039	3
66 71.5 0.208175 0.184727229088	4
160.5 71.5 0.301816666667 0.0730218437638	6
162 71.5 0.29875 0.180100097168	2
163.5 71.5 0.2844 0.0732562625309	2
165 71.5 0.3413 NaN	1
168 71.5 0.3602 0.022061731573	2
172.5 71.5 0.26375 0.0563564104606	2
175.5 71.5 0.115228571429 0.14882656061	21
177 71.5 0.0189 0.115836488206	11
178.5 71.5 0.2699 NaN	1
-175.5 71 0.2263 NaN	1
-168 71 0.154413043478 0.103738049933	23
-166.5 71 0.0887928571429 0.14058060083	14
-165 71 0.19015483871 0.129291507426	31
-163.5 71 0.155928571429 0.126490731972	14
-162 71 0.216534090909 0.133826468587	44
-160.5 71 0.260820833333 0.107935773895	24
-159 71 -0.0219333333333 0.107952597622	3
-150 71 0.208072972973 0.0915150219868	37
-148.5 71 0.168110869565 0.0756560292912	46
-147 71 0.139558823529 0.103414306668	17
-145.5 71 0.172657142857 0.0715117672635	7
-141 71 0.159644 0.0965182196962	25
-139.5 71 0.144766666667 0.113891707127	15
-138 71 0.15286 0.130851568581	5
-136.5 71 0.2824375 0.0560079315174	8
-135 71 0.179286956522 0.122376926317	23
-133.5 71 0.227771428571 0.0752192952702	7
-132 71 0.186474285714 0.100821091814	35
-130.5 71 0.2361 0.0790190694284	10
-127.5 71 0.1009 0.11093803075	4
-126 71 0.186775 0.0650167350252	4
-124.5 71 0.0598428571429 0.0572955163209	7
-123 71 0.2556 NaN	1
-121.5 71 0.1505 0.0639471656917	3
-120 71 0.131 0.00749533188058	2
-100.5 71 0.113123529412 0.10542415834	17
-99 71 0.1233 0.0183847763109	2
-91.5 71 0.22064 0.115395071695	15
-66 71 0.2303 NaN	1
-60 71 0.254033333333 0.0357413392773	3
-57 71 0.172 0.102879735614	7
64.5 71 0.11932 0.134740985833	20
66 71 0.0866666666667 0.086758369433	6
162 71 0.225833333333 0.0574179298361	6
163.5 71 0.227590322581 0.110193491504	31
172.5 71 0.20475 0.105690664993	4
174 71 0.242583333333 0.116907389273	6
175.5 71 0.1387 0.142941543996	5
177 71 0.0407 NaN	1
-175.5 70.5 0.0456 NaN	1
-174 70.5 0.2444 NaN	1
-172.5 70.5 0.1603875 0.19849343593	8
-171 70.5 0.2364625 0.0652285419013	8
-169.5 70.5 0.197346153846 0.0826723211983	13
-168 70.5 0.192260714286 0.126843681398	28
-166.5 70.5 0.140011111111 0.135433936335	9
-165 70.5 0.21325 0.126338093578	10
-163.5 70.5 0.0879782608696 0.100175935944	23
-162 70.5 0.3497 0.0647709811567	2
-147 70.5 0.255055172414 0.0704591502027	29
-141 70.5 0.16955 0.197654382699	6
-139.5 70.5 0.24045 0.0527664350384	4
-138 70.5 0.215202173913 0.0926767943845	46
-136.5 70.5 0.240792 0.0903064362786	25
-133.5 70.5 0.217914583333 0.0904137745803	48
-132 70.5 0.248529032258 0.0834234307356	31
-130.5 70.5 0.149736363636 0.0942144922263	11
-124.5 70.5 0.1217 0.0766325555585	8
-123 70.5 0.19875 0.0799479259398	30
-121.5 70.5 0.15275 0.12254160518	2
-120 70.5 0.23885 0.116959458788	6
-118.5 70.5 0.178644444444 0.158405840416	9
-99 70.5 0.124148148148 0.128577565247	27
-91.5 70.5 0.183242857143 0.0902615617182	7
-90 70.5 0.236971428571 0.0817443110005	7
-67.5 70.5 -0.0228 0.13878513369	4
-66 70.5 0.0513 NaN	1
-64.5 70.5 0.1251 NaN	1
-21 70.5 0.29286 0.0620871806414	5
66 70.5 0.0072 0.134114428754	6
165 70.5 0.18194 0.102565677603	10
166.5 70.5 0.26735 0.0611647365726	2
168 70.5 0.1989 NaN	1
171 70.5 0.1939875 0.0594497011286	8
174 70.5 0.3824 NaN	1
175.5 70.5 0.2254 0.0897417777106	4
177 70.5 0.2770625 0.133246795057	8
-180 70 0.193488888889 0.0971178722538	9
-178.5 70 0.30168 0.107083037872	5
-177 70 0.262083333333 0.148516388546	6
-175.5 70 0.32285 0.0795495128835	2
-171 70 0.1284 NaN	1
-169.5 70 0.314266666667 0.0375827531367	3
-168 70 0.164133333333 0.107344196259	18
-165 70 0.06994 0.103674649746	5
-163.5 70 0.0597285714286 0.139295988388	7
-138 70 0.25672 0.109676836408	10
-136.5 70 0.2758 0.0632183913114	5
-132 70 0.233966666667 0.0149081633119	3
-123 70 0.3024 0.0305583376511	6
-121.5 70 0.15662 0.104915752445	10
-120 70 0.2056 0.0672190449203	8
-118.5 70 0.191611111111 0.0828067413334	27
-90 70 0.291016666667 0.0860666117996	6
-88.5 70 0.2247 NaN	1
-66 70 0.127855555556 0.101746901801	18
-64.5 70 0.194 0.167055200458	4
-63 70 0.299333333333 0.0332000502008	3
-61.5 70 0.2313 0.0305470129473	2
-60 70 0.2927 0.0704278354062	2
-57 70 0.1809 0.0631959650611	3
64.5 70 0.2663 0.078329368694	3
66 70 0.16624 0.110666065259	5
177 70 0.303866666667 0.127838113774	3
178.5 70 0.273 NaN	1
-180 69.5 0.145075 0.114796228161	16
-178.5 69.5 0.159211764706 0.109740203904	17
-177 69.5 0.27882 0.148708698468	5
-175.5 69.5 0.2465 0.0323854905783	2
-174 69.5 0.18615 0.133356168313	60
-172.5 69.5 0.154433333333 0.140721535902	6
-171 69.5 0.1652 NaN	1
-169.5 69.5 0.1051 NaN	1
-168 69.5 0.0546 0.0887709411914	4
-166.5 69.5 0.250038461538 0.135059157029	13
-165 69.5 0.0719166666667 0.130490481134	6
-118.5 69.5 0.190527272727 0.0427763039757	11
-88.5 69.5 0.202689473684 0.083805335913	19
-87 69.5 0.20569 0.105367309394	10
-66 69.5 0.02445 0.0576292026667	2
-64.5 69.5 0.2863 0.0912167747731	2
-63 69.5 0.2401 NaN	1
-61.5 69.5 0.363925 0.0516341214702	4
-58.5 69.5 0.100727777778 0.110113395058	18
-57 69.5 0.195116666667 0.15870212874	6
-55.5 69.5 0.1099 0.117945411102	2
-21 69.5 0.178175 0.144486289513	8
-178.5 69 0.0373214285714 0.148374967713	14
-175.5 69 0.334725 0.0803004099201	4
-174 69 0.239211111111 0.102199283809	9
-172.5 69 0.347257142857 0.0762628537175	7
-171 69 0.3777 0.0568852353427	3
-169.5 69 0.2338 0.033208507946	5
-168 69 0.29986 0.0557480762	5
-87 69 0.293764 0.0587052374154	25
-64.5 69 0.183133333333 0.2083416681	6
-61.5 69 0.2931125 0.0527605219702	8
-58.5 69 -0.14285 0.0229809703886	2
-57 69 0.238011111111 0.093218794302	9
-175.5 68.5 0.21405 0.0856946572764	8
-174 68.5 0.2373 NaN	1
-171 68.5 0.299371428571 0.102014406079	7
-168 68.5 0.2654 0.0381666084425	3
-87 68.5 0.3564875 0.0507728678247	8
-64.5 68.5 0.123566666667 0.233254374736	3
-63 68.5 0.156714285714 0.11235818363	7
-61.5 68.5 0.16007 0.151435765994	10
-58.5 68.5 0.222844444444 0.131541581934	9
-57 68.5 0.178166666667 0.109708741123	12
-27 68.5 0.14125 0.0202939646201	2
-25.5 68.5 0.09195 0.106712516388	14
-171 68 0.230161538462 0.126768848293	13
-169.5 68 0.195271428571 0.0830553701183	14
-63 68 0.1568 0.125755262315	11
-61.5 68 0.2023 NaN	1
-58.5 68 0.314671428571 0.0862323163376	7
-57 68 0.139614285714 0.192532503131	7
-55.5 68 0.133233333333 0.0243335844736	3
-28.5 68 0.0548454545455 0.107096048245	22
-27 68 0.193634482759 0.0587154352781	29
-25.5 68 0.20292 0.0826341172479	10
-171 67.5 0.326510714286 0.0962276095719	28
-169.5 67.5 0.309966666667 0.0768807084601	3
-168 67.5 0.270077777778 0.143067189298	18
-166.5 67.5 0.1975 NaN	1
-79.5 67.5 0.0929 0.117970335254	3
-78 67.5 0.0867 NaN	1
-63 67.5 0.195385714286 0.120937951426	7
-61.5 67.5 0.160633333333 0.110537474792	12
-60 67.5 0.2787 NaN	1
-58.5 67.5 0.175 NaN	1
-57 67.5 0.171375 0.0402532296841	4
-31.5 67.5 0.29695 0.0576379302196	6
-27 67.5 0.196033333333 0.152910442198	3
-171 67 0.349018181818 0.108172647358	11
-169.5 67 0.319771428571 0.0754743199177	14
-168 67 0.2747 0.108979622783	12
-166.5 67 0.1883 0.0531973265828	19
-81 67 0.20625 0.0464667264466	4
-79.5 67 0.0884666666667 0.145322480482	3
-75 67 0.1705 0.174938217666	2
-60 67 0.2416 0.0987323655141	4
-58.5 67 0.20768 0.11157652851	15
-57 67 0.0684666666667 0.169918247009	6
-169.5 66.5 0.3322 NaN	1
-168 66.5 0.210325 0.0737198469432	4
-81 66.5 0.118375 0.131460396444	4
-78 66.5 0.216425 0.074251013155	12
-60 66.5 0.0815 0.050063160108	2
-58.5 66.5 0.26965 0.109337779381	4
-57 66.5 0.0428 NaN	1
-33 66.5 0.2705 0.0289913780286	2
-168 66 0.3174 0.0824512583288	5
-81 66 0.1277 0.161147065337	7
-78 66 0.448475 0.0722131740059	4
-61.5 66 0.2336 NaN	1
-60 66 0.228957142857 0.149347367538	7
-58.5 66 0.143516666667 0.103952016174	6
-57 66 0.222436842105 0.152874444527	19
-169.5 65.5 0.21144 0.203017383492	5
-82.5 65.5 0.136 0.0100409162928	2
-79.5 65.5 0.242111111111 0.0779059921387	9
-61.5 65.5 0.11235 0.20025178318	4
-60 65.5 0.151475 0.170156778643	12
-58.5 65.5 0.17034 0.109802096722	10
-57 65.5 0.174575 0.166845045376	4
-169.5 65 0.210430769231 0.126560844291	13
-79.5 65 0.293 NaN	1
-66 65 0.13455 0.0586191521604	2
-63 65 0.13497 0.0817825035621	10
-57 65 0.17545 0.0929716982026	4
-178.5 64.5 0.113525 0.0777104186494	4
-177 64.5 0.158433333333 0.132617513926	9
-171 64.5 0.245970833333 0.101848043157	24
-169.5 64.5 0.195278571429 0.165619593932	28
-168 64.5 0.3076 0.00551543289326	2
-166.5 64.5 0.087075 0.0349012296823	4
-81 64.5 0.143113333333 0.0752330936553	15
-63 64.5 0.24375 0.0760139789776	2
-61.5 64.5 0.17905 0.334956482248	2
-60 64.5 0.2524 0.1428355698	2
-57 64.5 0.1412125 0.203712601739	8
-180 64 0.1701 0.127562063326	2
-178.5 64 0.04714 0.220902749845	10
-171 64 0.298415789474 0.0798897800664	19
-169.5 64 0.232505263158 0.0905495964387	19
-168 64 0.2703 0.0852341816074	8
-165 64 0.2592 NaN	1
-63 64 0.026775 0.212912288279	4
-61.5 64 0.15945 0.0585780419611	6
-60 64 0.22 0.126988424669	5
-58.5 64 0.1646 0.157289306693	11
-57 64 0.20545 0.106124684082	8
-180 63.5 0.14955 0.00431335136524	2
-178.5 63.5 0.1519 0.0709498696264	6
-177 63.5 0.12221 0.0874341205963	10
-174 63.5 0.172966666667 0.0430504742521	3
-169.5 63.5 0.23982 0.131196277168	15
-168 63.5 0.0758 0.0435577777211	2
-163.5 63.5 0.02905 0.160159685939	2
-90 63.5 0.0138 NaN	1
-81 63.5 0.155 0.0509698603752	4
-79.5 63.5 0.0619666666667 0.14785581941	3
-75 63.5 0.3503 NaN	1
-73.5 63.5 -0.1626 NaN	1
-61.5 63.5 0.33522 0.0743657985905	5
-180 63 0.0826911764706 0.107342932098	34
-178.5 63 0.18306 0.149358451757	10
-177 63 0.2634 NaN	1
-172.5 63 0.0953333333333 0.0730244023141	3
-168 63 0.1456 NaN	1
-165 63 0.1322 0.0947800611943	4
-90 63 0.1492 NaN	1
-88.5 63 0.3577 NaN	1
-87 63 0.249053333333 0.0973957821518	15
-85.5 63 0.3396 NaN	1
-81 63 0.3131 NaN	1
-79.5 63 0.115636363636 0.12832000836	11
-76.5 63 0.0958333333333 0.131639806543	6
-75 63 0.17081 0.184257220272	10
-72 63 0.2307 0.0474028480157	3
-63 63 0.175766666667 0.0540170112094	9
-61.5 63 0.0658 0.1383100864	2
-60 63 0.15685 0.221677975902	2
-58.5 63 0.111175 0.213915659003	4
-178.5 62.5 0.2708 0.00579827560573	2
-177 62.5 0.2746 0.168993846042	3
-175.5 62.5 0.113961538462 0.140106879075	13
-174 62.5 -0.1129 NaN	1
-171 62.5 0.236175 0.104144655008	4
-169.5 62.5 0.1557 NaN	1
-168 62.5 0.241644444444 0.123483188239	9
-166.5 62.5 0.2747 0.0719877767402	3
-90 62.5 0.373966666667 0.0231595192811	3
-88.5 62.5 0.344 NaN	1
-85.5 62.5 0.2653 NaN	1
-73.5 62.5 0.295833333333 0.0660870890064	3
-63 62.5 0.0764 0.0989949493661	2
-61.5 62.5 0.2143 0.105181500275	6
-58.5 62.5 -0.013 NaN	1
-178.5 62 0.279475 0.0485840288278	8
-177 62 0.24705 0.0408000612745	2
-175.5 62 0.229310526316 0.144414695677	19
-172.5 62 0.144327272727 0.1245547678	11
-171 62 0.2199 NaN	1
-169.5 62 0.133733333333 0.14988388435	12
-168 62 0.0798555555556 0.157606956629	9
-166.5 62 -0.0896 0.0299813275223	2
-90 62 0.33835 0.00954594154602	2
-82.5 62 0.2712 NaN	1
-81 62 0.27705 0.0265165042945	2
-72 62 0.0829 0.135623080632	2
-69 62 0.29715 0.0391030049996	2
-63 62 0.15608 0.150744343177	5
-61.5 62 0.21305 0.218849548777	2
-60 62 0.378225 0.0816813881289	4
178.5 62 0.307366666667 0.076373904793	3
-180 61.5 0.10373 0.14170367399	10
-177 61.5 -0.0073 NaN	1
-175.5 61.5 0.01865 0.0880347942577	2
-174 61.5 0.2304 0.0851086599589	6
-171 61.5 0.2268375 0.127891236576	8
-169.5 61.5 0.1349 0.107401800109	10
-168 61.5 0.173618181818 0.130687710349	11
-84 61.5 0.298766666667 0.0914904548755	3
-82.5 61.5 0.1906 0.135269314702	9
-81 61.5 0.216614285714 0.0973808404936	7
-70.5 61.5 0.1591 0.0967300022399	4
-67.5 61.5 0.2471 NaN	1
-64.5 61.5 -0.1365 NaN	1
-61.5 61.5 0.168933333333 0.0405857528368	3
-60 61.5 0.15105 0.0912662204761	6
157.5 61.5 0.19555 0.0516895057047	2
177 61.5 0.217392307692 0.0869656585626	13
-178.5 61 0.181975 0.0950802180116	8
-175.5 61 0.19645 0.0617304219976	2
-171 61 0.0732888888889 0.127228696099	9
-169.5 61 0.254510606061 0.0834433923803	66
-168 61 0.16862 0.123442990891	5
-166.5 61 0.181235714286 0.0674880343485	14
-91.5 61 0.188495652174 0.0897420874115	23
-85.5 61 0.3109 0.0428154177838	3
-82.5 61 0.1945 0.102220356746	16
-79.5 61 0.11979 0.102974856154	10
-69 61 0.16195 0.0799737769522	2
-67.5 61 0.0807833333333 0.145146288275	18
-66 61 0.155466666667 0.310000360215	3
-63 61 0.106375 0.0892532492406	4
-61.5 61 -0.0396 NaN	1
157.5 61 0.197033333333 0.0429531527752	3
-178.5 60.5 0.21204 0.155618852043	10
-177 60.5 0.3528 NaN	1
-175.5 60.5 0.156116666667 0.0997939360215	6
-174 60.5 0.17645 0.0696157668923	6
-172.5 60.5 0.132325 0.0451887430673	4
-171 60.5 0.14285 0.0597625061628	8
-169.5 60.5 0.221146666667 0.0945304173773	15
-168 60.5 0.18905 0.0439113311117	2
-91.5 60.5 0.298833333333 0.0458501090511	9
-88.5 60.5 0.3221 NaN	1
-87 60.5 0.0879 0.138703154254	5
-85.5 60.5 0.2659 0.0555533077323	3
-82.5 60.5 0.258063636364 0.0655114933243	22
-81 60.5 0.27194 0.068485276174	20
-79.5 60.5 0.265103448276 0.0933570239257	29
-66 60.5 0.2471 NaN	1
-63 60.5 0.0593666666667 0.130549684029	9
-178.5 60 0.12386 0.039996849876	5
-177 60 0.15005 0.096787344214	28
-175.5 60 0.243228571429 0.0937459859947	14
-171 60 0.0152 NaN	1
-169.5 60 0.23482 0.0733245267439	10
-168 60 0.11425 0.222358876594	4
-90 60 0.2829 0.044123463146	2
-87 60 0.3249 NaN	1
-85.5 60 0.3602 NaN	1
-84 60 0.21668 0.0918775005707	10
-82.5 60 0.18615625 0.112936937971	16
-81 60 0.123918181818 0.111177810899	11
-79.5 60 0.149746666667 0.111939759735	15
-66 60 0.0689333333333 0.206482573922	3
-63 60 0.0021 NaN	1
-60 60 0.1727 NaN	1
157.5 60 0.347066666667 0.0506092218211	3
168 60 0.23142 0.120134745182	5
