lon, lat, freeboard (m), standard deviation, count
-180 81.5 0.192242857143 0.0887808514079	28
-178.5 81.5 0.145563157895 0.0831534940171	19
-177 81.5 0.186395833333 0.128213068177	24
-175.5 81.5 0.190107142857 0.0811472897308	42
-174 81.5 0.124516666667 0.110759002384	30
-172.5 81.5 0.151919230769 0.13007174334	26
-171 81.5 0.191415584416 0.11954176441	77
-169.5 81.5 0.190736734694 0.122026501039	49
-168 81.5 0.175875 0.153777677407	52
-166.5 81.5 0.205866666667 0.109557914669	15
-165 81.5 0.159628571429 0.112225141483	7
-163.5 81.5 0.215467123288 0.117642662867	73
-162 81.5 0.195866176471 0.129157444831	68
-160.5 81.5 0.140227272727 0.145005186741	11
-159 81.5 0.105452380952 0.103499012648	21
-157.5 81.5 0.172688235294 0.112998793591	17
-156 81.5 0.162961333333 0.121614174909	75
-154.5 81.5 0.187956190476 0.103300252181	105
-153 81.5 0.198024752475 0.0981004591283	101
-151.5 81.5 0.225571929825 0.103420503871	114
-150 81.5 0.22578359375 0.099450863725	128
-148.5 81.5 0.230982051282 0.126065609217	39
-147 81.5 0.12957037037 0.115922490069	27
-145.5 81.5 0.190216666667 0.133963498165	24
-144 81.5 0.194052631579 0.161697264241	38
-142.5 81.5 0.196415517241 0.110168218746	58
-141 81.5 0.172314473684 0.126404836093	76
-139.5 81.5 0.160953125 0.130802302372	96
-138 81.5 0.093886440678 0.110103616492	59
-136.5 81.5 0.146152830189 0.0896846132155	53
-135 81.5 0.130375 0.12315217433	84
-133.5 81.5 0.177101052632 0.107926373095	190
-132 81.5 0.173011585366 0.111431583125	164
-130.5 81.5 0.165743243243 0.117468148853	222
-129 81.5 0.177126771654 0.112674990964	254
-127.5 81.5 0.189882170543 0.114153444189	129
-126 81.5 0.234375609756 0.128032660769	164
-124.5 81.5 0.278335714286 0.085615699891	140
-123 81.5 0.215979047619 0.120795466498	210
-121.5 81.5 0.211067362924 0.0985755680842	383
-120 81.5 0.178438005391 0.11576273258	371
-118.5 81.5 0.149020418848 0.123532330778	382
-117 81.5 0.146790095847 0.122440608828	313
-115.5 81.5 0.148585082873 0.11814714216	362
-114 81.5 0.133968707483 0.116014474654	147
-112.5 81.5 0.135690265487 0.130261448609	113
-111 81.5 0.145574452555 0.127865043761	137
-109.5 81.5 0.0909288288288 0.109199980342	111
-108 81.5 0.155735151515 0.109180133549	165
-106.5 81.5 0.138557894737 0.135563738793	171
-105 81.5 0.149961290323 0.121679094593	186
-103.5 81.5 0.155051304348 0.116292557869	230
-102 81.5 0.173714814815 0.131729898404	108
-100.5 81.5 0.189304301075 0.129793618717	93
-99 81.5 0.224997461929 0.129181494077	197
-97.5 81.5 0.214566666667 0.109544603346	219
-96 81.5 0.260285714286 0.0994808696613	56
-10.5 81.5 0.163058333333 0.129700497359	12
-9 81.5 0.138478431373 0.161017650354	51
-7.5 81.5 0.201830597015 0.146780476579	134
-6 81.5 0.178576666667 0.133772158345	90
-4.5 81.5 0.146784536082 0.136994821481	97
-3 81.5 0.161446979866 0.145675369636	149
-1.5 81.5 0.153344186047 0.112525550149	86
0 81.5 0.152296 0.13172462393	100
1.5 81.5 0.208030120482 0.113540305227	83
3 81.5 0.245276851852 0.126358321981	108
4.5 81.5 0.289197540984 0.134847773043	122
6 81.5 0.287830555556 0.113436003723	72
7.5 81.5 0.311165833333 0.101094624528	120
9 81.5 0.269166666667 0.107698867165	60
10.5 81.5 0.300665306122 0.108617387829	147
12 81.5 0.317484210526 0.0793311654273	171
13.5 81.5 0.27974011976 0.105296740793	167
15 81.5 0.241686324786 0.0838789150954	117
16.5 81.5 0.2799 0.0670617166955	27
18 81.5 0.2842 0.0301227488785	2
19.5 81.5 0.316777777778 0.0511396562801	9
22.5 81.5 0.27655 0.104898304494	8
45 81.5 0.095 0.159240447123	2
49.5 81.5 0.082 0.143794320704	4
51 81.5 -0.01888 0.118654148684	5
66 81.5 0.0478 0.0878685666208	5
69 81.5 0.21038 0.166402121381	15
70.5 81.5 0.198766666667 0.135818494077	3
72 81.5 0.0355875 0.15943152079	8
73.5 81.5 0.182292307692 0.120628164632	13
75 81.5 0.2599 0.0658369872404	10
78 81.5 0.0761222222222 0.185945104653	9
79.5 81.5 0.0762315789474 0.141102598813	19
81 81.5 0.157733333333 0.135280236916	9
82.5 81.5 0.169788461538 0.137510151849	26
84 81.5 0.147776 0.119669528564	25
85.5 81.5 0.189804347826 0.138236361347	69
87 81.5 0.11 0.111164298451	17
88.5 81.5 0.119226086957 0.145112069235	46
90 81.5 -0.0063 NaN	1
91.5 81.5 0.18963 0.0545902117803	10
93 81.5 0.193831578947 0.0788971415665	19
94.5 81.5 0.1963 0.133828742457	14
96 81.5 0.10875 0.0470226009489	2
97.5 81.5 0.15585862069 0.134697442751	29
99 81.5 0.221078571429 0.110263778452	70
100.5 81.5 0.207943478261 0.0949752755012	46
102 81.5 0.16277079646 0.0803511586295	113
103.5 81.5 0.184201775148 0.0835396166879	169
105 81.5 0.194544262295 0.109568279063	122
106.5 81.5 0.171372413793 0.116038870482	87
108 81.5 0.0724790697674 0.134672112499	43
109.5 81.5 0.118402222222 0.147781444107	45
111 81.5 0.0938846153846 0.159073357533	13
112.5 81.5 0.13382 0.177034544949	20
114 81.5 0.16640625 0.146055767745	16
115.5 81.5 0.151387096774 0.133757800375	31
117 81.5 0.189327272727 0.121661013401	11
118.5 81.5 0.216016666667 0.119188999772	6
120 81.5 0.1734 0.0454885919765	6
121.5 81.5 0.231022222222 0.0719206816183	9
123 81.5 0.195227586207 0.128767165004	29
124.5 81.5 0.181504545455 0.0893546410833	22
126 81.5 0.1138 0.161354118102	15
127.5 81.5 0.175392063492 0.102942797788	126
129 81.5 0.184847222222 0.0901910210485	36
130.5 81.5 0.197559375 0.0805858582782	32
132 81.5 0.125589473684 0.113058405833	38
133.5 81.5 0.162516666667 0.077051610653	72
135 81.5 0.166783673469 0.115909086764	49
136.5 81.5 0.233333333333 0.102312219092	39
138 81.5 0.192238095238 0.0851556543994	21
139.5 81.5 0.207972222222 0.0953740364568	18
141 81.5 0.141522222222 0.0901364767696	9
142.5 81.5 0.19531875 0.10757977021	16
144 81.5 0.22728 0.0882791003327	10
145.5 81.5 0.295271428571 0.068076469608	7
147 81.5 0.1869 NaN	1
148.5 81.5 0.274266666667 0.103224758012	6
150 81.5 0.149 0.148281612706	7
151.5 81.5 0.23016 0.125156713763	5
153 81.5 0.14638 0.0937094285544	5
154.5 81.5 0.15655 0.0535033363446	6
157.5 81.5 0.196033333333 0.0472679948097	3
159 81.5 0.2676 0.108665357865	3
160.5 81.5 0.1745 0.0530958096275	5
162 81.5 0.245333333333 0.0329579024413	3
163.5 81.5 0.146989473684 0.124891970629	19
165 81.5 0.0839142857143 0.111873834125	7
166.5 81.5 0.20117 0.0762556963264	10
168 81.5 0.184109090909 0.0723524678382	33
169.5 81.5 0.179013888889 0.0982743511162	36
171 81.5 0.218884482759 0.0801467815767	58
172.5 81.5 0.182364179104 0.10972202025	67
174 81.5 0.214012903226 0.0906607696928	31
175.5 81.5 0.165724590164 0.070002687224	61
177 81.5 0.182688888889 0.0788115390841	18
178.5 81.5 0.188971875 0.0938688248581	32
-180 81 0.201711111111 0.0752916071758	9
-178.5 81 0.215009375 0.0828388539016	32
-177 81 0.165335294118 0.143748112783	34
-175.5 81 0.211676666667 0.120791175412	30
-174 81 0.142023255814 0.11604926876	43
-172.5 81 0.138331428571 0.111370813505	35
-171 81 0.129691428571 0.0923132817269	35
-169.5 81 0.1527 0.0940158497276	5
-168 81 0.103541666667 0.104563947219	24
-165 81 0.200823076923 0.098232132844	13
-162 81 0.25345 0.0269407683632	2
-160.5 81 0.241145454545 0.0842859224739	11
-159 81 0.235152 0.103355588141	25
-156 81 0.225985714286 0.100728783335	56
-154.5 81 0.219439 0.103630289725	100
-153 81 0.248174285714 0.0811941360875	70
-151.5 81 0.257464864865 0.0744618478604	37
-150 81 0.315694736842 0.0655983017538	19
-148.5 81 0.255167647059 0.0722785467169	34
-147 81 0.221530769231 0.0989455269716	13
-145.5 81 0.235275 0.0864830082403	8
-144 81 0.14252 0.126365631755	10
-142.5 81 0.1439 0.0916121560867	15
-141 81 0.174755172414 0.0898289071601	29
-139.5 81 0.140789285714 0.131115624233	28
-138 81 0.165791489362 0.141857982917	47
-136.5 81 0.160602290076 0.114863711526	131
-135 81 0.116114 0.118531614675	50
-133.5 81 0.1826796875 0.12383092567	64
-132 81 0.1831625 0.117075120723	80
-130.5 81 0.203210344828 0.105137581859	58
-129 81 0.176003125 0.121609524167	128
-127.5 81 0.163015789474 0.132366358317	76
-126 81 0.203330526316 0.133084403768	95
-124.5 81 0.217502836879 0.107381696328	141
-123 81 0.203123076923 0.0921926642983	91
-121.5 81 0.188154098361 0.120526201484	183
-120 81 0.14749787234 0.113975917316	188
-118.5 81 0.182637179487 0.115483393201	234
-117 81 0.116517910448 0.101342503806	201
-115.5 81 0.156820408163 0.10887519002	98
-114 81 0.176852173913 0.111292432356	115
-112.5 81 0.1463375 0.102065247617	72
-111 81 0.16415546875 0.129123752402	128
-109.5 81 0.126811392405 0.112236155751	237
-108 81 0.138996 0.115488963366	75
-106.5 81 0.0994730769231 0.127548594531	52
-105 81 0.142062857143 0.13687102875	105
-103.5 81 0.179953125 0.136477638111	64
-102 81 0.169264137931 0.112923450396	145
-100.5 81 0.173470909091 0.112390967028	220
-99 81 0.245044983819 0.120548371559	309
-97.5 81 0.257645679012 0.140727226443	81
-9 81 0.258437142857 0.183298488627	35
-7.5 81 0.117694736842 0.115755784466	19
-6 81 0.11657037037 0.135199200085	27
-4.5 81 0.131794736842 0.143646989702	57
-3 81 0.163478947368 0.155844773469	76
-1.5 81 0.203584210526 0.151022541596	19
0 81 0.158184615385 0.137159000201	39
1.5 81 0.184370833333 0.124577943051	24
3 81 0.226811904762 0.136376951065	42
4.5 81 0.1402 0.152770833277	25
6 81 0.1346375 0.173864463975	16
7.5 81 0.227676315789 0.0925758751897	38
9 81 0.240652380952 0.159349782827	42
10.5 81 0.262372839506 0.0980487774176	81
12 81 0.171154545455 0.173669314294	11
15 81 0.108111111111 0.0662880917745	9
70.5 81 0.0674 NaN	1
72 81 0.2548 0.0072124891681	2
73.5 81 0.122366666667 0.123896785	3
76.5 81 0.0989 NaN	1
78 81 0.3168 0.0275771644663	2
81 81 0.2651 NaN	1
82.5 81 0.150491666667 0.109802818794	12
84 81 0.0787888888889 0.122212876488	27
85.5 81 0.173216326531 0.124074114858	49
87 81 0.122002531646 0.12344604653	79
88.5 81 0.101591549296 0.122911058141	71
90 81 0.1495 NaN	1
99 81 0.217651612903 0.0712314624819	31
100.5 81 0.175423170732 0.102088913436	82
102 81 0.159413333333 0.105006744392	30
103.5 81 0.144773469388 0.118438740804	49
105 81 0.199679591837 0.0959300547699	49
106.5 81 0.102201960784 0.100638325682	51
108 81 0.1086 0.117890174513	78
109.5 81 0.0984735294118 0.142110226764	34
111 81 0.15836875 0.137109418131	32
112.5 81 0.126031818182 0.172221082683	22
114 81 0.107409090909 0.103540587437	22
115.5 81 0.195811111111 0.0544244073106	9
117 81 0.1558 0.163002559139	8
118.5 81 0.1064 NaN	1
120 81 0.19225 0.054800775542	2
123 81 0.218736842105 0.127038324097	19
124.5 81 0.182535 0.0736141810923	20
126 81 0.196553333333 0.0776244886495	15
127.5 81 0.188593939394 0.0849794973045	33
129 81 0.236416666667 0.0739101373683	24
130.5 81 0.156006666667 0.118056411859	15
132 81 0.17865 0.0604576297914	2
133.5 81 0.17575 0.0894271211658	12
135 81 0.215469230769 0.0862707403528	13
136.5 81 0.2682 0.0394620830672	6
138 81 0.1812375 0.0945774049957	8
139.5 81 0.20822 0.0936228444345	5
141 81 0.3519 NaN	1
144 81 0.344 0.0311274798209	9
145.5 81 0.2206 0.00282842712475	2
148.5 81 0.2062 NaN	1
150 81 0.3456 NaN	1
151.5 81 0.2043 NaN	1
153 81 0.2406 NaN	1
154.5 81 0.197875 0.105363414745	4
156 81 0.232453846154 0.0936707319585	13
157.5 81 0.2704 0.0418822157962	5
159 81 0.1755 NaN	1
160.5 81 0.25955 0.00784888527117	2
162 81 0.17608125 0.0815970360471	16
165 81 0.2479 NaN	1
166.5 81 0.23064 0.0584576867731	15
168 81 0.151583333333 0.0957636605303	30
169.5 81 0.1151 0.163707212512	8
171 81 0.0714888888889 0.11323298376	9
172.5 81 0.206626666667 0.110225007906	30
174 81 0.1594625 0.10074420739	32
175.5 81 0.148623529412 0.157180916913	34
177 81 0.198272972973 0.0863511456806	37
178.5 81 0.1536 0.0900874532372	14
-180 80.5 0.3534 NaN	1
-178.5 80.5 0.2319 0.0378235376452	4
-177 80.5 0.199711111111 0.100547320258	9
-175.5 80.5 0.139244444444 0.178304950234	9
-174 80.5 0.160473913043 0.0999075036648	23
-172.5 80.5 0.171822222222 0.0989008805977	18
-171 80.5 0.169542553191 0.0975229465633	47
-169.5 80.5 0.116641666667 0.105297366438	12
-168 80.5 0.242228571429 0.102123277152	14
-166.5 80.5 0.2452 0.0980754074963	19
-165 80.5 0.245733333333 0.109092684491	15
-163.5 80.5 0.2350375 0.0495839817885	8
-162 80.5 0.198566666667 0.0663829843112	12
-160.5 80.5 0.234668115942 0.085386986701	69
-159 80.5 0.208986486486 0.0784427787278	37
-157.5 80.5 0.170360714286 0.0819028889252	28
-156 80.5 0.188921875 0.101611472982	32
-154.5 80.5 0.191363636364 0.111867459726	11
-153 80.5 0.241661538462 0.0849032564479	39
-151.5 80.5 0.262823595506 0.07108776909	89
-150 80.5 0.228280645161 0.0846343209317	31
-148.5 80.5 0.2609 0.0458171833018	8
-147 80.5 0.22515 0.0717790359367	4
-145.5 80.5 0.204586666667 0.100022153737	15
-144 80.5 0.224436 0.107466478805	25
-142.5 80.5 0.198968181818 0.139907954049	22
-141 80.5 0.161195121951 0.121172201744	41
-139.5 80.5 0.154784782609 0.135120949881	46
-138 80.5 0.107409090909 0.103230877054	33
-136.5 80.5 0.178066666667 0.107057694726	45
-135 80.5 0.182520588235 0.111999187712	34
-133.5 80.5 0.0612266666667 0.158590134203	15
-132 80.5 0.15835 0.123717400455	58
-130.5 80.5 0.136138043478 0.110493187938	92
-129 80.5 0.117032876712 0.1377953727	73
-127.5 80.5 0.154181818182 0.125866871308	55
-126 80.5 0.177706896552 0.107581161303	58
-124.5 80.5 0.0984547619048 0.111979637091	42
-123 80.5 0.241740625 0.106228806188	32
-121.5 80.5 0.152685882353 0.111361533875	85
-120 80.5 0.174839053254 0.113490402947	169
-118.5 80.5 0.153333333333 0.0945928204582	108
-117 80.5 0.139204975124 0.108743556936	201
-115.5 80.5 0.162624738676 0.102119403825	287
-114 80.5 0.188335294118 0.130289856078	136
-112.5 80.5 0.122707826087 0.0969034092676	115
-111 80.5 0.0709790540541 0.0988676310521	148
-109.5 80.5 0.135352991453 0.11959267116	117
-108 80.5 0.193811965812 0.148075958585	117
-106.5 80.5 0.0972035294118 0.127229704572	85
-105 80.5 0.128136 0.112030522483	125
-103.5 80.5 0.168748648649 0.110319625601	74
-102 80.5 0.146018681319 0.125524162271	91
-100.5 80.5 0.16490952381 0.150369147084	42
-99 80.5 0.288513829787 0.112902018231	94
-97.5 80.5 0.2321125 0.148431768235	8
-13.5 80.5 0.0638428571429 0.119427270157	7
-12 80.5 0.2069 0.0454970014711	8
-10.5 80.5 0.1974 0.0285671139599	2
-9 80.5 0.1554 0.116284679415	10
-7.5 80.5 0.159733333333 0.150945271539	9
-6 80.5 0.0792333333333 0.140432137483	15
-4.5 80.5 0.210610344828 0.138603144535	29
-3 80.5 0.152123076923 0.0956605121758	13
-1.5 80.5 0.110322222222 0.1315241537	18
0 80.5 0.161526666667 0.12772702179	15
1.5 80.5 0.324664285714 0.0691804174954	14
4.5 80.5 0.25082 0.059030856338	5
9 80.5 0.15295 0.0843578389956	2
76.5 80.5 0.2753 NaN	1
79.5 80.5 0.36485 0.0676701189596	2
81 80.5 0.29025 0.0406032018442	8
82.5 80.5 0.1998 0.202275950128	3
84 80.5 0.170833333333 0.0792115995294	9
85.5 80.5 0.17119 0.0924269891092	20
87 80.5 0.150756481481 0.120932754368	108
88.5 80.5 0.136585454545 0.13096240012	110
90 80.5 0.224217241379 0.101246996671	29
100.5 80.5 0.08965 0.0593262589416	2
102 80.5 0.04789 0.110281300128	20
103.5 80.5 0.142241666667 0.106016767879	36
105 80.5 0.183319672131 0.109190942573	61
106.5 80.5 0.15093220339 0.103001214731	118
108 80.5 0.0968566666667 0.0959598431936	30
109.5 80.5 0.183489189189 0.117057430785	37
111 80.5 0.134853125 0.112613641483	32
112.5 80.5 0.15836 0.117036188136	10
114 80.5 0.196370588235 0.102114322533	34
115.5 80.5 0.195225 0.113531414784	8
117 80.5 0.1991 0.0296854221077	15
118.5 80.5 0.24675 0.056434661335	6
120 80.5 0.073725 0.11925598817	8
121.5 80.5 0.0908 NaN	1
123 80.5 0.215 NaN	1
124.5 80.5 0.117318181818 0.147255002076	11
126 80.5 0.0278 0.138313640242	14
127.5 80.5 0.1186875 0.123369021783	8
129 80.5 0.1705 0.050628845533	2
130.5 80.5 0.18261875 0.100118710997	16
132 80.5 0.149209375 0.0764596176755	32
133.5 80.5 0.15242 0.0913184399433	20
135 80.5 0.134893333333 0.0650815693316	15
136.5 80.5 0.210818181818 0.0714659335186	22
138 80.5 0.19122 0.0239125908258	5
139.5 80.5 0.25086 0.0518890450866	5
141 80.5 0.1519 0.0243244732728	2
142.5 80.5 0.3206 NaN	1
144 80.5 0.20744 0.0930982438073	5
165 80.5 0.141266666667 0.0937136631803	6
168 80.5 0.03565 0.0163341666454	2
169.5 80.5 0.1835 NaN	1
171 80.5 0.2819 NaN	1
172.5 80.5 0.0494666666667 0.09502869742	3
174 80.5 0.150079166667 0.0710072132231	24
175.5 80.5 0.185688 0.0814802395267	25
177 80.5 0.16843125 0.118823744646	16
178.5 80.5 0.154461538462 0.109210069274	13
-180 80 0.12608 0.0417698695234	5
-178.5 80 0.193933333333 0.0517175260429	9
-177 80 0.172309677419 0.105833537075	31
-175.5 80 0.21085625 0.109797905073	16
-174 80 0.168738095238 0.0927338151711	21
-171 80 0.20266 0.0619623364864	15
-169.5 80 0.206021428571 0.0873146492121	14
-168 80 0.252425 0.0802682128865	16
-166.5 80 0.30194 0.0971845563863	5
-165 80 0.228170588235 0.0742476431791	51
-163.5 80 0.251094117647 0.0922486106383	51
-162 80 0.21178372093 0.0963232650783	43
-160.5 80 0.268166666667 0.0717742525794	3
-159 80 0.169785294118 0.104950822921	34
-157.5 80 0.17503 0.104486920977	30
-156 80 0.187505 0.0739139588149	40
-154.5 80 0.207758 0.0684582252776	50
-153 80 0.213114285714 0.0762543736175	35
-151.5 80 0.211688888889 0.0406800456134	9
-150 80 0.153196428571 0.0872337790595	28
-148.5 80 0.15485 0.141301910815	4
-147 80 0.190211764706 0.0954680370749	17
-145.5 80 0.192272727273 0.0589067244194	11
-144 80 0.17155625 0.0973582523039	16
-142.5 80 0.203115 0.0870459753263	40
-141 80 0.1584875 0.131010569524	40
-139.5 80 0.159310909091 0.0983346603917	55
-138 80 0.0964 0.113037529506	14
-136.5 80 0.105577777778 0.113395754436	18
-135 80 0.190020454545 0.100908359484	44
-133.5 80 0.140157142857 0.135389696801	49
-132 80 0.177853191489 0.13989862611	47
-130.5 80 0.150928571429 0.136749389091	49
-129 80 0.171276190476 0.12607902247	42
-127.5 80 0.188878205128 0.119354279623	78
-126 80 0.171348412698 0.116205365614	126
-124.5 80 0.194573076923 0.102611212338	130
-123 80 0.137755688623 0.119777202612	167
-121.5 80 0.16948255814 0.105780472544	258
-120 80 0.136954973822 0.0898052938533	191
-118.5 80 0.158549593496 0.109503509468	123
-117 80 0.129885761589 0.09922136513	302
-115.5 80 0.146225961538 0.0972298728081	312
-114 80 0.146193307087 0.102353868813	254
-112.5 80 0.1558 0.130341852551	96
-111 80 0.12329 0.115887205417	30
-109.5 80 0.120308536585 0.0825229787695	82
-108 80 0.054925 0.0866545000777	44
-106.5 80 0.116782857143 0.135066348588	35
-105 80 0.255471428571 0.175558668663	21
-103.5 80 0.185011764706 0.11316225246	68
-102 80 0.22055 0.125028766023	46
-69 80 0.122270588235 0.123528659451	17
-15 80 0.0057 0.137013108862	6
-13.5 80 0.390663492063 0.156184071822	63
-12 80 0.146525 0.16924009326	4
-10.5 80 0.229 NaN	1
-9 80 0.108744444444 0.173719746367	9
-7.5 80 -0.0797 NaN	1
-6 80 0.224977777778 0.117240720468	18
-4.5 80 0.28955 0.0275064537882	2
-3 80 0.214205882353 0.133961120622	17
-1.5 80 0.0343 NaN	1
49.5 80 0.2024 NaN	1
52.5 80 0.3136 NaN	1
63 80 7.5e-05 0.0976945366947	4
66 80 0.2616 NaN	1
67.5 80 0.153 NaN	1
69 80 0.11005 0.0603162084352	2
76.5 80 0.31485 0.0535279833358	2
78 80 0.157416666667 0.0972396918273	6
81 80 -0.04338 0.0844410563648	5
84 80 0.00156 0.104973660188	10
85.5 80 0.142118181818 0.145840294968	11
87 80 0.160064285714 0.0998316706889	14
88.5 80 0.127101818182 0.108615489808	55
90 80 0.0307166666667 0.100777049305	6
102 80 0.2591 NaN	1
103.5 80 0.128465384615 0.119874747774	26
105 80 0.280772222222 0.0587210334654	18
106.5 80 0.110943333333 0.102890473013	30
108 80 0.22706 0.156301129235	5
109.5 80 0.138692307692 0.0917808691311	26
111 80 0.184965384615 0.119904658599	26
112.5 80 0.1584 0.069568759567	14
114 80 0.137525 0.129404208458	4
115.5 80 0.2254 NaN	1
117 80 -0.0138 0.0455639111578	3
118.5 80 0.12305 0.150266599749	6
120 80 0.128616666667 0.126421492107	6
121.5 80 0.2519 0.0314443158615	5
123 80 0.154816666667 0.0710260287832	18
124.5 80 0.156788888889 0.0981141165647	18
126 80 0.164475 0.0664031595108	44
127.5 80 0.18835 0.0328906775039	4
132 80 0.2374 NaN	1
133.5 80 0.175167857143 0.0871906810072	28
135 80 0.155875 0.0868596622205	20
136.5 80 0.158490909091 0.0881559922015	22
138 80 0.189290909091 0.115863440779	11
139.5 80 0.0782 0.0128693434176	2
141 80 0.23005 0.0153442171517	2
145.5 80 0.15805 0.0651245345473	2
148.5 80 0.32352 0.0217158237237	5
169.5 80 0.3234 NaN	1
171 80 0.0464333333333 0.117869617233	6
172.5 80 0.153770833333 0.0785577797834	24
174 80 0.1436 0.0652793037647	9
175.5 80 0.0485 0.128000953121	6
177 80 0.216166666667 0.0644983979129	3
-180 79.5 -0.0124666666667 0.0553463037007	3
-177 79.5 0.223766666667 0.0562544432108	15
-175.5 79.5 0.185068965517 0.0911456217248	29
-174 79.5 0.192175 0.0654400132437	16
-172.5 79.5 0.220087179487 0.0795952398057	39
-171 79.5 0.259275 0.036593540917	20
-169.5 79.5 0.31830625 0.0752517859699	16
-168 79.5 0.328016666667 0.0710094758935	6
-166.5 79.5 0.272633333333 0.0677383420856	30
-165 79.5 0.248862295082 0.0992083164591	61
-163.5 79.5 0.255488636364 0.0791476665713	44
-162 79.5 0.175680952381 0.10298742106	42
-160.5 79.5 0.205841176471 0.0904454469312	51
-159 79.5 0.229188888889 0.105761619959	27
-157.5 79.5 0.171644827586 0.119264931938	29
-156 79.5 0.217515 0.0888619288263	20
-154.5 79.5 0.212677777778 0.135474312858	9
-153 79.5 0.177090909091 0.0847705666919	33
-151.5 79.5 0.168822222222 0.124349062901	9
-150 79.5 0.18978 0.0890495223377	15
-148.5 79.5 0.188648979592 0.0938833942595	49
-147 79.5 0.185811764706 0.158915173451	17
-145.5 79.5 0.169883333333 0.0948351184792	12
-144 79.5 0.179892307692 0.0754186477994	13
-142.5 79.5 0.181382926829 0.0774912411258	41
-141 79.5 0.098 0.137850305283	22
-139.5 79.5 0.200535 0.0998135275876	20
-138 79.5 0.0883647058824 0.120345907394	17
-136.5 79.5 0.195734482759 0.0918466201099	29
-135 79.5 0.130352380952 0.166070712707	21
-133.5 79.5 0.1985 0.116067868077	15
-132 79.5 0.188642857143 0.152084509715	28
-130.5 79.5 0.17355 0.149096980779	32
-129 79.5 0.190288 0.0920639737719	25
-127.5 79.5 0.153698095238 0.114271500233	105
-126 79.5 0.186983673469 0.114893032003	98
-124.5 79.5 0.108689393939 0.122970110722	132
-123 79.5 0.113003030303 0.106007281861	132
-121.5 79.5 0.131988970588 0.105713541898	272
-120 79.5 0.135038864629 0.098395091165	229
-118.5 79.5 0.163670469799 0.0924875371468	149
-117 79.5 0.1098 0.102141346417	72
-115.5 79.5 0.117005 0.103146626493	80
-114 79.5 0.121309392265 0.103852459288	181
-112.5 79.5 0.129501714286 0.0998773888983	175
-111 79.5 0.109518238994 0.0977979490708	159
-109.5 79.5 0.1390875 0.13328842848	16
-108 79.5 0.00573846153846 0.0998091891099	13
-106.5 79.5 0.1592 0.107047221291	30
-105 79.5 0.22708 0.0855491515641	10
-103.5 79.5 0.264274285714 0.125053838624	35
-102 79.5 0.255133333333 0.117419903805	15
-100.5 79.5 0.266016666667 0.106666066144	6
-97.5 79.5 0.170133333333 0.109895056	3
-70.5 79.5 0.207766666667 0.115887480321	15
-69 79.5 0.177552631579 0.144176613793	19
-13.5 79.5 0.327241666667 0.0709750796306	36
-12 79.5 0.24645 0.129191986336	16
-10.5 79.5 0.175965217391 0.131940491437	23
-9 79.5 0.251716666667 0.156711025989	6
-7.5 79.5 0.0675666666667 0.221630443156	3
-6 79.5 0.246452777778 0.133700200846	36
-4.5 79.5 0.153256 0.174963748817	25
-3 79.5 0.216560526316 0.107940372778	38
-1.5 79.5 0.095175 0.222529359486	4
36 79.5 -0.05094 0.0653290746911	5
37.5 79.5 0.168206451613 0.0698053672028	31
39 79.5 0.1543 NaN	1
40.5 79.5 0.3347 NaN	1
48 79.5 0.183914285714 0.114476472942	14
58.5 79.5 0.1509 0.100804001243	7
60 79.5 0.3826 NaN	1
61.5 79.5 0.105622222222 0.10763179366	18
63 79.5 0.045125 0.179446082685	12
81 79.5 0.07996 0.111144289102	5
84 79.5 0.125605882353 0.112675665466	17
85.5 79.5 0.0483285714286 0.171431810684	7
87 79.5 0.15065862069 0.156873674194	29
88.5 79.5 0.142967741935 0.136612513793	31
90 79.5 0.0224875 0.114118965965	8
103.5 79.5 0.0997666666667 0.107135216743	6
105 79.5 0.1089 0.210203330135	3
106.5 79.5 0.176316666667 0.125733995668	6
108 79.5 0.194657575758 0.128301875547	33
109.5 79.5 0.190106976744 0.10190981633	43
111 79.5 0.0576 NaN	1
112.5 79.5 0.00842 0.072160910471	5
114 79.5 0.0664133333333 0.0939415841792	15
115.5 79.5 0.22194 0.0561680781227	5
117 79.5 0.176385714286 0.100531058019	14
120 79.5 0.23374 0.0266503846126	5
121.5 79.5 0.25404 0.0713183504514	10
123 79.5 0.3604 NaN	1
124.5 79.5 0.167708333333 0.104784032947	12
126 79.5 -0.0635 NaN	1
127.5 79.5 0.2161 0.0151320851174	2
129 79.5 0.25331 0.113913558358	10
130.5 79.5 0.170345454545 0.106050481976	11
133.5 79.5 0.205142857143 0.0756319345502	7
135 79.5 0.203415384615 0.0929760170344	13
136.5 79.5 0.1688 0.0678428740219	10
138 79.5 0.168125 0.0360519367421	8
139.5 79.5 0.1667 0.109890650194	5
141 79.5 0.0941 0.0854764294996	4
147 79.5 0.116225 0.0764943648718	8
156 79.5 0.2199 NaN	1
163.5 79.5 0.2237 NaN	1
169.5 79.5 0.1412 NaN	1
171 79.5 0.14595 0.119793596299	8
172.5 79.5 0.2464 NaN	1
174 79.5 0.0948666666667 0.133755348803	3
175.5 79.5 0.0762714285714 0.154075768312	7
177 79.5 0.19735 0.174553993557	4
178.5 79.5 0.218183333333 0.0994708483259	6
-180 79 0.16272 0.201025314326	5
-178.5 79 0.245676923077 0.105510640489	13
-177 79 0.2187 0.056118832252	13
-175.5 79 0.178463888889 0.0787243950311	36
-174 79 0.231868181818 0.0630105613699	22
-172.5 79 0.211127272727 0.0661173213449	11
-171 79 0.20766 0.0386212117883	5
-169.5 79 0.220607142857 0.0539238703285	14
-168 79 0.223786666667 0.0837800084121	15
-166.5 79 0.293666666667 0.0629249023307	3
-165 79 0.212988235294 0.0873950004459	17
-163.5 79 0.185221568627 0.138651592582	51
-162 79 0.2424 0.110481321951	9
-160.5 79 0.250523076923 0.0837492701843	13
-159 79 0.167879166667 0.120064565888	24
-157.5 79 0.183796 0.0792096820681	25
-156 79 0.193158064516 0.066328806081	31
-154.5 79 0.240375 0.0985966632295	16
-153 79 0.12915 0.110572702922	20
-151.5 79 0.159385714286 0.0807256234768	21
-150 79 0.164770588235 0.0678110312256	17
-148.5 79 0.160834375 0.0972787468397	32
-147 79 0.206631428571 0.0890279921988	35
-145.5 79 0.2182 0.122306418474	11
-144 79 0.228183333333 0.0565134821672	6
-142.5 79 0.124182857143 0.129301036085	35
-141 79 0.170880952381 0.131128295468	42
-139.5 79 0.1545 0.114692719908	2
-138 79 0.13166 0.129120299205	25
-136.5 79 0.114293333333 0.108193552403	30
-135 79 0.14113902439 0.129685554088	41
-133.5 79 0.168786666667 0.1546351922	15
-132 79 0.202889473684 0.107298301192	19
-130.5 79 0.207434090909 0.114965337432	44
-129 79 0.169155737705 0.115225938232	61
-127.5 79 0.129098181818 0.133977666037	55
-126 79 0.129888695652 0.127193111756	115
-124.5 79 0.0930849056604 0.101139398084	53
-123 79 0.0819636363636 0.0964825663162	99
-121.5 79 0.109507017544 0.101706054871	171
-120 79 0.129318721461 0.104876181981	219
-118.5 79 0.1575834375 0.102008599463	320
-117 79 0.130079338843 0.118080099168	121
-115.5 79 0.086136036036 0.0818693624488	111
-114 79 0.09792375 0.0985857876677	80
-112.5 79 0.167872222222 0.0787902860955	18
-111 79 0.165883050847 0.0854607374109	59
-109.5 79 0.0937189655172 0.105699048871	58
-108 79 0.0602891891892 0.132307298557	74
-100.5 79 0.315266666667 0.0895651866892	6
-99 79 0.2055 0.0852781722756	4
-73.5 79 -0.03142 0.0821164538932	5
-72 79 0.15355 0.18830253583	2
-13.5 79 0.802227272727 0.0979580021326	11
-12 79 0.119642857143 0.115886939977	7
-10.5 79 0.156455555556 0.136614869668	18
-9 79 0.141151851852 0.136903108271	27
-7.5 79 0.081 NaN	1
-6 79 0.12533 0.159308359619	10
-3 79 0.231433333333 0.0634945929456	3
-1.5 79 0.1747125 0.0918355897009	8
24 79 0.0606068965517 0.100890247763	29
51 79 0.1628 NaN	1
57 79 0.214057142857 0.0562622981265	7
58.5 79 0.209085714286 0.11537166649	7
60 79 0.235433333333 0.0146773067466	3
63 79 0.0935857142857 0.0933896394784	7
70.5 79 0.0316 0.0366281312655	2
82.5 79 0.1576 0.023508083716	3
84 79 0.0963666666667 0.0823835413101	12
85.5 79 0.0962416666667 0.127208364922	12
87 79 0.111714285714 0.153747764747	14
88.5 79 0.1932 0.0438168346643	5
90 79 0.182957692308 0.109069712095	52
91.5 79 0.203008823529 0.102036304243	68
93 79 0.0493538461538 0.11228791576	13
108 79 0.162916666667 0.089567280112	6
109.5 79 0.196333333333 0.173159589204	3
111 79 0.154644444444 0.160768436821	9
112.5 79 0.12631 0.115465448897	10
114 79 -0.1877 NaN	1
115.5 79 0.12035 0.13693427864	4
117 79 0.01925 0.089656325302	4
118.5 79 0.229333333333 0.0225881237232	3
123 79 0.16576 0.0576231550681	5
127.5 79 0.320966666667 0.0948523238162	3
129 79 0.1101875 0.0639645981886	8
130.5 79 0.289775 0.0423146293514	8
132 79 0.223025 0.0270911270837	4
133.5 79 0.119775 0.108415833505	12
135 79 0.222433333333 0.0751592087948	6
136.5 79 0.3109 NaN	1
138 79 0.173766666667 0.0326032718195	3
139.5 79 0.240517391304 0.0933464643737	23
141 79 0.2488 0.104877261597	3
142.5 79 0.22068 0.0685960244579	15
145.5 79 0.19315 0.0567798379709	4
147 79 0.25315 0.00784888527117	2
148.5 79 0.3234 NaN	1
169.5 79 -0.0078 NaN	1
171 79 0.10502 0.172482874512	5
178.5 79 0.20073 0.112952783154	10
-180 78.5 0.165372727273 0.102888241222	11
-178.5 78.5 0.2139 0.0635636930718	14
-177 78.5 0.210769565217 0.0778053715999	23
-175.5 78.5 0.156858333333 0.0458356244606	12
-174 78.5 0.25038125 0.0548953576513	16
-172.5 78.5 0.21182 0.0305758401356	5
-171 78.5 0.2064 0.0676905212468	4
-169.5 78.5 0.17285 0.0923296168526	28
-168 78.5 0.0311 NaN	1
-166.5 78.5 0.2354 0.119395602934	3
-165 78.5 0.2526 0.0733435068701	5
-163.5 78.5 0.226095 0.131215706196	20
-162 78.5 0.205925 0.178918293736	4
-160.5 78.5 0.2071875 0.105525642618	8
-159 78.5 0.230853846154 0.0433896227107	13
-157.5 78.5 0.19106 0.121093422023	15
-156 78.5 0.1344 NaN	1
-154.5 78.5 0.123884615385 0.0883173996273	13
-153 78.5 0.145533333333 0.0932134253564	6
-151.5 78.5 0.210488888889 0.0729925586009	9
-150 78.5 0.178666666667 0.0207810811397	3
-148.5 78.5 0.162633333333 0.0680607326829	3
-147 78.5 0.24749 0.0647777244039	20
-145.5 78.5 0.16014516129 0.0821669878508	31
-144 78.5 0.0893533333333 0.152110950421	15
-142.5 78.5 0.132563157895 0.130300452845	19
-141 78.5 0.165602777778 0.107223700701	36
-139.5 78.5 0.188874193548 0.0824364115307	62
-136.5 78.5 0.10705 0.15245300626	18
-135 78.5 0.157914285714 0.112821472965	7
-133.5 78.5 0.16771 0.102486806197	10
-132 78.5 0.18241 0.138018641656	10
-130.5 78.5 0.180219047619 0.0910848813967	21
-129 78.5 0.130016666667 0.136486720966	18
-127.5 78.5 0.1584 0.110303165961	39
-126 78.5 0.0943063291139 0.142489698541	79
-124.5 78.5 0.0827879310345 0.105698691385	58
-123 78.5 0.0967822033898 0.1064760385	118
-121.5 78.5 0.123286390533 0.111316242951	169
-120 78.5 0.10740726257 0.103956408879	179
-118.5 78.5 0.124636216216 0.10358969825	185
-117 78.5 0.145463346614 0.107225698464	251
-115.5 78.5 0.162544776119 0.128725268038	67
-114 78.5 0.209328571429 0.0332540079933	7
-15 78.5 0.385125 0.157433315766	24
-13.5 78.5 0.5363375 0.110524452046	16
-12 78.5 0.157388461538 0.0875101289082	26
-10.5 78.5 0.156358333333 0.122156787913	12
-9 78.5 0.21506 0.140845362011	35
-7.5 78.5 0.143066666667 0.129828588458	15
-6 78.5 0.151546153846 0.205894708591	13
-4.5 78.5 0.179 NaN	1
79.5 78.5 0.07055 0.0224152849636	2
84 78.5 0.0164 NaN	1
85.5 78.5 0.19123 0.050588537349	10
87 78.5 0.06244 0.111295351017	20
88.5 78.5 0.160143478261 0.13549235747	23
90 78.5 0.144545454545 0.153839529032	22
91.5 78.5 0.208427777778 0.0821587961072	36
93 78.5 0.22249 0.0893895710572	30
94.5 78.5 0.140513043478 0.120663714906	23
96 78.5 0.2263 0.0951753644595	67
97.5 78.5 0.158822413793 0.0888929970662	58
99 78.5 0.0724916666667 0.0703225356138	12
109.5 78.5 0.183925 0.0886686105677	4
111 78.5 0.2218125 0.0810729554608	8
112.5 78.5 0.11204 0.107650118439	5
114 78.5 0.12195 0.0545272325624	12
115.5 78.5 0.181361538462 0.100421192472	13
117 78.5 0.05464 0.165886898217	5
121.5 78.5 0.2992 NaN	1
126 78.5 0.0938 0.127376502281	4
127.5 78.5 0.1757 0.0659023520066	2
135 78.5 0.125271428571 0.140213583677	7
136.5 78.5 0.0493 0.0840500446163	3
139.5 78.5 0.135916666667 0.11566723679	6
141 78.5 0.0933 NaN	1
142.5 78.5 0.286133333333 0.0299032328241	3
145.5 78.5 0.190206666667 0.0682898388872	15
147 78.5 0.192425 0.0827168276195	8
171 78.5 0.171066666667 0.116551033171	3
172.5 78.5 0.25785 0.0942573339322	2
174 78.5 0.14 0.036345288553	2
177 78.5 0.17205 0.127972709144	8
178.5 78.5 0.1465875 0.0796318016457	16
-180 78 0.1925 0.0900967428763	27
-178.5 78 0.165133333333 0.117036974215	3
-177 78 0.21131875 0.0431223255209	16
-175.5 78 0.205704347826 0.105069407702	23
-174 78 0.1950375 0.0607024108135	8
-172.5 78 0.173735714286 0.0710382411332	14
-171 78 0.137585714286 0.111058144359	7
-166.5 78 0.147185714286 0.0849965325731	14
-165 78 0.228664285714 0.0796827904124	14
-163.5 78 0.186617647059 0.0817986111992	17
-162 78 0.193085 0.0979658387022	20
-160.5 78 0.160783333333 0.0340566244168	6
-159 78 0.1408375 0.122246448239	8
-157.5 78 0.210916666667 0.126749255093	6
-153 78 0.25492 0.137260804473	10
-150 78 0.272 0.03670303121	9
-148.5 78 0.198369230769 0.0737930482794	13
-147 78 0.191016666667 0.0976486995787	18
-145.5 78 0.143571428571 0.0927647151721	7
-144 78 0.209771428571 0.10305624262	21
-142.5 78 0.133557142857 0.12460392679	21
-141 78 0.14652 0.143110195304	20
-139.5 78 0.092225 0.0537353003155	4
-138 78 0.0185714285714 0.109209702168	7
-136.5 78 0.166525 0.0728071964653	8
-135 78 0.2134 0.174376861997	5
-133.5 78 0.06112 0.0988484041348	5
-132 78 0.20466 0.0873956406235	5
-130.5 78 0.02385 0.217718177927	2
-129 78 0.112861904762 0.15198494161	21
-127.5 78 0.164968888889 0.141174435656	45
-126 78 0.145227118644 0.135907879336	59
-124.5 78 0.161248235294 0.133263588257	85
-123 78 0.107126724138 0.100665074776	116
-121.5 78 0.112406578947 0.0968744332773	76
-120 78 0.152127433628 0.0952778842272	113
-118.5 78 0.18905 0.142379504097	92
-117 78 0.17744084507 0.121529740719	71
-115.5 78 0.16428 0.117917543224	5
-16.5 78 -0.10645 0.122965869248	2
-15 78 0.15248 0.120269810961	15
-13.5 78 0.1698625 0.0971882357421	16
-12 78 0.14594 0.193788371684	5
-10.5 78 0.208438461538 0.0863802402025	13
-9 78 0.219631428571 0.0977648793292	35
-7.5 78 0.238510344828 0.128652647924	29
-6 78 0.19485 0.191555227023	2
84 78 0.25562 0.0299636780119	5
85.5 78 0.129008333333 0.132547833276	12
87 78 0.105282352941 0.138203980746	17
88.5 78 0.0393741935484 0.130402949782	31
90 78 0.223576470588 0.0955351626804	34
91.5 78 0.229173333333 0.102441720802	30
93 78 0.210894871795 0.084338106979	39
94.5 78 0.196396969697 0.0757923911289	33
96 78 0.180544117647 0.0907898846027	34
97.5 78 0.199976666667 0.0999861013905	30
111 78 0.0219 0.104780639549	34
112.5 78 0.0873181818182 0.0990159665729	11
114 78 0.243525 0.0918703395319	8
117 78 0.0098 0.251588592746	2
118.5 78 0.28805 0.0150613744393	2
121.5 78 0.05355 0.134703841816	2
124.5 78 0.141983333333 0.119562961099	6
126 78 0.175633333333 0.210695095656	3
135 78 0.2256 NaN	1
136.5 78 0.25145 0.165816540188	2
139.5 78 0.1677 NaN	1
141 78 0.182833333333 0.0989311039731	3
144 78 0.23378 0.0444211323584	5
169.5 78 0.28325 0.0948230193571	2
172.5 78 -0.0142 NaN	1
174 78 0.0801166666667 0.184503088502	6
175.5 78 0.195113333333 0.0918898942576	15
177 78 0.1999 0.0862473493109	20
178.5 78 0.198861904762 0.0785347151022	21
-180 77.5 0.210629268293 0.0696105388713	41
-178.5 77.5 0.3403 NaN	1
-177 77.5 0.201628125 0.104970902986	32
-175.5 77.5 0.2065 0.0805307456814	21
-174 77.5 0.174526923077 0.0860199444673	26
-172.5 77.5 0.252208333333 0.0593237260268	12
-171 77.5 0.171308333333 0.097685054764	12
-169.5 77.5 0.14362 0.078985232797	5
-168 77.5 0.22745 0.0609262122024	4
-166.5 77.5 0.183333333333 0.0534655278349	6
-165 77.5 0.120058064516 0.113293929741	31
-163.5 77.5 0.194083333333 0.107581493142	6
-162 77.5 0.153509090909 0.110199205574	11
-160.5 77.5 0.199825 0.0891819807014	12
-159 77.5 0.170933333333 0.0355410560713	6
-156 77.5 0.3217 NaN	1
-154.5 77.5 0.3392 NaN	1
-153 77.5 0.0608666666667 0.118118429271	3
-151.5 77.5 0.233225 0.11945380159	8
-148.5 77.5 0.24908 0.0885802856171	5
-147 77.5 0.19854375 0.121309774098	16
-145.5 77.5 0.176085714286 0.116493754176	7
-144 77.5 0.253483333333 0.0905653447333	6
-142.5 77.5 0.157233333333 0.0657849780218	3
-139.5 77.5 0.2276 0.142276913096	3
-136.5 77.5 0.1212 NaN	1
-135 77.5 0.19375 0.0897225246444	8
-133.5 77.5 0.06266 0.155899171119	10
-132 77.5 0.161869230769 0.118295111545	26
-130.5 77.5 0.2024 0.135113655861	4
-129 77.5 0.093975 0.0437669110173	4
-127.5 77.5 0.10490625 0.148007555973	16
-126 77.5 0.139108 0.122862729114	75
-124.5 77.5 0.127618095238 0.128783561556	105
-123 77.5 0.180241414141 0.110535763914	99
-121.5 77.5 0.127036956522 0.126280643081	92
-120 77.5 0.1472 0.152020125657	44
-118.5 77.5 0.222872727273 0.091728262721	11
-102 77.5 0.136228571429 0.101528037413	7
-15 77.5 0.227885714286 0.117929978293	14
-13.5 77.5 0.15815 0.148257138108	6
-12 77.5 0.172462745098 0.131802084901	51
-10.5 77.5 0.188541666667 0.0913919676034	12
-9 77.5 0.264224 0.127289734681	50
-7.5 77.5 0.2519 0.117525941002	48
-6 77.5 0.0661 NaN	1
78 77.5 0.14145 0.0423104596997	6
85.5 77.5 0.0594833333333 0.0915616386194	6
87 77.5 0.00736428571429 0.106750824116	42
90 77.5 0.259175 0.0926196708368	28
91.5 77.5 0.182628571429 0.0698702539065	7
93 77.5 0.249245454545 0.0801849532473	11
94.5 77.5 0.240607246377 0.0878825290789	69
96 77.5 0.229265753425 0.1167006227	73
97.5 77.5 0.21612 0.0757471950342	55
99 77.5 0.129110526316 0.0976902923344	19
100.5 77.5 0.13345 0.117963388003	12
108 77.5 0.1268 NaN	1
109.5 77.5 0.1497 0.170636543566	11
118.5 77.5 0.18614 0.0765350442608	5
120 77.5 0.2255 0.158208108877	8
124.5 77.5 0.2502 0.0271529003976	2
129 77.5 0.2763 NaN	1
130.5 77.5 0.178975 0.104000364583	4
138 77.5 0.2351 NaN	1
168 77.5 0.175066666667 0.112381241021	3
174 77.5 -0.1719 NaN	1
175.5 77.5 0.2434 0.0810613759238	4
177 77.5 0.17516875 0.111243263279	16
178.5 77.5 0.3065 0.081034437124	2
-180 77 0.1816 0.0486489465456	2
-178.5 77 0.1720875 0.110442440568	8
-177 77 0.148636363636 0.131142100584	11
-175.5 77 0.101478571429 0.122319739765	14
-174 77 0.13842 0.101559155176	5
-172.5 77 0.106541666667 0.120302244053	12
-171 77 0.197911864407 0.0854845016902	59
-169.5 77 0.246285714286 0.0912463228222	7
-168 77 0.195283333333 0.0785846401447	6
-166.5 77 0.186177777778 0.121968180049	9
-165 77 0.116408333333 0.160196053571	24
-163.5 77 0.213825 0.183530276794	4
-162 77 0.0674 0.0629325035256	2
-160.5 77 0.0894 NaN	1
-159 77 -0.0133833333333 0.15265535584	6
-157.5 77 0.22645 0.0820950972958	2
-156 77 0.2618 NaN	1
-154.5 77 0.3044 0.0689867136967	4
-153 77 0.3032 NaN	1
-151.5 77 0.202672727273 0.064324382483	11
-148.5 77 0.2507 0.13944145725	2
-147 77 0.1864 NaN	1
-145.5 77 0.0185666666667 0.0939473434075	3
-144 77 0.13725 0.0075660425587	2
-142.5 77 0.18375 0.0341532575313	2
-138 77 0.1803 0.0586898628385	2
-136.5 77 0.321125 0.0789341656065	4
-135 77 0.067875 0.220521811091	4
-133.5 77 0.120766666667 0.146847086	15
-132 77 0.0890333333333 0.129643052943	18
-130.5 77 0.179657142857 0.139225972536	28
-129 77 0.137075 0.152591404445	20
-127.5 77 0.107834782609 0.117281682225	46
-126 77 0.126490123457 0.120638164157	81
-124.5 77 0.136608974359 0.128691029552	78
-123 77 0.171381707317 0.117320463444	82
-121.5 77 0.116148780488 0.097048119822	41
-76.5 77 0.11416 0.214996053452	5
-16.5 77 0.287 0.145505967804	7
-15 77 0.234225 0.133711303436	16
-13.5 77 0.358954545455 0.107638565242	11
-12 77 0.202155555556 0.0678050166122	9
-10.5 77 0.2650625 0.100474971197	24
-9 77 0.182592857143 0.0994657456637	14
-7.5 77 0.273055555556 0.0882054172998	27
-6 77 0.0783333333333 0.0853559527313	6
78 77 0.26775 0.154785674402	2
79.5 77 0.285327272727 0.0701253176332	22
81 77 0.183955555556 0.167596908655	18
82.5 77 0.146138461538 0.188868439831	13
85.5 77 0.14175 0.148209197972	12
87 77 0.133766666667 0.136887242914	45
88.5 77 0.33656 0.0208711044269	5
90 77 0.102011111111 0.0973082787388	9
91.5 77 0.119217647059 0.135017328681	17
93 77 0.234438461538 0.0954158576833	13
94.5 77 0.190875862069 0.100887793595	29
99 77 0.0689 0.0763858134734	9
109.5 77 0.0804 0.0692147094193	6
114 77 0.02065 0.171662197353	4
118.5 77 0.2295 NaN	1
120 77 0.3517 NaN	1
121.5 77 0.21274 0.146270325083	5
123 77 0.2148 NaN	1
129 77 0.2063 NaN	1
156 77 0.217766666667 0.0277691075358	3
159 77 0.0157 NaN	1
163.5 77 0.1424 0.106975464477	3
165 77 0.2744 NaN	1
172.5 77 0.195688888889 0.0789616591208	9
174 77 0.1079 NaN	1
175.5 77 0.199466666667 0.0515434121235	3
177 77 0.169225 0.0885635163517	8
178.5 77 -0.0484 NaN	1
-180 76.5 0.0927166666667 0.0518007496728	6
-178.5 76.5 0.114466666667 0.0524742158906	3
-177 76.5 0.123792307692 0.136601806498	26
-175.5 76.5 0.1928 0.11444987986	9
-174 76.5 0.208577272727 0.104107467057	22
-172.5 76.5 0.0992571428571 0.118925030406	7
-171 76.5 0.128704166667 0.0902536352594	24
-169.5 76.5 0.011725 0.192263957014	4
-168 76.5 0.1555 0.141359046403	19
-166.5 76.5 0.16414 0.102755695706	5
-165 76.5 0.257833333333 0.0538752571533	3
-162 76.5 0.20415 0.0324130117905	4
-160.5 76.5 0.1657 NaN	1
-157.5 76.5 0.0866 0.0981761172587	5
-156 76.5 0.1732 NaN	1
-154.5 76.5 0.1157 NaN	1
-153 76.5 0.1905 0.0702333254232	4
-151.5 76.5 0.1691 NaN	1
-150 76.5 0.2421375 0.0326779933594	8
-148.5 76.5 0.303 0.019657568517	2
-147 76.5 0.0493 0.0849631979153	5
-144 76.5 0.01135 0.144744758109	2
-142.5 76.5 0.1085 NaN	1
-139.5 76.5 0.2107 NaN	1
-138 76.5 0.1081875 0.0810495163906	8
-135 76.5 0.12826 0.119609920157	5
-133.5 76.5 0.2524 0.121198102295	2
-132 76.5 0.0583 NaN	1
-130.5 76.5 0.140652941176 0.155088370444	17
-129 76.5 0.102777777778 0.171647391313	9
-127.5 76.5 0.150571428571 0.111228359617	35
-126 76.5 0.1302875 0.110122815529	16
-124.5 76.5 0.163644444444 0.125039252905	63
-123 76.5 0.143310526316 0.154695948718	19
-76.5 76.5 0.22416 0.159818523471	10
-16.5 76.5 0.2023 NaN	1
-15 76.5 0.319825 0.0943850049884	4
-13.5 76.5 0.252797058824 0.107397219323	34
-12 76.5 0.187828571429 0.166850146624	14
-10.5 76.5 0.238695 0.122474613803	20
-9 76.5 0.33835 0.0757311362651	2
-7.5 76.5 0.2346875 0.160515833109	8
78 76.5 0.258261538462 0.0874247346623	13
79.5 76.5 0.180136170213 0.107620162216	47
81 76.5 0.161948148148 0.0891803417902	27
84 76.5 0.200772727273 0.102534590172	11
85.5 76.5 0.188053731343 0.107099191249	67
87 76.5 0.159875925926 0.08997849415	54
88.5 76.5 0.187738235294 0.124924384438	34
90 76.5 0.210059375 0.0807038107562	32
91.5 76.5 0.1557 0.0817885077502	15
93 76.5 0.218406666667 0.0548036946964	15
115.5 76.5 0.144076923077 0.0924088213127	13
117 76.5 0.08256 0.112807105273	5
118.5 76.5 0.193725 0.134757198324	4
121.5 76.5 0.1385 0.11313708499	2
127.5 76.5 -0.09455 0.0266579256507	2
139.5 76.5 0.159557142857 0.0768980246201	7
142.5 76.5 0.3149 NaN	1
154.5 76.5 0.167633333333 0.117686971808	3
160.5 76.5 0.339433333333 0.018909873964	3
162 76.5 0.3202 0.106914545315	2
163.5 76.5 0.0443 NaN	1
168 76.5 0.20029 0.0952952890289	10
172.5 76.5 0.173 NaN	1
174 76.5 0.16108 0.0898984216893	10
175.5 76.5 0.1869 0.0530307727376	8
177 76.5 0.080025 0.0424262791989	4
178.5 76.5 0.2049 0.0577665127907	3
-180 76 -0.0574 NaN	1
-178.5 76 0.2232 0.138441828939	4
-177 76 0.1083875 0.225384518656	8
-175.5 76 0.3725 NaN	1
-174 76 0.218121052632 0.122864471761	19
-172.5 76 0.143422222222 0.106878735879	18
-171 76 0.142963157895 0.150703200624	19
-169.5 76 0.113061538462 0.15307154394	13
-168 76 0.142635135135 0.139330343302	37
-166.5 76 0.138717647059 0.140397116402	17
-165 76 0.24115 0.0335875721064	2
-163.5 76 0.1434 NaN	1
-162 76 0.119075 0.112743436616	4
-160.5 76 0.230133333333 0.116295077282	9
-159 76 0.132633333333 0.143294790449	12
-157.5 76 0.23504 0.090881752844	5
-156 76 0.1464 0.107362842734	4
-154.5 76 0.2532 NaN	1
-151.5 76 0.1564 NaN	1
-145.5 76 0.2031 0.106253846989	3
-144 76 0.14575 0.0453914419247	6
-142.5 76 0.2929 0.0882469262921	2
-141 76 0.239471428571 0.0755572788085	7
-139.5 76 0.136775 0.0781471094429	8
-138 76 0.214575 0.0465286560448	4
-136.5 76 0.12649 0.140580743505	10
-135 76 0.10675 0.0638517423411	2
-133.5 76 0.1223375 0.175215946287	16
-132 76 0.231425 0.146395196545	8
-130.5 76 0.132862790698 0.131547733548	43
-129 76 0.144794827586 0.131725886867	58
-127.5 76 0.13770621118 0.107646164405	161
-126 76 0.140751612903 0.1208731658	62
-124.5 76 0.149767741935 0.124361771691	31
-72 76 0.108975 0.0556779395681	12
-70.5 76 0.149426315789 0.102353938436	19
-69 76 0.333333333333 0.0436589433373	3
-16.5 76 0.214833333333 0.089942277786	3
-15 76 0.1784 0.104771783733	4
-13.5 76 0.20293125 0.0866746692619	16
-12 76 0.11755 0.0878933729015	2
-9 76 -0.0430666666667 0.113953868923	12
-7.5 76 0.2415 0.118798821543	7
75 76 0.1591625 0.0928353833022	8
76.5 76 0.0862555555556 0.102710638581	9
78 76 0.178275 0.0970202373302	32
79.5 76 0.171244117647 0.137828692951	34
81 76 0.186733333333 0.120551692923	6
85.5 76 0.2788 0.11232639939	4
87 76 0.2119625 0.0854931410504	16
88.5 76 0.01435 0.301298199464	2
90 76 0.12264 0.0803703179041	5
91.5 76 0.213268181818 0.0817290085842	22
118.5 76 0.115116666667 0.0886685382008	6
120 76 0.2188 NaN	1
121.5 76 0.25785 0.0116672618896	2
124.5 76 0.2469 NaN	1
133.5 76 0.0412 NaN	1
136.5 76 0.244066666667 0.00514716750586	3
160.5 76 0.2601 NaN	1
165 76 0.09005 0.0590434162291	2
168 76 0.28265 0.164402326626	2
171 76 0.315 NaN	1
172.5 76 0.27665 0.00883883476483	2
174 76 0.222 NaN	1
175.5 76 0.09651 0.148545424777	10
177 76 0.07298 0.0674154416864	10
178.5 76 0.0255 NaN	1
-177 75.5 0.101528571429 0.100859551098	7
-175.5 75.5 0.24465 0.150059310496	4
-174 75.5 0.0997777777778 0.103556769187	9
-172.5 75.5 0.0913 NaN	1
-171 75.5 0.1497 0.08357086813	3
-169.5 75.5 0.184563333333 0.106946688244	30
-168 75.5 0.141754545455 0.0904068842914	11
-165 75.5 0.0594125 0.148276184751	8
-163.5 75.5 -0.0202666666667 0.0729024736663	6
-162 75.5 0.2014625 0.111337581096	8
-160.5 75.5 0.00216666666667 0.20396265181	3
-159 75.5 0.124375 0.124642514531	8
-157.5 75.5 0.187025 0.116119959525	8
-156 75.5 0.1898 NaN	1
-154.5 75.5 0.18745 0.020859650045	2
-153 75.5 0.237121428571 0.120578510514	14
-148.5 75.5 0.27145 0.0135057395207	2
-144 75.5 0.1728 NaN	1
-142.5 75.5 0.08214 0.111218537124	5
-141 75.5 0.232533333333 0.00770216419802	3
-136.5 75.5 0.171441666667 0.130201818576	12
-133.5 75.5 0.133128571429 0.151318821415	7
-132 75.5 0.155166666667 0.173000703274	3
-130.5 75.5 0.155237254902 0.100240704229	51
-129 75.5 0.12988172043 0.118780208008	93
-127.5 75.5 0.111290163934 0.138601205749	61
-126 75.5 0.0983482758621 0.151826486069	29
-124.5 75.5 0.08985 0.0978245316881	6
-120 75.5 0.23955 0.124521504167	2
-75 75.5 -0.0208666666667 0.0483725473108	3
-73.5 75.5 0.2043 NaN	1
-70.5 75.5 0.166125 0.0610684335105	8
-69 75.5 0.25595 0.0713470742217	2
-61.5 75.5 0.0792 NaN	1
-15 75.5 0.185128571429 0.165228127578	21
-13.5 75.5 0.40905 0.128641128726	24
-12 75.5 0.324645454545 0.14632954154	11
-10.5 75.5 0.286285714286 0.0531437493525	7
-9 75.5 -0.0565666666667 0.0720595124417	3
73.5 75.5 0.04885 0.119713178055	2
75 75.5 0.105533333333 0.0466996787998	9
76.5 75.5 0.182984615385 0.0511322932231	13
78 75.5 0.067825 0.177660357142	4
79.5 75.5 0.176372727273 0.0462466883335	11
81 75.5 0.207923076923 0.145427646121	13
84 75.5 0.153476190476 0.107266583355	21
85.5 75.5 0.206621428571 0.104367834557	14
87 75.5 0.2825625 0.080281432429	8
132 75.5 0.210472727273 0.140602767333	11
159 75.5 0.1995 NaN	1
174 75.5 0.0709 0.10008473077	4
175.5 75.5 0.22215 0.130744043841	2
177 75.5 0.2123 0.0960451456347	3
-177 75 0.0828666666667 0.108981481607	3
-175.5 75 0.23615 0.0639931636974	2
-174 75 0.20251 0.157471136332	10
-172.5 75 0.103533333333 0.16188868978	12
-171 75 0.167173684211 0.112567416058	19
-169.5 75 0.144322222222 0.141047569793	9
-168 75 0.26025 0.0222521160043	4
-166.5 75 0.18668 0.104955214258	5
-163.5 75 0.03585 0.0772583436702	10
-162 75 0.27545 0.125652875017	2
-159 75 0.167 0.067714178722	3
-157.5 75 0.0438571428571 0.167011634896	7
-154.5 75 0.184533333333 0.14376946361	6
-153 75 0.2173 NaN	1
-151.5 75 0.189266666667 0.141865335207	3
-148.5 75 0.1587 NaN	1
-145.5 75 0.0604 NaN	1
-144 75 0.17048 0.0456732087771	5
-138 75 0.28876 0.0795844394338	5
-136.5 75 0.2109 0.0511945309579	2
-135 75 0.0651 NaN	1
-133.5 75 0.16275 0.0553006961981	6
-132 75 -0.0996 NaN	1
-130.5 75 0.195890909091 0.129003973916	55
-129 75 0.0887090322581 0.115854537865	155
-127.5 75 0.0951510638298 0.120494603654	47
-126 75 0.07689375 0.153255542314	32
-124.5 75 0.177323076923 0.15500664047	13
-123 75 0.111371428571 0.153829729618	7
-121.5 75 0.1916125 0.0277131963151	8
-120 75 0.2412 NaN	1
-103.5 75 0.14336 0.114536666618	5
-73.5 75 0.179625 0.156763513885	8
-70.5 75 0.149028571429 0.164653461491	7
-16.5 75 0.248627272727 0.0935896157798	11
-15 75 0.0580333333333 0.131047665628	6
-13.5 75 0.170425 0.160559488409	12
75 75 0.1957 0.0817623874407	6
76.5 75 0.148266666667 0.0587862512271	3
78 75 0.108954545455 0.110735589253	11
79.5 75 0.21615 0.134986684529	2
81 75 0.276185714286 0.0455838578363	7
84 75 0.1135 0.0629672136909	3
85.5 75 0.172583333333 0.0963585682058	6
115.5 75 0.1725 0.111348641662	3
118.5 75 0.1982 NaN	1
123 75 0.2274 NaN	1
129 75 0.1613 NaN	1
130.5 75 0.216266666667 0.0963501081127	3
160.5 75 0.3201 NaN	1
177 75 0.10705 0.0300520382004	2
-177 74.5 0.0523 NaN	1
-174 74.5 0.192 NaN	1
-171 74.5 0.114572727273 0.081823860712	11
-169.5 74.5 0.240335294118 0.0794026600718	17
-168 74.5 0.26025 0.0354410778617	4
-166.5 74.5 0.2241 0.0533447279494	6
-165 74.5 0.17225 0.165343007109	4
-159 74.5 0.1534 NaN	1
-157.5 74.5 0.2138 NaN	1
-156 74.5 0.29615 0.0064346717088	2
-154.5 74.5 0.2122 0.0606697618258	2
-153 74.5 0.222975 0.040229456455	4
-151.5 74.5 0.18845 0.0397187403291	10
-150 74.5 0.1969 0.0319612265096	2
-142.5 74.5 0.1839 NaN	1
-136.5 74.5 0.2558 0.0798395265517	9
-135 74.5 0.110436363636 0.0929498496258	11
-133.5 74.5 -0.00155 0.00134350288425	2
-132 74.5 0.0943678571429 0.0959665144284	28
-130.5 74.5 0.13411 0.122254935968	20
-129 74.5 0.100724390244 0.113621579774	41
-127.5 74.5 0.102545652174 0.0968796772784	46
-126 74.5 0.142470588235 0.14651032713	17
-124.5 74.5 0.2268 0.0486092069468	9
-123 74.5 0.202775 0.0589673567889	4
-105 74.5 0.199546153846 0.118714879827	13
-103.5 74.5 0.0599 0.0391737156777	2
-99 74.5 0.073475 0.0258480656917	4
-76.5 74.5 0.0901666666667 0.0674348080247	3
-75 74.5 0.1492 NaN	1
-72 74.5 0.10938 0.0871786499093	5
-70.5 74.5 0.19427 0.129895556763	10
-69 74.5 0.22645 0.0772867711837	2
-18 74.5 0.3838 0.113702770415	2
-16.5 74.5 0.247767307692 0.149196640504	52
-15 74.5 0.215257575758 0.0763991207013	33
72 74.5 0.2306875 0.148852558282	8
73.5 74.5 0.328 NaN	1
76.5 74.5 0.040525 0.0931088386424	4
78 74.5 0.177791111111 0.0896582395499	45
81 74.5 0.203645454545 0.072375788267	11
82.5 74.5 0.11625 0.0922017973175	8
120 74.5 0.10895 0.0200111219076	2
121.5 74.5 0.07485 0.0135057395207	2
151.5 74.5 0.162822222222 0.0937556768652	9
-177 74 0.3105 NaN	1
-172.5 74 0.203594444444 0.0755612526927	18
-171 74 0.112571428571 0.180976119182	7
-169.5 74 0.24462 0.028875196969	5
-168 74 -0.1209 NaN	1
-165 74 0.2284 NaN	1
-144 74 0.2783 NaN	1
-138 74 0.2914 0.165344509031	7
-135 74 0.033225 0.0756631295062	4
-133.5 74 -0.1481 NaN	1
-132 74 0.110433333333 0.0833009803864	3
-130.5 74 0.0885545454545 0.146309875744	22
-129 74 0.135554545455 0.155452889093	11
-127.5 74 0.112407142857 0.135179976495	42
-126 74 0.25676 0.100915102933	5
-105 74 0.13751 0.0703357732594	10
-103.5 74 0.11776 0.144406516066	35
-102 74 0.169685714286 0.0645089783341	21
-82.5 74 0.272733333333 0.174052300569	3
-75 74 0.1535 0.0701449926937	2
-73.5 74 0.242377777778 0.0851889778343	9
-72 74 0.143492857143 0.101606470079	28
-70.5 74 0.092 0.109779825105	3
-69 74 0.174916666667 0.127255434723	6
-67.5 74 0.1828 NaN	1
-16.5 74 0.168053846154 0.127789075012	13
73.5 74 0.2193 0.075544600513	4
78 74 0.199622222222 0.0601200627448	9
79.5 74 0.102517241379 0.129837016153	29
81 74 0.136936363636 0.0543184733351	11
82.5 74 0.0503 NaN	1
120 74 0.1361 0.144108362006	2
147 74 0.0857 NaN	1
172.5 74 0.08395 0.0695085965906	2
174 74 -0.1456 0.000565685424948	2
-174 73.5 0.2276 0.0449298341862	13
-171 73.5 0.1664 0.101162147071	4
-169.5 73.5 0.21485 0.0246780266634	2
-168 73.5 0.3195 NaN	1
-153 73.5 0.2285 NaN	1
-139.5 73.5 0.327925 0.0827041464096	4
-138 73.5 0.29476 0.0515591214045	5
-136.5 73.5 0.1932125 0.0958808849935	8
-135 73.5 0.179955555556 0.17425393906	9
-133.5 73.5 0.163647058824 0.132831209236	17
-132 73.5 0.182418181818 0.181649034229	11
-130.5 73.5 0.14441 0.100335951793	10
-129 73.5 0.212585365854 0.125673027259	41
-127.5 73.5 0.1782 0.17684566314	8
-126 73.5 0.199966666667 0.121950279486	6
-103.5 73.5 0.238517073171 0.0752278934387	41
-90 73.5 0.15516 0.0562054089924	5
-75 73.5 0.121633333333 0.247358127688	3
-73.5 73.5 0.158622222222 0.156400661586	9
-18 73.5 0.272728571429 0.118892314222	7
-16.5 73.5 0.0314 NaN	1
69 73.5 0.207033333333 0.0314720908107	9
73.5 73.5 0.0412 NaN	1
121.5 73.5 0.37655 0.0480446099522	12
150 73.5 0.1742 NaN	1
151.5 73.5 0.17722 0.109126953591	5
172.5 73.5 0.0782 NaN	1
174 73.5 0.09435 0.133572470966	2
-175.5 73 0.275 NaN	1
-174 73 0.3142 NaN	1
-172.5 73 0.25885 0.0501338707861	2
-169.5 73 0.213752631579 0.0675102491677	19
-168 73 0.276944444444 0.0332741769195	18
-163.5 73 0.138828571429 0.0302398034763	7
-159 73 0.10705 0.026799347007	2
-157.5 73 0.0732 0.194878628895	2
-156 73 0.0606333333333 0.126302599604	6
-150 73 0.0911333333333 0.152032529414	9
-141 73 0.187766666667 0.309375505387	3
-139.5 73 0.209 0.13055762457	4
-138 73 -0.0434125 0.123666284093	8
-136.5 73 0.0213333333333 0.160934156308	6
-135 73 0.186471428571 0.109512489127	14
-133.5 73 0.15801875 0.146221545238	16
-132 73 0.107664285714 0.148400614798	14
-130.5 73 0.0624411764706 0.167100968949	17
-129 73 0.149948 0.116082076279	25
-127.5 73 0.249557142857 0.0694958717513	7
-126 73 0.156533333333 0.0609452486527	3
-103.5 73 0.2009125 0.0978361096673	32
-75 73 0.149328571429 0.159160530615	14
-73.5 73 0.115766666667 0.107507104416	9
-70.5 73 0.188 0.0516187950266	2
-69 73 0.18035 0.127994726454	4
-67.5 73 0.17175 0.13786879028	4
-66 73 0.3957 NaN	1
-61.5 73 0.0023 NaN	1
-60 73 0.118 NaN	1
-21 73 -0.1547 NaN	1
-18 73 0.09626 0.143489382882	5
-16.5 73 0.3057 NaN	1
150 73 0.185166666667 0.0540614773506	3
151.5 73 0.1345 NaN	1
153 73 0.12952962963 0.124192204682	27
157.5 73 0.179376923077 0.0595509887106	13
160.5 73 0.184090909091 0.0594981084497	11
163.5 73 0.254966666667 0.0853530511073	3
165 73 0.1829 0.112854242277	2
172.5 73 0.128075 0.0679656793641	8
174 73 0.218 0.105467372522	7
177 73 0.1866 0.145381154212	2
-174 72.5 0.1346 0.0370523953342	2
-171 72.5 0.1764 NaN	1
-169.5 72.5 0.205122222222 0.0620156185525	9
-168 72.5 0.228442857143 0.0451434757921	14
-163.5 72.5 0.198233333333 0.079566471163	3
-162 72.5 0.2672 0.0793373808491	2
-160.5 72.5 0.0533076923077 0.120563845199	13
-159 72.5 0.173835897436 0.132043466701	39
-157.5 72.5 0.101254166667 0.130833887311	24
-156 72.5 0.1542 NaN	1
-154.5 72.5 0.0325 0.158574998029	3
-153 72.5 0.0935333333333 0.0781569894507	9
-151.5 72.5 0.136528571429 0.0688475541634	7
-150 72.5 0.09765 0.119710746623	8
-147 72.5 0.304766666667 0.0311137161608	3
-145.5 72.5 0.153566666667 0.0983373920066	6
-144 72.5 0.19125 0.0478730613184	4
-142.5 72.5 0.150472727273 0.112422747617	11
-141 72.5 0.125579310345 0.155294166433	29
-139.5 72.5 0.067905 0.149773405956	20
-138 72.5 0.169792 0.14249646446	50
-136.5 72.5 0.121044444444 0.163176973944	36
-135 72.5 0.0895596491228 0.141545065842	57
-133.5 72.5 0.226670833333 0.133759727738	24
-132 72.5 0.134553333333 0.106937470826	15
-130.5 72.5 0.1624 0.117301443177	8
-127.5 72.5 0.2338 0.0640638743755	2
-126 72.5 -0.08905 0.0231223917448	2
-105 72.5 0.1816 0.0130502873532	3
-103.5 72.5 0.0142727272727 0.102028702735	11
-93 72.5 0.1652 NaN	1
-73.5 72.5 0.291118181818 0.0636624193411	11
-72 72.5 0.24695 0.0286378246381	2
-69 72.5 0.058325 0.0669787217455	4
-66 72.5 0.2338 NaN	1
-21 72.5 0.200166666667 0.21164882077	3
-19.5 72.5 0.203164705882 0.135762674091	17
-16.5 72.5 0.3103 0.0543058007951	2
153 72.5 0.17992 0.083721843028	5
156 72.5 0.05195 0.32548125138	2
157.5 72.5 0.1883625 0.0829741773514	8
159 72.5 0.206783333333 0.0785211822415	12
160.5 72.5 0.18895 0.0386787409309	2
165 72.5 0.0746 NaN	1
174 72.5 0.0191 NaN	1
175.5 72.5 0.2567 0.0434163563649	2
-180 72 -0.06355 0.122824447892	2
-178.5 72 0.0893 NaN	1
-175.5 72 0.1241 0.083092213835	6
-172.5 72 0.0685 0.0429920922961	2
-168 72 0.1885 NaN	1
-166.5 72 0.184361538462 0.0908574535277	26
-165 72 0.215166666667 0.174857094032	3
-163.5 72 0.143938888889 0.0839322355439	18
-162 72 0.2291 0.130926713652	24
-160.5 72 0.126766666667 0.155179594879	6
-159 72 0.0447714285714 0.167433184968	14
-157.5 72 0.131047826087 0.131863589535	23
-156 72 0.156035 0.129212318913	40
-154.5 72 0.2756625 0.0741996907483	8
-153 72 0.154216666667 0.162047742602	18
-150 72 0.18615 0.141541962761	10
-148.5 72 0.13215 0.135394782026	6
-147 72 0.0164 NaN	1
-145.5 72 0.11302 0.0977264907791	5
-144 72 0.11579047619 0.138813990306	21
-142.5 72 0.058532 0.111983122687	25
-141 72 0.099175 0.116192042121	24
-139.5 72 0.16293015873 0.12902497337	63
-138 72 0.15176744186 0.164651085229	43
-136.5 72 0.058275 0.134224975942	28
-135 72 0.0756978723404 0.121496989566	47
-133.5 72 0.0825909090909 0.125382410685	11
-132 72 0.127483333333 0.170861655006	12
-130.5 72 0.23118 0.0458456056297	10
-103.5 72 0.104314285714 0.104898322652	7
-93 72 0.1323 0.00905096679919	2
-91.5 72 0.16825 0.114630183634	6
-72 72 0.21618 0.234291564082	5
-69 72 0.0728 NaN	1
-67.5 72 0.0245 0.279845546686	3
-66 72 0.2053 0.0767467132847	11
-63 72 0.175925 0.0749270923409	4
-61.5 72 0.210611111111 0.0681538048176	9
-60 72 0.180145454545 0.138291824514	11
-58.5 72 0.2575 NaN	1
-21 72 0.0424166666667 0.189278878026	6
156 72 0.1025 0.102167842299	6
157.5 72 0.1575 0.0906670465678	7
159 72 0.16135 0.125335968501	10
160.5 72 0.1919 0.230092546598	2
162 72 0.07785 0.0799600837919	6
163.5 72 0.1995 NaN	1
166.5 72 0.2458 NaN	1
172.5 72 0.162333333333 0.0496924876952	3
175.5 72 0.188735294118 0.0658323338221	17
177 72 0.16562 0.129123901738	5
178.5 72 0.160883333333 0.168466108362	6
-168 71.5 0.210466666667 0.114283609207	3
-165 71.5 0.186479032258 0.120748446193	62
-163.5 71.5 0.20269047619 0.108091914151	21
-162 71.5 0.1328 0.19072645333	17
-160.5 71.5 0.199664285714 0.125718336605	28
-159 71.5 0.153137931034 0.12218909939	29
-157.5 71.5 0.16426 0.147668625645	5
-156 71.5 0.18535 0.0978608804532	14
-154.5 71.5 0.252443243243 0.0998862034199	37
-153 71.5 0.238036363636 0.0495259179163	11
-151.5 71.5 0.151381818182 0.124142376473	11
-150 71.5 0.244653846154 0.0808170528146	13
-148.5 71.5 0.229766666667 0.0758829581219	3
-147 71.5 0.2833 0.0738303460645	3
-145.5 71.5 0.103024242424 0.0980043112263	33
-144 71.5 0.1347175 0.103437427853	40
-142.5 71.5 0.0672230769231 0.175744668738	13
-141 71.5 0.1327 0.113148067872	20
-139.5 71.5 -0.0287 0.100550584285	2
-138 71.5 0.08689 0.134559758164	30
-136.5 71.5 0.076025 0.122529967368	32
-135 71.5 0.1959 0.0744123767809	12
-133.5 71.5 0.182927272727 0.0617721472981	11
-132 71.5 0.137726315789 0.0830145090538	19
-130.5 71.5 0.164928571429 0.083749521676	7
-129 71.5 0.298283333333 0.0204822280689	6
-127.5 71.5 0.2072 NaN	1
-103.5 71.5 0.148930769231 0.0817571850524	13
-100.5 71.5 0.204086956522 0.145389649827	23
-91.5 71.5 0.1169 0.109891810432	3
-70.5 71.5 0.3886 NaN	1
-69 71.5 0.2946 0.0496388960393	2
-67.5 71.5 0.236125 0.150540966185	4
-66 71.5 0.11535 0.00473761543395	2
-64.5 71.5 0.2899 NaN	1
-63 71.5 0.16245 0.110662211256	2
-61.5 71.5 0.07975 0.0252437120884	2
-58.5 71.5 0.151363636364 0.0731782381959	11
-57 71.5 0.04646875 0.102014853289	16
-21 71.5 0.0745 NaN	1
-19.5 71.5 0.14315 0.109672261762	2
67.5 71.5 0.20965 0.0586769971965	4
162 71.5 0.22905 0.119713178055	2
163.5 71.5 0.166557142857 0.0268257250379	7
171 71.5 0.23 NaN	1
172.5 71.5 0.138766666667 0.0397922521772	3
177 71.5 0.17200952381 0.140673568607	21
178.5 71.5 0.115722222222 0.130859015526	9
-175.5 71 0.1744 NaN	1
-172.5 71 0.168216666667 0.0918745274158	12
-171 71 0.109133333333 0.174003347669	9
-168 71 0.165409090909 0.116124402729	11
-166.5 71 0.15538 0.0974483555531	5
-165 71 0.0644333333333 0.104447921163	18
-163.5 71 0.1112625 0.0608822267638	8
-162 71 0.271 0.0675559175794	21
-160.5 71 0.260558333333 0.0453034507683	12
-159 71 0.162292857143 0.1440338767	14
-154.5 71 0.37435 0.0556493036794	2
-153 71 0.1505 0.00848528137424	2
-150 71 0.2187 0.0781836726348	4
-148.5 71 0.193329166667 0.0862339057658	24
-145.5 71 0.223990217391 0.154757022642	92
-144 71 0.0904833333333 0.105428827494	6
-142.5 71 0.016075 0.147431156816	16
-141 71 0.17084375 0.172885256625	16
-139.5 71 0.228333333333 0.0830062465703	12
-138 71 0.216215384615 0.101340892802	26
-136.5 71 0.243085714286 0.116862161378	7
-135 71 0.12945 0.130271852632	18
-133.5 71 0.163857142857 0.0842748649192	7
-132 71 0.349175 0.13298426912	4
-130.5 71 0.198618181818 0.0644185348822	11
-129 71 0.2338 0.111582973612	7
-124.5 71 0.2558 NaN	1
-123 71 0.2188 NaN	1
-121.5 71 0.239088888889 0.0489030720662	18
-120 71 0.313 NaN	1
-100.5 71 0.145647826087 0.0745485861677	23
-99 71 0.2017 0.0740742060369	6
-97.5 71 0.213857142857 0.0768723586461	7
-91.5 71 0.2444 0.0239066936233	3
-69 71 0.2036 NaN	1
-67.5 71 0.150514285714 0.158266888815	7
-63 71 0.0837 0.116744635851	3
-61.5 71 0.2481 NaN	1
-60 71 0.203233333333 0.0721676843654	6
-58.5 71 0.204715384615 0.103016041195	13
-57 71 0.054525 0.0225615269873	4
-21 71 0.0343285714286 0.145880575749	7
-19.5 71 0.05014 0.10564676048	5
66 71 0.146333333333 0.0820058940971	6
162 71 0.22405 0.085109987663	4
163.5 71 0.25773 0.108279340904	10
165 71 0.2995 NaN	1
166.5 71 0.224557142857 0.0840398686565	7
172.5 71 0.199766666667 0.143915820302	3
177 71 -0.0221 0.081604442281	5
-180 70.5 0.23025 0.111369318037	2
-177 70.5 0.0678571428571 0.148946845744	7
-175.5 70.5 0.0667166666667 0.111243416285	6
-174 70.5 0.0469666666667 0.0893207889202	3
-172.5 70.5 0.302433333333 0.0874043667864	3
-171 70.5 0.2384 NaN	1
-169.5 70.5 0.25438 0.043846744463	5
-168 70.5 0.0872055555556 0.125325118238	18
-166.5 70.5 0.0389333333333 0.160403283424	3
-165 70.5 0.1580125 0.134208509816	8
-163.5 70.5 0.17455 0.179110147675	2
-162 70.5 0.1348 NaN	1
-148.5 70.5 0.24765 0.0253851334446	2
-147 70.5 0.04434 0.0544257567701	5
-144 70.5 0.2584 NaN	1
-142.5 70.5 0.28885 0.0439113311117	2
-141 70.5 0.00724 0.203565758417	5
-139.5 70.5 0.197723076923 0.138932814421	13
-138 70.5 0.215411111111 0.0652709630013	9
-136.5 70.5 0.226006382979 0.0786380492158	47
-135 70.5 0.228195833333 0.0832932508314	24
-133.5 70.5 0.211329411765 0.0820554063172	17
-132 70.5 0.151090909091 0.115855792584	22
-130.5 70.5 0.201133333333 0.130165522829	3
-126 70.5 0.110908333333 0.144391090044	24
-124.5 70.5 0.141666666667 0.0310556060425	6
-123 70.5 0.184432 0.0962470203868	25
-121.5 70.5 0.184681818182 0.122208623412	11
-120 70.5 0.146618181818 0.109911062393	11
-99 70.5 0.132465909091 0.120816745611	44
-90 70.5 0.224625 0.0353221719793	4
-64.5 70.5 0.1567 NaN	1
-60 70.5 0.0504 0.112237011127	10
-58.5 70.5 0.168576923077 0.0841476693463	13
-57 70.5 0.168975 0.0554959908462	8
-21 70.5 0.19 NaN	1
-19.5 70.5 0.3394 NaN	1
63 70.5 0.228945454545 0.0714726711917	11
66 70.5 0.15354 0.110581383924	35
165 70.5 0.21284 0.0713796749782	5
166.5 70.5 0.216066666667 0.167575997685	9
168 70.5 0.265244444444 0.0828455356539	9
171 70.5 0.3849 NaN	1
172.5 70.5 0.19655 0.037547370081	2
177 70.5 0.204875 0.112327923955	4
178.5 70.5 0.0469 NaN	1
-180 70 0.2987 NaN	1
-177 70 0.0306 NaN	1
-174 70 0.2724 0.138936971322	11
-172.5 70 0.141333333333 0.0500172303645	3
-171 70 0.1621 NaN	1
-169.5 70 0.204575 0.0982377109726	8
-168 70 0.2238 NaN	1
-166.5 70 0.07924 0.110829003424	5
-165 70 0.15645 0.187595429049	2
-163.5 70 -0.0432666666667 0.019373263363	3
-141 70 0.28855 0.0679715872013	4
-139.5 70 0.3711 NaN	1
-138 70 0.17998 0.10190112132	20
-135 70 0.306066666667 0.0213785718263	3
-133.5 70 0.08275 0.0761554003338	2
-132 70 0.212233333333 0.0370088277757	3
-121.5 70 0.17735 0.012515790027	2
-120 70 0.242245 0.0938027520357	20
-118.5 70 0.206975 0.103580447801	4
-100.5 70 0.246972727273 0.0821846833772	11
-99 70 0.2157875 0.0784319027098	72
-90 70 0.260733333333 0.10118410613	3
-88.5 70 0.221 NaN	1
-66 70 0.193625 0.100523210421	4
-63 70 0.2645 0.137716484126	3
-61.5 70 0.3361 0.154149278299	2
-60 70 0.1267 NaN	1
-58.5 70 0.134783333333 0.122164404254	6
-57 70 0.19238125 0.0894105304667	16
-55.5 70 0.2977 0.00268700576851	2
-21 70 0.2382 NaN	1
66 70 0.1567 0.153122313388	8
165 70 0.3451 0.0837214428925	2
177 70 0.114216666667 0.135029469623	6
178.5 70 0.25095 0.0499424769109	6
-178.5 69.5 0.153044 0.137594949277	25
-177 69.5 0.12585 0.0944346158284	4
-174 69.5 0.220222222222 0.104868980192	18
-172.5 69.5 0.200928571429 0.119896222388	21
-171 69.5 0.262569230769 0.0502677561434	13
-169.5 69.5 0.1771 0.0719374574042	10
-168 69.5 0.208726315789 0.14270191092	19
-166.5 69.5 0.128566666667 0.0888350306279	6
-165 69.5 0.20832195122 0.159635920945	41
-120 69.5 0.049425 0.173052292193	4
-118.5 69.5 0.208675 0.0784290071763	4
-100.5 69.5 0.208868 0.108549271122	50
-88.5 69.5 0.278316666667 0.0667856097274	6
-87 69.5 0.213738461538 0.0988617514382	13
-66 69.5 0.194414285714 0.0590724252809	7
-64.5 69.5 0.105733333333 0.0307000542888	3
-61.5 69.5 0.212114285714 0.0766066669982	7
-60 69.5 0.24514 0.060991417429	5
-58.5 69.5 0.2891 NaN	1
-57 69.5 0.07414 0.0796028454265	5
-22.5 69.5 0.113866666667 0.0426438584871	6
66 69.5 -0.14025 0.0774281925399	2
178.5 69.5 0.1858 NaN	1
-180 69 0.2172 NaN	1
-178.5 69 0.258923529412 0.145639596803	34
-175.5 69 0.0705571428571 0.109653208756	7
-174 69 0.2809 0.0767682804867	10
-172.5 69 0.247638888889 0.0599431901533	18
-171 69 0.29445 0.0740028769	20
-169.5 69 0.18902 0.0673255863059	15
-168 69 0.2827125 0.0773827119397	8
-166.5 69 0.2240625 0.117441218579	8
-165 69 0.2126125 0.112448671995	16
-87 69 0.293333333333 0.0624096413492	3
-64.5 69 0.0938 0.188938931933	2
-61.5 69 0.0946 0.122825648787	6
-60 69 0.0531222222222 0.129318142364	9
-58.5 69 0.103805555556 0.161424065092	18
-57 69 0.194343478261 0.0890769219479	23
-55.5 69 0.18455 0.067169859312	4
-24 69 0.216927272727 0.164297480753	11
-177 68.5 0.204233333333 0.0668210545662	3
-175.5 68.5 0.161454166667 0.119335187344	24
-174 68.5 0.0985555555556 0.127235039505	9
-172.5 68.5 0.15394 0.0651797719133	10
-171 68.5 0.316057142857 0.084151230079	7
-169.5 68.5 0.240654545455 0.12867641092	11
-168 68.5 0.259892307692 0.082503873258	13
-166.5 68.5 0.2635 0.0531593829912	4
-63 68.5 0.05688 0.0919587516227	5
-61.5 68.5 -0.026 0.0141421356237	2
-60 68.5 0.0477833333333 0.136762921747	18
-58.5 68.5 0.218066666667 0.131902855668	3
-57 68.5 0.0572 0.133992387843	3
-55.5 68.5 0.1399 0.0883071344796	5
-25.5 68.5 0.2487 0.044689148571	2
-175.5 68 0.105011111111 0.0673021884872	18
-172.5 68 0.279088135593 0.0933897544494	59
-171 68 0.237401694915 0.111216316856	59
-169.5 68 0.227864102564 0.130212596381	39
-168 68 0.260475 0.0604883190305	24
-166.5 68 -0.1747 NaN	1
-81 68 0.2125 NaN	1
-63 68 0.12775 0.161573899501	2
-61.5 68 0.36455 0.0413657466994	2
-60 68 -0.1147 NaN	1
-58.5 68 0.183253125 0.110335511741	32
-57 68 0.19658 0.0887354889545	5
-28.5 68 0.22638 0.126405525987	5
-27 68 0.153434615385 0.0878908911881	26
-172.5 67.5 0.259881081081 0.109028166097	111
-171 67.5 0.212488888889 0.078459311819	9
-169.5 67.5 0.214852941176 0.0676383441337	34
-168 67.5 0.264575 0.136819850341	20
-166.5 67.5 0.23565 0.321662874762	2
-78 67.5 -0.0375 NaN	1
-61.5 67.5 0.217825 0.123966305906	8
-60 67.5 0.2697 0.0305470129473	2
-58.5 67.5 0.12985 0.0882346587232	6
-57 67.5 0.282275 0.0932098975431	8
-28.5 67.5 0.2145 NaN	1
-171 67 0.1319 NaN	1
-169.5 67 0.206951851852 0.0856262736924	27
-168 67 0.22489375 0.0743655607455	16
-165 67 0.20863 0.151432860444	10
-79.5 67 0.21968 0.0572733533155	5
-75 67 0.313733333333 0.0552462728758	6
-73.5 67 0.25105 0.0605990511477	2
-60 67 0.242325 0.121974707078	4
-58.5 67 0.26954 0.0567383115716	10
-57 67 0.1628 NaN	1
-33 67 0.23062 0.056314980245	5
-169.5 66.5 0.0825944444444 0.142471786566	18
-168 66.5 0.107591304348 0.0847999888135	23
-81 66.5 0.169233333333 0.141884894662	3
-79.5 66.5 0.228842857143 0.0610030834506	7
-60 66.5 0.2206 NaN	1
-57 66.5 0.120966666667 0.202336954937	3
-169.5 66 0.2197 0.077410561295	5
-168 66 0.174354545455 0.118043126612	22
-81 66 0.278988888889 0.0613814394676	9
-78 66 0.3409 0.0626496608131	2
-75 66 -0.1931 NaN	1
-57 66 0.1813 NaN	1
-34.5 66 0.28895 0.0535279833358	2
-169.5 65.5 0.1689 0.13491597385	2
-81 65.5 0.3131 NaN	1
-79.5 65.5 0.3457 NaN	1
-60 65.5 0.2305 0.110654371807	3
-36 65.5 0.4211 NaN	1
-178.5 65 -0.05812 0.0952579497995	5
-171 65 0.145905882353 0.0983120016138	34
-169.5 65 0.307259090909 0.0748895037409	22
-168 65 0.157933333333 0.16556105621	3
-66 65 -0.0148333333333 0.0999874658811	3
-63 65 0.1813 0.10152275607	3
-61.5 65 0.0794 NaN	1
-60 65 -0.1797 NaN	1
-36 65 0.371422222222 0.111554143556	9
-180 64.5 0.0793 0.0690136218438	2
-171 64.5 0.294536363636 0.0766547098713	11
-169.5 64.5 0.354709090909 0.043012590123	11
-168 64.5 0.2715 NaN	1
-79.5 64.5 0.184933333333 0.236816074905	3
-63 64.5 0.0937 0.0770996757451	3
-61.5 64.5 0.22103 0.0598433705602	10
-60 64.5 0.1677 0.114322774051	7
-39 64.5 0.2748 NaN	1
-180 64 0.198955555556 0.0963926489821	9
-178.5 64 0.2986 NaN	1
-177 64 0.31062 0.109514346092	5
-175.5 64 -0.0871 NaN	1
-171 64 0.219872727273 0.0719557376574	11
-169.5 64 0.27924 0.0867413857394	5
-168 64 0.241233333333 0.0297247932429	3
-166.5 64 0.183545454545 0.0687514416378	11
-79.5 64 0.2185 0.0354967604156	2
-63 64 0.261809090909 0.0810168927391	11
-61.5 64 0.0983461538462 0.0856674541019	13
-180 63.5 0.091 0.134565990184	8
-178.5 63.5 0.0781 0.120966206343	14
-175.5 63.5 0.22558 0.0562923351798	5
-174 63.5 0.0575 0.0907925107044	2
-169.5 63.5 0.2786 NaN	1
-168 63.5 0.1392 0.0997745124435	4
-165 63.5 0.532322222222 0.0932594871552	9
-163.5 63.5 0.416485714286 0.279980489967	7
-88.5 63.5 0.4868 NaN	1
-84 63.5 0.2331 0.0433438192441	4
-82.5 63.5 0.196566666667 0.0960655748261	6
-63 63.5 0.2617 NaN	1
-178.5 63 0.212126315789 0.0359202641989	19
-177 63 0.12918 0.024181956083	5
-171 63 0.207733333333 0.0889134597985	3
-88.5 63 0.1281 0.067395697192	4
-76.5 63 0.3479 NaN	1
-75 63 0.1882 0.210231091897	6
-63 63 0.1578 NaN	1
-61.5 63 0.0471 0.0332340187158	2
-178.5 62.5 0.2369 0.0977566219898	15
-177 62.5 0.163433333333 0.0446455298248	3
-174 62.5 0.3318 NaN	1
-172.5 62.5 0.190233333333 0.0357374220298	3
-171 62.5 0.128887096774 0.122605513041	31
-169.5 62.5 0.195466666667 0.0640039321709	3
-168 62.5 0.0185 NaN	1
-85.5 62.5 0.1342 NaN	1
-81 62.5 0.11645 0.149553084221	2
-72 62.5 -0.0838 NaN	1
-177 62 0.14335 0.0439113311117	2
-175.5 62 0.1984 0.0254558441227	2
-174 62 0.215027272727 0.0989377288087	11
-172.5 62 0.102966666667 0.041542973734	6
-171 62 0.169096875 0.105057914856	32
-84 62 0.232275 0.0327411438407	4
-82.5 62 0.2466 NaN	1
-70.5 62 0.1735 0.0749716613128	3
-178.5 61.5 0.0408285714286 0.135100884703	7
-177 61.5 0.134519047619 0.13647670724	21
-174 61.5 0.207803703704 0.100462727422	27
-172.5 61.5 0.23783 0.0767105388964	10
-168 61.5 0.1579 NaN	1
-87 61.5 0.22615 7.07106781e-05	2
-82.5 61.5 0.2435 0.0631164532168	4
-81 61.5 0.15265 0.324491301887	2
-70.5 61.5 0.2087 NaN	1
-69 61.5 0.34185 0.00346482322782	2
177 61.5 0.2926 0.105500331753	2
-177 61 0.164892857143 0.0600555699625	14
-175.5 61 0.25466 0.152626842331	5
-174 61 0.0851571428571 0.121407274043	7
-172.5 61 0.15580625 0.108085160384	32
-168 61 0.134916666667 0.120501724746	6
-82.5 61 0.063 0.00678822509939	2
-81 61 0.18188 0.0899232839703	5
-79.5 61 0.169625 0.14365	4
-178.5 60.5 0.194840740741 0.0624735775487	27
-177 60.5 0.17072 0.134900600443	5
-175.5 60.5 0.101736842105 0.109394511393	19
-172.5 60.5 0.2062 0.0932117481866	3
-171 60.5 0.1248 NaN	1
-88.5 60.5 0.276 0.00523259018078	2
-87 60.5 0.42695 0.0666801694659	2
-85.5 60.5 0.2225 NaN	1
-84 60.5 0.3234 0.0725457097284	3
-81 60.5 0.164066666667 0.0969647530463	3
-79.5 60.5 0.110866666667 0.157271273071	3
-66 60.5 0.1465 NaN	1
-64.5 60.5 0.1393 NaN	1
-61.5 60.5 0.2634 NaN	1
-172.5 60 0.0481 0.0539882791513	8
-169.5 60 0.3084 NaN	1
-168 60 0.1506 NaN	1
-81 60 0.2442 NaN	1
-61.5 60 0.185033333333 0.0118094594852	3
