lon, lat, freeboard (m), standard deviation, count
-180 81.5 0.194991836735 0.125092333959	49
-178.5 81.5 0.19665862069 0.11752422096	29
-177 81.5 0.178519354839 0.121620574778	62
-175.5 81.5 0.187155555556 0.137137527837	63
-174 81.5 0.151836363636 0.111125481081	11
-172.5 81.5 0.121380952381 0.134101740114	42
-171 81.5 0.153165079365 0.115916818283	63
-169.5 81.5 0.151037931034 0.138027036288	58
-168 81.5 0.183352941176 0.0778550505559	17
-166.5 81.5 0.201823880597 0.112736454658	67
-165 81.5 0.221661445783 0.10438613686	83
-163.5 81.5 0.2465608 0.0964438687628	125
-162 81.5 0.203804026846 0.122461021311	149
-160.5 81.5 0.202836363636 0.0983109901709	242
-159 81.5 0.198192537313 0.0951355381578	134
-157.5 81.5 0.214855833333 0.104466178674	120
-156 81.5 0.170799009901 0.0984277283036	101
-154.5 81.5 0.162682539683 0.102259608807	63
-153 81.5 0.227882926829 0.108577142858	41
-151.5 81.5 0.214957377049 0.115983710723	61
-150 81.5 0.194034042553 0.111251368876	47
-148.5 81.5 0.173083928571 0.138006417212	56
-147 81.5 0.19081827957 0.107466966559	93
-145.5 81.5 0.227000769231 0.10700631764	130
-144 81.5 0.235521641791 0.0914798703047	134
-142.5 81.5 0.228977952756 0.0845578734034	127
-141 81.5 0.181094936709 0.100258107798	79
-139.5 81.5 0.163935849057 0.10063343386	159
-138 81.5 0.169306034483 0.101476805907	116
-136.5 81.5 0.198807368421 0.108930426067	190
-135 81.5 0.18661037037 0.103559812844	270
-133.5 81.5 0.195038202247 0.104056045308	267
-132 81.5 0.1899575 0.131027475252	120
-130.5 81.5 0.173228504673 0.106114011149	214
-129 81.5 0.134253398058 0.123978446748	103
-127.5 81.5 0.203544137931 0.12605684943	145
-126 81.5 0.233157407407 0.111844204519	216
-124.5 81.5 0.230430985915 0.117509717925	284
-123 81.5 0.183286455331 0.0998617857897	347
-121.5 81.5 0.180576169265 0.119025633822	449
-120 81.5 0.16136442577 0.106810924795	714
-118.5 81.5 0.128752707581 0.111474612627	554
-117 81.5 0.141874221453 0.11606817385	578
-115.5 81.5 0.13666745182 0.112245184047	467
-114 81.5 0.153606628788 0.102894466548	528
-112.5 81.5 0.115495 0.105935504311	720
-111 81.5 0.121318081181 0.106229850218	542
-109.5 81.5 0.102593978102 0.109045906256	548
-108 81.5 0.122781857451 0.110042691318	463
-106.5 81.5 0.0953917098446 0.116533788796	386
-105 81.5 0.103452114804 0.117584791385	662
-103.5 81.5 0.12065015873 0.121368215412	630
-102 81.5 0.168100940439 0.140361646889	319
-100.5 81.5 0.201264900662 0.120388113341	302
-99 81.5 0.223603375527 0.119720938183	237
-97.5 81.5 0.209456022409 0.10855817603	357
-96 81.5 0.258568421053 0.104909102517	152
-9 81.5 0.150825 0.145196410236	56
-7.5 81.5 0.0971038461538 0.143270561213	52
-6 81.5 0.132183928571 0.130200901794	56
-4.5 81.5 0.190667272727 0.132242608651	110
-3 81.5 0.266434375 0.151280942683	32
-1.5 81.5 0.127954761905 0.17841838498	42
0 81.5 0.207641935484 0.0721929626034	31
1.5 81.5 0.1707 0.173064390714	7
3 81.5 0.202978082192 0.116077156149	73
4.5 81.5 0.239347272727 0.126401283184	55
6 81.5 0.336430769231 0.179689768837	104
7.5 81.5 0.294154700855 0.129786717943	117
9 81.5 0.315831818182 0.0916935755467	22
10.5 81.5 0.237541071429 0.163961983151	56
12 81.5 0.14935 0.0996656547025	12
13.5 81.5 0.0356 0.128127748751	2
15 81.5 0.186566666667 0.066859728786	3
39 81.5 0.204483333333 0.104553860123	6
40.5 81.5 0.183408333333 0.0811054381743	24
42 81.5 0.141530769231 0.096690623203	26
43.5 81.5 0.0941272727273 0.113475319704	11
45 81.5 0.1261 0.136648819973	6
46.5 81.5 -0.0161333333333 0.167693062866	3
48 81.5 -0.0207 NaN	1
49.5 81.5 0.1127 0.160230396617	2
66 81.5 -0.052775 0.099687156478	4
67.5 81.5 0.106271428571 0.118394083668	7
69 81.5 0.3559 NaN	1
70.5 81.5 0.0606894736842 0.126750818076	19
72 81.5 0.145866666667 0.115071991959	3
73.5 81.5 0.0866636363636 0.14723710242	22
75 81.5 0.0950272727273 0.125182044167	11
76.5 81.5 0.0099 0.286661089093	2
78 81.5 0.085848 0.139484264704	25
79.5 81.5 0.190621428571 0.152335677818	14
81 81.5 0.101084615385 0.107215889465	26
82.5 81.5 0.151521052632 0.137768398969	19
84 81.5 0.16598 0.116872769878	60
85.5 81.5 0.15395 0.121908949946	66
87 81.5 0.0759066666667 0.137890590514	15
88.5 81.5 0.1676 0.107168185578	10
90 81.5 -0.0217 0.0160411969628	3
91.5 81.5 0.12986875 0.127806315539	16
93 81.5 0.09206 0.124762371464	10
94.5 81.5 0.115884848485 0.105815334785	33
97.5 81.5 0.16245 0.181064997538	16
99 81.5 0.1526 0.166692401873	20
100.5 81.5 0.182538095238 0.148590980467	21
102 81.5 0.119129268293 0.123409485543	41
103.5 81.5 0.09186 0.130360701791	15
105 81.5 0.220075862069 0.0959755461979	29
106.5 81.5 0.147086363636 0.095954653454	22
108 81.5 0.133295454545 0.0973622175535	22
109.5 81.5 0.155230434783 0.102205654686	23
111 81.5 0.1925 0.076201601033	6
112.5 81.5 0.2391 0.0425678282274	2
114 81.5 0.149728571429 0.150041611811	14
115.5 81.5 0.154528571429 0.122670258747	7
117 81.5 0.131542857143 0.19439342231	14
118.5 81.5 0.1355 NaN	1
120 81.5 0.1325375 0.081184128243	8
123 81.5 0.1806 NaN	1
124.5 81.5 0.216066666667 0.0776643399313	12
126 81.5 0.20392 0.0946080176306	5
127.5 81.5 0.116672727273 0.137060315853	11
129 81.5 0.216533333333 0.114110738347	12
130.5 81.5 0.138323529412 0.119176012317	17
132 81.5 0.172270588235 0.127874932868	17
133.5 81.5 0.15604 0.0677647801485	15
135 81.5 0.222942857143 0.0709272363563	7
136.5 81.5 0.187825 0.146746411086	4
138 81.5 0.165442857143 0.118867108671	7
139.5 81.5 0.131657142857 0.102461585404	14
141 81.5 0.153375 0.113384878684	8
144 81.5 0.124875 0.0997764626553	4
145.5 81.5 0.22155 0.0201525432638	2
147 81.5 0.298533333333 0.0363244178664	3
148.5 81.5 0.31265 0.0485695720934	4
150 81.5 0.25934 0.107019077739	5
151.5 81.5 0.164966666667 0.126190213567	9
153 81.5 0.0847222222222 0.134179280981	9
154.5 81.5 0.2516 0.00783517708798	3
156 81.5 0.160205882353 0.105944015113	17
157.5 81.5 0.244286666667 0.0806692175905	15
159 81.5 0.235381632653 0.0850562722395	49
160.5 81.5 0.171296296296 0.0941911496801	27
162 81.5 0.197216666667 0.0761427625301	36
163.5 81.5 0.19716 0.0916523594895	25
165 81.5 0.199031746032 0.102936657356	63
166.5 81.5 0.189554385965 0.0948905272823	57
168 81.5 0.234060526316 0.0942996218853	76
169.5 81.5 0.196361111111 0.117771700319	72
171 81.5 0.167557377049 0.0852231765406	61
172.5 81.5 0.201518518519 0.104831485754	54
174 81.5 0.186477777778 0.100539645173	54
175.5 81.5 0.189302173913 0.0966788168194	92
177 81.5 0.17692962963 0.112692552531	27
178.5 81.5 0.188492105263 0.130178836204	38
-180 81 0.213923529412 0.141965121286	17
-178.5 81 0.184578571429 0.136293169187	14
-177 81 0.208075 0.0843266713442	44
-175.5 81 0.214608823529 0.142759994328	34
-174 81 0.16375 0.11142617334	20
-172.5 81 0.203733333333 0.0831414318635	27
-171 81 0.155185416667 0.109622871875	48
-169.5 81 0.181784931507 0.0914606817029	73
-168 81 0.14556779661 0.0941025201038	59
-166.5 81 0.225118987342 0.0921056195228	79
-165 81 0.23741627907 0.0829928016369	129
-163.5 81 0.225174 0.0953540551881	50
-162 81 0.237235643564 0.065988084658	101
-160.5 81 0.211928888889 0.0783879494357	90
-159 81 0.224119834711 0.096917188551	121
-157.5 81 0.2355525 0.103063410461	80
-156 81 0.210497530864 0.100014085227	81
-154.5 81 0.1915 0.081491902478	60
-153 81 0.21212 0.0967009909731	30
-151.5 81 0.2067875 0.0905560517028	16
-150 81 0.211818181818 0.0700144530534	11
-148.5 81 0.239411111111 0.146319705918	18
-147 81 0.204669230769 0.102685171037	65
-145.5 81 0.2245421875 0.079520487137	64
-144 81 0.233829559748 0.0906228361093	159
-142.5 81 0.221382432432 0.112056038278	74
-141 81 0.195145238095 0.156945196591	42
-139.5 81 0.144436296296 0.120277675381	135
-138 81 0.167679503106 0.102449887822	161
-136.5 81 0.174497916667 0.106299317781	144
-135 81 0.17111875 0.125472922664	48
-133.5 81 0.249523913043 0.0990742352084	46
-132 81 0.243231521739 0.1243318167	92
-130.5 81 0.226576785714 0.108426544873	56
-129 81 0.200917307692 0.111327604932	104
-127.5 81 0.158432758621 0.119448145378	58
-126 81 0.194557954545 0.139850037681	88
-124.5 81 0.226964227642 0.105269290222	123
-123 81 0.174340201005 0.119243484848	199
-121.5 81 0.150782437276 0.113478632095	279
-120 81 0.141878454333 0.108976583842	427
-118.5 81 0.125111363636 0.125241398935	264
-117 81 0.151461627907 0.103226375162	344
-115.5 81 0.150271631206 0.116329308814	282
-114 81 0.153497247706 0.0930528728178	327
-112.5 81 0.0855871495327 0.0989606206936	428
-111 81 0.111153964758 0.106752105902	454
-109.5 81 0.110927195467 0.118841609149	353
-108 81 0.151400727273 0.120335823886	275
-106.5 81 0.125169727891 0.107908106851	294
-105 81 0.115032444444 0.119096504858	225
-103.5 81 0.143832786885 0.12941725298	305
-102 81 0.159164527027 0.128629350547	296
-100.5 81 0.189598292683 0.116919468751	410
-99 81 0.209652161383 0.114629672715	347
-97.5 81 0.17908019802 0.105720656468	101
-10.5 81 0.24706 0.0552945114817	5
-9 81 0.208046153846 0.0961157428606	13
-7.5 81 0.226705970149 0.124511081265	67
-6 81 0.15254 0.169950810531	5
-4.5 81 0.170578378378 0.137003116621	37
-3 81 0.158965 0.15346194891	20
-1.5 81 0.0793833333333 0.192808038466	12
0 81 0.250966666667 0.0760949626016	21
1.5 81 0.137533333333 0.078165856846	18
3 81 0.224418181818 0.0951014071208	11
4.5 81 0.185117241379 0.127176688309	29
6 81 0.267705555556 0.0881440363484	18
7.5 81 0.08638 0.176899286117	15
9 81 0.119127272727 0.118317387487	11
10.5 81 0.1278 0.112719889993	26
39 81 0.148776923077 0.135483191786	13
42 81 0.0808875 0.0928945244811	8
43.5 81 0.110482352941 0.0888702722744	17
45 81 0.15322 0.162680751781	5
69 81 0.0268 0.104793224972	2
70.5 81 0.0820380952381 0.160182147807	21
72 81 0.0927 0.0670337228565	2
76.5 81 0.245566666667 0.0736943914646	3
82.5 81 0.158058333333 0.10612904914	36
84 81 0.146278947368 0.117014935319	19
85.5 81 0.132925 0.149839366889	24
87 81 0.12951 0.156436855916	10
88.5 81 0.102813333333 0.13178808161	45
90 81 0.02635 0.13569379131	2
99 81 0.16725 0.0415071680557	2
100.5 81 0.203433333333 0.10147064084	15
102 81 0.21775 0.15100880769	8
103.5 81 0.20384 0.104180721185	10
105 81 0.128110526316 0.111698402927	19
106.5 81 0.1897 0.0652036808777	3
108 81 0.187657142857 0.0801624860881	14
109.5 81 0.1334 0.13546746842	5
111 81 0.269257142857 0.0997574033534	7
112.5 81 0.114228571429 0.0493839958653	7
114 81 0.22055 0.12080922978	4
117 81 0.1784875 0.125245284342	8
118.5 81 0.3783 NaN	1
120 81 0.144325 0.0946475347451	4
123 81 0.306366666667 0.0618813649925	3
124.5 81 0.0710142857143 0.166771484659	7
126 81 0.0884 NaN	1
127.5 81 0.189244444444 0.115148579139	9
129 81 0.189460869565 0.120973050113	23
130.5 81 0.100866666667 0.163229204903	3
132 81 0.201005555556 0.0955539667181	18
133.5 81 0.217138461538 0.158892270616	26
135 81 0.170158823529 0.0795938601497	17
138 81 0.2264 0.0312480399385	3
145.5 81 0.2106 0.0373530453912	3
147 81 0.265583333333 0.0292868172847	6
148.5 81 0.3501 NaN	1
150 81 0.3062 0.064729205155	3
151.5 81 0.2601 0.0878300204941	9
153 81 0.24008 0.0806878594751	10
154.5 81 0.2139 NaN	1
156 81 0.0953333333333 0.0385436549037	3
157.5 81 0.1551 NaN	1
159 81 0.1029 0.0659023520066	2
160.5 81 0.182461538462 0.0794079093135	26
162 81 0.1834 0.0764647522283	13
163.5 81 0.176276666667 0.0818929270801	30
165 81 0.1980625 0.0889652891783	8
166.5 81 0.236225 0.0798327849485	20
168 81 0.191335 0.0769701392316	40
169.5 81 0.191690322581 0.0853775784573	31
171 81 0.200341666667 0.092788051689	24
172.5 81 0.206764285714 0.0951905232378	28
174 81 0.151835384615 0.101359230325	65
175.5 81 0.175477272727 0.0821100392231	44
177 81 0.186166666667 0.121066511595	30
178.5 81 0.197992105263 0.117832970152	38
-180 80.5 0.197633333333 0.145553557481	15
-178.5 80.5 0.195154166667 0.145721995532	24
-177 80.5 0.2381725 0.117686055614	40
-175.5 80.5 0.201427272727 0.126091341184	66
-174 80.5 0.160987272727 0.107145828378	55
-172.5 80.5 0.18207 0.121341859097	40
-171 80.5 0.180095714286 0.07303644799	70
-169.5 80.5 0.213484 0.0970557246164	100
-168 80.5 0.192168656716 0.112369157864	67
-166.5 80.5 0.2086225 0.104165448941	80
-165 80.5 0.189844578313 0.119019539545	83
-163.5 80.5 0.205618681319 0.0940655845816	91
-162 80.5 0.208368604651 0.0658828430074	86
-160.5 80.5 0.183921100917 0.0684313038523	109
-159 80.5 0.208689361702 0.0875111054668	47
-157.5 80.5 0.175706896552 0.0833877538699	58
-156 80.5 0.227546478873 0.0909360934644	71
-154.5 80.5 0.18844957265 0.0884390318183	117
-153 80.5 0.209551020408 0.0854962112281	49
-151.5 80.5 0.189357692308 0.0795134563358	26
-150 80.5 0.2001 0.0861549959859	7
-148.5 80.5 0.166832142857 0.104328374229	28
-147 80.5 0.206825 0.0867763904267	32
-145.5 80.5 0.211684848485 0.0733303702483	33
-144 80.5 0.200508888889 0.0922122054193	45
-142.5 80.5 0.202935897436 0.105527000517	117
-141 80.5 0.157466037736 0.107706959891	53
-139.5 80.5 0.156972580645 0.0956198126965	62
-138 80.5 0.166587368421 0.0992467130514	95
-136.5 80.5 0.159821428571 0.0878708070764	14
-135 80.5 0.162315942029 0.112213908941	69
-133.5 80.5 0.142965625 0.0971201844529	64
-132 80.5 0.2253 0.111775533996	67
-130.5 80.5 0.267243137255 0.0865172011912	51
-129 80.5 0.17242 0.118523382727	80
-127.5 80.5 0.172038135593 0.0990434722127	118
-126 80.5 0.192237078652 0.111612356132	89
-124.5 80.5 0.180739495798 0.0858739579104	119
-123 80.5 0.167626923077 0.104669718621	208
-121.5 80.5 0.159308108108 0.0970215604859	148
-120 80.5 0.169882941176 0.117816212317	170
-118.5 80.5 0.150480681818 0.102319798791	176
-117 80.5 0.128279310345 0.085839772505	87
-115.5 80.5 0.146358653846 0.10491184209	208
-114 80.5 0.162414655172 0.108487085236	232
-112.5 80.5 0.114525868726 0.110597793491	259
-111 80.5 0.0954788043478 0.101207835836	368
-109.5 80.5 0.146071656051 0.118297915172	314
-108 80.5 0.157497120419 0.114935196243	382
-106.5 80.5 0.174885266458 0.140593634736	319
-105 80.5 0.178785224274 0.118105768637	379
-103.5 80.5 0.172180827068 0.116403993192	266
-102 80.5 0.160536458333 0.113501539644	192
-100.5 80.5 0.194639473684 0.148361770529	76
-99 80.5 0.268151515152 0.113354537708	132
-97.5 80.5 0.3012875 0.0805817320223	8
-15 80.5 0.124057142857 0.116780061899	7
-13.5 80.5 0.1862725 0.0967060414614	40
-12 80.5 0.101422222222 0.142773126945	36
-10.5 80.5 0.1840625 0.0815452338685	16
-9 80.5 0.206030434783 0.141235887259	23
-6 80.5 0.161958333333 0.139377578874	24
-4.5 80.5 0.1112625 0.12106919165	16
-3 80.5 0.123340625 0.135780021	32
-1.5 80.5 0.232441463415 0.149535769927	41
0 80.5 -0.12 NaN	1
36 80.5 0.2469 NaN	1
42 80.5 0.105361111111 0.0773009256385	18
43.5 80.5 0.177566666667 0.115062330934	9
67.5 80.5 0.0584583333333 0.117492958848	12
69 80.5 0.0583 0.17988764549	5
70.5 80.5 0.09588 0.155988916273	5
72 80.5 0.10937 0.156853938073	10
73.5 80.5 0.120623809524 0.127120501512	21
79.5 80.5 0.0934857142857 0.104450633133	7
81 80.5 0.1444 NaN	1
82.5 80.5 0.0419421052632 0.143092741161	19
84 80.5 0.05397 0.120015056512	20
85.5 80.5 0.1386 0.118304141939	21
87 80.5 0.1233890625 0.115309031457	64
88.5 80.5 0.124485 0.0966130370278	60
90 80.5 0.200257142857 0.0998586143362	7
91.5 80.5 0.0787 0.00141421356237	2
102 80.5 -0.00796 0.0723328970801	5
103.5 80.5 0.1768 0.160261960552	6
105 80.5 0.1512 0.157209040771	9
112.5 80.5 0.29475 0.00799030662741	2
115.5 80.5 0.0354 0.120208152802	2
117 80.5 0.128233333333 0.104659463659	3
118.5 80.5 0.0761 NaN	1
120 80.5 0.244016666667 0.157853101543	6
123 80.5 0.16674 0.0926668387289	5
124.5 80.5 0.1718 NaN	1
127.5 80.5 0.219855555556 0.0848583689319	9
129 80.5 0.2859 0.0902847440047	5
130.5 80.5 0.2055 0.0368183378223	3
132 80.5 0.153655555556 0.139508862721	9
133.5 80.5 0.219014285714 0.0676366130773	7
135 80.5 0.0985222222222 0.0976808294623	9
136.5 80.5 0.171495 0.12275288602	20
138 80.5 0.248257142857 0.0620208797407	7
141 80.5 0.2847 NaN	1
145.5 80.5 0.2369 NaN	1
147 80.5 0.2124125 0.150192033625	8
148.5 80.5 0.220675 0.0911232407238	8
151.5 80.5 0.231471428571 0.035387460787	7
154.5 80.5 0.201 0.0696889517786	5
156 80.5 0.3287 NaN	1
157.5 80.5 0.228842857143 0.0396208218467	7
159 80.5 0.162 NaN	1
160.5 80.5 0.2502 NaN	1
162 80.5 0.2417625 0.0704444854883	8
163.5 80.5 0.241243478261 0.0831959834372	23
165 80.5 0.1638875 0.059022790695	8
166.5 80.5 0.238809090909 0.10872251335	11
168 80.5 0.26615 0.0808958074727	10
169.5 80.5 0.15825 0.144192589192	10
171 80.5 0.1868 0.0755233738653	8
172.5 80.5 0.178090909091 0.070631557459	11
174 80.5 0.14188 0.0901859166143	10
175.5 80.5 0.234531578947 0.118419794951	19
177 80.5 0.180229411765 0.0832497204553	17
178.5 80.5 0.17342 0.0976290462243	10
-180 80 0.176188461538 0.146519894422	26
-178.5 80 0.218317857143 0.0934731217202	28
-177 80 0.189633333333 0.0232209675365	3
-175.5 80 0.190062068966 0.0926593161371	29
-174 80 0.226472413793 0.0932564509318	29
-172.5 80 0.199804166667 0.120704527775	24
-171 80 0.201864516129 0.066372833541	31
-169.5 80 0.187797826087 0.0724056642632	46
-168 80 0.180429310345 0.0881143654947	58
-166.5 80 0.219672972973 0.0792676291245	37
-165 80 0.211416901408 0.109086300025	71
-163.5 80 0.230709090909 0.0833133265308	66
-162 80 0.195716528926 0.081560500394	121
-160.5 80 0.184392207792 0.0750320032881	77
-159 80 0.169632758621 0.0739334536912	58
-157.5 80 0.198221212121 0.120561070514	33
-156 80 0.228975609756 0.105256236823	41
-154.5 80 0.210118461538 0.0864734639433	65
-153 80 0.187423529412 0.0985313301453	68
-151.5 80 0.189193333333 0.0842538362304	30
-150 80 0.231027777778 0.0750815579833	36
-148.5 80 0.166663157895 0.104674225289	57
-147 80 0.245466666667 0.098443665302	15
-145.5 80 0.0897142857143 0.145096689893	28
-144 80 0.194062962963 0.10849725898	54
-142.5 80 0.1840825 0.111388138409	40
-141 80 0.154926086957 0.103234851077	92
-139.5 80 0.150326086957 0.101520186137	46
-138 80 0.151697959184 0.129878278736	49
-136.5 80 0.138138709677 0.127787330299	31
-135 80 0.180365 0.0829324301728	40
-133.5 80 0.176988888889 0.163782978672	27
-132 80 0.156775 0.122983331669	20
-130.5 80 0.180148 0.119709934564	25
-129 80 0.152144537815 0.125523471164	119
-127.5 80 0.178568807339 0.109951297044	109
-126 80 0.183373684211 0.120566192829	95
-124.5 80 0.171236363636 0.120052128164	132
-123 80 0.220240506329 0.125272609761	158
-121.5 80 0.183607692308 0.0971254558119	169
-120 80 0.167039583333 0.0978916624364	96
-118.5 80 0.165175 0.096068621607	88
-117 80 0.160798019802 0.111069503568	202
-115.5 80 0.144101234568 0.105523608843	243
-114 80 0.115823552124 0.110199642058	259
-112.5 80 0.129356540084 0.103636392207	237
-111 80 0.128324908425 0.11674179765	273
-109.5 80 0.110657142857 0.10131373197	231
-108 80 0.10580125523 0.10793280686	239
-106.5 80 0.128105769231 0.103100309686	312
-105 80 0.234219014085 0.12358455166	142
-103.5 80 0.205154330709 0.137905486818	127
-102 80 0.162844262295 0.117854734772	61
-69 80 0.165233333333 0.217269571424	6
-15 80 0.2918 0.119964261345	11
-13.5 80 0.308913274336 0.162048191413	113
-12 80 0.184329411765 0.116186712691	17
-10.5 80 0.231134482759 0.107425945509	29
-9 80 0.213181818182 0.125486784113	22
-7.5 80 0.196164285714 0.10769844462	28
-6 80 0.1151625 0.181753035529	24
-4.5 80 0.206733333333 0.181228097527	3
-3 80 0.176788888889 0.138363899234	9
30 80 0.09995 0.137487464883	6
39 80 0.2268 NaN	1
40.5 80 0.0495625 0.0821634075225	8
42 80 0.122615789474 0.0899782212116	19
45 80 0.1719625 0.0614198185209	8
55.5 80 0.0015 NaN	1
63 80 0.157157142857 0.054201102607	7
64.5 80 0.196177777778 0.113534661863	9
66 80 0.0664 0.142411305731	2
67.5 80 0.136588888889 0.204487105	9
69 80 0.221722222222 0.0961322497627	9
70.5 80 0.254652941176 0.0745396884019	17
72 80 0.187423529412 0.102122484849	17
73.5 80 -0.1044 0.126057288564	3
76.5 80 -0.0295 NaN	1
78 80 0.234333333333 0.09903718157	3
81 80 -0.1245 NaN	1
82.5 80 0.0479916666667 0.126570177863	12
84 80 0.177315384615 0.109153491669	13
85.5 80 0.121909090909 0.130955229381	33
87 80 0.144217391304 0.1207416697	46
88.5 80 0.15465 0.117044017674	42
90 80 0.1729 0.15177312015	3
109.5 80 0.092425 0.0827274390191	4
111 80 0.0868 NaN	1
114 80 0.231925 0.0381822275411	4
115.5 80 0.185756666667 0.115110036362	30
117 80 0.1636 0.0738162312774	11
120 80 0.104616666667 0.117873379805	6
121.5 80 0.14579 0.116157378395	10
123 80 0.16087 0.0499489305858	10
124.5 80 0.1913 NaN	1
129 80 0.0939333333333 0.116918582783	9
130.5 80 0.214216666667 0.0528793549173	18
133.5 80 0.262725 0.0470698189623	8
136.5 80 0.216033333333 0.106025154248	3
139.5 80 0.3626 NaN	1
159 80 0.2313 0.0127279220614	2
160.5 80 0.2412 NaN	1
162 80 -0.0573 0.123322382397	3
163.5 80 0.2229 0.0033941125497	2
165 80 0.2281 0.0696028256131	13
166.5 80 0.1494 0.0913448411242	12
169.5 80 0.3444 NaN	1
171 80 0.23345 0.0266579256507	2
172.5 80 0.18382173913 0.141170741098	23
174 80 0.1747 0.142528909348	9
175.5 80 0.2628 0.0345572713043	5
177 80 0.2286 0.0585410283476	6
178.5 80 0.25133 0.123537093395	10
-180 79.5 0.20405 0.106442965949	10
-178.5 79.5 0.1875 0.131121889858	5
-177 79.5 0.259166666667 0.0555490548975	9
-175.5 79.5 0.216017391304 0.0811660455888	23
-174 79.5 0.1889625 0.0545208446376	16
-172.5 79.5 0.188466666667 0.0461762384782	9
-171 79.5 0.230765384615 0.0711081539195	26
-169.5 79.5 0.228094117647 0.0938060518554	51
-168 79.5 0.206861904762 0.0790744414703	42
-166.5 79.5 0.157965789474 0.121865557905	38
-165 79.5 0.1748725 0.0734033604607	40
-163.5 79.5 0.184005 0.0729156964455	60
-162 79.5 0.2037 0.0937411600352	60
-160.5 79.5 0.1937 0.0816425134351	27
-159 79.5 0.221825 0.0810773567513	64
-157.5 79.5 0.202688888889 0.0950000444444	36
-156 79.5 0.170397297297 0.106582955398	37
-154.5 79.5 0.203624 0.0937098548713	25
-153 79.5 0.151591666667 0.116295418954	12
-151.5 79.5 0.216464444444 0.0956536820456	45
-150 79.5 0.200511111111 0.0760304930473	36
-148.5 79.5 0.153308823529 0.105864399738	34
-147 79.5 0.17065 0.148815144904	18
-145.5 79.5 0.157894871795 0.108132603654	39
-144 79.5 0.17184 0.0923781783639	75
-142.5 79.5 0.178948214286 0.111781787411	56
-141 79.5 0.157745454545 0.115881111195	33
-139.5 79.5 0.129545454545 0.1477898757	22
-138 79.5 0.159928205128 0.0944738085362	39
-136.5 79.5 0.11909 0.0876899836399	40
-135 79.5 0.167244444444 0.118050064709	9
-133.5 79.5 0.202915909091 0.112273492788	44
-132 79.5 0.160165217391 0.101329667237	23
-130.5 79.5 0.2462 0.0783416449491	4
-129 79.5 0.157929411765 0.0968092568192	17
-127.5 79.5 0.157667123288 0.131223450283	73
-126 79.5 0.134921621622 0.125500619041	148
-124.5 79.5 0.12727032967 0.113119085048	182
-123 79.5 0.11493559322 0.107646375128	177
-121.5 79.5 0.171011464968 0.0875015010627	157
-120 79.5 0.176716666667 0.0894422455968	270
-118.5 79.5 0.185786281588 0.0967389679864	277
-117 79.5 0.171506271777 0.100542986123	287
-115.5 79.5 0.16362617801 0.101008758065	191
-114 79.5 0.14892244898 0.0920024022884	147
-112.5 79.5 0.146607086614 0.114861785252	127
-111 79.5 0.1438865 0.10060213974	200
-109.5 79.5 0.140026521739 0.0946439392269	230
-108 79.5 0.0965730538922 0.11339543532	167
-106.5 79.5 0.155266666667 0.12056195088	36
-105 79.5 0.383528571429 0.109486920289	7
-103.5 79.5 0.209544 0.116901001849	25
-102 79.5 0.18295 0.172887608	2
-100.5 79.5 0.0717666666667 0.0545418982679	6
-99 79.5 0.30595 0.11251062419	10
-97.5 79.5 0.0751 0.140007142675	2
-70.5 79.5 0.20434375 0.142637587087	32
-69 79.5 0.143163636364 0.165017443155	11
-13.5 79.5 0.262493333333 0.0670912447823	30
-12 79.5 0.16656 0.110922125836	5
-10.5 79.5 0.140716666667 0.124922687606	12
-9 79.5 0.18658 0.1440635801	10
-7.5 79.5 0.0850545454545 0.12067705137	11
-6 79.5 0.185575 0.160417693627	8
-4.5 79.5 0.0963125 0.126256178067	16
28.5 79.5 -0.01106 0.0974901687351	5
30 79.5 0.19794 0.0538499117919	5
31.5 79.5 0.172752941176 0.0427607459834	17
39 79.5 -0.12285 0.0446184378929	2
40.5 79.5 0.1229 0.0830672189082	8
42 79.5 0.1446 0.041987855387	5
43.5 79.5 0.1098 NaN	1
45 79.5 0.1659 0.0206516343179	3
49.5 79.5 0.1325 0.0801754326462	11
51 79.5 0.0767625 0.116717019661	8
54 79.5 0.3275 NaN	1
55.5 79.5 0.05385 0.107404919192	4
57 79.5 0.0036 0.118790786297	12
58.5 79.5 0.216933333333 0.111154374633	9
60 79.5 0.204728571429 0.0644060482223	7
61.5 79.5 0.13925 0.160017583409	6
63 79.5 0.2283625 0.0875938420591	16
64.5 79.5 0.0524 0.010748023074	2
66 79.5 0.1077 0.106321587648	3
67.5 79.5 0.164871428571 0.127261471773	14
69 79.5 0.0764090909091 0.126830189265	11
70.5 79.5 0.3428 NaN	1
72 79.5 0.1057 0.0746393997832	3
79.5 79.5 0.13311875 0.120196989528	16
81 79.5 0.126827272727 0.128657356615	22
84 79.5 0.100816666667 0.0729592642673	12
85.5 79.5 0.0789647058824 0.12744489957	17
87 79.5 0.0885222222222 0.116051914868	9
88.5 79.5 0.214683333333 0.108382016567	12
90 79.5 0.204888888889 0.0880535524813	18
91.5 79.5 0.22495 0.166382225613	2
106.5 79.5 0.2359 0.0823072293301	2
108 79.5 -0.04805 0.0126572113832	2
112.5 79.5 0.2251 NaN	1
115.5 79.5 0.0323 NaN	1
117 79.5 0.180133333333 0.0839322266276	6
118.5 79.5 0.08126 0.0682557543362	5
123 79.5 0.10575 0.16539227612	2
124.5 79.5 0.1278 NaN	1
130.5 79.5 0.2789 0.0168511127229	3
139.5 79.5 0.172275 0.0776214907956	4
141 79.5 0.167366666667 0.176092201228	3
163.5 79.5 0.0391333333333 0.205372596354	3
166.5 79.5 0.3275 0.0948788174463	3
171 79.5 0.21385 0.130178358416	2
172.5 79.5 0.2713 0.0794701516294	5
174 79.5 0.165983333333 0.116682208012	6
175.5 79.5 0.189466666667 0.0818464090029	6
177 79.5 -0.1911 NaN	1
178.5 79.5 0.1871 NaN	1
-180 79 0.08841 0.151240018587	10
-178.5 79 0.135445454545 0.10853489175	11
-177 79 0.236411111111 0.0364715109519	9
-174 79 0.237825 0.0569840547873	4
-172.5 79 0.201845454545 0.0519619738585	11
-171 79 0.2512 0.0725444315262	12
-169.5 79 0.19834 0.0825857009415	5
-168 79 0.267046153846 0.0732087155033	13
-166.5 79 0.255333333333 0.00460036230457	3
-165 79 0.261940909091 0.0750864305736	22
-163.5 79 0.248377777778 0.0929564069592	18
-162 79 0.21837826087 0.0920633672904	23
-160.5 79 0.177331818182 0.0646290616214	22
-159 79 0.186665116279 0.111934144933	43
-157.5 79 0.209130769231 0.0989697124092	13
-156 79 0.223304761905 0.0782912447287	42
-154.5 79 0.313541666667 0.0656811230434	12
-153 79 0.17806875 0.082531664378	16
-151.5 79 0.190671428571 0.11555488904	7
-150 79 0.157192307692 0.0986873975536	13
-148.5 79 0.201139130435 0.0978159669952	23
-147 79 0.187326785714 0.0879039775521	56
-145.5 79 0.183788888889 0.0366250066363	9
-144 79 0.147589130435 0.102894848653	46
-142.5 79 0.179383783784 0.0821143224532	37
-141 79 0.11753125 0.11029654403	16
-139.5 79 0.1494 0.0681650937064	2
-138 79 0.204248648649 0.136690123234	37
-136.5 79 0.154706451613 0.102448354259	31
-135 79 0.147616666667 0.0864438549434	30
-133.5 79 0.17 0.0840272941005	14
-132 79 0.188275 0.08564343763	12
-130.5 79 0.07048 0.144608404551	10
-129 79 0.147326829268 0.126466681431	41
-127.5 79 0.141244444444 0.117024708946	72
-126 79 0.156243529412 0.120622071588	85
-124.5 79 0.0859773913043 0.119050925312	115
-123 79 0.126377477477 0.104743994469	222
-121.5 79 0.167401136364 0.0844448817623	176
-120 79 0.175386111111 0.0878116297536	180
-118.5 79 0.182030674847 0.114286924676	163
-117 79 0.153805555556 0.114417030031	54
-115.5 79 0.143224050633 0.0998532387657	237
-114 79 0.145236714976 0.09979529098	207
-112.5 79 0.190038194444 0.0902832620816	144
-111 79 0.151242682927 0.101218776659	82
-109.5 79 0.170243478261 0.127305005999	69
-108 79 0.102608333333 0.134808454022	108
-106.5 79 0.1636 NaN	1
-100.5 79 0.2622 0.0428506709399	2
-99 79 0.166933333333 0.125988650282	9
-97.5 79 0.0566555555556 0.130686400508	9
-72 79 0.05676 0.112846568402	5
-70.5 79 0.215733333333 0.118055933071	3
-13.5 79 0.630136363636 0.113124342037	33
-12 79 0.27018 0.0633537449564	5
-10.5 79 0.277902040816 0.135651424445	49
-9 79 0.163170967742 0.0944659804499	31
-7.5 79 0.225223809524 0.0736543746478	21
-6 79 0.248377777778 0.13358316146	27
-4.5 79 0.1331 0.090200665186	3
-3 79 0.0728333333333 0.16476578326	3
24 79 0.00135 0.21573827894	2
39 79 0.225366666667 0.0149821004313	3
40.5 79 0.2378 NaN	1
48 79 0.0135666666667 0.0249584321089	3
49.5 79 0.0377666666667 0.0745698777434	6
51 79 -0.01376 0.0802594729611	5
55.5 79 0.13905 0.039951533137	2
58.5 79 -0.0111 0.104510382259	2
60 79 0.179507894737 0.0947821153776	38
63 79 -0.0503 NaN	1
64.5 79 0.3252 0.0237587878479	2
69 79 0.1343 NaN	1
70.5 79 -0.0844 NaN	1
78 79 0.1912 NaN	1
79.5 79 0.088075 0.101109886592	4
81 79 0.169542857143 0.171915859819	7
82.5 79 0.0318 NaN	1
84 79 0.14015 0.0794569232167	18
85.5 79 0.126607692308 0.0896479732206	13
87 79 0.205725 0.113219167407	20
88.5 79 0.188283333333 0.070663502645	12
90 79 0.158936363636 0.154185091839	11
91.5 79 0.172648888889 0.11366110237	45
93 79 0.116095238095 0.0987837966277	21
94.5 79 0.0900037037037 0.121571841633	27
115.5 79 0.1442 NaN	1
117 79 0.2093 0.0480300947324	3
120 79 0.1527 NaN	1
121.5 79 0.102671428571 0.0798248230875	7
123 79 0.0656 NaN	1
126 79 0.223635714286 0.0873609806153	14
127.5 79 0.23735 0.0848261078409	8
129 79 0.195077272727 0.0757108090152	22
130.5 79 0.2799 NaN	1
132 79 0.1513 0.123400675309	4
136.5 79 0.255475 0.118499749849	8
138 79 0.230571428571 0.056595927836	7
162 79 0.3138 NaN	1
168 79 0.2158 NaN	1
169.5 79 0.2112 0.273220216431	4
171 79 0.2539 0.0442648845023	2
172.5 79 0.12284 0.160315114696	10
174 79 -0.0021 NaN	1
175.5 79 0.2019 NaN	1
177 79 0.27085 0.012515790027	2
-180 78.5 0.239444444444 0.110744402919	9
-177 78.5 0.246271428571 0.0695415634539	7
-174 78.5 0.264525 0.0610343277727	4
-172.5 78.5 0.3026 0.0308394228221	3
-169.5 78.5 0.178655555556 0.057046759573	9
-168 78.5 0.1876 0.0613413400571	3
-166.5 78.5 0.2317 NaN	1
-165 78.5 0.277736363636 0.0826666592131	11
-163.5 78.5 0.1836 0.049586691763	3
-162 78.5 0.213771428571 0.078061604793	21
-160.5 78.5 0.07235 0.117582495863	4
-159 78.5 0.153233333333 0.106327716675	3
-157.5 78.5 0.20595 0.112773947937	4
-156 78.5 0.207 NaN	1
-154.5 78.5 0.1590875 0.077289057394	8
-153 78.5 0.1964 0.115508369105	7
-151.5 78.5 0.0836272727273 0.138583210317	11
-150 78.5 0.17616 0.110030507458	15
-148.5 78.5 0.139404761905 0.0780494040733	21
-147 78.5 0.162115909091 0.0911660660634	44
-145.5 78.5 0.168648717949 0.0830246820365	39
-144 78.5 0.126145 0.146996704134	20
-142.5 78.5 0.173841666667 0.104386193143	24
-141 78.5 0.212244736842 0.0794191844798	38
-139.5 78.5 0.180921875 0.0962362943216	32
-138 78.5 0.120533333333 0.142399552317	9
-136.5 78.5 0.194185 0.0876384034722	20
-135 78.5 0.0551857142857 0.114050183672	14
-133.5 78.5 0.2188125 0.100802075871	16
-132 78.5 0.16465 0.109178151922	36
-130.5 78.5 0.2062 0.105654626023	5
-129 78.5 0.122590909091 0.108209030118	22
-127.5 78.5 0.155981333333 0.11483957164	75
-126 78.5 0.151463768116 0.117780179061	69
-124.5 78.5 0.152590654206 0.0977117406019	107
-123 78.5 0.13090754717 0.0920256324688	159
-121.5 78.5 0.151816877637 0.0974665042961	237
-120 78.5 0.154142028986 0.0896349562055	138
-118.5 78.5 0.146256687898 0.0865470927639	157
-117 78.5 0.1591 0.116541845058	98
-115.5 78.5 0.126607692308 0.108675914252	26
-114 78.5 0.122236111111 0.145007631627	36
-108 78.5 0.114309090909 0.142939479883	11
-106.5 78.5 -0.1059 0.081034437124	2
-15 78.5 0.448057894737 0.129959564671	38
-13.5 78.5 0.427238095238 0.19799383444	21
-12 78.5 0.2126125 0.135553610243	8
-10.5 78.5 0.255342857143 0.134664756483	35
-9 78.5 0.217192857143 0.147405709119	84
-7.5 78.5 0.192668493151 0.104669723783	73
-6 78.5 0.200333333333 0.0709509877779	6
54 78.5 0.0069 0.256962604283	2
57 78.5 0.00685 0.17628172055	2
79.5 78.5 0.10455 0.00558614357137	2
81 78.5 0.159441666667 0.0855067191228	12
82.5 78.5 0.139366666667 0.089523540158	12
84 78.5 0.0922 0.130250930899	9
85.5 78.5 0.178607692308 0.0541614940331	13
87 78.5 0.0912722222222 0.125494128316	18
88.5 78.5 0.05685 0.115708604494	14
90 78.5 0.182344444444 0.0892660940982	18
91.5 78.5 0.146855384615 0.106945346776	65
93 78.5 0.13669137931 0.128448803761	58
94.5 78.5 0.148380188679 0.0850017707601	106
96 78.5 0.160217123288 0.10741715612	146
97.5 78.5 0.133316666667 0.0586414353608	18
99 78.5 0.0770666666667 0.0867398101604	6
117 78.5 0.184133333333 0.0603596995795	3
118.5 78.5 0.04049 0.118336530004	10
121.5 78.5 0.223016666667 0.0414782553474	6
123 78.5 0.19065 0.106279246955	10
124.5 78.5 0.193386111111 0.0824460001725	36
126 78.5 0.154010526316 0.119848422299	19
127.5 78.5 0.143543243243 0.0973804496137	37
129 78.5 0.16775 0.0412625334494	4
132 78.5 -0.0348 NaN	1
138 78.5 0.2202 0.051729649783	7
139.5 78.5 0.2201 NaN	1
154.5 78.5 0.2068 NaN	1
159 78.5 0.1284 NaN	1
160.5 78.5 0.1521 NaN	1
162 78.5 0.1192 0.107055966672	2
163.5 78.5 0.204814285714 0.103619358368	7
165 78.5 -0.06555 0.0721956023591	2
169.5 78.5 -0.0667 0.103803275478	2
171 78.5 0.1501 0.0345068109219	2
172.5 78.5 0.136544444444 0.0664291937161	9
174 78.5 0.436 NaN	1
175.5 78.5 0.2036875 0.040755207818	8
177 78.5 0.15530952381 0.0568019005383	21
-180 78 0.2315 0.0704278354062	2
-178.5 78 0.223633333333 0.0169780250127	3
-175.5 78 0.10635 0.110117423689	6
-174 78 0.309566666667 0.0301463651761	3
-171 78 0.3089 NaN	1
-168 78 0.1435 0.125582164339	2
-166.5 78 0.213 NaN	1
-165 78 0.188125 0.085232920367	8
-163.5 78 0.173225 0.0411707160145	8
-162 78 0.12614 0.115564345713	5
-160.5 78 0.165271428571 0.102335359062	7
-159 78 0.1384 NaN	1
-157.5 78 0.25238 0.105677159311	5
-153 78 0.186833333333 0.0280129136887	3
-148.5 78 0.154991666667 0.107705857512	12
-147 78 0.14260952381 0.100321936309	21
-145.5 78 0.124944444444 0.131096110842	9
-144 78 0.172758823529 0.0737637703994	17
-142.5 78 0.145957142857 0.163792743603	7
-141 78 0.118955555556 0.122634835091	9
-139.5 78 0.0853555555556 0.0925892692367	9
-138 78 0.12632 0.145498254285	5
-136.5 78 0.0203454545455 0.141392116921	11
-135 78 0.1622 0.156550750025	16
-133.5 78 0.185264285714 0.105540040547	28
-132 78 0.196 0.103606797176	20
-130.5 78 0.1591625 0.132715405916	24
-129 78 0.122253846154 0.147545264189	26
-127.5 78 0.143039344262 0.125117879456	61
-126 78 0.104346268657 0.130685018418	67
-124.5 78 0.152347169811 0.102664456443	53
-123 78 0.094490990991 0.120193551143	111
-121.5 78 0.0711006289308 0.0985210107366	159
-120 78 0.176288235294 0.121686111997	17
-118.5 78 0.254361538462 0.154683663964	13
-117 78 0.15443877551 0.113095996865	49
-115.5 78 0.0788454545455 0.123791771646	11
-106.5 78 0.145433333333 0.147903020028	3
-16.5 78 0.2481375 0.0608904387873	8
-15 78 0.178727272727 0.1268679084	11
-13.5 78 0.18522962963 0.0810168523278	81
-12 78 0.266184375 0.136905306422	64
-10.5 78 0.3010775 0.121086920439	40
-9 78 -0.0406 0.0966287741824	7
-7.5 78 0.230334285714 0.075672968937	70
79.5 78 0.144076 0.0880978493873	25
82.5 78 -0.017 NaN	1
84 78 0.154016666667 0.0951323980614	30
85.5 78 0.127704166667 0.102580854554	24
87 78 0.148545833333 0.0923086927894	24
88.5 78 0.14184375 0.0887460043701	16
90 78 0.184588888889 0.126023508026	18
91.5 78 0.111340740741 0.108880771981	27
93 78 0.228425 0.06894487964	8
94.5 78 0.163275 0.0871985373008	28
96 78 0.112626666667 0.118574096585	15
97.5 78 0.147626666667 0.0808816283808	15
99 78 0.08465 0.122346077252	22
117 78 0.107466666667 0.120271124271	3
121.5 78 0.182633333333 0.136141188967	3
123 78 0.102533333333 0.0671606097352	9
124.5 78 0.205761111111 0.112262880246	18
126 78 0.150566666667 0.097876163254	3
138 78 0.225533333333 0.0448028272917	3
154.5 78 0.22555 0.0127986327395	2
165 78 0.123475 0.204740980672	4
166.5 78 0.3439 NaN	1
171 78 0.170366666667 0.0987072607934	3
172.5 78 0.199486666667 0.0543215935316	15
175.5 78 0.10368 0.1579159175	5
177 78 0.14595 0.113146998782	4
178.5 78 0.0329 NaN	1
-180 77.5 0.2076 NaN	1
-178.5 77.5 0.15295 0.253214938343	2
-175.5 77.5 0.1985 0.0882639224145	3
-169.5 77.5 0.2469 0.0604136160149	5
-165 77.5 0.04075 0.0550836182544	2
-163.5 77.5 0.26365 0.109452592477	4
-162 77.5 0.1801375 0.126102474627	8
-160.5 77.5 0.191366666667 0.0749748179947	3
-159 77.5 0.3061 NaN	1
-157.5 77.5 0.3679 NaN	1
-156 77.5 0.202271428571 0.0523303199011	7
-154.5 77.5 0.140561904762 0.177622069226	21
-153 77.5 0.17525 0.238789960007	2
-151.5 77.5 0.166157142857 0.116328326561	14
-150 77.5 0.0768 0.0719025034335	3
-148.5 77.5 0.17326 0.0918563987973	5
-147 77.5 0.148853333333 0.0968469917423	15
-145.5 77.5 0.168 0.116141646277	11
-144 77.5 0.123645833333 0.116391416011	24
-142.5 77.5 0.17 0.0775900766851	8
-141 77.5 0.156008333333 0.134265005651	12
-139.5 77.5 0.20985 0.121855730271	6
-138 77.5 0.2308 NaN	1
-135 77.5 0.18895 0.0606977484481	4
-133.5 77.5 0.11114 0.0986810164115	5
-132 77.5 0.1970375 0.121466043952	16
-130.5 77.5 0.0640266666667 0.086863566805	15
-129 77.5 0.118151282051 0.10749680992	39
-127.5 77.5 0.0781848484848 0.126803620614	33
-126 77.5 0.156878 0.102299297362	50
-124.5 77.5 0.0746567567568 0.111435149863	74
-123 77.5 0.115898611111 0.11009948957	72
-121.5 77.5 0.0932711267606 0.108096757669	142
-120 77.5 0.0385533333333 0.102612719839	45
-118.5 77.5 0.2018 0.159945518502	10
-103.5 77.5 0.0373285714286 0.12988633154	14
-102 77.5 0.0383818181818 0.0972600310321	11
-100.5 77.5 0.0984 0.0904217209472	22
-15 77.5 0.174488888889 0.100684860387	9
-13.5 77.5 0.277157142857 0.126621210357	84
-12 77.5 0.235481609195 0.100759062757	87
-10.5 77.5 0.305765822785 0.10140055364	79
-9 77.5 0.1677 0.150614375144	3
-7.5 77.5 0.0954166666667 0.0584223934858	12
-6 77.5 0.168771428571 0.0553534014097	7
76.5 77.5 0.2909 NaN	1
78 77.5 0.2023 NaN	1
79.5 77.5 0.129633333333 0.1185570355	6
81 77.5 0.14255 0.0945401766446	2
84 77.5 0.043425 0.148665384097	8
87 77.5 0.144530769231 0.0852896572922	13
88.5 77.5 0.21095 0.0478798809522	6
93 77.5 0.0581315789474 0.0979379171416	19
94.5 77.5 0.205511363636 0.0868854504262	44
96 77.5 0.0518333333333 0.0643883788687	3
97.5 77.5 0.109509090909 0.0889526974162	66
99 77.5 0.140288888889 0.116179119588	45
100.5 77.5 0.113275 0.156793364929	8
108 77.5 0.173921428571 0.0802284160149	14
111 77.5 0.4091 NaN	1
112.5 77.5 0.144418181818 0.0457485260567	11
117 77.5 0.0702 NaN	1
118.5 77.5 0.2205 NaN	1
120 77.5 0.0837 0.0231931024229	2
123 77.5 0.121133333333 0.117420497927	3
129 77.5 0.1244 NaN	1
132 77.5 0.2451 NaN	1
166.5 77.5 0.174175 0.0707214901332	4
168 77.5 0.1114 NaN	1
169.5 77.5 0.16255 0.19919198026	2
171 77.5 0.15568 0.044608597826	5
172.5 77.5 0.1649 0.0685568669062	6
174 77.5 0.221488888889 0.0993410343771	9
178.5 77.5 0.1869 0.138734350469	2
-180 77 0.246566666667 0.0692994047593	9
-178.5 77 0.3121 NaN	1
-177 77 -0.141 NaN	1
-175.5 77 0.15435 0.0296277741317	2
-174 77 0.2954 NaN	1
-171 77 0.0088 NaN	1
-169.5 77 0.218466666667 0.104379563772	3
-162 77 0.1855 0.0206475180106	2
-160.5 77 0.06345 0.0106773123959	2
-159 77 0.1208 NaN	1
-157.5 77 0.1448 NaN	1
-156 77 0.2526 NaN	1
-154.5 77 0.07015 0.0924188563011	2
-153 77 0.137571428571 0.104577972733	7
-151.5 77 0.22925 0.0837604719821	4
-150 77 0.179333333333 0.0655198697597	3
-148.5 77 0.3086 NaN	1
-147 77 0.2414 NaN	1
-145.5 77 0.1651 0.0762261110119	2
-144 77 0.196042857143 0.0985598663389	14
-142.5 77 0.12986 0.098678432294	5
-141 77 0.136283333333 0.0994125025672	6
-139.5 77 0.27616 0.046874758666	5
-138 77 0.119575 0.076493458326	4
-136.5 77 0.192922222222 0.0381818928871	9
-135 77 0.1602 0.0687899992732	6
-133.5 77 0.19197 0.140000889283	10
-132 77 0.0646 NaN	1
-130.5 77 0.139833333333 0.120067089832	12
-129 77 0.138551724138 0.12008484755	58
-127.5 77 0.131813265306 0.0972533482187	98
-126 77 0.145647482014 0.0982406652503	139
-124.5 77 0.101944642857 0.0861859542488	112
-123 77 0.172488135593 0.121958913495	59
-121.5 77 0.176214814815 0.123906033577	27
-111 77 -0.00956666666667 0.170198305906	3
-106.5 77 0.1135 0.105456138479	8
-100.5 77 0.0733090909091 0.0863098888256	11
-99 77 0.203233333333 0.064028457215	3
-76.5 77 0.187408333333 0.11284444207	12
-16.5 77 -0.0289888888889 0.102129582561	18
-15 77 0.1431 0.144835312606	19
-13.5 77 0.254579310345 0.11512793	58
-12 77 0.331101986755 0.10835144698	151
-10.5 77 0.264644117647 0.101795459423	102
-9 77 0.235995121951 0.0692638323774	41
-7.5 77 0.169266666667 0.143439167129	6
76.5 77 0.15155 0.13622345613	4
78 77 0.27665 0.00487903679019	2
79.5 77 0.2103 NaN	1
81 77 0.166313333333 0.105124727733	15
82.5 77 0.2357 0.0335168614282	2
84 77 0.160466666667 0.116306126887	12
85.5 77 0.15535 0.157917038346	6
87 77 0.269033333333 0.0840317241681	6
91.5 77 0.18216 0.10754413579	15
93 77 0.179341818182 0.10725284023	55
94.5 77 0.243911111111 0.0621190076475	9
99 77 0.174142857143 0.0933448241226	7
100.5 77 0.16355 0.0379716341497	2
117 77 0.2237 NaN	1
118.5 77 -0.1548 NaN	1
120 77 0.0898 0.157775283235	4
154.5 77 0.1889 0.0753775828745	2
159 77 0.3476 NaN	1
160.5 77 0.0269 NaN	1
166.5 77 0.1072 0.022627416998	2
168 77 0.1931 0.0862149175027	6
169.5 77 0.1613 0.128437870843	7
172.5 77 0.248871428571 0.0800000773809	7
174 77 0.231675 0.111481369894	4
177 77 0.21865 0.0448469285459	6
178.5 77 0.3404 NaN	1
-177 76.5 0.101366666667 0.0897710606673	3
-175.5 76.5 0.2661 NaN	1
-172.5 76.5 0.1871 NaN	1
-166.5 76.5 0.26205 0.0603162084352	2
-165 76.5 0.356 NaN	1
-159 76.5 0.0709 NaN	1
-157.5 76.5 0.177461538462 0.0820762911205	13
-154.5 76.5 0.25665 0.0948230193571	2
-153 76.5 0.258 NaN	1
-151.5 76.5 0.106477777778 0.0887509405271	9
-147 76.5 0.178028571429 0.0720472232702	7
-145.5 76.5 0.287175 0.116105192965	4
-144 76.5 0.173 NaN	1
-142.5 76.5 0.290425 0.0960401782242	4
-138 76.5 0.1928 NaN	1
-136.5 76.5 0.11615 0.100762716319	2
-135 76.5 0.213133333333 0.116069576835	6
-133.5 76.5 0.0231 0.167923464709	3
-132 76.5 0.220925 0.116255275866	4
-130.5 76.5 0.210236 0.0863713391892	25
-129 76.5 0.115928888889 0.125713745221	45
-127.5 76.5 0.158530379747 0.119968350906	79
-126 76.5 0.11790661157 0.128487999268	121
-124.5 76.5 0.0991012345679 0.114605021153	81
-123 76.5 0.137969047619 0.106214142846	42
-106.5 76.5 0.113891666667 0.10328949131	12
-76.5 76.5 0.16718 0.106647339916	10
-16.5 76.5 0.0419875 0.146555377124	48
-15 76.5 0.0888125 0.142366443052	8
-13.5 76.5 0.318773584906 0.142352694648	53
-12 76.5 0.281966666667 0.0975644735547	81
-10.5 76.5 0.18456 0.106078027885	5
75 76.5 0.2595 NaN	1
76.5 76.5 0.125033333333 0.0988417590562	3
78 76.5 0.1319 0.178053216764	6
79.5 76.5 0.17016 0.0608377185634	5
81 76.5 0.238 0.168998520704	2
82.5 76.5 0.2119 0.0812312747653	5
84 76.5 0.2027 NaN	1
85.5 76.5 0.16685 0.0727936911455	18
87 76.5 0.220196 0.06194533531	25
88.5 76.5 0.1159075 0.140058147975	40
90 76.5 0.27268 0.0270990221226	5
91.5 76.5 0.204622222222 0.108569089429	27
93 76.5 0.19755625 0.0756561605225	16
117 76.5 0.2139 0.0408707719526	2
118.5 76.5 0.346 NaN	1
159 76.5 0.097 NaN	1
162 76.5 0.0881 0.0272943217538	2
166.5 76.5 -0.0768 0.0273051277236	3
168 76.5 0.161925 0.0762330800899	4
169.5 76.5 0.0989 NaN	1
171 76.5 0.234 0.0860902627092	4
172.5 76.5 0.1757 NaN	1
174 76.5 0.192272222222 0.0568139150888	18
175.5 76.5 0.1468 NaN	1
-178.5 76 -0.0342 NaN	1
-177 76 0.1326 NaN	1
-175.5 76 0.3529 0.0181019335984	2
-174 76 -0.0043 NaN	1
-169.5 76 0.30075 0.0490024999362	2
-166.5 76 0.17246 0.13031246295	5
-162 76 0.2949 NaN	1
-159 76 0.0132666666667 0.0541694871061	3
-157.5 76 0.0377285714286 0.111084708133	7
-156 76 0.171566666667 0.0934883204502	12
-154.5 76 0.1996375 0.127297390137	8
-153 76 0.152322222222 0.0862663140771	9
-151.5 76 0.17102 0.0992687110826	5
-150 76 0.09125 0.0648575104877	4
-147 76 0.2296 NaN	1
-145.5 76 0.1986 0.0620280984716	5
-144 76 0.181215384615 0.0913560693674	13
-142.5 76 0.100383333333 0.0445009850078	6
-141 76 0.191933333333 0.0189172760548	3
-139.5 76 0.1649 0.049234202204	4
-138 76 0.195816666667 0.0778283346004	6
-136.5 76 0.1362 NaN	1
-135 76 0.1403 0.113462196348	3
-133.5 76 0.000566666666667 0.0827775976135	6
-132 76 0.218116666667 0.0627047818485	6
-130.5 76 0.169342857143 0.10927654158	28
-129 76 0.12017254902 0.093183782019	51
-127.5 76 0.116302941176 0.0982434653091	34
-126 76 0.169791603053 0.116243186095	131
-124.5 76 0.127905882353 0.119633985191	68
-78 76 0.2429 NaN	1
-70.5 76 0.274666666667 0.146613926123	3
-15 76 0.3352 0.0580436904409	3
-13.5 76 0.148177777778 0.171962494296	9
-12 76 0.211 NaN	1
72 76 0.22625 0.162563848995	2
73.5 76 0.1437 NaN	1
78 76 0.218633333333 0.116248314683	6
79.5 76 0.230311111111 0.0780383470552	9
81 76 0.127028571429 0.12261083033	7
85.5 76 0.201514705882 0.0717381819318	34
87 76 0.143133333333 0.0992501433368	15
88.5 76 0.125195833333 0.0911166403891	24
90 76 0.222355172414 0.0927482906512	29
91.5 76 0.203433333333 0.0986773848747	36
117 76 -0.0196 NaN	1
156 76 0.1838 NaN	1
159 76 0.1994 NaN	1
162 76 0.251 NaN	1
166.5 76 0.3811 NaN	1
168 76 0.2519 NaN	1
171 76 0.209425 0.113249852833	4
172.5 76 0.25825 0.0473054436614	2
174 76 0.24155 0.0570635172418	2
175.5 76 0.035 0.0671886895244	4
177 76 0.2102 0.0411430431543	3
-178.5 75.5 0.14425 0.0990656600442	2
-175.5 75.5 0.0587 NaN	1
-174 75.5 0.2773 NaN	1
-172.5 75.5 0.1163 NaN	1
-171 75.5 0.2572 NaN	1
-168 75.5 0.13948 0.11034891028	5
-163.5 75.5 0.1039 NaN	1
-162 75.5 0.142066666667 0.144713242049	12
-159 75.5 0.1447 NaN	1
-156 75.5 0.143657142857 0.148585002127	7
-154.5 75.5 0.1684 NaN	1
-153 75.5 0.10755 0.0663973267534	2
-150 75.5 0.10555 0.125700981168	4
-148.5 75.5 0.154966666667 0.0573466941796	3
-144 75.5 0.1741 0.0562856997824	2
-142.5 75.5 0.0711 0.0735391052434	2
-132 75.5 0.149369565217 0.143338136253	23
-130.5 75.5 0.0973647058824 0.117269549336	34
-129 75.5 0.111376470588 0.1257806003	17
-127.5 75.5 0.0760344827586 0.137954791445	29
-126 75.5 0.112366019417 0.116058252406	103
-124.5 75.5 0.11738 0.100920199498	25
-121.5 75.5 0.12356 0.103498516898	5
-78 75.5 0.117533333333 0.0515783223199	3
-76.5 75.5 0.09706 0.181896187426	5
-75 75.5 0.128053846154 0.0700595891056	13
-72 75.5 0.17 0.139298994971	3
-16.5 75.5 0.227613636364 0.112476208259	22
-15 75.5 0.242354 0.112074028396	50
-13.5 75.5 0.3727 NaN	1
64.5 75.5 0.155733333333 0.145585381592	3
66 75.5 0.1302 0.0281428498912	2
67.5 75.5 0.185225 0.0899988690405	8
75 75.5 0.3227 NaN	1
78 75.5 0.244711111111 0.058670487565	9
84 75.5 0.283775 0.0197896227015	4
85.5 75.5 0.23885 0.168079281888	2
87 75.5 0.20818 0.104005433924	15
120 75.5 0.2727 NaN	1
169.5 75.5 0.227 0.138738711252	3
171 75.5 0.263533333333 0.0542071336019	3
177 75.5 0.0776333333333 0.0937064209824	3
-175.5 75 0.153066666667 0.062841493723	3
-162 75 0.32655 0.0204353859763	2
-160.5 75 0.12508 0.162352046492	5
-154.5 75 0.3294 NaN	1
-153 75 0.101263636364 0.127324720873	11
-151.5 75 0.1516 NaN	1
-138 75 0.1364 0.0342514233281	5
-133.5 75 0.1687 0.112513643617	3
-130.5 75 0.146352631579 0.119950834226	19
-129 75 0.113651851852 0.124278017214	54
-127.5 75 0.127763247863 0.109665405382	117
-126 75 0.130846666667 0.11205728176	60
-124.5 75 0.105790909091 0.215031371918	11
-120 75 0.1457 NaN	1
-103.5 75 0.09136 0.143173925699	5
-78 75 -0.0395 0.117379725677	2
-76.5 75 0.164666666667 0.173150658869	6
-16.5 75 0.305492307692 0.125112352585	13
-15 75 0.461653333333 0.14226481779	15
63 75 0.177525 0.0524663940061	4
69 75 0.2264 0.0792453784141	5
70.5 75 0.285 NaN	1
73.5 75 0.171033333333 0.108984693115	3
76.5 75 0.1475 0.127492457293	4
81 75 0.250933333333 0.0112535920191	3
-180 74.5 -0.0758 NaN	1
-178.5 74.5 0.0136 NaN	1
-172.5 74.5 0.00475 0.0357088924499	2
-169.5 74.5 0.2288 NaN	1
-154.5 74.5 0.2202 0.00282842712475	2
-141 74.5 0.1933 NaN	1
-138 74.5 0.3079 0.0687307791313	2
-136.5 74.5 0.183266666667 0.00678257571527	3
-135 74.5 0.03285 0.0163341666454	2
-133.5 74.5 0.116075 0.120320466974	12
-130.5 74.5 0.162169230769 0.127383079623	13
-129 74.5 0.165697142857 0.0943071899628	70
-127.5 74.5 0.0409818181818 0.13384284543	22
-126 74.5 0.12335 0.101730630362	14
-106.5 74.5 -0.1522 NaN	1
-105 74.5 0.224 0.150303730588	8
-103.5 74.5 0.11965 0.107185475168	24
-102 74.5 0.213858333333 0.0783889655771	12
-99 74.5 0.0156 0.12742064197	2
-78 74.5 0.07915 0.141067802847	2
-76.5 74.5 0.149053846154 0.107016156221	13
-75 74.5 0.1116625 0.115588728684	40
-73.5 74.5 0.16291 0.160151091508	10
-16.5 74.5 0.183366666667 0.183797669554	3
-15 74.5 0.200007142857 0.0915082380847	14
61.5 74.5 0.21159 0.0667259478098	10
63 74.5 0.14019 0.14605916191	10
64.5 74.5 0.173458823529 0.105396525434	17
66 74.5 0.4094 NaN	1
67.5 74.5 0.1531 NaN	1
69 74.5 0.232433333333 0.122347428797	3
72 74.5 -0.0699 NaN	1
75 74.5 0.2256 0.171544105116	2
172.5 74.5 0.2043 NaN	1
178.5 74.5 0.1788 NaN	1
-172.5 74 0.208266666667 0.0500358205022	3
-144 74 0.21835 0.163695219845	2
-141 74 0.2823 NaN	1
-136.5 74 0.17671 0.13957222304	10
-135 74 0.1661375 0.0568902687511	8
-133.5 74 0.16265 0.0334461507501	2
-132 74 -0.00456666666667 0.127413984057	3
-130.5 74 0.1157 0.122525407796	10
-129 74 0.128645945946 0.132934246996	74
-127.5 74 0.108742857143 0.124677114967	42
-126 74 0.148742857143 0.227177932153	7
-106.5 74 0.132233333333 0.0415385764481	3
-105 74 0.154559090909 0.126985659704	22
-103.5 74 0.113659016393 0.117056125252	61
-102 74 0.1469046875 0.0986112383397	64
-81 74 0.287166666667 0.00917623742791	3
-78 74 0.252416666667 0.0775415093138	6
-76.5 74 0.28225 0.125511453661	2
-75 74 0.104177272727 0.156408043673	22
-73.5 74 0.190242857143 0.167653589853	7
-72 74 0.05648 0.0599721351963	5
-70.5 74 0.17005 0.00898025612107	2
-66 74 0.26374 0.0417288629129	5
-64.5 74 0.160333333333 0.153061959132	3
-61.5 74 -0.0203 NaN	1
60 74 0.187816666667 0.0926782049172	6
61.5 74 0.19435 0.0630032142037	2
63 74 0.109733333333 0.165926439525	3
64.5 74 0.106966666667 0.101998545741	3
66 74 0.21155 0.00657609306503	2
81 74 0.0463 0.072175757703	4
129 74 0.174125 0.0501624942894	4
172.5 74 0.0508 NaN	1
174 74 0.1801 NaN	1
-157.5 73.5 0.00355 0.131774213461	4
-142.5 73.5 0.13695 0.0776257045057	4
-138 73.5 0.121244444444 0.136047538669	9
-136.5 73.5 0.226166666667 0.0763703170959	21
-135 73.5 0.110405555556 0.119945838131	18
-133.5 73.5 0.140357142857 0.157047539057	7
-132 73.5 0.0331 0.108703943225	12
-130.5 73.5 0.0962222222222 0.138365916845	9
-129 73.5 0.09773 0.161001145959	10
-127.5 73.5 0.13758 0.178698312807	5
-103.5 73.5 0.192947619048 0.0767987605307	21
-90 73.5 0.1636 NaN	1
-73.5 73.5 0.227285714286 0.221343394063	7
-72 73.5 0.14964 0.0766431862594	5
-70.5 73.5 0.0934333333333 0.0798220729707	3
-66 73.5 0.2014 NaN	1
-63 73.5 0.223825 0.0598433719527	4
-19.5 73.5 0.0542 NaN	1
60 73.5 0.244375 0.102741556831	12
61.5 73.5 0.139155555556 0.0353581713014	9
64.5 73.5 0.06845 0.0764382430463	2
67.5 73.5 0.171866666667 0.11934081727	6
120 73.5 -0.13085 0.0338704148188	2
129 73.5 0.196425 0.0414031701685	4
130.5 73.5 0.2063 NaN	1
160.5 73.5 0.141683333333 0.0766389826829	6
162 73.5 0.2393 NaN	1
174 73.5 0.09565 0.152179751172	4
177 73.5 0.16835 0.0693671752344	2
178.5 73.5 0.105928571429 0.0964086046347	7
-177 73 -0.0142 0.0764010471132	4
-175.5 73 0.2335 NaN	1
-153 73 0.08265 0.140219274709	2
-150 73 0.1648 0.0930270605792	11
-147 73 0.2237 NaN	1
-145.5 73 0.1071 0.0377595021154	2
-144 73 0.2496 NaN	1
-142.5 73 0.163333333333 0.0753877310973	9
-141 73 0.1158 0.129966226382	2
-139.5 73 0.1701125 0.154288814866	8
-138 73 0.15416875 0.129245532321	16
-136.5 73 0.131774074074 0.102647704432	27
-135 73 0.0866363636364 0.0983456076572	11
-133.5 73 0.0747631578947 0.132746969878	19
-132 73 0.151106896552 0.107711428741	58
-130.5 73 0.0420666666667 0.113972844719	21
-129 73 0.1746 NaN	1
-127.5 73 -0.0441 0.177059538009	2
-105 73 -0.1694 NaN	1
-103.5 73 0.109968181818 0.0985916609357	22
-75 73 0.3188 NaN	1
-73.5 73 0.0390166666667 0.148589439957	6
-67.5 73 0.00675 0.204707413154	2
-66 73 0.28 NaN	1
-64.5 73 0.1815 NaN	1
-63 73 0.13145 0.117206384923	4
-19.5 73 0.0961729166667 0.100703220468	48
58.5 73 0.277833333333 0.0642780159412	3
61.5 73 0.0458 NaN	1
73.5 73 0.2338 NaN	1
153 73 0.2353 NaN	1
159 73 0.1323875 0.124743444574	8
165 73 0.20088 0.0584781326651	5
171 73 0.160422222222 0.0860627064671	9
174 73 0.360666666667 0.0377382211204	3
175.5 73 0.3734 NaN	1
178.5 73 0.169 NaN	1
-162 72.5 0.074025 0.103932557116	8
-159 72.5 0.136969230769 0.10656973968	26
-157.5 72.5 -0.0125 0.186686850099	4
-156 72.5 0.0724052631579 0.0916298985271	19
-154.5 72.5 0.0428545454545 0.166189580682	11
-153 72.5 0.0967862068966 0.094351719358	29
-151.5 72.5 0.1831 NaN	1
-150 72.5 0.1069 0.0974858817617	8
-148.5 72.5 0.169742857143 0.0687462206753	7
-147 72.5 -0.1676 0.0313644703446	3
-145.5 72.5 0.09582 0.0889460623074	5
-144 72.5 0.0196 NaN	1
-142.5 72.5 0.10358 0.175033703421	10
-141 72.5 0.137804545455 0.0881388162545	22
-139.5 72.5 0.129142857143 0.087170414126	14
-138 72.5 0.113528571429 0.180044195632	7
-136.5 72.5 0.06507 0.134352772482	20
-135 72.5 0.127242857143 0.114538195958	49
-133.5 72.5 0.101389189189 0.135204724983	37
-132 72.5 0.07157 0.11690516622	10
-105 72.5 0.1593 0.0714708798509	4
-103.5 72.5 0.0355125 0.127281477443	16
-73.5 72.5 0.127072727273 0.161194243637	11
-72 72.5 0.347433333333 0.0422783474921	6
-70.5 72.5 0.238419047619 0.0538488311762	21
-69 72.5 0.148833333333 0.0871783421116	3
-67.5 72.5 0.179007142857 0.0883995863572	14
-66 72.5 0.206666666667 0.2023717701	3
-64.5 72.5 0.29814 0.0644056907424	5
-63 72.5 0.20115 0.0491439212925	2
-60 72.5 0.22915 0.147007499809	2
-21 72.5 0.196971428571 0.0849194408164	14
-19.5 72.5 0.0730464285714 0.135690707344	84
-18 72.5 0.4013125 0.0852212152912	8
57 72.5 0.117 NaN	1
58.5 72.5 0.2387 NaN	1
60 72.5 0.268028571429 0.0747722701337	7
61.5 72.5 0.12875 0.00106066017178	2
64.5 72.5 0.1368 0.0135764501988	2
66 72.5 0.1255 0.0420021428025	2
130.5 72.5 -0.0499 0.154714963724	2
135 72.5 0.18955 0.0437699097554	2
157.5 72.5 0.27364 0.0486465620574	5
159 72.5 0.190133333333 0.157564283178	3
163.5 72.5 0.182 NaN	1
168 72.5 0.2505 NaN	1
172.5 72.5 0.181675 0.0644313782252	4
174 72.5 0.23945 0.137532268941	2
175.5 72.5 0.0963428571429 0.0900274561295	7
177 72.5 0.1596 0.0469518902708	2
178.5 72.5 0.1692 0.0787964748224	10
-166.5 72 0.16015 0.0363595700378	10
-165 72 0.0602941176471 0.104768515491	17
-160.5 72 0.0810705882353 0.117364525458	34
-159 72 0.092696875 0.127904317777	32
-157.5 72 0.0298222222222 0.130120828269	45
-156 72 0.266925 0.0683223426121	4
-154.5 72 -0.0885666666667 0.123948631833	3
-153 72 0.06045 0.151680943198	18
-151.5 72 0.130483333333 0.150333905651	24
-150 72 0.134983870968 0.121193638713	31
-148.5 72 0.159025 0.0623413920816	4
-147 72 -0.0451 0.14939635203	5
-145.5 72 0.0278066666667 0.128683617931	15
-144 72 0.17847 0.131513113615	20
-142.5 72 0.189990625 0.0848804866035	32
-141 72 0.11824137931 0.091970300009	29
-139.5 72 0.13042 0.0818149782538	10
-138 72 0.1430875 0.116807930718	8
-136.5 72 0.128833333333 0.068614780443	15
-135 72 0.00881428571429 0.139719760337	7
-133.5 72 0.102155263158 0.159698282577	38
-132 72 0.110233333333 0.0932346368041	9
-127.5 72 0.237 0.072856342666	4
-103.5 72 0.148514285714 0.066991076985	14
-102 72 -0.0472 NaN	1
-91.5 72 0.3831 NaN	1
-72 72 0.131013432836 0.0953119199762	67
-70.5 72 0.22318 0.0633368534109	5
-69 72 0.161546875 0.0870461649277	32
-67.5 72 0.193633333333 0.0537477751478	3
-66 72 0.127170588235 0.0828078556411	17
-64.5 72 0.2386 0.0814596832795	3
-61.5 72 0.18992 0.104361214744	15
-60 72 0.166786956522 0.0767327967356	23
-58.5 72 0.14525 0.00685893577751	2
-57 72 0.1563 0.0879640835796	2
-21 72 0.23905 0.133966202205	4
-19.5 72 0.240919230769 0.100251320268	26
61.5 72 0.150690909091 0.0741083997202	11
63 72 0.2377 NaN	1
66 72 -0.03825 0.117309014999	2
67.5 72 0.1246125 0.0717482391521	8
162 72 0.2287 0.0745568910296	5
169.5 72 0.19595 0.152522932702	2
171 72 0.21605 0.0123743686708	2
174 72 0.03565 0.117295093674	6
175.5 72 -0.1245 NaN	1
177 72 0.2085 0.0749878656851	4
-169.5 71.5 0.1858 NaN	1
-163.5 71.5 0.05858 0.106285285905	5
-162 71.5 0.116633333333 0.214456926522	3
-160.5 71.5 0.14691875 0.134257003387	16
-159 71.5 0.05105 0.0954110359941	20
-157.5 71.5 0.13970483871 0.101494986434	62
-154.5 71.5 0.2397 0.0592439659375	9
-153 71.5 0.236155555556 0.101779522062	36
-151.5 71.5 0.2208 0.0586937816127	3
-150 71.5 0.12665 0.130276940912	16
-148.5 71.5 0.10663 0.137278168937	10
-147 71.5 0.17584 0.146360195604	15
-144 71.5 0.0759285714286 0.130741815732	7
-142.5 71.5 0.149883333333 0.106935972088	30
-141 71.5 0.122946666667 0.0843889876589	15
-139.5 71.5 0.140021052632 0.127463117014	19
-138 71.5 0.1761 0.107337376994	9
-136.5 71.5 0.239781818182 0.116363119743	11
-135 71.5 0.136028571429 0.112681597348	7
-133.5 71.5 0.144985714286 0.108063797803	14
-132 71.5 0.01575 0.0361331565186	2
-103.5 71.5 0.128611111111 0.105794216949	18
-102 71.5 0.1762 0.056566362207	7
-100.5 71.5 0.241402631579 0.110794322439	38
-91.5 71.5 0.151085714286 0.126868174206	14
-70.5 71.5 0.145137254902 0.106630625921	51
-69 71.5 0.1858125 0.0784329001971	16
-67.5 71.5 0.133197560976 0.0993419208789	41
-66 71.5 0.245833333333 0.049418161304	6
-64.5 71.5 0.18474 0.0732766538537	5
-63 71.5 0.0540333333333 0.099996516606	3
-61.5 71.5 0.06566 0.0993251808735	10
-60 71.5 0.2654 NaN	1
-58.5 71.5 0.0500545454545 0.136631916942	11
-21 71.5 0.174225 0.142758499455	4
-19.5 71.5 0.219507142857 0.100820964428	14
64.5 71.5 -0.13535 0.0478332171892	4
130.5 71.5 0.133233333333 0.0473732343558	3
159 71.5 0.2245 NaN	1
163.5 71.5 0.1717 0.0721841048985	5
171 71.5 0.2817 NaN	1
172.5 71.5 0.239066666667 0.11830305716	3
175.5 71.5 0.267325 0.057987319016	4
-171 71 0.189477777778 0.0854030411897	9
-166.5 71 0.0677 0.105500331753	2
-165 71 0.171075 0.206595246396	4
-163.5 71 0.1166 NaN	1
-160.5 71 -0.02075 0.100123026175	28
-159 71 0.17652 0.10567919379	5
-153 71 0.276085714286 0.0881159733641	7
-150 71 0.3732 NaN	1
-148.5 71 0.148 0.048426103498	9
-147 71 0.2165 NaN	1
-145.5 71 0.2464 NaN	1
-144 71 0.215166666667 0.0887840263411	3
-142.5 71 0.18069 0.140114321974	10
-139.5 71 0.0916166666667 0.0853685285493	6
-138 71 0.1429 0.10721212618	8
-136.5 71 0.3031 NaN	1
-135 71 0.0955333333333 0.0283517783099	3
-132 71 0.186266666667 0.0148399236296	3
-130.5 71 0.1507 0.0851356564549	2
-124.5 71 0.1751 0.0918062307254	6
-123 71 0.148 NaN	1
-103.5 71 0.132535897436 0.0702051523345	39
-102 71 0.159498275862 0.0975559191715	58
-100.5 71 0.1604890625 0.0763344065576	64
-99 71 0.18568 0.052802433656	5
-97.5 71 0.133245 0.0651089893947	20
-91.5 71 0.219645454545 0.0902031747073	11
-69 71 0.224072727273 0.0908229166115	11
-67.5 71 0.180593103448 0.085987968141	29
-66 71 0.172058333333 0.113282981249	24
-63 71 0.2158 0.0650095237778	12
-61.5 71 0.161683333333 0.179266342816	6
-60 71 0.16425 0.0711157406727	8
-58.5 71 0.075725 0.111799102348	8
-57 71 0.21225 0.0126572113832	2
-19.5 71 0.233272727273 0.10463834948	11
63 71 0.0429 NaN	1
163.5 71 0.1412 NaN	1
165 71 0.20274 0.0994726243747	5
172.5 71 0.1836 NaN	1
174 71 0.0535 0.00806101730553	2
-177 70.5 0.174575 0.090432972416	4
-174 70.5 0.0764 NaN	1
-171 70.5 0.22118 0.0232354685772	5
-169.5 70.5 0.11245 0.110091976698	4
-168 70.5 0.08005 0.0873276874765	2
-147 70.5 0.36855 0.0109601551084	2
-144 70.5 0.4167 NaN	1
-142.5 70.5 0.189325 0.0289165898174	4
-138 70.5 0.30655 0.0258093975133	2
-136.5 70.5 0.176088235294 0.116518318744	17
-135 70.5 0.1467 0.00127279220614	2
-126 70.5 0.2959 NaN	1
-124.5 70.5 0.23219 0.0675228430484	10
-123 70.5 0.2738 NaN	1
-121.5 70.5 0.16595 0.132865364185	2
-120 70.5 0.3482 0.00466690475583	2
-118.5 70.5 0.332 0.0138592929113	2
-99 70.5 0.127657777778 0.08987612811	45
-91.5 70.5 0.272333333333 0.0657335168548	15
-90 70.5 0.23655 0.0286832703854	4
-67.5 70.5 0.10965 0.0988301404768	4
-66 70.5 0.192942857143 0.13526752329	7
-64.5 70.5 0.252433333333 0.0356842168659	3
-63 70.5 0.240975 0.0628796933305	4
-61.5 70.5 0.128427272727 0.15597070296	11
-60 70.5 0.00145 0.14545186489	2
-58.5 70.5 0.061025 0.144904899848	16
-57 70.5 0.1909 0.0845699710299	2
64.5 70.5 0.0369285714286 0.0940245130145	7
66 70.5 0.15384 0.147499637288	5
163.5 70.5 0.0780333333333 0.123720828211	3
165 70.5 0.2511 NaN	1
166.5 70.5 0.27365 0.0924452733861	8
168 70.5 0.205483333333 0.103393992411	6
172.5 70.5 0.299128571429 0.11877467062	7
174 70.5 0.231425 0.0745684640671	4
175.5 70.5 0.1936 0.139158614538	2
177 70.5 0.271 0.0722663130373	2
-180 70 0.1816 0.0564271211387	2
-178.5 70 0.1122 0.0534572726577	2
-177 70 0.1223 0.0490213218916	3
-174 70 0.225192307692 0.0904440753683	13
-166.5 70 0.091 NaN	1
-165 70 0.2016 NaN	1
-163.5 70 0.2423 NaN	1
-138 70 0.1411 NaN	1
-136.5 70 0.17185 0.10698892466	12
-120 70 0.28568 0.0835317322083	15
-118.5 70 0.237046666667 0.0506454040598	15
-100.5 70 0.255142857143 0.162464969118	7
-99 70 0.258207843137 0.0616069601365	51
-90 70 0.136533333333 0.183517646745	6
-88.5 70 0.11618 0.202775212982	5
-66 70 0.0448363636364 0.112817527652	11
-64.5 70 0.0703 0.121837063326	3
-63 70 0.077 0.11061931718	7
-61.5 70 0.064325 0.161291065646	8
-60 70 0.0938333333333 0.118689103684	3
-21 70 0.300704166667 0.156484541476	24
64.5 70 -0.01415 0.156482730677	2
66 70 0.104644444444 0.162326369632	9
174 70 0.2275 0.0870172971311	3
175.5 70 0.127777272727 0.0901904436487	22
177 70 0.054875 0.166003019551	4
178.5 70 0.22316 0.0830597535914	10
-180 69.5 0.170428571429 0.1674785425	14
-177 69.5 0.0935 0.085415221126	8
-175.5 69.5 0.114316666667 0.114308204722	6
-165 69.5 0.221366666667 0.189584923803	3
-118.5 69.5 0.247575 0.0403837735565	4
-100.5 69.5 0.234242307692 0.0716118331392	52
-88.5 69.5 0.264833333333 0.0171351490607	3
-87 69.5 0.24833125 0.11757613544	16
-66 69.5 0.09085 0.100621294963	2
-64.5 69.5 0.00842222222222 0.152874513718	9
-63 69.5 0.213153333333 0.110781192748	15
-61.5 69.5 0.11384 0.128182935248	10
-60 69.5 0.0844666666667 0.0249211422959	3
-58.5 69.5 0.0679 NaN	1
66 69.5 0.307 NaN	1
178.5 69.5 0.237307692308 0.15684048936	13
-178.5 69 0.06133 0.146515604402	10
-177 69 0.157314285714 0.136627540276	7
-175.5 69 0.15309 0.124166073558	80
-174 69 0.0790333333333 0.0832085532462	3
-171 69 0.24815 0.0546593541857	2
-165 69 0.257 NaN	1
-87 69 0.166466666667 0.0100520313038	3
-64.5 69 0.0387 0.129400540957	2
-63 69 0.1784875 0.0621548590216	16
-61.5 69 0.1709 NaN	1
-60 69 0.151375 0.145911077372	4
-55.5 69 0.30575 0.104196017198	4
-24 69 0.16954 0.0785624054848	10
-177 68.5 0.160376 0.0943058644341	25
-175.5 68.5 0.135730434783 0.12975261579	23
-174 68.5 0.24235 0.0562698557548	4
-172.5 68.5 0.198091666667 0.0474060498313	12
-171 68.5 0.22484 0.0882475382093	5
-66 68.5 0.07235 0.0243951839509	2
-64.5 68.5 0.1188 0.137756618716	11
-63 68.5 0.163168965517 0.0956892631066	29
-61.5 68.5 0.083 0.0889540330733	2
-60 68.5 0.0945333333333 0.15689513483	3
-25.5 68.5 0.195016666667 0.0889474994964	6
-24 68.5 0.329188888889 0.122583539281	27
-175.5 68 0.205127272727 0.207381026571	11
-174 68 0.183352777778 0.0996704357712	72
-172.5 68 0.306242857143 0.0786980486235	7
-171 68 0.126257142857 0.166503512046	7
-169.5 68 0.199766666667 0.177636266943	3
-168 68 0.3076 NaN	1
-81 68 0.1893 NaN	1
-79.5 68 0.392128571429 0.0535825753483	7
-63 68 0.15787 0.13122064223	20
-61.5 68 0.195075 0.10815474639	4
-60 68 0.122666666667 0.088863115708	3
-57 68 0.17425 0.00629325035256	2
-55.5 68 0.291 NaN	1
-30 68 0.3369 0.0350962486124	7
-28.5 68 0.0537333333333 0.210484438063	6
-25.5 68 0.161307407407 0.091968978574	27
-174 67.5 0.192228571429 0.0987934942468	14
-172.5 67.5 0.23704 0.0740889195494	5
-171 67.5 0.182493939394 0.143103266777	33
-79.5 67.5 0.2883 NaN	1
-78 67.5 0.3017 NaN	1
-63 67.5 0.105925 0.055288056275	4
-61.5 67.5 0.2312 NaN	1
-60 67.5 -0.13095 0.0805394623771	2
-58.5 67.5 0.15795 0.0842164176393	2
-57 67.5 0.02385 0.0388201622871	2
-55.5 67.5 -0.013 NaN	1
-31.5 67.5 0.0747285714286 0.102490059913	7
-30 67.5 0.0129 NaN	1
-27 67.5 0.077 0.0705076591584	3
-171 67 0.208255555556 0.117597678414	36
-169.5 67 0.219170588235 0.0968875557328	17
-166.5 67 0.182836363636 0.145838545788	44
-78 67 -0.1334 NaN	1
-75 67 0.321475 0.078212078138	4
-60 67 0.03245 0.132723942829	2
-58.5 67 0.0748571428571 0.177495829596	7
-169.5 66.5 0.119822222222 0.156377026588	9
-168 66.5 0.05242 0.161966839199	5
-166.5 66.5 0.159508333333 0.152146445233	24
-82.5 66.5 0.15955 0.00374766594029	2
-79.5 66.5 0.29748 0.0992526926587	5
-60 66.5 0.079375 0.163570379857	4
-58.5 66.5 -0.0653 NaN	1
-33 66.5 0.0622666666667 0.115268049924	3
-169.5 66 0.381 0.0920653029105	2
-168 66 0.22075 0.0328804653252	2
-82.5 66 0.266566666667 0.0457071475082	3
-81 66 0.179054545455 0.102589983562	11
-79.5 66 0.187857142857 0.135957675487	7
-61.5 66 0.227157142857 0.094262185015	7
-60 66 0.2473 0.0686069967277	3
-169.5 65.5 0.00315 0.0439113311117	2
-81 65.5 0.2314 0.0757748639062	3
-79.5 65.5 0.0588625 0.15894439223	8
-60 65.5 0.02665 0.0478711290863	2
-58.5 65.5 0.3404 0.00820243866176	2
-171 65 0.271133333333 0.152316786118	3
-168 65 0.319 0.00707106781187	2
-81 65 0.0611333333333 0.141171139638	6
-79.5 65 0.2251 0.188805614323	3
-63 65 -0.13335 0.00487903679019	2
-61.5 65 0.17226 0.118590884979	5
-60 65 0.3239 0.0451798627709	5
-172.5 64.5 0.2732 NaN	1
-79.5 64.5 0.2628 0.116513346875	5
-61.5 64.5 0.13164 0.0695355736296	10
-171 64 0.148085714286 0.103012125962	7
-169.5 64 0.148630952381 0.0662747992723	42
-168 64 -0.04745 0.107409520062	2
-165 64 0.1079 0.0350724963469	2
-79.5 64 0.482333333333 0.0425072150738	3
-63 64 0.318 0.0412950360213	2
-60 64 0.3538 NaN	1
-169.5 63.5 0.16702 0.140787849356	20
-165 63.5 0.24415 0.0716299169342	2
-63 63.5 0.0714333333333 0.0300027220987	3
-61.5 63.5 0.31825 0.0918866874652	4
-60 63.5 0.0524333333333 0.126684784669	6
-172.5 63 0.1902 0.143118412512	2
-168 63 0.2817 NaN	1
-166.5 63 -0.0388 0.0345068109219	2
-87 63 0.4266 NaN	1
-84 63 0.2989 0.0373476460659	4
-73.5 63 0.1966 0.0349310749906	2
-64.5 63 0.2157 0.0813386132166	3
-63 63 0.153661538462 0.0846338637747	13
-178.5 62.5 0.1248 0.0444486220259	3
-177 62.5 0.12495 0.0395006202483	6
-82.5 62.5 0.36535 0.0563564104606	2
-81 62.5 0.347966666667 0.092635486361	3
-73.5 62.5 -0.1618 NaN	1
-72 62.5 0.00655 0.0260922402258	2
-178.5 62 0.183825 0.122105292678	4
-177 62 0.26265 0.00997020561473	2
-174 62 0.0791 0.171001140347	3
-70.5 62 0.368133333333 0.0779256910995	3
178.5 62 0.0994 NaN	1
-178.5 61.5 0.2422 NaN	1
-175.5 61.5 0.099775 0.0818267020395	4
-172.5 61.5 0.198025 0.0507330513571	4
-171 61.5 -0.0258 0.0842871283174	2
-84 61.5 0.1817 NaN	1
-82.5 61.5 0.1425 0.0715592062561	2
-81 61.5 0.057 0.046765478721	3
-171 61 0.207616666667 0.0937064355346	12
-82.5 61 0.3206 NaN	1
-81 61 0.2601 0.00410121933088	2
-61.5 61 0.2465 NaN	1
-168 60.5 0.271533333333 0.103288269744	6
-81 60.5 0.16155 0.100317239652	8
-79.5 60.5 0.2268 0.0540810502857	3
-66 60.5 0.205 NaN	1
-169.5 60 0.2209 NaN	1
-90 60 0.2079 0.00141421356237	2
-82.5 60 0.4203 NaN	1
-81 60 -0.06195 0.00601040764009	2
-79.5 60 0.092975 0.169245726189	4
156 60 0.2006 0.0989949493661	2
