2000
    5.023235238     1.852848185 0 0.0 1.0
    1.060622531     6.881588598 0 0.0 1.0
    1.918366733     1.920321610 0 0.0 1.0
    5.752305388     4.736803498 0 0.0 1.0
    1.530811898     1.948676459 0 0.0 1.0
    6.372778852     3.317930268 0 0.0 1.0
    5.058160939     2.614702495 0 0.0 1.0
    3.106484502     3.942315600 0 0.0 1.0
    3.020209883     5.089572179 0 0.0 1.0
    4.766579775     4.036686577 0 0.0 1.0
    3.635760398     3.910225727 0 0.0 1.0
    1.147324920     4.631091610 0 0.0 1.0
    4.564753448     5.504020098 0 0.0 1.0
    1.599795034     3.282422154 0 0.0 1.0
    1.424202757     1.795605577 0 0.0 1.0
    4.524682679     6.134369886 0 0.0 1.0
    6.146506501     2.908287883 0 0.0 1.0
    6.741691054     1.259455281 0 0.0 1.0
    1.612848836     1.704027465 0 0.0 1.0
    6.580781924     6.219767734 0 0.0 1.0
    3.353677776     6.454148535 0 0.0 1.0
    2.294301108     5.663167439 0 0.0 1.0
    1.891309735     1.068230640 0 0.0 1.0
    6.351665502     3.451491629 0 0.0 1.0
    6.858360684     2.310857812 0 0.0 1.0
    6.264005734     4.890496651 0 0.0 1.0
    1.706163416     4.963174899 0 0.0 1.0
    6.648582588     6.775706586 0 0.0 1.0
    1.871874239     1.508673785 0 0.0 1.0
    6.173383738     2.658236630 0 0.0 1.0
    1.157325077     5.572544883 0 0.0 1.0
    2.491671964     3.702479272 0 0.0 1.0
    1.770189194     2.659676858 0 0.0 1.0
    6.475115092     5.133268611 0 0.0 1.0
    6.708581480     4.700251682 0 0.0 1.0
    6.133311701     6.286112707 0 0.0 1.0
    4.364385457     4.878710987 0 0.0 1.0
    5.666956001     2.970643479 0 0.0 1.0
    5.209631683     6.447415641 0 0.0 1.0
    4.412617671     2.673893180 0 0.0 1.0
    2.717270960     6.603148269 0 0.0 1.0
    4.388615435     2.112908805 0 0.0 1.0
    5.851316323     1.631698060 0 0.0 1.0
    5.139276118     4.142101684 0 0.0 1.0
    6.703715864     4.211635554 0 0.0 1.0
    1.363293963     3.632226838 0 0.0 1.0
    5.081694910     2.136174503 0 0.0 1.0
    6.778738478     4.474203829 0 0.0 1.0
    2.187773165     4.075424281 0 0.0 1.0
    4.891590242     6.156243562 0 0.0 1.0
    5.320453218     6.207134550 0 0.0 1.0
    6.330560320     4.770355569 0 0.0 1.0
    5.054435753     2.887257510 0 0.0 1.0
    4.264847869     2.513206257 0 0.0 1.0
    6.749912488     6.078970327 0 0.0 1.0
    1.173896112     4.255841409 0 0.0 1.0
    6.721042296     6.189577894 0 0.0 1.0
    2.710088240     3.612422182 0 0.0 1.0
    5.111532969     3.686350943 0 0.0 1.0
    2.125566035     1.131114534 0 0.0 1.0
    6.454170537     6.244394260 0 0.0 1.0
    1.261405688     3.790510488 0 0.0 1.0
    6.291519212     2.471868195 0 0.0 1.0
    4.665660017     6.324916501 0 0.0 1.0
    6.234632595     2.546346982 0 0.0 1.0
    3.419673056     2.001206794 0 0.0 1.0
    4.979478405     3.768030422 0 0.0 1.0
    3.331725591     4.941032310 0 0.0 1.0
    1.142422950     4.448108936 0 0.0 1.0
    2.934353748     3.802197152 0 0.0 1.0
    4.213783240     2.456337786 0 0.0 1.0
    3.625255055     3.115784266 0 0.0 1.0
    1.865990010     2.083873155 0 0.0 1.0
    2.576654093     2.750037122 0 0.0 1.0
    3.988491648     6.536123898 0 0.0 1.0
    3.323810409     2.903833422 0 0.0 1.0
    2.430789579     6.275809224 0 0.0 1.0
    5.518414898     3.832672745 0 0.0 1.0
    6.234046228     5.252774035 0 0.0 1.0
    5.619875822     3.720174741 0 0.0 1.0
    3.461801898     2.938848305 0 0.0 1.0
    5.853356740     1.071426611 0 0.0 1.0
    3.421565655     2.772721631 0 0.0 1.0
    3.692007953     4.827759079 0 0.0 1.0
    2.666998758     5.071524847 0 0.0 1.0
    2.647820826     2.195600231 0 0.0 1.0
    1.475874611     1.484468659 0 0.0 1.0
    3.479842924     5.896475322 0 0.0 1.0
    1.154815288     2.764026891 0 0.0 1.0
    1.936201366     5.671887463 0 0.0 1.0
    2.604144691     1.297638697 0 0.0 1.0
    3.781142504     6.821200482 0 0.0 1.0
    6.373879955     5.353564482 0 0.0 1.0
    4.005903364     2.815246805 0 0.0 1.0
    2.343179237     4.055222686 0 0.0 1.0
    2.201797738     5.061487393 0 0.0 1.0
    4.776043685     2.043388376 0 0.0 1.0
    6.924676042     1.234949932 0 0.0 1.0
    4.915618095     1.182451581 0 0.0 1.0
    3.512995897     4.049970045 0 0.0 1.0
    5.346186390     2.664700603 0 0.0 1.0
    5.046338905     3.058842269 0 0.0 1.0
    3.088922941     6.101619882 0 0.0 1.0
    2.553635070     2.234024923 0 0.0 1.0
    4.394575057     5.776286485 0 0.0 1.0
    4.198362835     2.031785492 0 0.0 1.0
    4.079271959     4.647944543 0 0.0 1.0
    1.363826221     3.068206821 0 0.0 1.0
    2.236699103     2.105709479 0 0.0 1.0
    2.973266265     6.610819124 0 0.0 1.0
    6.729429432     5.872474250 0 0.0 1.0
    5.600120767     4.170161784 0 0.0 1.0
    5.691660044     1.602536850 0 0.0 1.0
    5.788534010     3.877297073 0 0.0 1.0
    5.309439637     3.984993360 0 0.0 1.0
    1.281503706     2.552608020 0 0.0 1.0
    5.983973583     2.325513470 0 0.0 1.0
    3.357261031     6.193923041 0 0.0 1.0
    6.202344812     2.086708695 0 0.0 1.0
    2.584111834     3.863716092 0 0.0 1.0
    4.926706404     1.355373353 0 0.0 1.0
    4.787590052     6.475941690 0 0.0 1.0
    6.525599972     1.164957546 0 0.0 1.0
    2.739633857     1.730420225 0 0.0 1.0
    2.240962453     4.654492273 0 0.0 1.0
    5.503945965     5.061913324 0 0.0 1.0
    3.620265818     5.865327544 0 0.0 1.0
    5.250360770     6.838414016 0 0.0 1.0
    3.870334030     3.581608240 0 0.0 1.0
    4.161914524     1.922961770 0 0.0 1.0
    2.024922281     2.621965901 0 0.0 1.0
    5.482696244     1.596517795 0 0.0 1.0
    5.864382487     3.032671465 0 0.0 1.0
    5.357803039     4.521827363 0 0.0 1.0
    5.043812895     1.098236069 0 0.0 1.0
    1.998396491     5.658289131 0 0.0 1.0
    1.762056779     3.827570526 0 0.0 1.0
    2.387210131     6.144441235 0 0.0 1.0
    6.609522516     4.944907106 0 0.0 1.0
    2.124572372     1.288058936 0 0.0 1.0
    2.788010784     1.362577492 0 0.0 1.0
    2.598147930     5.661765417 0 0.0 1.0
    6.530962515     3.981568540 0 0.0 1.0
    6.850812920     3.041397546 0 0.0 1.0
    6.039081736     3.339321610 0 0.0 1.0
    4.849826640     2.971321759 0 0.0 1.0
    6.828374446     6.144824705 0 0.0 1.0
    6.083836549     4.796910198 0 0.0 1.0
    1.515158960     1.057070987 0 0.0 1.0
    2.139900383     2.718696568 0 0.0 1.0
    2.112185614     4.158535221 0 0.0 1.0
    6.841342787     6.740027975 0 0.0 1.0
    2.749377147     1.570783318 0 0.0 1.0
    3.623952286     6.736000730 0 0.0 1.0
    4.473558001     1.939184304 0 0.0 1.0
    3.517625619     3.400302395 0 0.0 1.0
    1.803050862     6.682807909 0 0.0 1.0
    3.165232660     2.748039087 0 0.0 1.0
    1.098876061     1.745899171 0 0.0 1.0
    5.805277324     6.775594170 0 0.0 1.0
    5.043816339     2.048300728 0 0.0 1.0
    5.994074781     5.025593102 0 0.0 1.0
    1.272962308     1.169731557 0 0.0 1.0
    5.039808717     1.743738534 0 0.0 1.0
    1.093214231     4.443910057 0 0.0 1.0
    5.981204503     3.535934085 0 0.0 1.0
    1.790130627     4.106441166 0 0.0 1.0
    6.126627135     3.625446928 0 0.0 1.0
    5.798287075     4.460540075 0 0.0 1.0
    6.088419632     4.980103768 0 0.0 1.0
    6.978160440     6.061341583 0 0.0 1.0
    6.365636260     5.021669917 0 0.0 1.0
    3.359027135     1.316570722 0 0.0 1.0
    2.911143964     5.002810585 0 0.0 1.0
    1.214918764     1.079865847 0 0.0 1.0
    5.628035913     4.394090752 0 0.0 1.0
    2.891672409     3.062858397 0 0.0 1.0
    3.132055309     3.953254486 0 0.0 1.0
    6.052390735     6.544299073 0 0.0 1.0
    4.559264610     6.166206404 0 0.0 1.0
    3.658836701     3.529497738 0 0.0 1.0
    5.442583488     3.462758118 0 0.0 1.0
    6.031643091     5.847935690 0 0.0 1.0
    2.666378492     4.397294830 0 0.0 1.0
    1.280552323     1.954105831 0 0.0 1.0
    6.292772705     6.630056313 0 0.0 1.0
    5.069927854     1.882072930 0 0.0 1.0
    5.642357178     6.602930420 0 0.0 1.0
    6.135660436     3.109370408 0 0.0 1.0
    6.589791824     2.862632912 0 0.0 1.0
    1.017583650     6.897513071 0 0.0 1.0
    1.792208553     5.473843340 0 0.0 1.0
    2.875845731     3.664392982 0 0.0 1.0
    6.795634194     4.340167270 0 0.0 1.0
    4.376182512     1.832434841 0 0.0 1.0
    4.946217060     5.591603022 0 0.0 1.0
    6.941641743     1.884578181 0 0.0 1.0
    1.880825472     6.755355607 0 0.0 1.0
    4.667287363     2.778330816 0 0.0 1.0
    6.661480855     2.562920863 0 0.0 1.0
    3.495380990     6.211908623 0 0.0 1.0
    4.495425503     1.818183828 0 0.0 1.0
    6.682835640     6.817895709 0 0.0 1.0
    2.518013826     1.839820393 0 0.0 1.0
    6.747497652     5.944247781 0 0.0 1.0
    4.451708952     5.730753202 0 0.0 1.0
    6.593543611     3.587457842 0 0.0 1.0
    4.886666504     1.964074432 0 0.0 1.0
    3.125779611     4.596551769 0 0.0 1.0
    1.904744635     6.813238699 0 0.0 1.0
    2.825089276     5.982008931 0 0.0 1.0
    3.731138640     5.479034783 0 0.0 1.0
    1.786579506     4.295917327 0 0.0 1.0
    2.422878503     4.742013259 0 0.0 1.0
    4.855380587     4.991602202 0 0.0 1.0
    1.818310693     4.725347423 0 0.0 1.0
    5.593314333     1.459665641 0 0.0 1.0
    5.373439292     4.271122943 0 0.0 1.0
    2.423777941     1.714583426 0 0.0 1.0
    6.549677659     1.656131262 0 0.0 1.0
    5.296404538     4.954708576 0 0.0 1.0
    3.867935174     6.771487654 0 0.0 1.0
    6.397676116     3.739264139 0 0.0 1.0
    1.769985990     1.507917268 0 0.0 1.0
    4.498791881     2.544729355 0 0.0 1.0
    3.650043403     5.643064572 0 0.0 1.0
    5.976189400     2.579175176 0 0.0 1.0
    5.113938993     6.990542725 0 0.0 1.0
    5.742632752     5.809405587 0 0.0 1.0
    3.618300627     2.557670588 0 0.0 1.0
    3.181335357     4.111082526 0 0.0 1.0
    1.135812188     3.446302933 0 0.0 1.0
    3.189963076     3.724245764 0 0.0 1.0
    3.461510955     3.485524723 0 0.0 1.0
    6.210667546     6.945388050 0 0.0 1.0
    1.821019442     4.463717822 0 0.0 1.0
    1.114422058     1.576996490 0 0.0 1.0
    2.377026200     4.518773318 0 0.0 1.0
    4.563536300     5.125801323 0 0.0 1.0
    3.366207814     6.628206275 0 0.0 1.0
    2.282819751     1.988866452 0 0.0 1.0
    5.568724501     1.474394141 0 0.0 1.0
    1.722894166     2.763232405 0 0.0 1.0
    1.287891016     3.238072091 0 0.0 1.0
    1.247459037     2.500014857 0 0.0 1.0
    4.903157969     3.011734994 0 0.0 1.0
    6.114855130     6.395179666 0 0.0 1.0
    1.644419909     6.208154207 0 0.0 1.0
    3.054632047     5.114233996 0 0.0 1.0
    2.358227641     6.083771187 0 0.0 1.0
    6.149967929     5.018299397 0 0.0 1.0
    1.659463524     1.510888384 0 0.0 1.0
    1.796685128     5.842255371 0 0.0 1.0
    6.408436753     3.010161760 0 0.0 1.0
    2.537731248     3.458117327 0 0.0 1.0
    3.886268311     4.498866116 0 0.0 1.0
    3.423640526     2.827507519 0 0.0 1.0
    1.167568355     5.773724748 0 0.0 1.0
    2.303671286     4.728183876 0 0.0 1.0
    5.337353139     4.514543040 0 0.0 1.0
    2.120458024     1.890827058 0 0.0 1.0
    5.632047032     1.213207589 0 0.0 1.0
    6.412774143     2.300417574 0 0.0 1.0
    5.336416743     5.929042740 0 0.0 1.0
    5.863319904     1.370125244 0 0.0 1.0
    6.409519135     6.133083105 0 0.0 1.0
    2.546269963     2.901350845 0 0.0 1.0
    1.767328951     5.335076043 0 0.0 1.0
    1.711302975     4.014827108 0 0.0 1.0
    4.770162213     5.955071188 0 0.0 1.0
    5.018603450     3.057744442 0 0.0 1.0
    5.717376543     4.728052425 0 0.0 1.0
    6.306888234     1.232305571 0 0.0 1.0
    6.483899049     3.159781059 0 0.0 1.0
    4.873198345     1.775328155 0 0.0 1.0
    3.591309242     1.707130317 0 0.0 1.0
    6.988634403     4.609088799 0 0.0 1.0
    6.799127081     1.168632647 0 0.0 1.0
    6.133318139     3.433134462 0 0.0 1.0
    6.458475928     5.631591481 0 0.0 1.0
    2.549523327     1.472802653 0 0.0 1.0
    4.172411686     3.441905392 0 0.0 1.0
    3.056583394     5.020400222 0 0.0 1.0
    3.924504482     2.953257822 0 0.0 1.0
    5.925626864     2.814046393 0 0.0 1.0
    2.677189980     5.661838694 0 0.0 1.0
    6.442959171     5.763960061 0 0.0 1.0
    2.301434961     1.302236016 0 0.0 1.0
    6.831507612     1.353552611 0 0.0 1.0
    2.158422638     5.002257056 0 0.0 1.0
    1.037127067     6.114780201 0 0.0 1.0
    1.648433153     1.807129181 0 0.0 1.0
    3.900360287     2.726981364 0 0.0 1.0
    3.900632438     2.336779745 0 0.0 1.0
    3.352693045     2.484856806 0 0.0 1.0
    1.331637735     4.099385811 0 0.0 1.0
    4.476065728     5.971345317 0 0.0 1.0
    2.399563896     2.153202529 0 0.0 1.0
    3.168611401     2.696072545 0 0.0 1.0
    1.419734953     6.532278477 0 0.0 1.0
    4.164261744     3.642815580 0 0.0 1.0
    5.998393062     6.372145253 0 0.0 1.0
    3.703306837     5.714815227 0 0.0 1.0
    3.018782730     3.040030144 0 0.0 1.0
    3.821238412     6.102773990 0 0.0 1.0
    3.368132997     3.518515053 0 0.0 1.0
    2.284494299     5.920411311 0 0.0 1.0
    4.053952713     5.828252779 0 0.0 1.0
    5.374952726     3.156175377 0 0.0 1.0
    2.186646867     4.700000460 0 0.0 1.0
    2.741984062     3.155288871 0 0.0 1.0
    4.395032863     5.389430855 0 0.0 1.0
    2.393624369     5.326748338 0 0.0 1.0
    2.425221333     4.154934933 0 0.0 1.0
    5.371184890     4.250866438 0 0.0 1.0
    6.096388803     2.200731448 0 0.0 1.0
    3.863679475     3.327911848 0 0.0 1.0
    6.805130518     4.704837948 0 0.0 1.0
    5.241521724     4.777542446 0 0.0 1.0
    6.730385343     3.958994265 0 0.0 1.0
    4.750505493     3.888134108 0 0.0 1.0
    1.784509999     1.674981911 0 0.0 1.0
    4.783821307     5.209602892 0 0.0 1.0
    4.372580670     4.218519414 0 0.0 1.0
    4.016264932     1.623934863 0 0.0 1.0
    3.950351129     1.071640342 0 0.0 1.0
    3.353869770     5.299192156 0 0.0 1.0
    5.752099083     1.531807317 0 0.0 1.0
    2.380905892     1.591982469 0 0.0 1.0
    6.244102673     2.473807344 0 0.0 1.0
    3.564705658     5.105735409 0 0.0 1.0
    1.923007644     6.106975131 0 0.0 1.0
    2.002435740     6.259088964 0 0.0 1.0
    1.803848689     5.231153121 0 0.0 1.0
    2.881340736     4.973466284 0 0.0 1.0
    1.726723795     3.511317858 0 0.0 1.0
    3.101626183     6.699505180 0 0.0 1.0
    6.685457162     4.350687684 0 0.0 1.0
    2.034625490     3.240295048 0 0.0 1.0
    2.907283051     1.742996128 0 0.0 1.0
    3.801334727     3.759383203 0 0.0 1.0
    6.028528963     6.443357376 0 0.0 1.0
    1.463778350     4.175162840 0 0.0 1.0
    2.453094990     6.656484010 0 0.0 1.0
    5.624883262     3.679209440 0 0.0 1.0
    6.415321998     6.402342362 0 0.0 1.0
    4.967487375     5.770627939 0 0.0 1.0
    5.414411240     2.949123141 0 0.0 1.0
    6.220568965     5.000830813 0 0.0 1.0
    1.439617001     4.175367596 0 0.0 1.0
    5.761670634     4.508742841 0 0.0 1.0
    6.234546790     6.127530968 0 0.0 1.0
    1.503441105     4.017396847 0 0.0 1.0
    4.253205257     5.471821711 0 0.0 1.0
    2.725032630     3.974198043 0 0.0 1.0
    6.147972266     1.541537198 0 0.0 1.0
    4.641386212     3.218193673 0 0.0 1.0
    3.322351273     5.051408615 0 0.0 1.0
    3.909424210     4.391676259 0 0.0 1.0
    3.047753123     4.857243680 0 0.0 1.0
    4.647694020     3.668620961 0 0.0 1.0
    2.798548197     4.361131392 0 0.0 1.0
    2.691476378     5.328198752 0 0.0 1.0
    3.652390717     5.398672262 0 0.0 1.0
    2.467593663     4.482394441 0 0.0 1.0
    5.335175144     2.848003948 0 0.0 1.0
    5.634991606     3.876854012 0 0.0 1.0
    6.335021641     1.443731069 0 0.0 1.0
    4.031062473     4.559040348 0 0.0 1.0
    2.858607311     3.854815065 0 0.0 1.0
    5.288077210     4.093076098 0 0.0 1.0
    6.357491579     2.387833643 0 0.0 1.0
    3.704687100     5.654508457 0 0.0 1.0
    4.560214814     4.638440260 0 0.0 1.0
    5.380011626     2.854247625 0 0.0 1.0
    3.340530117     4.653363049 0 0.0 1.0
    3.868991196     2.478717867 0 0.0 1.0
    6.930281160     2.310090234 0 0.0 1.0
    3.807947871     2.430522386 0 0.0 1.0
    1.410677382     1.121886042 0 0.0 1.0
    3.257551468     4.055316469 0 0.0 1.0
    3.183803415     2.868345326 0 0.0 1.0
    6.729246769     6.173148613 0 0.0 1.0
    1.167625636     3.991817023 0 0.0 1.0
    3.827191958     2.686512265 0 0.0 1.0
    4.356488692     1.369803356 0 0.0 1.0
    4.719634961     2.993921594 0 0.0 1.0
    3.267207225     2.678698685 0 0.0 1.0
    5.281205580     4.012149024 0 0.0 1.0
    4.499122872     6.525916771 0 0.0 1.0
    1.738992988     6.289268555 0 0.0 1.0
    4.183052797     5.092368991 0 0.0 1.0
    5.628401439     1.755321398 0 0.0 1.0
    1.933898879     4.815686367 0 0.0 1.0
    6.306403598     3.906126861 0 0.0 1.0
    2.683383054     5.456763000 0 0.0 1.0
    4.741083567     3.112590282 0 0.0 1.0
    4.616737153     2.329733351 0 0.0 1.0
    2.101938287     1.370146350 0 0.0 1.0
    2.736426089     2.521481779 0 0.0 1.0
    1.875150490     6.140034098 0 0.0 1.0
    6.652969473     5.621754082 0 0.0 1.0
    6.524340165     6.148329797 0 0.0 1.0
    2.381550960     5.260106160 0 0.0 1.0
    3.747298613     3.095328976 0 0.0 1.0
    5.705763559     3.046515977 0 0.0 1.0
    4.219919267     1.899607905 0 0.0 1.0
    4.192836273     4.140493255 0 0.0 1.0
    4.411740654     5.739478893 0 0.0 1.0
    2.271088036     5.889016937 0 0.0 1.0
    1.168828263     4.592016245 0 0.0 1.0
    2.047310677     2.306953907 0 0.0 1.0
    6.723049042     4.424097665 0 0.0 1.0
    6.956204825     3.320997274 0 0.0 1.0
    3.396858447     3.435944075 0 0.0 1.0
    4.033011379     3.206188452 0 0.0 1.0
    6.585305803     5.428790346 0 0.0 1.0
    1.537837999     6.704762755 0 0.0 1.0
    1.908440774     1.599409583 0 0.0 1.0
    4.405680382     4.819876675 0 0.0 1.0
    4.740136506     2.629540702 0 0.0 1.0
    2.845163503     4.472323691 0 0.0 1.0
    1.089032362     4.980347615 0 0.0 1.0
    1.486995619     2.644846315 0 0.0 1.0
    5.499400200     6.458937889 0 0.0 1.0
    4.590602428     4.949611705 0 0.0 1.0
    4.500605291     5.008259839 0 0.0 1.0
    4.860343404     2.897231821 0 0.0 1.0
    3.526491317     3.504920247 0 0.0 1.0
    5.732685275     3.186443413 0 0.0 1.0
    2.722008949     5.164388967 0 0.0 1.0
    5.456463067     5.350029829 0 0.0 1.0
    5.704519728     2.169254132 0 0.0 1.0
    6.027968525     6.203333532 0 0.0 1.0
    3.256006656     6.614087901 0 0.0 1.0
    1.421121641     4.789216280 0 0.0 1.0
    6.266834975     6.101189857 0 0.0 1.0
    3.822368172     1.783348200 0 0.0 1.0
    2.396042728     3.005204071 0 0.0 1.0
    2.687735028     5.157208043 0 0.0 1.0
    3.033184753     3.063676267 0 0.0 1.0
    5.836171505     4.009357562 0 0.0 1.0
    5.837796304     5.523337042 0 0.0 1.0
    5.852175744     1.657134363 0 0.0 1.0
    6.252637714     2.537039620 0 0.0 1.0
    2.802473938     1.707918588 0 0.0 1.0
    5.515669204     3.204108829 0 0.0 1.0
    3.512385753     3.572377996 0 0.0 1.0
    6.563008872     2.816049528 0 0.0 1.0
    5.611271402     3.094104927 0 0.0 1.0
    6.355166408     2.400298679 0 0.0 1.0
    6.967174510     5.616707266 0 0.0 1.0
    5.170252362     4.514022003 0 0.0 1.0
    5.815048506     5.755832089 0 0.0 1.0
    4.582606458     2.741244562 0 0.0 1.0
    2.558728169     4.165123004 0 0.0 1.0
    6.504680392     4.386408259 0 0.0 1.0
    4.594929209     2.125384547 0 0.0 1.0
    6.504902721     2.556299238 0 0.0 1.0
    4.573796895     2.622888490 0 0.0 1.0
    2.220500009     4.991595954 0 0.0 1.0
    6.175499194     5.560978468 0 0.0 1.0
    2.820998525     4.334393781 0 0.0 1.0
    5.242687015     6.252047835 0 0.0 1.0
    6.290792118     2.706371814 0 0.0 1.0
    2.277843983     1.975998892 0 0.0 1.0
    5.082757634     5.381428055 0 0.0 1.0
    2.626339908     5.817648694 0 0.0 1.0
    6.533412027     4.732585282 0 0.0 1.0
    3.856744047     6.905365084 0 0.0 1.0
    4.509581139     5.779688202 0 0.0 1.0
    2.800236850     2.068254813 0 0.0 1.0
    2.059938928     2.753036270 0 0.0 1.0
    5.475568151     3.192266638 0 0.0 1.0
    6.160341475     4.140172600 0 0.0 1.0
    5.996983437     2.430827757 0 0.0 1.0
    1.631316957     6.664490786 0 0.0 1.0
    4.245442588     4.269750523 0 0.0 1.0
    5.756178465     4.987206418 0 0.0 1.0
    6.998461005     3.294685561 0 0.0 1.0
    1.213285111     4.777534194 0 0.0 1.0
    5.082477841     3.887748513 0 0.0 1.0
    3.785981716     2.594110522 0 0.0 1.0
    1.189646701     2.556319968 0 0.0 1.0
    4.447176171     5.174295334 0 0.0 1.0
    4.659336606     4.375274725 0 0.0 1.0
    2.703019774     2.571684201 0 0.0 1.0
    1.963422803     5.061481327 0 0.0 1.0
    2.199581243     1.116217886 0 0.0 1.0
    5.322949253     6.499187656 0 0.0 1.0
    1.949651055     5.595865061 0 0.0 1.0
    1.203638378     3.641607558 0 0.0 1.0
    6.834521301     5.191191626 0 0.0 1.0
    1.859862775     5.247955045 0 0.0 1.0
    4.096424578     5.976081850 0 0.0 1.0
    3.560221321     3.014350974 0 0.0 1.0
    5.116403446     1.984737080 0 0.0 1.0
    1.720088342     6.390971964 0 0.0 1.0
    5.195446273     4.294674362 0 0.0 1.0
    1.991817661     2.042479067 0 0.0 1.0
    4.156822020     6.126506189 0 0.0 1.0
    3.918515271     2.455513712 0 0.0 1.0
    5.770633107     2.584821570 0 0.0 1.0
    2.198413278     4.817219930 0 0.0 1.0
    1.707478423     1.572674376 0 0.0 1.0
    2.315109796     3.342646795 0 0.0 1.0
    3.105265069     6.518398181 0 0.0 1.0
    4.632409250     4.958983846 0 0.0 1.0
    2.643106554     4.266082168 0 0.0 1.0
    4.114992685     5.457768769 0 0.0 1.0
    5.795964573     1.994336092 0 0.0 1.0
    1.888697642     2.609636088 0 0.0 1.0
    1.228914380     6.132654899 0 0.0 1.0
    2.772630845     5.999000848 0 0.0 1.0
    4.605624724     5.799855439 0 0.0 1.0
    1.629863558     3.127611818 0 0.0 1.0
    2.770340298     2.042084649 0 0.0 1.0
    3.009883403     1.114609292 0 0.0 1.0
    2.115859341     6.594334687 0 0.0 1.0
    4.426165118     5.046436145 0 0.0 1.0
    3.170417208     2.601177600 0 0.0 1.0
    5.341296142     1.760718118 0 0.0 1.0
    4.859576800     3.204770492 0 0.0 1.0
    1.271469527     4.301630278 0 0.0 1.0
    2.687500238     3.829806972 0 0.0 1.0
    1.167132573     1.956072560 0 0.0 1.0
    4.765577165     4.484336293 0 0.0 1.0
    6.790090887     3.108629471 0 0.0 1.0
    5.180851186     6.026907445 0 0.0 1.0
    4.331496402     5.526753248 0 0.0 1.0
    5.730116799     1.404539431 0 0.0 1.0
    4.266219433     1.878633986 0 0.0 1.0
    6.180340417     5.757929506 0 0.0 1.0
    1.845157007     5.173342554 0 0.0 1.0
    5.279665568     1.261642621 0 0.0 1.0
    1.594177567     3.748523188 0 0.0 1.0
    5.263143673     3.218825357 0 0.0 1.0
    6.993089393     5.844366747 0 0.0 1.0
    1.994572702     5.913054703 0 0.0 1.0
    1.474894423     2.371967922 0 0.0 1.0
    3.555206731     1.490560432 0 0.0 1.0
    1.742436586     6.421823768 0 0.0 1.0
    4.669211488     1.125347416 0 0.0 1.0
    6.820760813     1.980209326 0 0.0 1.0
    1.474380860     3.518121248 0 0.0 1.0
    3.043884213     5.706766448 0 0.0 1.0
    6.777069064     6.656994999 0 0.0 1.0
    5.381263768     3.019554349 0 0.0 1.0
    5.869445271     6.282869024 0 0.0 1.0
    1.195646226     6.133079989 0 0.0 1.0
    6.708234512     3.415010875 0 0.0 1.0
    3.797104207     2.183377449 0 0.0 1.0
    3.891983374     5.401088142 0 0.0 1.0
    3.473733985     4.503132179 0 0.0 1.0
    5.976252794     4.929978290 0 0.0 1.0
    2.597065327     6.419237057 0 0.0 1.0
    2.305689034     6.714291284 0 0.0 1.0
    4.792771852     2.256631228 0 0.0 1.0
    2.257703379     2.846863959 0 0.0 1.0
    5.766404861     6.253909275 0 0.0 1.0
    2.343968005     5.569910993 0 0.0 1.0
    5.157098405     1.880074651 0 0.0 1.0
    6.994167119     4.497107793 0 0.0 1.0
    6.978279993     1.946282166 0 0.0 1.0
    5.704628818     3.815606910 0 0.0 1.0
    6.124673094     4.286266513 0 0.0 1.0
    2.949961324     6.127398415 0 0.0 1.0
    6.656969092     4.634226262 0 0.0 1.0
    6.399227051     1.361925079 0 0.0 1.0
    4.719396601     3.567212359 0 0.0 1.0
    3.389902586     6.775020796 0 0.0 1.0
    2.187065577     6.856413998 0 0.0 1.0
    1.616027745     2.292771842 0 0.0 1.0
    1.193487452     2.027009862 0 0.0 1.0
    2.467446795     4.293322672 0 0.0 1.0
    5.032610543     4.539595501 0 0.0 1.0
    2.926970549     6.590481218 0 0.0 1.0
    1.930795394     1.409261946 0 0.0 1.0
    6.659827882     2.651100769 0 0.0 1.0
    3.108843175     1.486598528 0 0.0 1.0
    3.087950129     5.247759292 0 0.0 1.0
    2.406352050     5.929700743 0 0.0 1.0
    5.022813149     5.122316170 0 0.0 1.0
    4.915009816     1.934740574 0 0.0 1.0
    5.531967166     6.045144772 0 0.0 1.0
    3.170884656     5.087172564 0 0.0 1.0
    2.349819837     6.692333171 0 0.0 1.0
    3.635284246     4.268580422 0 0.0 1.0
    2.256036785     6.243889727 0 0.0 1.0
    1.572623319     5.286121882 0 0.0 1.0
    6.889614049     6.989446194 0 0.0 1.0
    3.319563778     6.738808285 0 0.0 1.0
    4.106244213     2.297031146 0 0.0 1.0
    3.317072260     3.495609821 0 0.0 1.0
    4.991119565     1.971691277 0 0.0 1.0
    5.750639645     3.768546855 0 0.0 1.0
    1.124259417     6.294705505 0 0.0 1.0
    6.902998635     3.705179296 0 0.0 1.0
    4.831081573     6.271595129 0 0.0 1.0
    5.254164658     6.588687143 0 0.0 1.0
    6.099935246     6.714615916 0 0.0 1.0
    3.728504367     3.068299695 0 0.0 1.0
    4.064365473     2.470450094 0 0.0 1.0
    5.815125497     5.201651416 0 0.0 1.0
    3.217838677     1.467670196 0 0.0 1.0
    2.138042302     3.278496687 0 0.0 1.0
    2.289669177     6.353439660 0 0.0 1.0
    6.127442328     3.705700046 0 0.0 1.0
    2.321539005     3.047722814 0 0.0 1.0
    3.335784914     3.593495613 0 0.0 1.0
    1.421097490     5.221960728 0 0.0 1.0
    4.479652184     6.973097183 0 0.0 1.0
    6.154771442     5.963581229 0 0.0 1.0
    3.627048502     1.871039716 0 0.0 1.0
    1.117728694     5.708473369 0 0.0 1.0
    5.514833836     6.146940169 0 0.0 1.0
    2.067436766     3.938662917 0 0.0 1.0
    5.547984955     3.460068829 0 0.0 1.0
    2.447281218     5.990391215 0 0.0 1.0
    6.171660084     6.729429056 0 0.0 1.0
    6.265116416     3.372839914 0 0.0 1.0
    3.284711486     4.322644742 0 0.0 1.0
    1.759161840     5.298968750 0 0.0 1.0
    2.096987863     2.620425160 0 0.0 1.0
    2.310389816     3.989054397 0 0.0 1.0
    4.704742610     3.390893643 0 0.0 1.0
    4.228333992     3.737909878 0 0.0 1.0
    6.683106812     4.380617602 0 0.0 1.0
    5.451790361     2.829401813 0 0.0 1.0
    6.629709385     3.922629259 0 0.0 1.0
    3.528611690     3.252573385 0 0.0 1.0
    3.774007990     1.813730419 0 0.0 1.0
    5.456863663     4.559243400 0 0.0 1.0
    4.461605679     5.872328357 0 0.0 1.0
    3.219916707     3.867661929 0 0.0 1.0
    6.749649111     3.102722320 0 0.0 1.0
    1.917998589     1.243877950 0 0.0 1.0
    2.547709192     3.524358321 0 0.0 1.0
    1.839415581     4.478571093 0 0.0 1.0
    5.593552053     3.554762153 0 0.0 1.0
    5.268712023     1.842124182 0 0.0 1.0
    5.427704624     3.334290831 0 0.0 1.0
    5.257846984     4.056646957 0 0.0 1.0
    5.252129835     1.801964076 0 0.0 1.0
    5.273075081     1.874808026 0 0.0 1.0
    6.725203842     6.198337788 0 0.0 1.0
    2.018575111     6.385642074 0 0.0 1.0
    5.323858545     2.445134129 0 0.0 1.0
    4.531559975     4.654737157 0 0.0 1.0
    1.527567660     1.322554831 0 0.0 1.0
    3.278680846     4.260236821 0 0.0 1.0
    1.729202031     6.435742588 0 0.0 1.0
    5.190606962     5.432574129 0 0.0 1.0
    6.480784070     4.533199992 0 0.0 1.0
    2.990194437     1.370793525 0 0.0 1.0
    2.343286847     4.738397192 0 0.0 1.0
    2.277703561     5.020709158 0 0.0 1.0
    4.947011284     2.910676605 0 0.0 1.0
    5.673454253     5.673886788 0 0.0 1.0
    5.780893893     2.215337038 0 0.0 1.0
    5.051695582     1.724645226 0 0.0 1.0
    4.483498086     4.259055312 0 0.0 1.0
    5.268754240     1.992704948 0 0.0 1.0
    1.627921415     5.940255299 0 0.0 1.0
    5.523733284     3.897816627 0 0.0 1.0
    3.368510002     2.312916770 0 0.0 1.0
    1.643085429     2.832350275 0 0.0 1.0
    2.807658522     5.445120594 0 0.0 1.0
    6.946691838     1.772400409 0 0.0 1.0
    2.496927634     5.114871857 0 0.0 1.0
    5.527786863     6.153553882 0 0.0 1.0
    1.480496363     4.185050781 0 0.0 1.0
    6.943841475     2.490389322 0 0.0 1.0
    2.157902525     5.591148749 0 0.0 1.0
    5.254392196     5.916134626 0 0.0 1.0
    4.668600535     4.986368828 0 0.0 1.0
    5.537190137     1.741646574 0 0.0 1.0
    4.127127962     3.547519490 0 0.0 1.0
    3.246937714     4.533611913 0 0.0 1.0
    5.739994290     3.596803598 0 0.0 1.0
    3.194668161     4.392465210 0 0.0 1.0
    3.060556415     3.239821377 0 0.0 1.0
    5.234258118     4.744392092 0 0.0 1.0
    4.920207073     5.207548191 0 0.0 1.0
    5.899563699     6.807058512 0 0.0 1.0
    4.371789522     1.039381611 0 0.0 1.0
    6.344384291     4.765716788 0 0.0 1.0
    4.629196451     1.961505816 0 0.0 1.0
    3.873642278     1.868627776 0 0.0 1.0
    3.714767952     3.862164393 0 0.0 1.0
    4.797947269     2.288326605 0 0.0 1.0
    6.317180996     3.772612677 0 0.0 1.0
    2.457188415     4.681764010 0 0.0 1.0
    5.958139009     4.767343446 0 0.0 1.0
    2.726830198     6.874330216 0 0.0 1.0
    1.667941321     3.908166244 0 0.0 1.0
    3.906393937     1.179678131 0 0.0 1.0
    4.359249403     1.837739271 0 0.0 1.0
    2.310414819     5.114619180 0 0.0 1.0
    4.893319152     6.927859497 0 0.0 1.0
    3.183849069     5.761711799 0 0.0 1.0
    6.892670416     2.858171562 0 0.0 1.0
    2.224541627     6.732548956 0 0.0 1.0
    1.530935784     2.837017357 0 0.0 1.0
    1.437101986     1.486350217 0 0.0 1.0
    6.577861653     4.775211406 0 0.0 1.0
    4.233736112     3.587969976 0 0.0 1.0
    3.862373832     5.855120275 0 0.0 1.0
    6.256735767     5.884031809 0 0.0 1.0
    4.212590733     3.375191314 0 0.0 1.0
    3.533434574     2.728158039 0 0.0 1.0
    6.975169543     3.246860071 0 0.0 1.0
    4.436850271     4.104406803 0 0.0 1.0
    6.445548939     5.477718206 0 0.0 1.0
    4.125546978     2.714881094 0 0.0 1.0
    4.468270067     4.852737239 0 0.0 1.0
    2.257647073     5.740103688 0 0.0 1.0
    4.753424000     4.601414098 0 0.0 1.0
    2.222820237     2.500747771 0 0.0 1.0
    1.656376627     1.114891875 0 0.0 1.0
    1.368577573     3.902276996 0 0.0 1.0
    6.745005010     6.818713523 0 0.0 1.0
    4.194656510     2.508749065 0 0.0 1.0
    3.225528940     5.509029094 0 0.0 1.0
    1.507745369     3.274111118 0 0.0 1.0
    4.840541109     2.742582953 0 0.0 1.0
    1.616103909     2.479704245 0 0.0 1.0
    2.103492090     2.674447906 0 0.0 1.0
    3.312916672     1.230261484 0 0.0 1.0
    1.385955700     1.152799528 0 0.0 1.0
    2.619232686     4.908323419 0 0.0 1.0
    5.554993457     2.182416871 0 0.0 1.0
    3.628978590     4.246534836 0 0.0 1.0
    2.070191689     6.296974587 0 0.0 1.0
    3.417905681     5.962349065 0 0.0 1.0
    6.909970412     3.390607017 0 0.0 1.0
    3.107299383     6.273278342 0 0.0 1.0
    3.776869584     6.382079489 0 0.0 1.0
    6.987084770     4.592182715 0 0.0 1.0
    5.166856846     4.642725746 0 0.0 1.0
    2.821717484     4.934548168 0 0.0 1.0
    1.084188664     1.498219215 0 0.0 1.0
    5.868893624     3.143689037 0 0.0 1.0
    4.775006422     2.953373864 0 0.0 1.0
    5.803716678     6.047439609 0 0.0 1.0
    2.412554014     1.696261873 0 0.0 1.0
    6.471974362     6.041237971 0 0.0 1.0
    2.535634887     1.028202306 0 0.0 1.0
    6.276417457     2.317218208 0 0.0 1.0
    5.415633338     4.079006159 0 0.0 1.0
    1.550348174     5.977891612 0 0.0 1.0
    6.083370563     6.295747030 0 0.0 1.0
    2.446929029     3.592894269 0 0.0 1.0
    2.451317166     1.944863870 0 0.0 1.0
    4.218305524     2.168579547 0 0.0 1.0
    2.215044813     3.168939632 0 0.0 1.0
    1.411527802     3.291042377 0 0.0 1.0
    6.101997678     2.297596997 0 0.0 1.0
    1.526186170     5.813711469 0 0.0 1.0
    2.870720926     6.989156553 0 0.0 1.0
    3.241137236     1.882038681 0 0.0 1.0
    2.642450124     1.553583524 0 0.0 1.0
    4.954668862     3.543212463 0 0.0 1.0
    1.219956504     5.438239450 0 0.0 1.0
    4.124386178     1.832949390 0 0.0 1.0
    1.785559077     4.179006971 0 0.0 1.0
    2.561796986     3.191310375 0 0.0 1.0
    1.417680275     2.843899293 0 0.0 1.0
    5.306709868     6.976165307 0 0.0 1.0
    1.164653705     3.136701231 0 0.0 1.0
    2.857546553     5.486013012 0 0.0 1.0
    3.923712539     3.680335099 0 0.0 1.0
    6.021436119     3.121015352 0 0.0 1.0
    1.073032705     6.528169593 0 0.0 1.0
    5.482755209     1.034093641 0 0.0 1.0
    5.154870592     3.434285307 0 0.0 1.0
    1.413488224     5.824573102 0 0.0 1.0
    2.167687245     1.689458731 0 0.0 1.0
    1.015472891     1.750412292 0 0.0 1.0
    1.004576676     2.732065646 0 0.0 1.0
    5.628562464     1.714035465 0 0.0 1.0
    3.054960853     2.009847866 0 0.0 1.0
    2.622959013     2.863006444 0 0.0 1.0
    6.511163738     4.186614005 0 0.0 1.0
    4.721196460     2.520310457 0 0.0 1.0
    2.945550087     3.102877605 0 0.0 1.0
    4.684782591     2.922075002 0 0.0 1.0
    6.939425706     3.577037557 0 0.0 1.0
    6.074981749     6.421984497 0 0.0 1.0
    2.524003699     5.235844655 0 0.0 1.0
    3.264683735     6.703099788 0 0.0 1.0
    5.113902388     5.978964212 0 0.0 1.0
    1.869264840     3.307236262 0 0.0 1.0
    3.582837109     2.390151891 0 0.0 1.0
    3.895290595     3.219902319 0 0.0 1.0
    2.131480373     5.896484019 0 0.0 1.0
    5.603338364     6.466791663 0 0.0 1.0
    5.299172046     3.076930177 0 0.0 1.0
    2.358784316     4.225875326 0 0.0 1.0
    3.387139699     6.520316254 0 0.0 1.0
    6.188017084     1.016265220 0 0.0 1.0
    2.836528695     4.698373083 0 0.0 1.0
    1.812316122     2.347913561 0 0.0 1.0
    2.167638175     2.941512743 0 0.0 1.0
    4.198273748     6.045644238 0 0.0 1.0
    6.540941442     6.351970670 0 0.0 1.0
    4.068410382     6.850588167 0 0.0 1.0
    6.103689429     4.381168555 0 0.0 1.0
    2.730876592     6.840790228 0 0.0 1.0
    6.476037370     5.352093598 0 0.0 1.0
    6.175711538     1.459343462 0 0.0 1.0
    3.510388398     4.425396462 0 0.0 1.0
    4.592305691     2.280425008 0 0.0 1.0
    1.046988942     3.430537992 0 0.0 1.0
    1.019476948     5.097287907 0 0.0 1.0
    3.099478732     3.602314907 0 0.0 1.0
    1.665270773     2.075664054 0 0.0 1.0
    4.617017627     3.908663303 0 0.0 1.0
    6.865621780     1.551789109 0 0.0 1.0
    5.964045584     2.862407519 0 0.0 1.0
    4.294362082     4.609642304 0 0.0 1.0
    6.422980774     2.968822679 0 0.0 1.0
    3.965140088     2.997828313 0 0.0 1.0
    2.294010588     6.064143481 0 0.0 1.0
    5.355610130     5.781155832 0 0.0 1.0
    6.640199854     3.872844744 0 0.0 1.0
    5.796674118     5.278795201 0 0.0 1.0
    2.476606477     3.135951531 0 0.0 1.0
    6.865210258     2.516979286 0 0.0 1.0
    3.743164385     5.330896130 0 0.0 1.0
    4.799243855     4.171054613 0 0.0 1.0
    2.394129666     5.987494594 0 0.0 1.0
    4.137810816     1.062723114 0 0.0 1.0
    3.319274717     4.736382753 0 0.0 1.0
    4.300665014     4.246172519 0 0.0 1.0
    1.508876644     2.802656970 0 0.0 1.0
    2.998668961     2.496735248 0 0.0 1.0
    2.895266013     6.144557715 0 0.0 1.0
    1.888962229     4.643478009 0 0.0 1.0
    6.402975909     3.916936728 0 0.0 1.0
    2.589447774     6.667192276 0 0.0 1.0
    6.579408945     1.623929756 0 0.0 1.0
    1.338421135     2.904161502 0 0.0 1.0
    1.597678586     3.371861349 0 0.0 1.0
    2.733520994     4.103766106 0 0.0 1.0
    1.209676028     3.035390051 0 0.0 1.0
    3.711936581     5.270789426 0 0.0 1.0
    1.037940580     2.249607043 0 0.0 1.0
    1.603781443     2.155546598 0 0.0 1.0
    3.564171976     3.250671665 0 0.0 1.0
    3.989389116     6.991616706 0 0.0 1.0
    1.928700124     3.311197399 0 0.0 1.0
    2.988254761     1.376151953 0 0.0 1.0
    4.708042186     1.201568763 0 0.0 1.0
    6.755701895     4.009406983 0 0.0 1.0
    6.931108909     2.423671257 0 0.0 1.0
    3.098065767     6.994415495 0 0.0 1.0
    6.055724250     3.644565219 0 0.0 1.0
    6.772270795     2.171971831 0 0.0 1.0
    2.166350081     4.909496064 0 0.0 1.0
    4.181869826     3.669729791 0 0.0 1.0
    3.029510902     6.058864570 0 0.0 1.0
    3.263465568     5.579268090 0 0.0 1.0
    4.968978918     2.116080061 0 0.0 1.0
    6.901708795     6.111343391 0 0.0 1.0
    5.722940278     4.457973566 0 0.0 1.0
    3.173687100     1.819901752 0 0.0 1.0
    2.081979742     3.011550411 0 0.0 1.0
    6.615570008     4.434804013 0 0.0 1.0
    3.356447630     6.110428415 0 0.0 1.0
    3.374206983     4.858108316 0 0.0 1.0
    5.995868934     3.600367968 0 0.0 1.0
    1.380013350     3.903706153 0 0.0 1.0
    1.286269847     6.985675980 0 0.0 1.0
    5.322926363     5.700956879 0 0.0 1.0
    2.148474386     5.879099904 0 0.0 1.0
    6.382245380     2.914806572 0 0.0 1.0
    5.724560611     4.876666598 0 0.0 1.0
    3.867110364     1.199802666 0 0.0 1.0
    3.102196897     4.282233591 0 0.0 1.0
    4.504779141     4.723884343 0 0.0 1.0
    5.454868792     1.571968475 0 0.0 1.0
    6.614017736     4.883821524 0 0.0 1.0
    2.989512674     5.406939670 0 0.0 1.0
    2.595209257     1.515807509 0 0.0 1.0
    1.702030999     6.346837958 0 0.0 1.0
    4.257237441     4.230273583 0 0.0 1.0
    6.817437457     6.494105775 0 0.0 1.0
    1.814478514     3.756544166 0 0.0 1.0
    3.168035208     2.598159697 0 0.0 1.0
    3.004548508     5.982497608 0 0.0 1.0
    6.979758616     6.320866222 0 0.0 1.0
    2.924359728     4.418997242 0 0.0 1.0
    6.137061265     2.132067437 0 0.0 1.0
    2.081675671     1.500540864 0 0.0 1.0
    3.023227356     3.797210815 0 0.0 1.0
    3.900198305     6.881271993 0 0.0 1.0
    6.111131630     4.367772620 0 0.0 1.0
    6.996772567     4.323592064 0 0.0 1.0
    3.088473010     3.197452454 0 0.0 1.0
    2.777878929     2.763973897 0 0.0 1.0
    3.107906622     1.513584195 0 0.0 1.0
    6.487159435     5.540002863 0 0.0 1.0
    1.207602281     6.250005089 0 0.0 1.0
    5.905177246     2.304627407 0 0.0 1.0
    2.265510714     3.740589328 0 0.0 1.0
    1.785950760     3.394312686 0 0.0 1.0
    5.206754863     4.264356994 0 0.0 1.0
    1.837662059     3.484742238 0 0.0 1.0
    1.886616878     1.538005502 0 0.0 1.0
    4.816797406     5.583869584 0 0.0 1.0
    2.697113805     2.624342517 0 0.0 1.0
    4.294458634     4.000567784 0 0.0 1.0
    4.247270570     1.359757936 0 0.0 1.0
    2.485237000     1.405748947 0 0.0 1.0
    1.666846869     6.702542748 0 0.0 1.0
    5.445706012     3.237380088 0 0.0 1.0
    1.717289631     1.949394972 0 0.0 1.0
    3.403919240     2.723822280 0 0.0 1.0
    2.676213984     5.686728744 0 0.0 1.0
    6.677175181     6.079526414 0 0.0 1.0
    5.569311784     6.969492577 0 0.0 1.0
    1.604793503     4.860883668 0 0.0 1.0
    4.707329390     6.043174269 0 0.0 1.0
    3.709290882     4.395279091 0 0.0 1.0
    6.712401895     3.038954600 0 0.0 1.0
    6.958715658     3.308818299 0 0.0 1.0
    2.302351380     6.693049643 0 0.0 1.0
    1.662534691     3.403271671 0 0.0 1.0
    2.867767801     3.321096822 0 0.0 1.0
    1.133905269     5.977831731 0 0.0 1.0
    6.915066246     6.987654964 0 0.0 1.0
    5.561347460     1.854225846 0 0.0 1.0
    3.970604447     4.294936635 0 0.0 1.0
    1.861358527     5.947067092 0 0.0 1.0
    3.960757150     6.439895105 0 0.0 1.0
    6.211904310     3.528676540 0 0.0 1.0
    2.681584979     1.295314677 0 0.0 1.0
    5.747190383     5.398119234 0 0.0 1.0
    1.743926416     2.786543942 0 0.0 1.0
    2.187169052     2.496351301 0 0.0 1.0
    5.166025111     1.145807727 0 0.0 1.0
    5.582955184     6.189659723 0 0.0 1.0
    1.882363178     3.216703795 0 0.0 1.0
    2.449185437     3.973237616 0 0.0 1.0
    3.601325216     4.212724796 0 0.0 1.0
    4.520935487     1.496293615 0 0.0 1.0
    4.825098070     5.312427786 0 0.0 1.0
    6.156514550     5.604704390 0 0.0 1.0
    2.300888057     1.011524670 0 0.0 1.0
    6.954947331     2.412880824 0 0.0 1.0
    6.051097533     6.939814746 0 0.0 1.0
    3.386894827     5.995019045 0 0.0 1.0
    5.246711889     3.250236813 0 0.0 1.0
    4.611727337     6.321383188 0 0.0 1.0
    4.949393979     1.547460194 0 0.0 1.0
    2.839528980     3.299886644 0 0.0 1.0
    4.953457183     5.746114717 0 0.0 1.0
    1.950445369     5.517442640 0 0.0 1.0
    3.606056466     6.650191516 0 0.0 1.0
    4.669338373     2.212154746 0 0.0 1.0
    2.285935546     6.780622544 0 0.0 1.0
    2.125910902     3.461297373 0 0.0 1.0
    6.753476895     1.546383720 0 0.0 1.0
    3.760744266     3.188392689 0 0.0 1.0
    4.302366354     4.760382473 0 0.0 1.0
    1.210715302     4.707190321 0 0.0 1.0
    2.358131466     5.620475555 0 0.0 1.0
    1.881780478     6.870652728 0 0.0 1.0
    2.317260125     6.166083537 0 0.0 1.0
    2.823125566     2.197995816 0 0.0 1.0
    3.539267954     6.632335544 0 0.0 1.0
    4.894286683     1.926686030 0 0.0 1.0
    3.571359772     2.170537436 0 0.0 1.0
    4.456688202     4.456819652 0 0.0 1.0
    4.530080387     3.241402218 0 0.0 1.0
    6.950573399     6.185667135 0 0.0 1.0
    3.204074921     6.487687838 0 0.0 1.0
    4.564104716     2.703012445 0 0.0 1.0
    2.790775314     1.447994649 0 0.0 1.0
    5.617491027     1.291642377 0 0.0 1.0
    2.289605158     5.963244185 0 0.0 1.0
    4.268855726     5.254254799 0 0.0 1.0
    5.766679745     2.312756398 0 0.0 1.0
    4.960739631     4.266690096 0 0.0 1.0
    5.402698751     4.992535472 0 0.0 1.0
    1.770250912     3.051597705 0 0.0 1.0
    4.765558925     1.239209906 0 0.0 1.0
    4.283427976     1.874424647 0 0.0 1.0
    1.415516173     2.865239506 0 0.0 1.0
    4.787777168     3.175330147 0 0.0 1.0
    2.126922246     5.118585679 0 0.0 1.0
    3.659246995     4.527782255 0 0.0 1.0
    5.214568861     3.269445733 0 0.0 1.0
    2.448015404     3.059148834 0 0.0 1.0
    2.177742390     3.519959687 0 0.0 1.0
    1.327273222     1.525420093 0 0.0 1.0
    6.885790288     5.507910190 0 0.0 1.0
    3.752584489     3.515381592 0 0.0 1.0
    4.863016135     6.270243228 0 0.0 1.0
    1.332306267     3.437924133 1 0.0 1.0
    6.822901005     1.305181452 1 0.0 1.0
    1.260276776     3.361582635 1 0.0 1.0
    1.018188456     2.557848946 1 0.0 1.0
    5.983106851     5.078255558 1 0.0 1.0
    2.365544902     5.098967908 1 0.0 1.0
    5.891441672     3.310645884 1 0.0 1.0
    5.825671607     4.251617453 1 0.0 1.0
    5.306640192     1.191038312 1 0.0 1.0
    6.678030312     2.450600776 1 0.0 1.0
    4.934877215     1.058536437 1 0.0 1.0
    4.494853734     1.348043321 1 0.0 1.0
    6.534807531     4.741315633 1 0.0 1.0
    3.377840152     2.651880917 1 0.0 1.0
    4.555114441     4.411624491 1 0.0 1.0
    5.381583430     5.916486327 1 0.0 1.0
    4.354893876     3.109475417 1 0.0 1.0
    2.996870680     6.494770808 1 0.0 1.0
    3.224494429     3.103046461 1 0.0 1.0
    4.277158066     1.943370721 1 0.0 1.0
    2.585456347     1.650757868 1 0.0 1.0
    4.960384952     4.425707437 1 0.0 1.0
    4.238469285     2.591693998 1 0.0 1.0
    6.058533851     5.700031375 1 0.0 1.0
    2.979427801     2.821137549 1 0.0 1.0
    2.495407444     4.631829593 1 0.0 1.0
    3.937822457     2.803023645 1 0.0 1.0
    6.384276782     2.438913183 1 0.0 1.0
    6.518343307     4.411831782 1 0.0 1.0
    3.167909938     2.006974468 1 0.0 1.0
    3.922406599     3.696148042 1 0.0 1.0
    5.318582787     6.947809332 1 0.0 1.0
    2.331804676     6.912653994 1 0.0 1.0
    2.602613944     6.673472309 1 0.0 1.0
    2.958402266     2.522507458 1 0.0 1.0
    4.141078467     6.892688818 1 0.0 1.0
    4.750359084     5.630104912 1 0.0 1.0
    4.152965887     3.897506250 1 0.0 1.0
    1.380948153     6.216779593 1 0.0 1.0
    3.811084187     2.660923014 1 0.0 1.0
    2.425354875     1.946887386 1 0.0 1.0
    5.987490216     1.220060443 1 0.0 1.0
    1.506188172     6.382298655 1 0.0 1.0
    6.101311281     6.001908048 1 0.0 1.0
    6.745421002     3.902195996 1 0.0 1.0
    2.982860492     2.937950354 1 0.0 1.0
    4.532473715     2.834582895 1 0.0 1.0
    2.197294218     1.478364847 1 0.0 1.0
    3.161476191     1.632925181 1 0.0 1.0
    3.658912953     3.075248340 1 0.0 1.0
    3.444593221     3.480039624 1 0.0 1.0
    3.240024281     1.334976280 1 0.0 1.0
    1.888081265     3.402514620 1 0.0 1.0
    5.658786137     3.240896728 1 0.0 1.0
    2.012764425     5.261876037 1 0.0 1.0
    6.290397507     3.624972428 1 0.0 1.0
    6.605939416     5.708817622 1 0.0 1.0
    1.401463680     3.053162640 1 0.0 1.0
    6.516485548     5.015941243 1 0.0 1.0
    1.094818442     3.795865891 1 0.0 1.0
    4.577843713     4.542499524 1 0.0 1.0
    3.641402402     1.613678375 1 0.0 1.0
    6.366986992     1.966638768 1 0.0 1.0
    2.000725140     6.127958367 1 0.0 1.0
    3.051115064     2.566635621 1 0.0 1.0
    3.507030835     1.535616831 1 0.0 1.0
    5.039320531     5.559128117 1 0.0 1.0
    4.240012689     2.016201071 1 0.0 1.0
    5.227126784     4.953056374 1 0.0 1.0
    2.813030704     5.283678107 1 0.0 1.0
    2.874202543     5.171440651 1 0.0 1.0
    2.757443491     2.046421882 1 0.0 1.0
    1.009771102     1.644277407 1 0.0 1.0
    1.219992088     1.545168886 1 0.0 1.0
    4.430915185     1.031902789 1 0.0 1.0
    4.488373329     2.902492698 1 0.0 1.0
    3.456994942     1.283187107 1 0.0 1.0
    6.849337410     3.347508379 1 0.0 1.0
    6.105855382     6.390256941 1 0.0 1.0
    5.524938238     6.479551649 1 0.0 1.0
    4.832244538     6.637667643 1 0.0 1.0
    6.827048610     4.373080067 1 0.0 1.0
    5.669547332     4.810378566 1 0.0 1.0
    4.926782809     5.040186227 1 0.0 1.0
    4.488195585     5.033356735 1 0.0 1.0
    1.348560476     3.811079579 1 0.0 1.0
    3.972371370     1.467884123 1 0.0 1.0
    1.484551687     4.246676550 1 0.0 1.0
    3.593399328     2.503754772 1 0.0 1.0
    2.980298424     2.344821163 1 0.0 1.0
    5.960165980     2.442689665 1 0.0 1.0
    6.194958694     6.377355495 1 0.0 1.0
    2.453279145     4.514875506 1 0.0 1.0
    3.109077960     6.916648961 1 0.0 1.0
    3.205883801     4.656357543 1 0.0 1.0
    6.161615263     3.326948166 1 0.0 1.0
    5.169672015     5.569898317 1 0.0 1.0
    3.116343619     4.759633016 1 0.0 1.0
    1.596037424     2.634334010 1 0.0 1.0
    5.985222170     2.488617673 1 0.0 1.0
    3.735168477     1.888749794 1 0.0 1.0
    6.741577579     4.226646953 1 0.0 1.0
    5.268508266     6.745264806 1 0.0 1.0
    1.591387927     6.085756176 1 0.0 1.0
    2.413093381     5.887323863 1 0.0 1.0
    1.048823994     5.329059952 1 0.0 1.0
    2.565385883     3.393787208 1 0.0 1.0
    3.125054271     1.389245505 1 0.0 1.0
    2.853582642     4.508459474 1 0.0 1.0
    5.642638699     2.286025428 1 0.0 1.0
    6.660936272     6.850537386 1 0.0 1.0
    6.855285254     4.808480209 1 0.0 1.0
    6.253616197     1.269757575 1 0.0 1.0
    2.342020344     4.147617568 1 0.0 1.0
    4.443272506     5.280157929 1 0.0 1.0
    4.727144168     2.021705771 1 0.0 1.0
    5.946326157     1.925767761 1 0.0 1.0
    6.951734342     5.752009616 1 0.0 1.0
    1.776780223     3.336477853 1 0.0 1.0
    3.611159584     3.515077122 1 0.0 1.0
    1.260534992     5.806502692 1 0.0 1.0
    3.593480847     1.707518394 1 0.0 1.0
    3.418773730     6.670545622 1 0.0 1.0
    2.421148067     6.748678302 1 0.0 1.0
    5.242469409     5.130594250 1 0.0 1.0
    4.137609070     5.949979215 1 0.0 1.0
    1.912466989     2.973800814 1 0.0 1.0
    5.356020758     4.015123932 1 0.0 1.0
    4.617988886     4.725174042 1 0.0 1.0
    6.174508500     1.038186149 1 0.0 1.0
    1.441747994     1.255413856 1 0.0 1.0
    1.687720413     6.824380486 1 0.0 1.0
    3.568081081     5.782305111 1 0.0 1.0
    2.312398222     2.651009615 1 0.0 1.0
    3.860261086     1.069865783 1 0.0 1.0
    4.408117598     3.394301827 1 0.0 1.0
    1.009878721     6.323376061 1 0.0 1.0
    1.948766010     5.028943059 1 0.0 1.0
    1.372945207     3.285387408 1 0.0 1.0
    5.847655827     5.767357830 1 0.0 1.0
    6.017861425     6.253595222 1 0.0 1.0
    1.330540990     4.110035827 1 0.0 1.0
    3.525755222     3.638863645 1 0.0 1.0
    3.371183578     6.403471358 1 0.0 1.0
    2.443409367     6.109175510 1 0.0 1.0
    2.386095086     5.884976315 1 0.0 1.0
    5.706364791     3.837608451 1 0.0 1.0
    6.813356644     6.111130709 1 0.0 1.0
    1.835357603     5.010595197 1 0.0 1.0
    4.275845308     2.345641214 1 0.0 1.0
    3.765737666     4.134688972 1 0.0 1.0
    5.222678430     4.422411828 1 0.0 1.0
    1.494671145     5.151405819 1 0.0 1.0
    2.105322607     4.207804575 1 0.0 1.0
    1.011322062     4.797147561 1 0.0 1.0
    4.458360628     2.293811356 1 0.0 1.0
    4.545571149     6.444016606 1 0.0 1.0
    6.829831371     2.558054977 1 0.0 1.0
    2.369210255     4.016501374 1 0.0 1.0
    3.796393119     5.201119744 1 0.0 1.0
    5.505932697     3.772766369 1 0.0 1.0
    4.288339861     6.770742181 1 0.0 1.0
    6.121054980     1.788687886 1 0.0 1.0
    3.358489464     4.580864536 1 0.0 1.0
    6.710299941     4.179177418 1 0.0 1.0
    6.263255417     6.201333614 1 0.0 1.0
    4.173950717     5.022543391 1 0.0 1.0
    6.938911107     4.065726850 1 0.0 1.0
    6.929071656     2.699417408 1 0.0 1.0
    4.660475391     1.138319501 1 0.0 1.0
    2.535451523     5.467865865 1 0.0 1.0
    2.143159694     2.287459381 1 0.0 1.0
    1.819792657     6.542116399 1 0.0 1.0
    4.313012351     5.734246635 1 0.0 1.0
    1.393252088     2.015394164 1 0.0 1.0
    1.992632523     6.563438077 1 0.0 1.0
    2.396336778     5.041754547 1 0.0 1.0
    1.264707162     2.510224337 1 0.0 1.0
    2.679959223     1.237432613 1 0.0 1.0
    5.502051542     2.773832241 1 0.0 1.0
    2.484566357     1.530076749 1 0.0 1.0
    4.660688517     3.847356231 1 0.0 1.0
    4.783028582     5.700692238 1 0.0 1.0
    1.583347883     1.797166231 1 0.0 1.0
    4.436898756     5.425672818 1 0.0 1.0
    4.690603545     2.778717493 1 0.0 1.0
    1.493113862     6.606234759 1 0.0 1.0
    2.806752916     5.645177389 1 0.0 1.0
    4.568674535     5.729124285 1 0.0 1.0
    6.133118563     3.767271891 1 0.0 1.0
    3.480841617     6.353833256 1 0.0 1.0
    2.326568427     6.376632158 1 0.0 1.0
    5.566245564     1.287051813 1 0.0 1.0
    5.483371419     1.889478799 1 0.0 1.0
    3.516886518     6.170127603 1 0.0 1.0
    5.621192575     2.302402744 1 0.0 1.0
    6.602690880     5.582435118 1 0.0 1.0
    3.096330892     5.866403726 1 0.0 1.0
    3.713142343     5.586489066 1 0.0 1.0
    6.073858575     5.005832420 1 0.0 1.0
    6.925302876     4.330765235 1 0.0 1.0
    5.711153323     1.662109991 1 0.0 1.0
    1.150494975     2.219102334 1 0.0 1.0
    2.278331511     3.639772639 1 0.0 1.0
    6.218905872     2.677739865 1 0.0 1.0
    4.168758977     6.179357546 1 0.0 1.0
    6.785036513     3.949105336 1 0.0 1.0
    6.537255388     2.834290893 1 0.0 1.0
    6.766124093     1.055732360 1 0.0 1.0
    3.105295519     2.270979529 1 0.0 1.0
    4.046851699     1.070310569 1 0.0 1.0
    6.114174392     1.757949322 1 0.0 1.0
    1.796833166     2.990736932 1 0.0 1.0
    2.808218957     6.073756435 1 0.0 1.0
    2.828023089     1.669050725 1 0.0 1.0
    5.091616536     2.566207053 1 0.0 1.0
    1.662840965     3.735866427 1 0.0 1.0
    3.462292274     1.189935871 1 0.0 1.0
    1.544690076     1.953884568 1 0.0 1.0
    1.915370904     3.026071571 1 0.0 1.0
    1.810247667     4.608321699 1 0.0 1.0
    4.523901421     6.762012675 1 0.0 1.0
    4.122038042     3.419122427 1 0.0 1.0
    3.555993613     5.865320283 1 0.0 1.0
    6.864105471     6.225498480 1 0.0 1.0
    2.436968884     1.391747546 1 0.0 1.0
    5.941663039     6.938586811 1 0.0 1.0
    2.519723164     4.592713121 1 0.0 1.0
    3.718338940     6.023291461 1 0.0 1.0
    2.034787226     4.503340494 1 0.0 1.0
    6.502372907     2.157623067 1 0.0 1.0
    2.448001467     2.432662722 1 0.0 1.0
    2.447964303     1.997156667 1 0.0 1.0
    2.533689490     5.863134276 1 0.0 1.0
    6.557648312     1.630295774 1 0.0 1.0
    2.703593259     3.598614623 1 0.0 1.0
    6.270379133     6.385809729 1 0.0 1.0
    3.042394959     4.831695316 1 0.0 1.0
    5.193671950     6.826928114 1 0.0 1.0
    1.321627557     3.194289098 1 0.0 1.0
    2.181686566     6.646132523 1 0.0 1.0
    5.911782973     3.690470825 1 0.0 1.0
    6.696511206     2.527649153 1 0.0 1.0
    1.013597467     5.545543960 1 0.0 1.0
    6.007681202     5.570150529 1 0.0 1.0
    6.596238601     3.842965526 1 0.0 1.0
    2.717477147     2.169607948 1 0.0 1.0
    3.522152578     4.578469650 1 0.0 1.0
    3.397602263     5.850112305 1 0.0 1.0
    3.007073312     5.466710090 1 0.0 1.0
    2.648186029     3.267731285 1 0.0 1.0
    2.799563897     4.365792956 1 0.0 1.0
    3.183624948     3.555488567 1 0.0 1.0
    1.052003058     5.451014233 1 0.0 1.0
    5.602878360     5.200873664 1 0.0 1.0
    4.561216732     4.652081680 1 0.0 1.0
    5.763464209     5.116578580 1 0.0 1.0
    2.864820685     6.046324020 1 0.0 1.0
    3.208441367     5.783653067 1 0.0 1.0
    1.763765617     4.054328467 1 0.0 1.0
    2.760482993     3.669809660 1 0.0 1.0
    5.128303903     4.340419266 1 0.0 1.0
    6.806608432     6.061328135 1 0.0 1.0
    4.216630719     1.694581700 1 0.0 1.0
    5.888643978     3.983776551 1 0.0 1.0
    5.610358098     1.272603686 1 0.0 1.0
    5.814420849     4.607964405 1 0.0 1.0
    1.954262727     2.726261025 1 0.0 1.0
    6.062234719     3.639090410 1 0.0 1.0
    5.014214991     5.078610546 1 0.0 1.0
    2.220616765     6.919395946 1 0.0 1.0
    5.112221500     1.337541829 1 0.0 1.0
    5.447023729     4.191949715 1 0.0 1.0
    1.975095881     3.694792792 1 0.0 1.0
    4.596078537     1.882643906 1 0.0 1.0
    5.232905976     1.715171031 1 0.0 1.0
    5.667966613     1.900543212 1 0.0 1.0
    1.342716480     5.178957985 1 0.0 1.0
    5.695969518     6.844525321 1 0.0 1.0
    2.697294858     1.736674635 1 0.0 1.0
    1.021380035     4.879943457 1 0.0 1.0
    2.399188140     3.513502052 1 0.0 1.0
    2.391523373     4.995569855 1 0.0 1.0
    5.779506204     5.787171961 1 0.0 1.0
    2.278236596     1.175232859 1 0.0 1.0
    4.656826927     4.323636892 1 0.0 1.0
    4.705210714     6.566069682 1 0.0 1.0
    3.152899410     3.776863687 1 0.0 1.0
    4.850910415     3.225912711 1 0.0 1.0
    1.244598836     6.958685179 1 0.0 1.0
    4.539170999     5.305307738 1 0.0 1.0
    2.708002484     5.969557618 1 0.0 1.0
    5.311648202     5.128553217 1 0.0 1.0
    2.308520226     3.242891467 1 0.0 1.0
    3.427168615     2.692478441 1 0.0 1.0
    5.223755544     4.302097518 1 0.0 1.0
    1.687981501     2.650596399 1 0.0 1.0
    6.525644527     4.596173921 1 0.0 1.0
    2.321264347     6.706743387 1 0.0 1.0
    3.157574062     3.742575960 1 0.0 1.0
    6.452433587     2.400039363 1 0.0 1.0
    5.669843271     6.217233445 1 0.0 1.0
    2.717507552     2.689335906 1 0.0 1.0
    4.805846414     2.558129322 1 0.0 1.0
    1.167125453     4.994520385 1 0.0 1.0
    2.569032744     2.789968758 1 0.0 1.0
    6.530103740     1.306896321 1 0.0 1.0
    2.742302559     2.784241613 1 0.0 1.0
    5.940917352     2.671744848 1 0.0 1.0
    3.697089136     3.307094117 1 0.0 1.0
    3.314449686     2.471945335 1 0.0 1.0
    2.949581273     6.975202081 1 0.0 1.0
    4.262504836     3.802714199 1 0.0 1.0
    1.955777739     1.455482693 1 0.0 1.0
    3.552381070     2.732687278 1 0.0 1.0
    1.996368178     4.548403434 1 0.0 1.0
    3.538442687     4.180762459 1 0.0 1.0
    6.322612517     1.450239959 1 0.0 1.0
    3.210650148     5.543146734 1 0.0 1.0
    5.916233504     4.321389277 1 0.0 1.0
    1.215535728     2.199032158 1 0.0 1.0
    4.237006855     2.462291168 1 0.0 1.0
    5.408023286     4.619863413 1 0.0 1.0
    3.121402628     4.935009948 1 0.0 1.0
    3.233518148     5.238172160 1 0.0 1.0
    5.127343366     4.459541987 1 0.0 1.0
    3.031845614     3.755340379 1 0.0 1.0
    5.086172843     5.556494111 1 0.0 1.0
    2.831308743     6.923441570 1 0.0 1.0
    1.929706444     6.115949879 1 0.0 1.0
    4.773130073     6.334950144 1 0.0 1.0
    2.805969459     6.642337735 1 0.0 1.0
    4.422891037     4.485836007 1 0.0 1.0
    6.487929595     2.339798152 1 0.0 1.0
    6.922373159     4.950324878 1 0.0 1.0
    5.548834999     1.355770598 1 0.0 1.0
    4.116800750     5.307223955 1 0.0 1.0
    3.193485103     1.145133591 1 0.0 1.0
    2.205474451     6.335953901 1 0.0 1.0
    4.114643254     1.399130987 1 0.0 1.0
    3.384730348     5.846236317 1 0.0 1.0
    3.090403430     1.004078178 1 0.0 1.0
    3.158572385     3.158185773 1 0.0 1.0
    4.224688194     5.277363687 1 0.0 1.0
    3.632573919     5.743304534 1 0.0 1.0
    4.413982279     1.146242486 1 0.0 1.0
    1.613170409     1.486947033 1 0.0 1.0
    1.881209445     3.756936415 1 0.0 1.0
    2.811354532     5.273119183 1 0.0 1.0
    2.531610408     1.899072118 1 0.0 1.0
    5.951421122     4.974006181 1 0.0 1.0
    2.110423718     5.939361493 1 0.0 1.0
    4.618661408     4.411256298 1 0.0 1.0
    5.488139818     5.707614865 1 0.0 1.0
    5.753039888     5.444509212 1 0.0 1.0
    6.777721827     3.396201745 1 0.0 1.0
    1.187195623     4.366361228 1 0.0 1.0
    1.111144280     1.725808320 1 0.0 1.0
    6.803652395     2.931379879 1 0.0 1.0
    1.470398450     6.325743585 1 0.0 1.0
    5.086805173     1.975624793 1 0.0 1.0
    2.728984685     1.377921697 1 0.0 1.0
    5.136014177     2.022323981 1 0.0 1.0
    6.223389716     4.431596271 1 0.0 1.0
    5.593060856     3.156875386 1 0.0 1.0
    3.774797752     2.748020909 1 0.0 1.0
    4.041780834     2.016315038 1 0.0 1.0
    2.556823473     3.973852162 1 0.0 1.0
    2.714932916     3.656109675 1 0.0 1.0
    6.541959332     3.257612711 1 0.0 1.0
    2.083689465     5.293139109 1 0.0 1.0
    4.606545535     4.062220275 1 0.0 1.0
    2.948745647     3.606242887 1 0.0 1.0
    2.312845911     6.330790670 1 0.0 1.0
    2.602417969     5.864537587 1 0.0 1.0
    5.009253253     2.171182354 1 0.0 1.0
    2.203090966     1.642244450 1 0.0 1.0
    6.723630463     5.801446271 1 0.0 1.0
    5.593339654     5.444982035 1 0.0 1.0
    5.286459039     4.375185906 1 0.0 1.0
    5.404504469     5.021493855 1 0.0 1.0
    3.295275758     2.336659023 1 0.0 1.0
    4.326851124     3.965611700 1 0.0 1.0
    1.312724949     2.985419976 1 0.0 1.0
    1.931363154     5.865616250 1 0.0 1.0
    4.583613117     4.939160694 1 0.0 1.0
    6.496082111     2.261199022 1 0.0 1.0
    4.427496132     2.904624056 1 0.0 1.0
    1.932427002     2.780923838 1 0.0 1.0
    5.570745070     6.237896679 1 0.0 1.0
    3.711767769     6.342079686 1 0.0 1.0
    2.410506366     5.558299988 1 0.0 1.0
    2.498366416     4.155521930 1 0.0 1.0
    1.561440991     6.547671126 1 0.0 1.0
    4.046350071     1.804378162 1 0.0 1.0
    1.380131998     5.062954133 1 0.0 1.0
    4.713036455     6.540715663 1 0.0 1.0
    1.951447487     1.892987973 1 0.0 1.0
    2.705347375     1.748262697 1 0.0 1.0
    1.343082325     4.918752341 1 0.0 1.0
    6.672252082     5.211070728 1 0.0 1.0
    1.917574351     1.833267277 1 0.0 1.0
    6.075008284     6.833392308 1 0.0 1.0
    5.554563945     4.639041977 1 0.0 1.0
    3.793566887     6.271443076 1 0.0 1.0
    2.415314027     4.789981510 1 0.0 1.0
    5.106487303     2.328428480 1 0.0 1.0
    5.844045493     1.825311307 1 0.0 1.0
    1.440885166     1.865771257 1 0.0 1.0
    2.856651372     2.668235603 1 0.0 1.0
    1.614432352     4.355123716 1 0.0 1.0
    4.690939993     5.785173273 1 0.0 1.0
    2.975320988     3.338896157 1 0.0 1.0
    2.606844935     4.038774915 1 0.0 1.0
    3.002949765     2.944325532 1 0.0 1.0
    2.541335698     5.518525191 1 0.0 1.0
    1.803484219     3.597815005 1 0.0 1.0
    4.682136331     3.184141608 1 0.0 1.0
    1.856087326     3.026314467 1 0.0 1.0
    1.012017599     3.612800929 1 0.0 1.0
    5.358884443     1.899889490 1 0.0 1.0
    3.760360936     5.479818893 1 0.0 1.0
    6.736832867     5.310973871 1 0.0 1.0
    1.397862620     6.309222629 1 0.0 1.0
    2.197144698     5.645893872 1 0.0 1.0
    4.144169250     1.957765679 1 0.0 1.0
    2.146208835     3.702952892 1 0.0 1.0
    5.212827463     6.593612892 1 0.0 1.0
    5.582361876     3.388612597 1 0.0 1.0
    1.164430292     3.160704365 1 0.0 1.0
    4.457948060     5.271843900 1 0.0 1.0
    3.926095120     1.506914195 1 0.0 1.0
    5.964831851     4.232592651 1 0.0 1.0
    4.242298377     5.286046019 1 0.0 1.0
    5.336856632     2.974128082 1 0.0 1.0
    4.942865757     2.610591768 1 0.0 1.0
    2.331238115     5.406681695 1 0.0 1.0
    3.172624409     2.890158345 1 0.0 1.0
    5.438635659     2.792203044 1 0.0 1.0
    6.345922849     2.299383032 1 0.0 1.0
    2.588127255     1.472697398 1 0.0 1.0
    1.283164301     4.268033974 1 0.0 1.0
    1.423302286     6.769938564 1 0.0 1.0
    6.989923542     3.769588738 1 0.0 1.0
    5.152878851     1.573484555 1 0.0 1.0
    1.072897483     6.444541798 1 0.0 1.0
    6.730269922     4.496947179 1 0.0 1.0
    6.672204522     1.969688041 1 0.0 1.0
    4.685160691     5.583148133 1 0.0 1.0
    5.975491760     5.791226554 1 0.0 1.0
    6.622407455     4.295418326 1 0.0 1.0
    2.651694133     6.789116650 1 0.0 1.0
    6.790871960     4.707747396 1 0.0 1.0
    1.059966973     2.993445376 1 0.0 1.0
    6.164084479     6.812591850 1 0.0 1.0
    2.491767126     2.872155456 1 0.0 1.0
    4.130156737     1.447210729 1 0.0 1.0
    6.402988414     6.337437105 1 0.0 1.0
    2.175777962     5.599089087 1 0.0 1.0
    5.896994345     5.455580504 1 0.0 1.0
    5.319661878     1.313898177 1 0.0 1.0
    3.871435661     2.647155846 1 0.0 1.0
    3.700567370     3.898942106 1 0.0 1.0
    4.358253342     5.205282529 1 0.0 1.0
    3.982224312     5.684720431 1 0.0 1.0
    4.837135729     2.174459397 1 0.0 1.0
    1.040401838     3.397829175 1 0.0 1.0
    2.424644844     6.925093224 1 0.0 1.0
    1.198450327     4.747984636 1 0.0 1.0
    1.889446891     4.070733296 1 0.0 1.0
    3.461556279     1.452145633 1 0.0 1.0
    4.148739493     3.741851878 1 0.0 1.0
    6.787953905     3.951501182 1 0.0 1.0
    2.314883974     4.974665141 1 0.0 1.0
    4.268589855     3.786305910 1 0.0 1.0
    1.448024220     6.952360595 1 0.0 1.0
    1.923291546     6.030197556 1 0.0 1.0
    5.623294681     2.448364321 1 0.0 1.0
    2.713196387     5.255780491 1 0.0 1.0
    1.321232953     2.218191446 1 0.0 1.0
    4.149707464     5.481850735 1 0.0 1.0
    3.803626244     2.101621259 1 0.0 1.0
    6.480180091     3.080696453 1 0.0 1.0
    5.428800472     2.849687244 1 0.0 1.0
    2.104935648     4.314934792 1 0.0 1.0
    3.007530138     3.831559295 1 0.0 1.0
    6.488479736     5.189695867 1 0.0 1.0
    1.953796204     3.780663175 1 0.0 1.0
    5.588716699     4.641918756 1 0.0 1.0
    4.538764918     6.212658189 1 0.0 1.0
    2.693938193     4.379928695 1 0.0 1.0
    2.725155763     5.512388293 1 0.0 1.0
    4.937375984     5.838540450 1 0.0 1.0
    1.630487132     3.312405323 1 0.0 1.0
    6.620667571     4.162105491 1 0.0 1.0
    6.423999842     2.397413593 1 0.0 1.0
    4.121566093     3.116844092 1 0.0 1.0
    4.627339017     2.690673486 1 0.0 1.0
    6.906417836     4.663150907 1 0.0 1.0
    2.579900623     2.861950009 1 0.0 1.0
    2.044467177     6.596795763 1 0.0 1.0
    5.941245514     3.296124086 1 0.0 1.0
    4.175689970     5.991419281 1 0.0 1.0
    4.376470213     4.127570423 1 0.0 1.0
    4.812015449     2.039276250 1 0.0 1.0
    4.445709629     3.562628697 1 0.0 1.0
    5.836003956     5.206000758 1 0.0 1.0
    4.860887076     5.945318715 1 0.0 1.0
    4.624168580     5.666469246 1 0.0 1.0
    2.555754126     4.010022259 1 0.0 1.0
    6.216245411     2.577280524 1 0.0 1.0
    5.967274022     6.294204057 1 0.0 1.0
    2.404181746     3.561564763 1 0.0 1.0
    2.497462807     3.036487321 1 0.0 1.0
    3.665702752     2.237996953 1 0.0 1.0
    1.757587297     5.904117410 1 0.0 1.0
    2.831521065     5.666003970 1 0.0 1.0
    4.287826795     3.295019027 1 0.0 1.0
    2.008616697     1.504312083 1 0.0 1.0
    5.052001430     2.805073299 1 0.0 1.0
    6.290981873     2.761325532 1 0.0 1.0
    2.992723735     2.025139585 1 0.0 1.0
    5.259380252     1.530991301 1 0.0 1.0
    5.953696479     5.950267897 1 0.0 1.0
    2.939368240     4.928972868 1 0.0 1.0
    5.113408772     5.713206078 1 0.0 1.0
    4.020776472     2.746323100 1 0.0 1.0
    1.905423027     1.142195403 1 0.0 1.0
    2.806657642     4.993522858 1 0.0 1.0
    4.126541702     2.475577349 1 0.0 1.0
    4.400188263     2.494601447 1 0.0 1.0
    4.968495967     6.962412290 1 0.0 1.0
    1.067109527     1.032892957 1 0.0 1.0
    6.818568423     3.616095325 1 0.0 1.0
    6.061498012     4.117072836 1 0.0 1.0
    3.986258073     3.956950608 1 0.0 1.0
    1.507499162     2.704720915 1 0.0 1.0
    3.297544982     4.793454078 1 0.0 1.0
    3.867814518     3.594890429 1 0.0 1.0
    6.402996163     2.357713686 1 0.0 1.0
    4.967839661     2.738823882 1 0.0 1.0
    2.613471002     1.624418039 1 0.0 1.0
    2.711601657     6.062950539 1 0.0 1.0
    5.799109192     6.200573081 1 0.0 1.0
    1.358378117     4.905488962 1 0.0 1.0
    6.969868026     2.184945272 1 0.0 1.0
    2.436582729     3.928368754 1 0.0 1.0
    5.992229097     6.512341032 1 0.0 1.0
    4.670372464     3.253335831 1 0.0 1.0
    6.944019498     1.554257757 1 0.0 1.0
    6.400226497     1.644290772 1 0.0 1.0
    1.513597310     3.371216598 1 0.0 1.0
    1.495053248     1.030867844 1 0.0 1.0
    4.814875584     5.090910562 1 0.0 1.0
    2.038579397     4.791286614 1 0.0 1.0
    4.028171922     4.000243050 1 0.0 1.0
    1.789290681     6.145546470 1 0.0 1.0
    5.781577123     2.084233373 1 0.0 1.0
    1.116381086     2.160915202 1 0.0 1.0
    3.125061228     1.726489521 1 0.0 1.0
    6.811466186     4.396831769 1 0.0 1.0
    5.507574726     5.118751058 1 0.0 1.0
    6.805912127     3.896301824 1 0.0 1.0
    2.229744305     3.753021951 1 0.0 1.0
    4.406240484     6.947315595 1 0.0 1.0
    6.069430458     4.899158963 1 0.0 1.0
    2.206014767     1.940338450 1 0.0 1.0
    4.445664357     6.216413150 1 0.0 1.0
    1.741183330     3.227191949 1 0.0 1.0
    1.563180576     2.969630268 1 0.0 1.0
    5.316470974     3.044348506 1 0.0 1.0
    6.665773886     6.869799174 1 0.0 1.0
    4.318100886     6.097605959 1 0.0 1.0
    4.714646322     6.333316840 1 0.0 1.0
    1.985248461     5.099346070 1 0.0 1.0
    4.638018367     6.354264041 1 0.0 1.0
    3.313381533     2.543871565 1 0.0 1.0
    6.713943921     6.633945523 1 0.0 1.0
    6.704675049     2.340920119 1 0.0 1.0
    4.543464915     5.055373104 1 0.0 1.0
    5.488918673     4.393401053 1 0.0 1.0
    1.962465294     4.505798501 1 0.0 1.0
    4.050959552     2.145684356 1 0.0 1.0
    4.238895591     3.337917376 1 0.0 1.0
    3.084844805     5.309946717 1 0.0 1.0
    2.295959353     3.782119080 1 0.0 1.0
    5.866193447     3.613573854 1 0.0 1.0
    2.583214923     5.633237412 1 0.0 1.0
    4.630504754     2.058268981 1 0.0 1.0
    2.639694434     2.735966763 1 0.0 1.0
    2.662452798     2.865334325 1 0.0 1.0
    3.674192070     4.945233232 1 0.0 1.0
    5.432525406     4.485542027 1 0.0 1.0
    3.798527184     5.613812771 1 0.0 1.0
    3.857259838     4.819359998 1 0.0 1.0
    4.880795594     6.599780741 1 0.0 1.0
    3.421783771     6.978564209 1 0.0 1.0
    6.647624872     1.580350728 1 0.0 1.0
    3.359733622     5.482421323 1 0.0 1.0
    4.046225696     3.324220972 1 0.0 1.0
    1.175889758     5.673874675 1 0.0 1.0
    2.055784573     3.618516718 1 0.0 1.0
    5.873945427     3.994506603 1 0.0 1.0
    5.017161596     2.195442125 1 0.0 1.0
    2.881602345     2.877324686 1 0.0 1.0
    3.033721012     2.441118149 1 0.0 1.0
    4.559917319     1.836217756 1 0.0 1.0
    6.374007252     5.467303469 1 0.0 1.0
    3.683696404     5.624708163 1 0.0 1.0
    4.356151731     1.580728341 1 0.0 1.0
    2.537417095     4.165906656 1 0.0 1.0
    3.992916143     3.064442657 1 0.0 1.0
    4.495249156     5.304015814 1 0.0 1.0
    6.036507795     4.951357651 1 0.0 1.0
    6.434565075     3.780853961 1 0.0 1.0
    2.031498238     5.176848092 1 0.0 1.0
    4.836103804     6.616399154 1 0.0 1.0
    1.907290003     5.686431998 1 0.0 1.0
    6.338862190     5.579548607 1 0.0 1.0
    3.642944570     5.364499268 1 0.0 1.0
    2.090892203     5.869109706 1 0.0 1.0
    4.284975161     4.948041028 1 0.0 1.0
    5.823792876     3.728505376 1 0.0 1.0
    5.546708784     4.790294420 1 0.0 1.0
    1.698713359     1.474103599 1 0.0 1.0
    3.339239570     5.878469775 1 0.0 1.0
    2.398509470     5.277467091 1 0.0 1.0
    1.534609742     1.670392360 1 0.0 1.0
    2.453894850     3.917561706 1 0.0 1.0
    3.523883167     6.718566465 1 0.0 1.0
    6.945219631     6.503286202 1 0.0 1.0
    6.929421212     4.937835120 1 0.0 1.0
    4.325948903     6.138696892 1 0.0 1.0
    6.542791237     4.658353741 1 0.0 1.0
    3.839481382     1.176561028 1 0.0 1.0
    3.343493925     3.447025453 1 0.0 1.0
    5.755794139     1.885004225 1 0.0 1.0
    4.770275098     1.555336369 1 0.0 1.0
    6.601780155     1.452443409 1 0.0 1.0
    2.857374522     6.147030970 1 0.0 1.0
    4.218866412     3.614038181 1 0.0 1.0
    5.058117625     2.120253408 1 0.0 1.0
    4.725428665     5.999435413 1 0.0 1.0
    4.558183277     4.459665163 1 0.0 1.0
    1.235419186     3.242129614 1 0.0 1.0
    6.978570367     5.570919927 1 0.0 1.0
    1.223033786     4.514602046 1 0.0 1.0
    5.295025410     3.130235091 1 0.0 1.0
    4.682218679     6.459105956 1 0.0 1.0
    3.797076269     4.633583574 1 0.0 1.0
    3.627626103     6.477567165 1 0.0 1.0
    1.110752067     1.784195169 1 0.0 1.0
    4.629452816     6.219957138 1 0.0 1.0
    4.816767987     1.273312992 1 0.0 1.0
    6.421310062     5.037255329 1 0.0 1.0
    6.176225323     3.739272571 1 0.0 1.0
    2.308965709     4.558303868 1 0.0 1.0
    3.133255011     6.056119632 1 0.0 1.0
    3.031677217     1.262193215 1 0.0 1.0
    6.106850491     1.569379618 1 0.0 1.0
    3.939681343     3.389114953 1 0.0 1.0
    5.183241573     2.018570025 1 0.0 1.0
    1.184393040     5.147283186 1 0.0 1.0
    4.498545596     4.434739889 1 0.0 1.0
    6.460135663     3.119223537 1 0.0 1.0
    3.716659656     1.996870446 1 0.0 1.0
    2.812586347     4.810882806 1 0.0 1.0
    2.508993434     6.801337667 1 0.0 1.0
    5.475379016     3.764790738 1 0.0 1.0
    6.365455284     2.811370000 1 0.0 1.0
    6.316825974     5.136124787 1 0.0 1.0
    3.085868561     2.115025926 1 0.0 1.0
    3.430246648     2.816755744 1 0.0 1.0
    2.151435999     4.516323976 1 0.0 1.0
    3.204307602     2.227333220 1 0.0 1.0
    1.061668059     3.221869148 1 0.0 1.0
    5.632412308     5.881880444 1 0.0 1.0
    2.255448713     5.834753271 1 0.0 1.0
    4.204984077     3.886166761 1 0.0 1.0
    1.225274815     3.449724372 1 0.0 1.0
    1.048674432     4.439269954 1 0.0 1.0
    6.220899912     4.351897161 1 0.0 1.0
    4.480713377     4.142138129 1 0.0 1.0
    3.309456218     1.070106406 1 0.0 1.0
    6.199946853     3.295077629 1 0.0 1.0
    3.650994902     3.169621559 1 0.0 1.0
    2.612736706     1.034154708 1 0.0 1.0
    4.875359476     1.333864672 1 0.0 1.0
    5.740863172     2.666211456 1 0.0 1.0
    4.613650935     3.198108103 1 0.0 1.0
    1.570866848     4.476278092 1 0.0 1.0
    4.446200557     2.932888849 1 0.0 1.0
    5.834061525     3.418259602 1 0.0 1.0
    6.507107889     6.661681174 1 0.0 1.0
    2.938727034     3.274016258 1 0.0 1.0
    1.262077629     6.529001005 1 0.0 1.0
    5.036000732     6.716197263 1 0.0 1.0
    4.459198997     3.997525023 1 0.0 1.0
    1.145042886     3.365200375 1 0.0 1.0
    5.061064991     3.287498002 1 0.0 1.0
    6.020165722     2.306781667 1 0.0 1.0
    4.826231303     4.433907569 1 0.0 1.0
    3.137591072     3.187309910 1 0.0 1.0
    5.498666249     3.691295806 1 0.0 1.0
    1.746485993     5.590630081 1 0.0 1.0
    4.148559472     6.076960170 1 0.0 1.0
    1.501386068     6.655062128 1 0.0 1.0
    3.246455630     4.272676460 1 0.0 1.0
    2.410846194     5.408233691 1 0.0 1.0
    1.092016070     6.593264000 1 0.0 1.0
    3.832540567     4.151436520 1 0.0 1.0
    6.765681579     4.415181531 1 0.0 1.0
    5.510938488     6.480391078 1 0.0 1.0
    1.574265848     1.285769412 1 0.0 1.0
    5.119206873     2.069703869 1 0.0 1.0
    6.385714840     2.567041840 1 0.0 1.0
    4.507435162     1.475997051 1 0.0 1.0
    6.950790389     6.833907878 1 0.0 1.0
    5.750785346     3.628509912 1 0.0 1.0
    2.270651178     3.533682957 1 0.0 1.0
    6.478713498     5.629026080 1 0.0 1.0
    1.338726332     3.663165948 1 0.0 1.0
    1.953579747     1.842137231 1 0.0 1.0
    5.829206156     3.372365868 1 0.0 1.0
    5.321267917     2.884510434 1 0.0 1.0
    5.115431003     2.379172534 1 0.0 1.0
    6.501483716     3.440326744 1 0.0 1.0
    1.855513110     1.149653297 1 0.0 1.0
    3.953518462     3.936807276 1 0.0 1.0
    5.857823415     6.319625888 1 0.0 1.0
    6.959849308     4.328810683 1 0.0 1.0
    4.522923113     5.425283827 1 0.0 1.0
    3.752538339     6.395916757 1 0.0 1.0
    1.118787173     1.717161953 1 0.0 1.0
    5.017513203     6.497065863 1 0.0 1.0
    4.688595587     4.707243277 1 0.0 1.0
    6.314967753     3.805762965 1 0.0 1.0
    4.924167480     1.070854647 1 0.0 1.0
    5.149752729     1.706527488 1 0.0 1.0
    1.544058883     1.685992086 1 0.0 1.0
    3.525405273     5.103775418 1 0.0 1.0
    5.411299002     2.633317955 1 0.0 1.0
    4.889510035     5.653698819 1 0.0 1.0
    6.659205945     1.887087449 1 0.0 1.0
    3.368982843     1.591419064 1 0.0 1.0
    6.028143586     2.422961296 1 0.0 1.0
    4.200032430     5.945301368 1 0.0 1.0
    5.718409049     5.344532577 1 0.0 1.0
    6.854282331     3.839354080 1 0.0 1.0
    6.874390520     4.864718858 1 0.0 1.0
    4.405450370     2.559391452 1 0.0 1.0
    1.800713073     6.175188295 1 0.0 1.0
    5.399754211     1.806718348 1 0.0 1.0
    5.667578295     1.799874724 1 0.0 1.0
    6.533985810     4.286910601 1 0.0 1.0
    4.879557853     5.270308944 1 0.0 1.0
    3.952063216     4.151118283 1 0.0 1.0
    4.359883299     5.437921653 1 0.0 1.0
    1.202304004     5.253594803 1 0.0 1.0
    2.720477300     3.673562978 1 0.0 1.0
    3.777137038     5.378818339 1 0.0 1.0
    2.371793850     3.369470721 1 0.0 1.0
    4.010302138     3.819729598 1 0.0 1.0
    2.481388119     6.957536773 1 0.0 1.0
    1.123970169     4.246473482 1 0.0 1.0
    6.956541404     2.157364869 1 0.0 1.0
    3.056317497     2.899848999 1 0.0 1.0
    5.953074596     5.384371439 1 0.0 1.0
    3.000475600     4.878127221 1 0.0 1.0
    2.750414889     6.804259919 1 0.0 1.0
    1.857173206     6.403851054 1 0.0 1.0
    1.213484392     1.240719249 1 0.0 1.0
    4.465642361     5.756440543 1 0.0 1.0
    6.983291863     3.534178397 1 0.0 1.0
    6.842662233     1.193507626 1 0.0 1.0
    1.455954663     2.021289259 1 0.0 1.0
    1.523970157     2.677351101 1 0.0 1.0
    3.526020155     1.155301065 1 0.0 1.0
    1.806280614     4.566408837 1 0.0 1.0
    3.931457284     2.367492803 1 0.0 1.0
    3.069670826     2.532179582 1 0.0 1.0
    5.353276346     5.858356862 1 0.0 1.0
    3.546247423     5.390821339 1 0.0 1.0
    5.452119697     1.442677486 1 0.0 1.0
    5.946575990     6.500055885 1 0.0 1.0
    1.291403479     2.093729756 1 0.0 1.0
    3.155860111     2.664541133 1 0.0 1.0
    3.266725117     5.812945643 1 0.0 1.0
    3.538416327     4.427809546 1 0.0 1.0
    2.650486630     5.373973484 1 0.0 1.0
    6.555137132     3.276127493 1 0.0 1.0
    6.205739334     1.587631857 1 0.0 1.0
    6.571709058     2.843809380 1 0.0 1.0
    2.255344594     1.672632337 1 0.0 1.0
    2.605047836     6.409408912 1 0.0 1.0
    3.038135562     1.188753290 1 0.0 1.0
    2.882745780     1.466924005 1 0.0 1.0
    2.624367285     2.666402048 1 0.0 1.0
    5.605199099     2.207219515 1 0.0 1.0
    4.398246776     3.409157198 1 0.0 1.0
    2.255715202     3.584744736 1 0.0 1.0
    4.750353400     5.008682292 1 0.0 1.0
    3.782060957     5.135747643 1 0.0 1.0
    4.913385474     5.816746919 1 0.0 1.0
    2.586462812     3.574226624 1 0.0 1.0
    1.882700302     3.891146522 1 0.0 1.0
    5.902406962     1.140106581 1 0.0 1.0
    4.149729137     4.816771704 1 0.0 1.0
    3.730510888     2.034966655 1 0.0 1.0
    6.598890115     2.651290886 1 0.0 1.0
    2.692958852     2.697432965 1 0.0 1.0
    3.951076803     2.292198655 1 0.0 1.0
    4.642174234     6.320295638 1 0.0 1.0
    6.804453890     1.538921904 1 0.0 1.0
    6.368110989     2.007455575 1 0.0 1.0
    5.527804808     2.720677868 1 0.0 1.0
    6.718345536     5.961165430 1 0.0 1.0
    5.819148065     5.751631468 1 0.0 1.0
    5.741938306     4.853901326 1 0.0 1.0
    1.501506469     6.160750787 1 0.0 1.0
    5.353112311     1.588724051 1 0.0 1.0
    1.084794510     6.710704140 1 0.0 1.0
    5.073884834     3.861617729 1 0.0 1.0
    4.896774607     4.386585521 1 0.0 1.0
    3.274761539     1.523724921 1 0.0 1.0
    6.982583910     6.719102187 1 0.0 1.0
    2.130222526     6.054491842 1 0.0 1.0
    6.271674004     1.114034668 1 0.0 1.0
    6.578850537     4.335492385 1 0.0 1.0
    5.271651042     2.238833606 1 0.0 1.0
    4.806860256     3.122806982 1 0.0 1.0
    6.545929573     1.547574358 1 0.0 1.0
    2.396988145     4.220684934 1 0.0 1.0
    5.331447155     2.815805051 1 0.0 1.0
    2.701516812     2.434327122 1 0.0 1.0
    4.256773763     2.758785441 1 0.0 1.0
    3.464312034     4.130036348 1 0.0 1.0
    3.614530602     6.138179894 1 0.0 1.0
    4.100020052     5.510470781 1 0.0 1.0
    5.137226649     3.681842632 1 0.0 1.0
    1.607407928     1.899771920 1 0.0 1.0
    6.953876223     4.555950484 1 0.0 1.0
    6.972761815     1.253749881 1 0.0 1.0
    3.297117468     4.409370436 1 0.0 1.0
    1.461752325     2.933143911 1 0.0 1.0
    5.753580152     4.934017915 1 0.0 1.0
    6.558137983     2.275634047 1 0.0 1.0
    1.663389994     3.084362382 1 0.0 1.0
    3.986760404     5.353478264 1 0.0 1.0
    1.691189571     2.807705612 1 0.0 1.0
    4.100259385     3.021483463 1 0.0 1.0
    4.187728195     3.488392928 1 0.0 1.0
    5.847167780     1.414807533 1 0.0 1.0
    4.208409930     1.529514274 1 0.0 1.0
    5.251603902     4.762716903 1 0.0 1.0
    3.154733794     2.011285518 1 0.0 1.0
    2.769709892     5.323003694 1 0.0 1.0
    4.276907500     5.939627329 1 0.0 1.0
    6.597061678     5.718550581 1 0.0 1.0
    3.381657954     1.575548232 1 0.0 1.0
    2.827949536     2.168127801 1 0.0 1.0
    2.249007703     1.891908813 1 0.0 1.0
    2.369331583     1.671380402 1 0.0 1.0
    6.700882424     4.306519909 1 0.0 1.0
    5.638599160     6.998370650 1 0.0 1.0
    6.388105399     1.360784641 1 0.0 1.0
    4.004580641     2.889807327 1 0.0 1.0
    5.780449882     4.666039050 1 0.0 1.0
    2.884726922     3.205325724 1 0.0 1.0
    1.702732517     3.947035842 1 0.0 1.0
    1.876037904     5.582848350 1 0.0 1.0
    3.367831395     3.535807011 1 0.0 1.0
    1.208462781     1.936611132 1 0.0 1.0
    4.248742790     5.077120353 1 0.0 1.0
    6.799661524     3.465694889 1 0.0 1.0
    6.716517572     5.419374645 1 0.0 1.0
    2.548207920     4.699965710 1 0.0 1.0
    1.558860793     3.827597177 1 0.0 1.0
    1.371600346     4.010336495 1 0.0 1.0
    6.693044799     6.936248466 1 0.0 1.0
    5.757120811     5.470805464 1 0.0 1.0
    4.740040366     5.408879098 1 0.0 1.0
    3.476954473     3.978682960 1 0.0 1.0
    2.607321337     1.906804554 1 0.0 1.0
    2.242175625     5.844447222 1 0.0 1.0
    6.164420457     1.033351947 1 0.0 1.0
    5.132521418     6.494389124 1 0.0 1.0
    5.144949776     4.147879003 1 0.0 1.0
    2.467920196     4.750815925 1 0.0 1.0
    3.983293711     1.295504391 1 0.0 1.0
    6.649263615     6.620400580 1 0.0 1.0
    2.040065053     2.987820178 1 0.0 1.0
    6.124962665     2.542590707 1 0.0 1.0
    5.346388952     1.275473274 1 0.0 1.0
    6.947166526     2.148740876 1 0.0 1.0
    5.983645347     5.814139197 1 0.0 1.0
    4.013245325     1.952442750 1 0.0 1.0
    5.822937120     6.727581464 1 0.0 1.0
    5.684734586     2.185640232 1 0.0 1.0
    5.066964685     6.053980164 1 0.0 1.0
    3.496929573     2.186277653 1 0.0 1.0
    4.808797986     2.894073524 1 0.0 1.0
    2.650090013     1.685795186 1 0.0 1.0
    2.593532302     2.916262204 1 0.0 1.0
    4.648750741     5.683545533 1 0.0 1.0
    4.625647539     6.065755618 1 0.0 1.0
    2.072005033     5.415082655 1 0.0 1.0
    4.480280381     5.140520470 1 0.0 1.0
    4.160910344     4.956597110 1 0.0 1.0
    5.348153197     5.809276114 1 0.0 1.0
    4.196383770     5.907541085 1 0.0 1.0
    3.615861093     3.410435656 1 0.0 1.0
    1.655549750     4.693329454 1 0.0 1.0
    1.931588545     1.258871083 1 0.0 1.0
    3.504368280     2.964420903 1 0.0 1.0
    6.625618640     2.612849047 1 0.0 1.0
    3.851709048     4.689068370 1 0.0 1.0
    6.043238163     6.718055697 1 0.0 1.0
    1.947094945     6.009754103 1 0.0 1.0
    4.311327960     1.016772768 1 0.0 1.0
    3.389536756     4.771351805 1 0.0 1.0
    5.653932118     4.001415475 1 0.0 1.0
    2.531891759     3.495088002 1 0.0 1.0
    5.811691553     3.463614445 1 0.0 1.0
    1.207064685     2.537375787 1 0.0 1.0
    6.933164361     1.713495944 1 0.0 1.0
    5.423517503     3.173974329 1 0.0 1.0
    5.940167646     2.825853857 1 0.0 1.0
    4.895809801     2.102369778 1 0.0 1.0
    1.577321804     2.579585736 1 0.0 1.0
    1.202070092     2.454066197 1 0.0 1.0
    2.596679302     2.002632929 1 0.0 1.0
    3.739481582     5.698769454 1 0.0 1.0
    1.512681887     3.103174122 1 0.0 1.0
    6.438798433     6.824295177 1 0.0 1.0
    6.087013813     6.055063776 1 0.0 1.0
    5.748918744     3.396248248 1 0.0 1.0
    6.645018140     2.844021150 1 0.0 1.0
    2.396610820     1.258011737 1 0.0 1.0
    2.315151519     6.530699892 1 0.0 1.0
    6.354703202     4.615909231 1 0.0 1.0
    5.931034857     4.201511012 1 0.0 1.0
    5.282226940     2.274205960 1 0.0 1.0
    1.114782994     2.664335658 1 0.0 1.0
    5.261005696     4.333511531 1 0.0 1.0
    6.472838873     6.863205972 1 0.0 1.0
    4.996352664     2.254759947 1 0.0 1.0
    5.988581066     4.771823511 1 0.0 1.0
    3.327662546     6.712765416 1 0.0 1.0
    3.221985099     5.314781696 1 0.0 1.0
    4.115192130     4.736221809 1 0.0 1.0
    2.085518216     6.516429847 1 0.0 1.0
    6.896487718     5.480050758 1 0.0 1.0
    5.510930115     5.101888325 1 0.0 1.0
    6.097612239     2.236326386 1 0.0 1.0
    3.613683727     1.939382730 1 0.0 1.0
    2.673489932     6.796657795 1 0.0 1.0
    4.901183830     6.815652708 1 0.0 1.0
    3.584208557     3.721327184 1 0.0 1.0
    1.727011367     3.517470893 1 0.0 1.0
    3.482586332     3.184930845 1 0.0 1.0
    4.938521653     6.961087851 1 0.0 1.0
    3.838899040     3.223314938 1 0.0 1.0
    2.213398442     5.295814887 1 0.0 1.0
    1.633620843     1.845017606 1 0.0 1.0
    2.654263286     4.746838488 1 0.0 1.0
    2.958007677     5.523201372 1 0.0 1.0
    5.213168326     5.144390879 1 0.0 1.0
    6.583931707     4.778418486 1 0.0 1.0
    6.874255224     4.674172531 1 0.0 1.0
    3.803801568     2.815968257 1 0.0 1.0
    5.148819992     1.849990789 1 0.0 1.0
    4.341195984     3.387818986 1 0.0 1.0
    6.996069219     5.969480548 1 0.0 1.0
    2.417012424     4.637738947 1 0.0 1.0
    6.332148339     5.344128536 1 0.0 1.0
    4.311582794     5.074303115 1 0.0 1.0
    1.087011555     6.954710582 1 0.0 1.0
    4.036344086     4.216700852 1 0.0 1.0
    1.167167250     2.593952133 1 0.0 1.0
    5.593383363     4.883975263 1 0.0 1.0
    4.732518664     3.942715960 1 0.0 1.0
    4.913908275     2.399289423 1 0.0 1.0
    2.584630810     1.931079444 1 0.0 1.0
    6.592087962     6.156510007 1 0.0 1.0
    4.041200571     2.365855927 1 0.0 1.0
    5.500329348     4.935404238 1 0.0 1.0
    2.125094029     1.122809664 1 0.0 1.0
    1.873341767     6.845476426 1 0.0 1.0
    2.660670429     2.948873928 1 0.0 1.0
    5.848863591     3.785482512 1 0.0 1.0
    1.780189531     1.219608409 1 0.0 1.0
    4.973644817     2.603025733 1 0.0 1.0
    2.241609178     3.964133407 1 0.0 1.0
    1.619062822     1.163770416 1 0.0 1.0
    2.679685232     2.508582917 1 0.0 1.0
    4.857025496     3.288088151 1 0.0 1.0
    2.127602490     6.252696523 1 0.0 1.0
    2.106084650     4.591808883 1 0.0 1.0
    3.315180981     3.044189265 1 0.0 1.0
