100
    0.113004672     0.595920974 0.0 1.0
    0.864530396     0.175651590 0.0 1.0
    0.513601650     0.852008264 0.0 1.0
    0.034157107     0.375672730 0.0 1.0
    0.476962736     0.507163979 0.0 1.0
    0.415877195     0.875719371 0.0 1.0
    0.735097688     0.420354485 0.0 1.0
    0.706307248     0.971717045 0.0 1.0
    0.878064408     0.036480866 0.0 1.0
    0.853231420     0.884148991 0.0 1.0
    0.997861915     0.687193730 0.0 1.0
    0.748260504     0.272481447 0.0 1.0
    0.624552839     0.111844720 0.0 1.0
    0.229723625     0.564194407 0.0 1.0
    0.614396112     0.697268904 0.0 1.0
    0.445903598     0.748460492 0.0 1.0
    0.494875285     0.537950953 0.0 1.0
    0.122215853     0.601142725 0.0 1.0
    0.239420119     0.168566004 0.0 1.0
    0.274633269     0.133856351 0.0 1.0
    0.960222826     0.296397432 0.0 1.0
    0.982815229     0.771986860 0.0 1.0
    0.333838946     0.935060592 0.0 1.0
    0.371649983     0.836715250 0.0 1.0
    0.403975746     0.940441692 0.0 1.0
    0.676624399     0.671529902 0.0 1.0
    0.013691019     0.401579198 0.0 1.0
    0.952778935     0.600392221 0.0 1.0
    0.809057535     0.001773312 0.0 1.0
    0.431105013     0.260523692 0.0 1.0
    0.503531801     0.148921754 0.0 1.0
    0.973777584     0.674854793 0.0 1.0
    0.631611608     0.645213534 0.0 1.0
    0.332290239     0.077190801 0.0 1.0
    0.049686880     0.124557578 0.0 1.0
    0.548887346     0.405356467 0.0 1.0
    0.622604190     0.920345683 0.0 1.0
    0.339395017     0.961308206 0.0 1.0
    0.745080289     0.601564886 0.0 1.0
    0.760830078     0.439489337 0.0 1.0
    0.341734787     0.813088156 0.0 1.0
    0.723976001     0.085119889 0.0 1.0
    0.620038546     0.209852007 0.0 1.0
    0.486980385     0.962363421 0.0 1.0
    0.559718843     0.741132905 0.0 1.0
    0.519413504     0.208142023 0.0 1.0
    0.771040058     0.002179293 0.0 1.0
    0.575429303     0.903083324 0.0 1.0
    0.244685584     0.458310066 0.0 1.0
    0.488945957     0.590660499 0.0 1.0
    0.757816289     0.812065810 0.0 1.0
    0.944759687     0.461776543 0.0 1.0
    0.548991254     0.993663795 0.0 1.0
    0.935794858     0.857678591 0.0 1.0
    0.407657866     0.868321179 0.0 1.0
    0.736861447     0.649795714 0.0 1.0
    0.132822649     0.300739996 0.0 1.0
    0.868036086     0.638510465 0.0 1.0
    0.217273480     0.546977753 0.0 1.0
    0.311296216     0.009671290 0.0 1.0
    0.304882942     0.695331552 0.0 1.0
    0.550379350     0.684856470 0.0 1.0
    0.457069986     0.874671508 0.0 1.0
    0.266925311     0.782359087 0.0 1.0
    0.138187250     0.134986701 0.0 1.0
    0.903047453     0.203677658 0.0 1.0
    0.540447971     0.753988570 0.0 1.0
    0.859573262     0.271944855 0.0 1.0
    0.074695254     0.199191744 0.0 1.0
    0.915381107     0.407032603 0.0 1.0
    0.387315507     0.264827901 0.0 1.0
    0.179896735     0.848523160 0.0 1.0
    0.353856693     0.374763641 0.0 1.0
    0.479724772     0.532354491 0.0 1.0
    0.468736297     0.227016023 0.0 1.0
    0.084618970     0.639438866 0.0 1.0
    0.570174149     0.448826666 0.0 1.0
    0.192431611     0.044590513 0.0 1.0
    0.643503600     0.836180631 0.0 1.0
    0.732801878     0.242300146 0.0 1.0
    0.440730730     0.929462755 0.0 1.0
    0.295695578     0.158537205 0.0 1.0
    0.569464559     0.060698313 0.0 1.0
    0.236149847     0.977139565 0.0 1.0
    0.453923542     0.789843677 0.0 1.0
    0.683971660     0.511776834 0.0 1.0
    0.820972907     0.261717128 0.0 1.0
    0.840735220     0.535575848 0.0 1.0
    0.975301938     0.231237897 0.0 1.0
    0.207024749     0.142907778 0.0 1.0
    0.351406094     0.877311940 0.0 1.0
    0.848635563     0.486067423 0.0 1.0
    0.000873894     0.028221664 0.0 1.0
    0.311622156     0.696049128 0.0 1.0
    0.701173598     0.316381339 0.0 1.0
    0.273184893     0.787053304 0.0 1.0
    0.307512056     0.437767995 0.0 1.0
    0.717114840     0.597746110 0.0 1.0
    0.334291537     0.545102302 0.0 1.0
    0.097167690     0.914992924 0.0 1.0
