50
     0.096611408      2.375346986 0       0.182202045      0.100000000
     7.940273767      1.914275324 0      -0.027426972      0.100000000
     3.891898392      3.473038021 0       0.200308537      0.100000000
     4.044536680      4.166497830 0       0.315048429      0.100000000
     5.109043137      7.437899591 0      -0.083754826      0.100000000
     7.644061328      0.067780313 0       0.036814493      0.100000000
     6.315801853      5.231697814 0      -0.059928395      0.100000000
     5.137887531      3.742580546 0       0.193296585      0.100000000
     5.980811301      1.679879811 0       0.065575061      0.100000000
     4.225367916      6.029395947 0       0.010805136      0.100000000
     2.237467860      0.485282374 0       0.190489026      0.100000000
     3.782767276      1.268247318 0       0.177186715      0.100000000
     0.176039148      7.167067206 0      -0.160874515      0.100000000
     5.728443985      2.899375162 0      -0.090705881      0.100000000
     5.271809527      7.817075737 0      -0.054808715      0.100000000
     1.194091583      3.708409154 0       0.159731885      0.100000000
     3.759207544      3.783048723 0       0.095150699      0.100000000
     0.876736393      0.066589733 0       0.204833957      0.100000000
     5.012525914      7.849623073 0       0.031628316      0.100000000
     3.445343935      5.715458649 0       0.073601731      0.100000000
     4.416803458      6.158688406 0      -0.080942600      0.100000000
     5.152234193      1.650033324 0       0.133783229      0.100000000
     5.386012237      1.099880401 0       0.042223950      0.100000000
     0.515202757      0.298560735 0       0.128710795      0.100000000
     2.881563034      2.826981714 0       0.513613962      0.100000000
     1.039162112      2.582490167 1       0.279783010      0.100000000
     6.331145043      3.442253333 1       0.469695769      0.100000000
     0.617993734      1.536512165 1       0.062074423      0.100000000
     7.672815863      2.158436563 1       0.035732490      0.100000000
     2.073091380      2.411487185 1       0.385996460      0.100000000
     0.889355132      4.491168027 1       0.162020044      0.100000000
     2.556243851      2.332589362 1       0.431375875      0.100000000
     3.572098477      5.056903831 1       0.702776094      0.100000000
     4.549002628      1.879317151 1       0.083660690      0.100000000
     4.591753805      3.418622085 1       0.563976447      0.100000000
     4.404256196      3.103893680 1       0.435960824      0.100000000
     5.177844835      2.600996712 1       0.260835946      0.100000000
     6.901492084      0.985349829 1       0.196556544      0.100000000
     3.863369522      5.011573310 1       0.544254777      0.100000000
     4.346700884      6.389201616 1       0.437666320      0.100000000
     5.131979964      3.251539828 1       0.391730084      0.100000000
     5.214396859      3.534196571 1       0.542925487      0.100000000
     5.964950280      0.906231009 1      -0.078708720      0.100000000
     4.645631167      6.634610944 1       0.235472538      0.100000000
     2.056566737      6.191777406 1       0.134800812      0.100000000
     3.800972593      2.275603039 1       0.276107957      0.100000000
     0.854208402      3.623643061 1       0.065834971      0.100000000
     2.521365105      3.346656225 1       0.317077339      0.100000000
     0.434837883      4.425581658 1       0.160484468      0.100000000
     4.272132736      6.951502634 1       0.237700493      0.100000000
