lon, lat, freeboard (m), standard deviation, count
-180 81.5 0.236910791367 0.0872162706235	278
-178.5 81.5 0.228811904762 0.0909300806078	336
-177 81.5 0.264180365297 0.0795344321481	219
-175.5 81.5 0.269944104803 0.0756241376503	229
-174 81.5 0.274445412844 0.0797322639773	218
-172.5 81.5 0.230182285714 0.0793951182337	175
-171 81.5 0.206261184211 0.0986871067549	152
-169.5 81.5 0.191289208633 0.0859499599031	139
-168 81.5 0.158056849315 0.0944476814907	146
-166.5 81.5 0.164010752688 0.110284893386	93
-165 81.5 0.195981954887 0.0858112947593	133
-163.5 81.5 0.203204166667 0.0901707090231	144
-162 81.5 0.194246728972 0.0822302408654	107
-160.5 81.5 0.166859459459 0.0986889092031	74
-159 81.5 0.171298224852 0.105593141278	169
-157.5 81.5 0.153526570048 0.098619695247	207
-156 81.5 0.172902385321 0.0831250958303	545
-154.5 81.5 0.179285288967 0.0940109099345	571
-153 81.5 0.180270889488 0.0992996614894	371
-151.5 81.5 0.194579955947 0.104072603792	454
-150 81.5 0.169638601036 0.0994195864426	386
-148.5 81.5 0.201111597374 0.0897632928696	457
-147 81.5 0.173577464789 0.0917791559098	568
-145.5 81.5 0.184500369004 0.0937451506564	542
-144 81.5 0.200392173913 0.0860737162266	575
-142.5 81.5 0.195160050251 0.0830404188135	796
-141 81.5 0.177726677578 0.0808279716958	611
-139.5 81.5 0.167811694511 0.0848426346948	419
-138 81.5 0.193263181818 0.0819864929087	440
-136.5 81.5 0.198907480916 0.0934237258871	655
-135 81.5 0.162044624448 0.096279434896	679
-133.5 81.5 0.175883881579 0.0911538300251	608
-132 81.5 0.200907436709 0.0827034339996	632
-130.5 81.5 0.190101894737 0.0837237824483	475
-129 81.5 0.214960111576 0.0914078529748	717
-127.5 81.5 0.236971428571 0.0938659290586	490
-126 81.5 0.250683833718 0.0909471611813	433
-124.5 81.5 0.261910650888 0.100346786664	507
-123 81.5 0.241713485477 0.0823644366257	482
-121.5 81.5 0.256565352113 0.0979327485122	355
-120 81.5 0.242375314861 0.0939106489977	397
-118.5 81.5 0.216402967359 0.0909864592397	337
-117 81.5 0.167179457364 0.0953610644413	258
-115.5 81.5 0.212476348548 0.107585793579	241
-114 81.5 0.235123404255 0.0945339513306	235
-112.5 81.5 0.195189045936 0.0919604620569	283
-111 81.5 0.191828019324 0.116995459158	207
-109.5 81.5 0.214482608696 0.0898859881715	69
-108 81.5 0.236365789474 0.0689433777715	38
-106.5 81.5 0.213406122449 0.114875872155	49
-105 81.5 0.240809090909 0.110269915816	44
-103.5 81.5 0.260493430657 0.0905153149248	137
-102 81.5 0.298180597015 0.102148103465	335
-100.5 81.5 0.234565853659 0.12299940921	246
-99 81.5 0.239507594937 0.103079696959	237
-97.5 81.5 0.268016289593 0.110052451139	442
-96 81.5 0.312421276596 0.1076857706	47
-10.5 81.5 -0.0804 NaN	1
-9 81.5 0.180489041096 0.113061267267	73
-7.5 81.5 0.125917460317 0.12724726569	63
-6 81.5 0.132436507937 0.152806217469	63
-4.5 81.5 0.225399371069 0.119136365064	159
-3 81.5 0.248997701149 0.129273673604	261
-1.5 81.5 0.27856627907 0.0955961576452	258
0 81.5 0.251278395062 0.110867088149	324
1.5 81.5 0.287424324324 0.094244451437	296
3 81.5 0.283150625 0.108210966787	160
4.5 81.5 0.259319548872 0.146406700283	133
6 81.5 0.15785323741 0.162030113189	139
7.5 81.5 0.204190322581 0.125807451548	124
9 81.5 0.197608888889 0.154545793835	90
10.5 81.5 0.198412258065 0.105063457223	155
12 81.5 0.23285 0.140885024044	76
13.5 81.5 0.210788596491 0.0893277684866	114
15 81.5 0.0699909090909 0.0718692069602	11
16.5 81.5 0.16440625 0.0631698289666	16
25.5 81.5 0.131666666667 0.00323934149687	3
28.5 81.5 0.341166666667 0.0817328983131	6
70.5 81.5 0.1935 NaN	1
72 81.5 0.15786 0.0653870629406	5
82.5 81.5 0.1567 NaN	1
87 81.5 0.2722 0.0827314933988	2
93 81.5 0.1569 0.0865498700172	2
94.5 81.5 0.2187 0.152735064736	2
97.5 81.5 0.3976 NaN	1
99 81.5 0.1587 0.127085155178	13
100.5 81.5 0.1436375 0.188561880237	8
102 81.5 0.147308333333 0.100100553612	12
103.5 81.5 0.0933096774194 0.132934917296	31
105 81.5 0.138108695652 0.14644538204	23
106.5 81.5 0.0909153846154 0.0785496005964	26
108 81.5 0.105873913043 0.0929069674652	69
109.5 81.5 0.14269 0.0675627653605	20
111 81.5 0.155758823529 0.116783528691	17
112.5 81.5 0.1164 0.0820191884423	12
114 81.5 0.192146296296 0.0785892587431	54
115.5 81.5 0.182536734694 0.0771337790624	49
117 81.5 0.182223076923 0.0712716534798	13
118.5 81.5 0.1496 0.00155563491861	2
120 81.5 0.213 NaN	1
121.5 81.5 0.293845454545 0.0557844487942	11
123 81.5 0.187345454545 0.0774103204388	55
124.5 81.5 0.223137037037 0.0636270693975	27
126 81.5 0.156517647059 0.0643928105002	17
127.5 81.5 0.160685714286 0.0936252091064	14
129 81.5 0.207346666667 0.1014660173	15
130.5 81.5 0.164944642857 0.0806466883041	56
132 81.5 0.205751111111 0.069038993008	45
133.5 81.5 0.1992 0.102284312801	32
135 81.5 0.1707125 0.087560104119	16
136.5 81.5 0.235116 0.0850587869261	25
138 81.5 0.188325 0.120888861188	28
139.5 81.5 0.112990384615 0.106254175945	52
141 81.5 0.158531746032 0.110417677444	63
142.5 81.5 0.146830555556 0.112499530969	36
144 81.5 0.175655238095 0.0954721727289	105
145.5 81.5 0.215042857143 0.0750952219658	203
147 81.5 0.231650473186 0.0817634232472	317
148.5 81.5 0.230148165138 0.091339803213	218
150 81.5 0.243456774194 0.0805448842844	310
151.5 81.5 0.219237357631 0.0825364796521	439
153 81.5 0.218730784314 0.0806176698797	510
154.5 81.5 0.216297841727 0.082635704649	417
156 81.5 0.231408282209 0.0750884112259	326
157.5 81.5 0.241417601547 0.0833796004487	517
159 81.5 0.274636339523 0.0810694421296	377
160.5 81.5 0.294817625899 0.0760402003606	278
162 81.5 0.262369350649 0.0799093871327	385
163.5 81.5 0.239008137432 0.0791918171344	553
165 81.5 0.236674618321 0.0828006580416	524
166.5 81.5 0.250615746753 0.0824054962771	616
168 81.5 0.284229289941 0.0783965715661	338
169.5 81.5 0.261810138249 0.0824287503134	217
171 81.5 0.257252506596 0.0861729325209	379
172.5 81.5 0.267872008114 0.0784823608388	493
174 81.5 0.244801309329 0.0774397138229	611
175.5 81.5 0.243758449304 0.0950637737462	503
177 81.5 0.232311281071 0.0795527801788	523
178.5 81.5 0.24148185941 0.08483699631	441
-180 81 0.223477372263 0.0720761130994	274
-178.5 81 0.207493706294 0.0919487543903	286
-177 81 0.233051923077 0.0896478431854	260
-175.5 81 0.248061329305 0.0837477671347	331
-174 81 0.245709225092 0.0808443293079	271
-172.5 81 0.261331531532 0.100256222642	111
-171 81 0.18791375 0.0691378365402	80
-169.5 81 0.205927619048 0.0737868884215	105
-168 81 0.155240983607 0.0867701235422	122
-166.5 81 0.165522580645 0.0919279338833	93
-165 81 0.175064788732 0.0932276136798	213
-163.5 81 0.183218343195 0.0989981371018	169
-162 81 0.167512152778 0.0991091333065	288
-160.5 81 0.136478240741 0.101832093167	216
-159 81 0.181741818182 0.0988553149889	165
-157.5 81 0.199309090909 0.080672434271	99
-156 81 0.154374193548 0.0916542106332	93
-154.5 81 0.159169090909 0.0835874143871	220
-153 81 0.130508280255 0.0951483490578	157
-151.5 81 0.13456754386 0.111113937773	114
-150 81 0.158933974359 0.104992762575	156
-148.5 81 0.173392513369 0.0844004589474	187
-147 81 0.140821370968 0.0919294223371	248
-145.5 81 0.170835 0.095683875447	220
-144 81 0.186143956044 0.089277374846	182
-142.5 81 0.180675462963 0.093587601543	216
-141 81 0.167320504202 0.0914811077794	595
-139.5 81 0.154534098361 0.0878990745588	610
-138 81 0.176534012539 0.0844693457995	638
-136.5 81 0.189050321199 0.0990682095566	467
-135 81 0.174990187891 0.0934337935322	479
-133.5 81 0.171076709797 0.0819662090103	541
-132 81 0.221337964775 0.0776761704631	511
-130.5 81 0.204023097113 0.0862127353021	381
-129 81 0.193552838428 0.0860933309013	229
-127.5 81 0.221813089005 0.103180480902	382
-126 81 0.241735643564 0.109429859774	404
-124.5 81 0.230822259136 0.0935038157703	602
-123 81 0.216423631124 0.103063843593	347
-121.5 81 0.20858 0.0841715464834	140
-120 81 0.223015458937 0.103123719422	207
-118.5 81 0.223720247934 0.0901567940514	242
-117 81 0.186891818182 0.0883353506776	220
-115.5 81 0.185724509804 0.0979697343797	204
-114 81 0.17824245283 0.0963292369682	106
-112.5 81 0.130291262136 0.114605909784	206
-111 81 0.194205755396 0.115338950879	139
-109.5 81 0.213348484848 0.0986134542366	132
-108 81 0.239124210526 0.0698556501253	95
-106.5 81 0.228736842105 0.0937543507079	114
-105 81 0.26655721393 0.0873781486425	201
-103.5 81 0.236487878788 0.114392458935	132
-102 81 0.227796875 0.110114958644	64
-100.5 81 0.243572881356 0.113244817005	177
-99 81 0.251539673913 0.113209643056	184
-97.5 81 0.28158 0.0892217238121	65
-12 81 0.101 0.145381154212	2
-9 81 0.255872972973 0.137184848225	37
-7.5 81 0.141916546763 0.124766582992	139
-6 81 0.146220895522 0.101994829841	67
-4.5 81 0.24249009901 0.124597508406	101
-3 81 0.300367924528 0.121829555436	212
-1.5 81 0.259953278689 0.091910553162	122
0 81 0.205082352941 0.112714719723	68
1.5 81 0.226210638298 0.13472979767	94
3 81 0.328336363636 0.0957148975665	55
4.5 81 0.2131015625 0.134382276907	64
6 81 0.121024444444 0.126105827051	45
7.5 81 0.205369072165 0.143056571969	97
9 81 0.228036363636 0.0997670593751	33
10.5 81 0.199848780488 0.0857788847035	41
12 81 0.180230769231 0.0758082381695	13
13.5 81 0.124733333333 0.132039483994	21
70.5 81 0.184075 0.0965399528693	4
87 81 0.4018 NaN	1
88.5 81 0.1158 0.0341391271124	3
99 81 -0.0517 0.136613030125	2
100.5 81 0.132688888889 0.114275013065	9
102 81 0.1755 0.140389188857	24
103.5 81 0.126118181818 0.119148641333	44
105 81 0.177653333333 0.0815302649035	15
106.5 81 0.0800078947368 0.086083712813	38
108 81 0.179367741935 0.0981342528957	31
109.5 81 0.14225 0.109749960769	10
111 81 0.16677 0.0658947654303	10
112.5 81 0.206347058824 0.102596900036	17
114 81 0.1409 0.0741195655681	5
115.5 81 0.100783783784 0.0974770386453	37
117 81 0.1687 0.106800307651	29
118.5 81 0.138072580645 0.102578579506	62
120 81 0.2674 0.10006341989	6
121.5 81 0.1163 0.0833196555442	13
123 81 0.151326388889 0.0877007475727	72
124.5 81 0.117731428571 0.0848814340036	70
126 81 0.144642028986 0.070531658319	69
127.5 81 0.27215 0.0857940557381	8
129 81 0.2356 0.0683717151209	8
130.5 81 0.24188 0.0487714773203	5
132 81 0.240475757576 0.0623245789712	33
133.5 81 0.211878571429 0.094852980802	14
135 81 0.21642 0.0589259971732	15
136.5 81 0.26073 0.099038141362	10
138 81 0.237029411765 0.0685593608188	17
139.5 81 0.214096666667 0.124469058566	30
141 81 0.119686666667 0.119515749167	30
142.5 81 0.173258 0.0894322890373	50
144 81 0.15909 0.111440330505	20
145.5 81 0.1991 0.0842884061413	62
147 81 0.226893918919 0.0942018142049	148
148.5 81 0.240265986395 0.0787974289671	294
150 81 0.255648 0.0940984147723	250
151.5 81 0.222993644068 0.0913962767635	236
153 81 0.230178099174 0.0886883530019	242
154.5 81 0.206870718232 0.0942744820784	181
156 81 0.237833617021 0.0835497319638	235
157.5 81 0.244144761905 0.0724926396188	315
159 81 0.232663529412 0.0881556883981	255
160.5 81 0.259843243243 0.0885174741424	185
162 81 0.245939090909 0.0865143175476	220
163.5 81 0.25874522293 0.0802425317604	157
165 81 0.239863529412 0.0869733120286	170
166.5 81 0.250395714286 0.0775281349191	210
168 81 0.231467231638 0.108145117938	177
169.5 81 0.274037848606 0.0946448153982	251
171 81 0.27218185654 0.0878304996055	237
172.5 81 0.25398277512 0.0901134092619	209
174 81 0.252078076923 0.0758312126584	520
175.5 81 0.230901382488 0.0992013151217	434
177 81 0.25450483871 0.0858396730626	496
178.5 81 0.250064779874 0.085618945719	318
-180 80.5 0.233008196721 0.0979731175631	61
-178.5 80.5 0.230741975309 0.080864547028	81
-177 80.5 0.2215 0.0907619597262	130
-175.5 80.5 0.207305128205 0.0976918711952	117
-174 80.5 0.204167391304 0.0784249050887	92
-172.5 80.5 0.19903627451 0.0878288150344	102
-171 80.5 0.162103947368 0.0954779785302	76
-169.5 80.5 0.161606779661 0.106729289947	59
-168 80.5 0.137405555556 0.109205142128	72
-166.5 80.5 0.186977333333 0.0772149274417	75
-165 80.5 0.144907843137 0.119745043894	51
-163.5 80.5 0.153589130435 0.121358925883	92
-162 80.5 0.166171287129 0.0971679137747	101
-160.5 80.5 0.106 0.112534687515	152
-159 80.5 0.130321022727 0.094425377104	176
-157.5 80.5 0.155755825243 0.104837941559	206
-156 80.5 0.175557241379 0.0955572565016	145
-154.5 80.5 0.126468115942 0.0980964568718	69
-153 80.5 0.181339047619 0.0975413753385	105
-151.5 80.5 0.174377868852 0.093891359333	122
-150 80.5 0.151930708661 0.0916436235209	127
-148.5 80.5 0.159455744681 0.0801984243228	235
-147 80.5 0.154178571429 0.0882768166153	252
-145.5 80.5 0.131893670886 0.0887997651616	79
-144 80.5 0.125287692308 0.106638560843	65
-142.5 80.5 0.123183333333 0.0982683047289	36
-141 80.5 0.155451750973 0.0874864150551	257
-139.5 80.5 0.172555497382 0.100381710216	191
-138 80.5 0.172655803571 0.0986240561449	224
-136.5 80.5 0.151349287749 0.0951938830166	351
-135 80.5 0.137680736544 0.0980264973021	353
-133.5 80.5 0.190428695652 0.088798024771	345
-132 80.5 0.245721359223 0.080238529929	309
-130.5 80.5 0.208315981735 0.0971525267762	219
-129 80.5 0.197875261324 0.095405810366	287
-127.5 80.5 0.2216359447 0.0893322704029	217
-126 80.5 0.207735579515 0.107083181993	371
-124.5 80.5 0.190728996283 0.0915006083054	269
-123 80.5 0.21253805668 0.101775732694	247
-121.5 80.5 0.182845263158 0.0939573259753	190
-120 80.5 0.189497727273 0.0672766225981	44
-118.5 80.5 0.167759677419 0.0973975708945	124
-117 80.5 0.164753594771 0.0993801202098	153
-115.5 80.5 0.196992307692 0.10169275173	130
-114 80.5 0.172602272727 0.123729108622	44
-112.5 80.5 0.139532608696 0.0853356602735	138
-111 80.5 0.15881875 0.0850032914373	112
-109.5 80.5 0.208970833333 0.0911972714387	168
-108 80.5 0.261140952381 0.107356887443	210
-106.5 80.5 0.227528571429 0.151794965881	49
-105 80.5 0.350737142857 0.106556527627	35
-103.5 80.5 0.290159813084 0.110897805123	107
-102 80.5 0.242415686275 0.111385268188	102
-100.5 80.5 0.3059875 0.0794226942054	32
-99 80.5 0.2501 0.124318526375	16
-13.5 80.5 0.107147619048 0.0957544809346	21
-12 80.5 0.0343181818182 0.0941463840854	11
-10.5 80.5 0.1289 0.0103237590053	2
-9 80.5 -0.0128333333333 0.120812927013	3
-7.5 80.5 0.227381355932 0.0756952316509	59
-6 80.5 0.251821052632 0.137520647829	114
-4.5 80.5 0.260929166667 0.119812131663	192
-3 80.5 0.258583870968 0.124481736269	124
-1.5 80.5 0.252256521739 0.0965553490739	69
0 80.5 0.218876923077 0.153577799937	52
1.5 80.5 0.227173015873 0.113912228812	63
85.5 80.5 0.1044 NaN	1
103.5 80.5 0.0844285714286 0.0697369513311	7
105 80.5 0.11056 0.119193804369	5
108 80.5 0.064975 0.130913110497	4
109.5 80.5 0.2223 NaN	1
111 80.5 0.1883 0.0670983854749	7
112.5 80.5 0.0753642857143 0.0955401615685	14
114 80.5 0.148211111111 0.0908542337752	27
115.5 80.5 0.1202 0.103803275478	2
117 80.5 0.170206451613 0.0596523424267	31
118.5 80.5 0.199933333333 0.0647351784838	3
120 80.5 0.166866666667 0.0315081470946	3
121.5 80.5 0.18096 0.0704487260353	5
123 80.5 0.1923125 0.0748281734089	8
124.5 80.5 0.208155555556 0.0551573456375	9
126 80.5 0.175705882353 0.0834689648207	17
127.5 80.5 0.196233333333 0.062422153424	15
130.5 80.5 0.222377777778 0.0653757749051	9
132 80.5 0.016925 0.156821753912	4
133.5 80.5 0.24070625 0.087613564161	16
135 80.5 0.165161111111 0.0909387326972	18
136.5 80.5 0.195985714286 0.112578008933	7
138 80.5 0.2284 0.0826180851872	6
139.5 80.5 0.187746666667 0.0859969340539	15
141 80.5 0.12031 0.155088515586	10
142.5 80.5 0.150119047619 0.0890244046262	21
144 80.5 0.108 0.131014782881	4
145.5 80.5 0.170654545455 0.0954356260904	11
147 80.5 0.177868421053 0.0861741715148	19
148.5 80.5 0.227716666667 0.0687326207919	30
150 80.5 0.232924427481 0.0838164488094	131
151.5 80.5 0.261694208494 0.0947903635838	259
153 80.5 0.263132258065 0.0784604086135	310
154.5 80.5 0.237775324675 0.0839925573657	231
156 80.5 0.236852272727 0.0724980288923	132
157.5 80.5 0.227904907975 0.0821749457204	163
159 80.5 0.239640890688 0.0892776553451	247
160.5 80.5 0.268545294118 0.0854714188443	170
162 80.5 0.278064705882 0.0842520428798	51
163.5 80.5 0.278736065574 0.0797389802388	122
165 80.5 0.255219178082 0.0927048372487	73
166.5 80.5 0.277938095238 0.0657680720717	105
168 80.5 0.2709136 0.0784529716783	125
169.5 80.5 0.23375261194 0.0862522775723	268
171 80.5 0.219960752688 0.0798752061621	186
172.5 80.5 0.211774693878 0.0834211285278	245
174 80.5 0.205641176471 0.0931493945195	136
175.5 80.5 0.223306578947 0.0890293499703	76
177 80.5 0.271743564356 0.0795124398014	101
178.5 80.5 0.233368421053 0.0974624634897	76
-180 80 0.276875 0.050973136716	16
-178.5 80 0.187236363636 0.0884512378198	22
-177 80 0.220418390805 0.0913694755003	87
-175.5 80 0.170584210526 0.102906883689	57
-174 80 0.153428915663 0.0911690703999	83
-172.5 80 0.186626153846 0.0956820060796	130
-171 80 0.171825352113 0.0963973409804	71
-169.5 80 0.147842307692 0.110623373317	52
-168 80 0.1645 0.0906741418487	25
-166.5 80 0.156462745098 0.114708477386	51
-165 80 0.2224 0.0507001577907	11
-163.5 80 0.19838 0.0760150755725	15
-162 80 0.164052941176 0.0691826126788	17
-160.5 80 0.169427272727 0.0845044350638	33
-159 80 0.173696610169 0.0803715873756	59
-157.5 80 0.161359459459 0.0941775864312	74
-156 80 0.206074358974 0.0883880490789	39
-154.5 80 0.176753061224 0.0812037922504	49
-153 80 0.167609090909 0.0963371060841	22
-151.5 80 0.178232 0.101629226931	25
-150 80 0.104974074074 0.108747271812	54
-148.5 80 0.114686904762 0.128874590932	84
-147 80 0.144657272727 0.105984127649	110
-145.5 80 0.141581481481 0.0800631736679	81
-144 80 0.106052542373 0.130211075799	59
-142.5 80 0.135471186441 0.129217423676	118
-141 80 0.156714563107 0.106239615786	103
-139.5 80 0.14551038961 0.080852320841	77
-138 80 0.120050943396 0.095908737618	106
-136.5 80 0.162586857143 0.100109433811	350
-135 80 0.205571428571 0.0886505855237	287
-133.5 80 0.223070833333 0.0869013819887	336
-132 80 0.241856573705 0.0860603777973	251
-130.5 80 0.2145995 0.0701107978103	200
-129 80 0.233011864407 0.0871133735923	236
-127.5 80 0.235049206349 0.0954035848489	189
-126 80 0.256557480315 0.0981755558427	127
-124.5 80 0.231106222222 0.0929986244927	225
-123 80 0.233025714286 0.101395184553	210
-121.5 80 0.224458078603 0.0873685924929	229
-120 80 0.173746987952 0.102202125741	166
-118.5 80 0.16834251497 0.101290703796	167
-117 80 0.161851879699 0.0949549882213	133
-115.5 80 0.190839655172 0.113086318612	116
-114 80 0.195005263158 0.103747788838	114
-112.5 80 0.250739516129 0.114854895248	124
-111 80 0.276113235294 0.0904064667222	68
-109.5 80 0.214020634921 0.120526626905	63
-108 80 0.24091637931 0.105087351611	116
-106.5 80 0.302350909091 0.109165146508	55
-105 80 0.429573076923 0.105611426364	52
-103.5 80 0.425078350515 0.114604194065	97
-102 80 0.324325531915 0.107818231636	47
-16.5 80 0.0904833333333 0.117114668879	6
-15 80 0.108714285714 0.118086637421	42
-13.5 80 0.1244 0.138763726255	30
-12 80 0.148917647059 0.134101539119	17
-10.5 80 0.162255555556 0.129727658106	9
-9 80 0.232827659574 0.13221106923	47
-7.5 80 0.258892771084 0.130217772365	83
-6 80 0.243601183432 0.113934032181	169
-4.5 80 0.238931578947 0.129706177788	57
-3 80 0.166490909091 0.105742862213	11
-1.5 80 0.271429411765 0.09693440285	17
0 80 0.144 0.128974997577	9
1.5 80 0.2688 NaN	1
84 80 0.076 NaN	1
108 80 0.19601 0.122459149198	10
109.5 80 0.4099 NaN	1
112.5 80 0.2413 NaN	1
114 80 0.23 0.0714922373408	4
115.5 80 0.162083333333 0.0665229944296	12
117 80 0.185372727273 0.0564087066136	11
118.5 80 0.159345833333 0.153647046065	24
120 80 0.1667 0.0677089063565	11
121.5 80 0.18705 0.0159099025767	2
124.5 80 0.160061538462 0.0546269094016	13
126 80 0.123937931034 0.095685740891	29
127.5 80 0.114514285714 0.0608189506807	7
129 80 0.195854545455 0.0770260392807	11
130.5 80 0.156110714286 0.0637075688235	28
132 80 0.147565853659 0.138850344994	41
133.5 80 0.30638 0.092618556456	5
135 80 0.147886666667 0.176346330784	15
136.5 80 0.120453333333 0.119092898113	15
138 80 0.187484210526 0.120009523989	19
139.5 80 0.126818181818 0.101478596937	11
142.5 80 0.16025 0.125123123807	10
144 80 0.0877545454545 0.0879397676098	11
145.5 80 0.175767647059 0.0944055619849	34
147 80 0.147372222222 0.117623886157	18
148.5 80 0.0575428571429 0.210492975791	7
150 80 0.231595238095 0.0785258395446	21
151.5 80 0.255926666667 0.0828572770711	45
153 80 0.27039921875 0.067645883762	128
154.5 80 0.233114444444 0.0719505868012	180
156 80 0.205433766234 0.0941376826232	231
157.5 80 0.250839322034 0.091263822993	295
159 80 0.2476 0.0949056631501	197
160.5 80 0.214842523364 0.0911281845734	214
162 80 0.228334482759 0.0772565545456	174
163.5 80 0.207571764706 0.0894981971244	85
165 80 0.239761290323 0.0860208997762	62
166.5 80 0.245979012346 0.084228664533	81
168 80 0.210902739726 0.104017044507	73
169.5 80 0.229130681818 0.062365053134	88
171 80 0.21810989011 0.0793380237478	91
172.5 80 0.226711666667 0.0879135351019	240
174 80 0.25355733945 0.0867262203495	218
175.5 80 0.24215483871 0.114510357141	31
177 80 0.243510958904 0.0733493989251	73
178.5 80 0.261166666667 0.0719383443277	27
-180 79.5 0.27188 0.0600744815486	25
-178.5 79.5 0.247808 0.101778394564	25
-177 79.5 0.228934375 0.0806825824006	32
-175.5 79.5 0.146637288136 0.0954704014401	59
-174 79.5 0.157310909091 0.105419549232	55
-172.5 79.5 0.130569444444 0.101397691773	36
-171 79.5 0.171690322581 0.0862384923911	31
-169.5 79.5 0.193314285714 0.0957061897784	7
-168 79.5 0.164084615385 0.102487898573	26
-166.5 79.5 0.24065 0.0555078823231	2
-163.5 79.5 0.1934 NaN	1
-160.5 79.5 0.2034 0.0865498700172	2
-159 79.5 0.1611 NaN	1
-157.5 79.5 0.184077777778 0.0715843344905	9
-156 79.5 0.214708333333 0.0854702867916	12
-154.5 79.5 0.228371428571 0.0519822955209	7
-153 79.5 0.159282352941 0.0429720001177	17
-151.5 79.5 0.125711111111 0.109113189416	18
-150 79.5 0.099124 0.0885045021454	25
-148.5 79.5 0.0494555555556 0.0867358938259	9
-147 79.5 0.138485106383 0.0882323488413	47
-145.5 79.5 0.145029292929 0.115209839833	99
-144 79.5 0.116957731959 0.103919969042	97
-142.5 79.5 0.115717322835 0.112117519194	127
-141 79.5 0.1465912 0.0945572893558	125
-139.5 79.5 0.0956236842105 0.074918627692	38
-138 79.5 0.165967164179 0.0827649380238	67
-136.5 79.5 0.135158301158 0.0974728081671	259
-135 79.5 0.179460855263 0.0974159735104	304
-133.5 79.5 0.211398019802 0.0824718067071	202
-132 79.5 0.226406422018 0.0918125407087	218
-130.5 79.5 0.206899230769 0.0886925719831	130
-129 79.5 0.238512096774 0.0986607776144	124
-127.5 79.5 0.228095360825 0.0945381389668	194
-126 79.5 0.273281048387 0.0974340977511	248
-124.5 79.5 0.235669758065 0.0855766678819	248
-123 79.5 0.199938834951 0.0804374927616	103
-121.5 79.5 0.192715909091 0.0976009940652	264
-120 79.5 0.187552142857 0.0989892510495	280
-118.5 79.5 0.136551785714 0.109220381492	168
-117 79.5 0.136417532468 0.102963386559	154
-115.5 79.5 0.212366049383 0.095983946745	162
-114 79.5 0.296705907173 0.0900660306676	237
-112.5 79.5 0.267222988506 0.080007138782	87
-111 79.5 0.26572265625 0.109247223223	128
-109.5 79.5 0.233996808511 0.0787834905091	94
-108 79.5 0.310055833333 0.114149326346	120
-106.5 79.5 0.112783333333 0.182716046549	6
-105 79.5 0.286133333333 0.0660666582577	3
-103.5 79.5 0.506643333333 0.0962052571627	30
-102 79.5 0.07564 0.0716222994449	10
-100.5 79.5 0.147533333333 0.103769982535	24
-70.5 79.5 0.018225 0.171999057652	4
-15 79.5 0.139077777778 0.0886421143952	9
-13.5 79.5 0.120183333333 0.163511305327	12
-12 79.5 0.195515217391 0.12946153091	46
-9 79.5 0.118 0.0398832044851	3
-7.5 79.5 0.209683870968 0.104259370646	93
-6 79.5 0.238320512821 0.109435380161	78
-4.5 79.5 0.232829411765 0.0903769464082	34
-3 79.5 0.24984 0.123660287161	30
-1.5 79.5 0.319226666667 0.0982482094833	15
0 79.5 0.1433 0.0689248141093	3
85.5 79.5 0.1515 0.211283506219	2
87 79.5 0.2108 0.0541643794389	2
88.5 79.5 0.052525 0.0925693028673	4
108 79.5 0.0533 0.186676190233	2
111 79.5 0.12718 0.134820610442	5
114 79.5 0.287 NaN	1
115.5 79.5 0.1657 NaN	1
117 79.5 0.1985125 0.0471863005997	8
121.5 79.5 0.176985714286 0.122684411242	7
123 79.5 0.160166666667 0.107921302346	9
124.5 79.5 0.137185714286 0.0737368680803	28
126 79.5 0.12321 0.0263662431487	10
127.5 79.5 0.145575 0.0835108525882	4
129 79.5 0.205522727273 0.0875398844164	22
130.5 79.5 0.178252631579 0.0912626391151	19
132 79.5 0.147969565217 0.109891915638	23
133.5 79.5 0.134957777778 0.0861819863294	45
136.5 79.5 0.0196666666667 0.127733015831	3
138 79.5 0.0924782608696 0.118197007948	23
139.5 79.5 0.094252173913 0.136064843731	23
141 79.5 0.20595 0.0735392595306	14
142.5 79.5 0.131033333333 0.0679663397082	3
145.5 79.5 0.235266666667 0.12084462476	3
147 79.5 0.13325 0.135476363252	10
148.5 79.5 0.16503125 0.116811992418	32
150 79.5 0.217481818182 0.0884244628842	11
151.5 79.5 0.254072222222 0.0891542074858	18
153 79.5 0.200997142857 0.107892281482	35
154.5 79.5 0.278437142857 0.0561920881827	70
156 79.5 0.266548039216 0.0870294290641	204
157.5 79.5 0.212648648649 0.0849514341094	111
159 79.5 0.206639269406 0.0826540708212	219
160.5 79.5 0.173333774834 0.107267995778	151
162 79.5 0.246153535354 0.0922838304906	99
163.5 79.5 0.241675598086 0.0836366128406	209
165 79.5 0.218253773585 0.0645813332525	106
166.5 79.5 0.23622 0.063460610464	175
168 79.5 0.218852475248 0.0863338573146	101
169.5 79.5 0.244156779661 0.0681839323364	118
171 79.5 0.195402739726 0.100276367034	146
172.5 79.5 0.222810273973 0.0839174764828	146
174 79.5 0.239941984733 0.0684173830298	131
175.5 79.5 0.256590909091 0.0742827569341	99
177 79.5 0.257115555556 0.0749022998662	45
178.5 79.5 0.25126 0.0712172019378	55
-180 79 0.175233333333 0.0954032325532	30
-178.5 79 0.241986666667 0.089186711293	30
-177 79 0.1037375 0.0698245134503	8
-175.5 79 0.303833333333 0.0468222525444	3
-174 79 0.239375 0.0963904689272	4
-172.5 79 0.1417 0.0695793072688	2
-171 79 0.19164 0.0795069682481	5
-169.5 79 0.1712 NaN	1
-166.5 79 0.152533333333 0.0836962563878	3
-165 79 0.171633333333 0.0102187735729	3
-156 79 0.2399 NaN	1
-151.5 79 0.2325 0.100171827377	5
-150 79 0.122222222222 0.099370176333	9
-148.5 79 0.195260869565 0.0610210301985	23
-147 79 0.116431506849 0.0967643771642	73
-145.5 79 0.120234042553 0.0979912380213	47
-144 79 0.130390909091 0.120322881603	77
-142.5 79 0.11488877551 0.101245931961	98
-141 79 0.163145751634 0.0681624105267	153
-139.5 79 0.0403346153846 0.10650481282	26
-138 79 0.159263333333 0.0964950696989	120
-136.5 79 0.164329447853 0.0888311749668	163
-135 79 0.169406299213 0.089521959484	127
-133.5 79 0.191475268817 0.0996011706059	93
-132 79 0.184998765432 0.0868435453268	162
-130.5 79 0.174986363636 0.0935387291395	110
-129 79 0.230078873239 0.0828984740348	142
-127.5 79 0.205640131579 0.0956535188248	152
-126 79 0.258083916084 0.0934975157088	143
-124.5 79 0.217547741935 0.0837951873331	155
-123 79 0.157923684211 0.111718031864	228
-121.5 79 0.170413 0.0916363433805	200
-120 79 0.152507692308 0.115172742939	117
-118.5 79 0.196967298578 0.103667222729	211
-117 79 0.23143671875 0.103629338617	128
-115.5 79 0.148971428571 0.152708225525	21
-114 79 0.302326086957 0.154443506051	23
-112.5 79 0.363592857143 0.159625462902	14
-109.5 79 0.244309174312 0.0839864611458	109
-108 79 0.266110344828 0.125801651775	87
-72 79 0.2092 NaN	1
-16.5 79 -0.0422142857143 0.0795658307854	7
-15 79 0.121265671642 0.192356008762	67
-13.5 79 0.190810179641 0.167885575862	167
-12 79 0.304473913043 0.12968821832	46
-10.5 79 0.2034 0.140604568011	23
-9 79 0.308118421053 0.101725010492	38
-7.5 79 0.307343478261 0.126998062369	46
-6 79 0.256619047619 0.148610841502	63
-4.5 79 0.226935294118 0.12331335272	34
-3 79 0.128186363636 0.0870493362873	22
109.5 79 0.08145 0.160159685939	2
111 79 0.234766666667 0.0894677489112	15
112.5 79 0.1365 0.0776290609959	10
114 79 0.1412 0.0707064883869	17
115.5 79 0.2000875 0.0726233224542	8
118.5 79 0.0687 NaN	1
120 79 0.170236363636 0.109052256031	11
121.5 79 0.231488888889 0.0666857639314	9
123 79 0.21075 0.0992385149886	8
126 79 0.12162 0.101821457926	35
127.5 79 0.123625 0.044561176029	12
129 79 0.194840350877 0.0911859204742	57
130.5 79 0.122581818182 0.0955622491531	22
133.5 79 -0.08305 0.12141023433	2
135 79 0.1934 0.0211841922197	3
139.5 79 0.118066666667 0.0339420584722	3
141 79 0.2101 0.0487903679019	2
142.5 79 0.107721428571 0.126503822858	14
144 79 0.1253 NaN	1
145.5 79 0.2328 0.0254418945835	3
147 79 0.163616666667 0.0384752084681	6
148.5 79 0.07940625 0.118742300628	16
150 79 0.192916666667 0.135053936139	6
151.5 79 0.18005 0.0605235255323	8
153 79 0.186624137931 0.0721273212311	29
154.5 79 0.253805882353 0.0843824701849	85
156 79 0.252832022472 0.0836247147892	178
157.5 79 0.233866666667 0.0875337649139	153
159 79 0.208777108434 0.0853853279298	83
160.5 79 0.207371900826 0.0960289958148	121
162 79 0.227291346154 0.0913478650471	104
163.5 79 0.227381034483 0.090341808814	116
165 79 0.2089776 0.0771465309403	125
166.5 79 0.218058653846 0.0736645501161	104
168 79 0.222013207547 0.0816592048006	106
169.5 79 0.236950515464 0.0626588483438	97
171 79 0.201211666667 0.0846501134759	120
172.5 79 0.216414393939 0.0689778259896	132
174 79 0.185469736842 0.0874384934602	76
175.5 79 0.238279470199 0.0688433480862	151
177 79 0.227607608696 0.0621453139936	92
178.5 79 0.200008695652 0.0991337613945	23
-180 78.5 0.127825 0.054548163515	8
-177 78.5 0.199475 0.0425056368811	4
-175.5 78.5 0.157636363636 0.0269174765804	11
-174 78.5 0.14105 0.0152027957955	2
-172.5 78.5 0.222233333333 0.0758089880335	6
-171 78.5 0.218166666667 0.0654302936974	3
-169.5 78.5 0.162357142857 0.0625174604182	7
-162 78.5 0.20126 0.0361885755453	5
-148.5 78.5 0.125766666667 0.0596911216179	9
-147 78.5 0.18004 0.0829392428227	5
-145.5 78.5 0.196888888889 0.0785543035811	9
-144 78.5 0.182914285714 0.101046349572	7
-142.5 78.5 0.205663636364 0.0703207331543	33
-141 78.5 0.16783220339 0.100968105993	59
-139.5 78.5 0.121786885246 0.0989082899718	61
-138 78.5 0.119220930233 0.103360436288	43
-136.5 78.5 0.144719736842 0.100040447846	76
-135 78.5 0.149921556886 0.101798169155	167
-133.5 78.5 0.139786666667 0.116288578021	150
-132 78.5 0.155259459459 0.0971341108372	148
-130.5 78.5 0.17685 0.0902687396174	72
-129 78.5 0.173767368421 0.0933611626417	95
-127.5 78.5 0.214588636364 0.113209349634	44
-126 78.5 0.207924489796 0.102019876598	49
-124.5 78.5 0.165936585366 0.120363295198	123
-123 78.5 0.190240865385 0.116594923337	208
-121.5 78.5 0.152261818182 0.101781337831	110
-120 78.5 0.19712202381 0.0996057085549	168
-118.5 78.5 0.263247904192 0.082217123534	167
-117 78.5 0.233279194631 0.0856942950222	149
-115.5 78.5 0.329419444444 0.0647550321021	36
-108 78.5 0.0498426229508 0.113286491485	61
-106.5 78.5 0.0737486486486 0.143251280044	37
-15 78.5 0.101228 0.135494584635	50
-13.5 78.5 0.193522222222 0.101561579568	9
-12 78.5 -0.0398 0.186676190233	2
-10.5 78.5 0.229930434783 0.118715849114	46
-9 78.5 0.280009090909 0.108470642943	44
-7.5 78.5 0.192895 0.114113537529	20
-6 78.5 0.215105555556 0.128884172684	54
-4.5 78.5 0.1915 0.132717820959	31
91.5 78.5 0.23145 0.026233661582	2
96 78.5 0.0129111111111 0.0677925040923	9
97.5 78.5 0.2092 NaN	1
108 78.5 0.10245 0.154927095758	2
111 78.5 0.135205555556 0.0819809983165	18
114 78.5 0.190333333333 0.0598047099594	3
115.5 78.5 0.2638 NaN	1
117 78.5 0.1517 NaN	1
118.5 78.5 0.2775 0.0776287317944	4
120 78.5 0.151533333333 0.0556122063939	9
121.5 78.5 0.0390923076923 0.0887894556572	13
123 78.5 0.142875 0.102193889917	12
124.5 78.5 0.0850027777778 0.124991319667	36
126 78.5 0.176443478261 0.0927508825054	23
127.5 78.5 0.161636363636 0.106602028806	11
129 78.5 0.23356 0.0491750241484	5
130.5 78.5 0.1388 0.086227982697	5
133.5 78.5 0.0768333333333 0.0774190114464	3
135 78.5 0.0905684210526 0.0761601022163	19
141 78.5 0.1121 NaN	1
144 78.5 0.1526 NaN	1
147 78.5 0.2011 0.011313708499	2
148.5 78.5 0.25275 0.147007499809	2
150 78.5 0.2296 NaN	1
151.5 78.5 0.1147 NaN	1
153 78.5 0.2301625 0.0999111167488	8
154.5 78.5 0.2256125 0.0786292966414	32
156 78.5 0.24668875 0.0844610223844	80
157.5 78.5 0.257745070423 0.0750663683278	71
159 78.5 0.218448484848 0.124178571323	33
160.5 78.5 0.273529824561 0.0898748573711	57
162 78.5 0.182003636364 0.113442160769	110
163.5 78.5 0.183715384615 0.0978555022277	91
165 78.5 0.187051 0.101758884649	100
166.5 78.5 0.224916129032 0.0822514431505	124
168 78.5 0.230895402299 0.0771529587792	87
169.5 78.5 0.254108571429 0.0683410752873	35
171 78.5 0.216509708738 0.072327042531	103
172.5 78.5 0.187737307692 0.0706305961494	260
174 78.5 0.209584530387 0.088208611846	181
175.5 78.5 0.162289 0.0851518108315	100
177 78.5 0.192019672131 0.100881772089	61
178.5 78.5 0.20168 0.0669835001632	35
-180 78 0.161460869565 0.0800377452952	23
-178.5 78 0.192573684211 0.074261481283	19
-177 78 0.233457142857 0.0645585485469	7
-175.5 78 0.207057142857 0.0528972859147	7
-174 78 0.1545875 0.0918672712979	8
-171 78 0.1337 0.198290796559	6
-169.5 78 0.243496 0.0994871871147	25
-168 78 0.195766666667 0.0512206468786	6
-166.5 78 0.1404 0.00862670273048	2
-163.5 78 0.234 0.0758018469432	2
-160.5 78 0.2495 NaN	1
-148.5 78 0.02155 0.00459619407771	2
-147 78 0.21195 0.0763005679315	4
-145.5 78 0.14528 0.0609362125505	5
-144 78 0.177291666667 0.0841167623979	48
-142.5 78 0.194123287671 0.0904347823949	73
-141 78 0.142275862069 0.108439273506	87
-139.5 78 0.100958333333 0.12268001421	48
-138 78 0.0496583333333 0.140295807352	12
-136.5 78 0.14696796875 0.100842569231	128
-135 78 0.146945192308 0.105970966788	104
-133.5 78 0.171254285714 0.113153696555	105
-132 78 0.209913793103 0.0920149257008	87
-130.5 78 0.185912676056 0.102419459548	71
-129 78 0.149838461538 0.114853482442	39
-127.5 78 0.215280120482 0.111470748559	166
-126 78 0.169211258278 0.0964037693198	151
-124.5 78 0.172024 0.112514859898	50
-123 78 0.160170642202 0.111816049586	109
-121.5 78 0.112631496063 0.0935497004829	127
-120 78 0.15364765625 0.095241103881	128
-118.5 78 0.219813709677 0.108817927545	124
-117 78 0.188736507937 0.103283781167	63
-108 78 0.1357 0.193111297788	4
-106.5 78 -0.1237 NaN	1
-16.5 78 -0.00158333333333 0.147896090775	6
-15 78 0.15742 0.14714012709	5
-13.5 78 0.23085 0.111609290099	12
-12 78 0.224475 0.0712741830305	4
-10.5 78 0.18076 0.0772774093769	5
-9 78 0.1771 0.133849193747	25
-7.5 78 0.14641875 0.156532583269	16
-6 78 0.05265 0.123495809646	6
88.5 78 0.0891666666667 0.147065098964	3
97.5 78 0.168266666667 0.114481628803	3
99 78 0.0948 0.217788888605	2
112.5 78 0.0896 NaN	1
114 78 0.122 NaN	1
117 78 0.0953333333333 0.0945124506789	3
118.5 78 0.1304 0.0887712791391	4
120 78 0.269436363636 0.0692161003341	11
121.5 78 0.0926125 0.0655915530639	16
123 78 0.0397 0.00678822509939	2
124.5 78 0.12372 0.0562275466297	5
126 78 0.1484 NaN	1
130.5 78 0.137166666667 0.119652310024	18
138 78 0.1719 NaN	1
154.5 78 0.187507142857 0.0942863760799	14
156 78 0.223673563218 0.084897075113	87
157.5 78 0.266675 0.051734589415	32
159 78 0.202992307692 0.0805354560446	78
160.5 78 0.1686375 0.0812460450319	16
162 78 0.04394 0.111332915169	5
163.5 78 0.2176 0.0881981481287	19
165 78 0.157546 0.107606748537	50
166.5 78 0.175014814815 0.108809036977	81
168 78 0.186920833333 0.0858294262865	24
169.5 78 0.2127625 0.0937097966788	40
171 78 0.239212307692 0.0694472203091	65
172.5 78 0.230694615385 0.0774815179878	130
174 78 0.196695833333 0.0756859424014	96
175.5 78 0.204532432432 0.0665803009003	74
177 78 0.128675862069 0.0871984094513	29
178.5 78 0.0780444444444 0.0947668111563	18
-180 77.5 0.13565862069 0.0817938851943	29
-178.5 77.5 0.158035714286 0.0902191827388	14
-177 77.5 0.18522 0.0541157278432	5
-175.5 77.5 0.2334 0.0695203807047	7
-174 77.5 0.0914294117647 0.191414190189	17
-172.5 77.5 0.180272093023 0.0993099652737	43
-171 77.5 0.200028571429 0.0848156138435	14
-169.5 77.5 0.2551 0.0416597327564	4
-165 77.5 0.139 NaN	1
-163.5 77.5 0.216266666667 0.0283297252605	3
-162 77.5 0.143433333333 0.0730534963799	3
-148.5 77.5 0.1164 0.154207619786	3
-147 77.5 0.26285 0.0115258405333	2
-145.5 77.5 0.16772 0.0917589886605	5
-144 77.5 0.147278947368 0.144806175355	19
-142.5 77.5 0.18053 0.102281547575	40
-141 77.5 0.149060784314 0.0992724595202	102
-139.5 77.5 0.133404 0.0915861052647	50
-138 77.5 0.184316666667 0.110254835667	12
-136.5 77.5 0.214263333333 0.0934374675028	30
-135 77.5 0.143002040816 0.152749005029	49
-133.5 77.5 0.131305 0.121519270181	60
-132 77.5 0.138642307692 0.161700699252	26
-130.5 77.5 0.151512903226 0.104778164843	31
-129 77.5 0.197591666667 0.0863472008211	120
-127.5 77.5 0.240822222222 0.0998835590049	18
-126 77.5 0.216459016393 0.107946969044	61
-124.5 77.5 0.169419186047 0.116246268297	172
-123 77.5 0.130664880952 0.0917280529902	168
-121.5 77.5 0.172870833333 0.112474973024	48
-120 77.5 0.187673626374 0.0902901727582	91
-118.5 77.5 0.1262 0.0608984400457	4
-109.5 77.5 0.2545875 0.0715357740175	8
-108 77.5 0.182761904762 0.121944144903	21
-103.5 77.5 0.125030769231 0.101442466326	13
-102 77.5 0.28114 0.0331318275982	5
-100.5 77.5 0.0225416666667 0.135821705113	24
-99 77.5 0.1729875 0.135018437751	24
-76.5 77.5 0.1923 NaN	1
-16.5 77.5 0.186527272727 0.0960784376529	11
-15 77.5 0.198725423729 0.136182729161	59
-13.5 77.5 0.25266 0.0944751713415	5
-12 77.5 0.170384615385 0.108970147641	13
-10.5 77.5 0.248908695652 0.122536775117	46
-9 77.5 0.23764 0.11086921349	25
-7.5 77.5 0.207581818182 0.110440769027	22
-6 77.5 -0.0372 NaN	1
99 77.5 0.2385 NaN	1
100.5 77.5 0.3194 NaN	1
111 77.5 0.2876 NaN	1
118.5 77.5 0.2486 NaN	1
120 77.5 0.177566666667 0.0864813467364	3
123 77.5 0.15436 0.0523684413274	35
124.5 77.5 0.101196969697 0.0708723389485	33
129 77.5 0.146366666667 0.0399760344873	3
130.5 77.5 0.19245 0.0123743686708	2
132 77.5 0.14745 0.0577487575624	6
133.5 77.5 0.1801 NaN	1
136.5 77.5 0.2587 NaN	1
154.5 77.5 0.2082 0.0183847763109	2
156 77.5 0.23876 0.0733089812836	20
157.5 77.5 0.211808333333 0.0634098136703	12
159 77.5 0.229431578947 0.0744913901015	57
160.5 77.5 0.169493023256 0.0860405009708	43
162 77.5 0.00266666666667 0.160536984316	3
163.5 77.5 -0.0892 NaN	1
165 77.5 0.16223 0.10096193707	20
166.5 77.5 0.1932 0.104493867444	49
168 77.5 0.224830232558 0.0808435659745	43
169.5 77.5 0.217011111111 0.0808607841309	27
171 77.5 0.180808910891 0.0722400998048	101
172.5 77.5 0.172459375 0.0915054022888	96
174 77.5 0.199866666667 0.08687645462	99
175.5 77.5 0.16252962963 0.102060667547	54
177 77.5 0.12638372093 0.0986680725372	43
178.5 77.5 0.153357142857 0.0732329565383	42
-180 77 0.0831136363636 0.113776328329	66
-178.5 77 0.0921692307692 0.155274243328	13
-177 77 0.105 NaN	1
-175.5 77 0.113414285714 0.115136459411	21
-174 77 0.202433333333 0.074907565261	3
-172.5 77 0.166138888889 0.129776432823	18
-168 77 0.03045 0.00940452018978	2
-166.5 77 0.2141 NaN	1
-148.5 77 0.152066666667 0.064833427592	3
-147 77 0.127725 0.108549385842	4
-145.5 77 0.1501625 0.14774401547	8
-144 77 0.17005 0.108767841448	4
-142.5 77 0.17586 0.0538425760899	5
-141 77 0.221357142857 0.107170530639	14
-139.5 77 0.143624137931 0.111396600535	29
-138 77 0.166293939394 0.111279599825	33
-136.5 77 0.205034285714 0.106609967923	35
-135 77 0.173405825243 0.0969079680907	103
-133.5 77 0.119977777778 0.114098232974	45
-132 77 0.169803333333 0.124810416187	60
-130.5 77 0.122144444444 0.104771666428	99
-129 77 0.165519148936 0.108621973734	94
-127.5 77 0.168106451613 0.124585951416	31
-126 77 0.195979310345 0.100572072165	29
-124.5 77 0.127591304348 0.156844453674	23
-123 77 0.167633333333 0.0850836733261	51
-121.5 77 0.213028571429 0.12416084614	7
-108 77 -0.05505 0.0126572113832	2
-106.5 77 0.182788888889 0.128603709071	18
-105 77 -0.14945 0.0639931636974	2
-103.5 77 0.1171 0.0948554479195	6
-102 77 0.0168 0.153300750161	2
-100.5 77 -0.00545 0.0600965511036	12
-99 77 -0.07505 0.0456083873865	2
-16.5 77 0.140185245902 0.116470541105	61
-15 77 0.220754761905 0.104536623437	84
-13.5 77 0.174566666667 0.106312172846	15
-12 77 0.280469230769 0.0680512966398	13
-10.5 77 0.11132 0.184756710298	5
-7.5 77 0.0946333333333 0.183743741844	6
-6 77 0.0942166666667 0.12353578294	6
-4.5 77 0.14045 0.00120208152801	2
84 77 0.1711 NaN	1
85.5 77 0.178162962963 0.0955877049872	27
87 77 -0.195 NaN	1
93 77 0.2499 0.0321026478659	2
121.5 77 0.10652 0.0806636039363	5
124.5 77 0.169770588235 0.0502793914629	17
126 77 0.1197 NaN	1
127.5 77 0.1321625 0.0975803249709	8
129 77 0.2006 NaN	1
130.5 77 0.1866 0.168439069102	3
148.5 77 0.21245 0.119996020767	2
150 77 0.192046153846 0.0742496084769	13
159 77 0.043 NaN	1
162 77 0.2025 NaN	1
165 77 0.334 NaN	1
166.5 77 0.24218 0.0313918301473	5
168 77 0.170273076923 0.0792125624264	26
169.5 77 0.154330434783 0.0716767899214	23
171 77 0.178288571429 0.082248339055	35
172.5 77 0.124669565217 0.0891865999632	92
174 77 0.160734090909 0.0678822165402	44
175.5 77 0.161983636364 0.0980728692873	55
177 77 0.117756 0.107674215731	25
178.5 77 0.109334693878 0.103352716363	49
-180 76.5 0.141655555556 0.186323033406	9
-178.5 76.5 0.1154 0.128071061004	7
-177 76.5 0.08708 0.032354628726	5
-175.5 76.5 0.153144444444 0.102701269952	18
-174 76.5 0.111833333333 0.144659418981	9
-172.5 76.5 0.26975 0.131441457184	4
-168 76.5 0.0763 NaN	1
-157.5 76.5 0.1541 NaN	1
-142.5 76.5 0.147 0.0895015489962	12
-141 76.5 0.109625 0.10320499365	8
-139.5 76.5 -0.02175 0.0453781518648	4
-138 76.5 0.182555555556 0.0854170623452	36
-136.5 76.5 0.170832758621 0.102056797719	58
-135 76.5 0.187219047619 0.104135034527	84
-133.5 76.5 0.16733125 0.114477939755	64
-132 76.5 0.13738 0.157210392241	15
-130.5 76.5 0.169216666667 0.126969566354	48
-129 76.5 0.137494736842 0.129553132056	38
-127.5 76.5 0.1336325 0.105010652594	80
-126 76.5 0.113003030303 0.123556253597	33
-124.5 76.5 0.0985636363636 0.0589218002564	11
-108 76.5 0.212825 0.099003749929	4
-106.5 76.5 0.0878222222222 0.116553059338	27
-18 76.5 0.0081 0.135564945858	12
-16.5 76.5 0.168465454545 0.124058611026	55
-15 76.5 0.177185714286 0.157576906045	14
-13.5 76.5 0.181 0.0975120358872	8
-12 76.5 0.228263636364 0.129935729701	22
-10.5 76.5 0.179683870968 0.162502681202	31
-9 76.5 0.321043478261 0.124262620819	23
-7.5 76.5 0.30576 0.0990676940279	5
91.5 76.5 0.1479 NaN	1
123 76.5 0.1258 0.139449090671	10
124.5 76.5 0.205425 0.0900789792349	4
126 76.5 0.104014285714 0.125933758098	7
127.5 76.5 0.137766666667 0.0522746911357	3
165 76.5 0.194930769231 0.0820891729017	13
166.5 76.5 0.221092307692 0.0810023298177	13
168 76.5 0.154 0.0599626550446	2
169.5 76.5 0.119873684211 0.099432449667	19
171 76.5 0.17965952381 0.0654968517565	42
172.5 76.5 0.145938709677 0.117199242539	31
174 76.5 0.148890721649 0.0821992600363	97
175.5 76.5 0.147685542169 0.0860278870448	83
177 76.5 0.188515217391 0.0793962214813	46
178.5 76.5 0.110963636364 0.11977504528	22
-180 76 0.180430434783 0.107236545818	23
-175.5 76 0.0929523809524 0.111668780861	21
-174 76 0.105644444444 0.086921158401	9
-168 76 0.2162 NaN	1
-154.5 76 0.1081 0.112790615111	8
-150 76 0.1368 0.0557200143575	2
-141 76 0.14235 0.125630403698	10
-139.5 76 0.216772727273 0.0936656062568	33
-138 76 0.25342962963 0.0762053289819	27
-136.5 76 0.170247457627 0.115157737931	59
-135 76 0.172685 0.111062872444	60
-133.5 76 0.205804444444 0.104433518352	90
-132 76 0.229291071429 0.0773145858914	56
-130.5 76 0.198905263158 0.119018083903	38
-129 76 0.128396261682 0.106546566067	107
-127.5 76 0.106035714286 0.0931501479567	112
-126 76 0.201315789474 0.103305829161	38
-124.5 76 0.07936 0.112893057803	25
-88.5 76 0.0153 NaN	1
-78 76 -0.0488 NaN	1
-16.5 76 0.08852 0.092194862599	30
-15 76 0.168776666667 0.147837841461	30
-13.5 76 0.129461111111 0.125069237949	18
-12 76 0.202416666667 0.200579458364	18
-10.5 76 0.267023255814 0.102988408588	43
-9 76 0.329961538462 0.0594490193143	13
73.5 76 0.09315 0.107735122716	4
85.5 76 -0.1646 NaN	1
88.5 76 0.1179 0.0161220346111	2
90 76 0.1121 NaN	1
115.5 76 0.3248 NaN	1
117 76 0.2689 NaN	1
118.5 76 0.180766666667 0.0463223847976	3
121.5 76 0.178383333333 0.0595549634092	6
123 76 0.14624 0.0412576417164	5
126 76 0.220966666667 0.0720639345766	6
127.5 76 0.1798 0.128085166979	3
129 76 0.15356 0.0442337314727	5
165 76 0.116725 0.0888693938691	4
166.5 76 0.221346666667 0.0669818298034	15
168 76 0.0583 NaN	1
169.5 76 0.2441 NaN	1
171 76 0.156351724138 0.0806692348008	29
172.5 76 0.158702597403 0.0747155482551	77
174 76 0.156804285714 0.0891493862852	140
175.5 76 0.1611 0.0813883966614	19
177 76 0.0971472727273 0.125978785478	55
178.5 76 0.19295 0.0392706378863	6
-180 75.5 0.116075 0.0960679056709	4
-178.5 75.5 0.0949205882353 0.138719941935	34
-177 75.5 0.175833333333 0.139134377492	9
-175.5 75.5 0.146486363636 0.0984845034726	22
-174 75.5 0.1638 0.0438406204336	2
-168 75.5 0.2108 NaN	1
-163.5 75.5 0.18955 0.0608517597664	4
-162 75.5 0.3058 NaN	1
-160.5 75.5 0.0321428571429 0.111350405734	7
-159 75.5 0.0996518518519 0.0586600399327	27
-157.5 75.5 0.108023076923 0.103658880901	13
-150 75.5 0.2158 0.0545886435076	2
-141 75.5 0.1207 0.0722973259072	25
-139.5 75.5 0.184119047619 0.0660617409629	21
-138 75.5 0.16925862069 0.116923224252	29
-136.5 75.5 0.215258333333 0.0929748905262	60
-135 75.5 0.217029850746 0.099466015233	67
-133.5 75.5 0.216360638298 0.114468017056	94
-132 75.5 0.222258823529 0.0992721769015	136
-130.5 75.5 0.224130434783 0.0778106576991	115
-129 75.5 0.151491772152 0.0950737340175	158
-127.5 75.5 0.0909484375 0.0902048972594	64
-126 75.5 0.164664516129 0.104500059165	31
-124.5 75.5 0.04962 0.156074748118	5
-123 75.5 0.16374 0.12601080906	15
-61.5 75.5 0.110925 0.0979284560279	4
-16.5 75.5 0.201151612903 0.101221947129	31
-15 75.5 0.1999125 0.093300028524	32
-12 75.5 0.214358333333 0.0868766691515	36
-9 75.5 0.167345454545 0.11708393881	11
85.5 75.5 0.0502166666667 0.0780162910338	6
87 75.5 0.2481 NaN	1
120 75.5 0.2422 NaN	1
121.5 75.5 0.3048 NaN	1
124.5 75.5 0.3113 NaN	1
126 75.5 0.142975 0.110143886954	4
130.5 75.5 0.1951 NaN	1
162 75.5 0.0727 0.158277326235	6
165 75.5 0.21925 0.112415587134	14
166.5 75.5 0.153725 0.0755647118821	12
168 75.5 0.1856125 0.0729914366308	8
169.5 75.5 0.258685714286 0.0747110752292	7
171 75.5 0.1269 0.0924454974566	3
172.5 75.5 0.101390909091 0.0818694973862	33
174 75.5 0.125574626866 0.0848476323187	67
175.5 75.5 0.102016666667 0.140857941547	12
177 75.5 0.115468421053 0.116690393076	19
178.5 75.5 0.126264583333 0.0740814947737	48
-180 75 0.163152941176 0.10189777425	17
-178.5 75 0.14665 0.0863495801959	4
-175.5 75 0.0974 0.0671456253229	5
-174 75 0.0879666666667 0.139834413981	3
-166.5 75 0.2169 NaN	1
-163.5 75 0.186025 0.0325610580295	4
-160.5 75 0.136206666667 0.112781308397	15
-159 75 0.113233333333 0.141407746134	6
-157.5 75 0.115396969697 0.0915340253842	33
-156 75 0.1426125 0.0789900286085	24
-154.5 75 0.156625 0.0762953237661	8
-153 75 0.13188 0.0805508038445	5
-151.5 75 0.2356 NaN	1
-150 75 0.1419 NaN	1
-148.5 75 0.1353375 0.101602846909	16
-147 75 0.08235 0.0102530483272	2
-145.5 75 0.12975 0.0716167810875	4
-142.5 75 0.29935 0.0146371103706	2
-141 75 0.181283333333 0.0969476412891	12
-139.5 75 0.135337931034 0.101430516026	29
-138 75 0.1215625 0.0768893813493	8
-136.5 75 0.200252173913 0.110605699629	23
-135 75 0.238812030075 0.0840280509058	133
-133.5 75 0.26197 0.0862120319998	40
-132 75 0.2000734375 0.112638527399	64
-130.5 75 0.192810215054 0.0903535981901	186
-129 75 0.203654 0.0804780365779	50
-126 75 0.04265 0.11450877259	6
-124.5 75 0.18025 0.145894075116	14
-123 75 0.119683333333 0.113262505187	42
-121.5 75 0.20621 0.088068689297	30
-120 75 0.109266666667 0.0695541284297	30
-76.5 75 -0.1018 NaN	1
-16.5 75 0.178627272727 0.0620325735547	11
-15 75 0.307183333333 0.0770149808571	42
-13.5 75 0.249825 0.0819058126317	8
-12 75 0.3045 NaN	1
117 75 0.1068 0.163016277306	7
120 75 0.191025 0.059659275613	4
121.5 75 -0.06385 0.10260119395	2
126 75 0.1329 0.0131521861301	2
154.5 75 0.1264 NaN	1
160.5 75 0.193033333333 0.0384812508459	6
165 75 0.05317 0.0904634861883	10
166.5 75 0.16048 0.0801089154422	25
168 75 0.2492 0.079009429817	3
169.5 75 0.172426666667 0.0951720725964	30
171 75 0.164566666667 0.0673886736279	21
172.5 75 0.1603 0.110040537985	6
174 75 0.105394117647 0.0710871425663	17
175.5 75 0.10706 0.0980956204864	30
177 75 0.197655555556 0.106782242532	18
178.5 75 0.104982758621 0.100511776385	29
-180 74.5 0.12004 0.0961798991474	5
-175.5 74.5 0.2242 0.127562063326	2
-174 74.5 0.31 NaN	1
-169.5 74.5 0.1168 NaN	1
-163.5 74.5 0.1843 NaN	1
-162 74.5 0.194366666667 0.122928854763	3
-159 74.5 0.2075 0.159821110933	9
-157.5 74.5 0.1113 0.0140007142675	2
-156 74.5 0.0667125 0.082256192776	8
-154.5 74.5 0.04154375 0.0806078322807	16
-153 74.5 0.1138 NaN	1
-151.5 74.5 0.16526 0.0422395904336	5
-150 74.5 0.116711111111 0.104537377998	18
-148.5 74.5 0.16 0.0205060966544	2
-147 74.5 -0.0545 NaN	1
-141 74.5 0.110945454545 0.0963469186185	11
-139.5 74.5 0.151575 0.0858572032379	24
-138 74.5 0.0946583333333 0.132951320267	12
-136.5 74.5 0.234181428571 0.0685777466184	70
-135 74.5 0.176305555556 0.112691933409	54
-133.5 74.5 0.205738053097 0.100612681428	113
-132 74.5 0.199541836735 0.086128616272	98
-130.5 74.5 0.168090140845 0.0836199985496	142
-129 74.5 0.161275 0.101622195667	24
-127.5 74.5 0.20735 0.136966583516	2
-120 74.5 0.119216666667 0.0660812811187	36
-118.5 74.5 0.164666666667 0.0775900981655	3
-117 74.5 0.0082 0.0366983650862	3
-115.5 74.5 0.0651416666667 0.0711180275358	24
-109.5 74.5 0.0847 0.00296984848098	2
-108 74.5 0.1741 0.0294156420974	2
-106.5 74.5 0.120751851852 0.102928008337	27
-105 74.5 0.0360653465347 0.0988563720108	101
-103.5 74.5 0.0306 0.106031240679	6
-102 74.5 0.0300714285714 0.0513067479086	7
-100.5 74.5 0.208338095238 0.0778433072023	21
-99 74.5 -0.0104285714286 0.0758876079977	7
-79.5 74.5 -0.1024 0.0168291413922	2
-76.5 74.5 0.15195 0.115629826025	4
-61.5 74.5 0.0741 NaN	1
-60 74.5 0.2007 NaN	1
-16.5 74.5 0.186575 0.063703048664	12
-15 74.5 0.150706896552 0.103205237291	58
114 74.5 0.133333333333 0.161448268288	3
117 74.5 0.25705 0.0605990511477	2
120 74.5 0.32495 0.11801612178	2
121.5 74.5 0.0717166666667 0.150402212971	6
123 74.5 0.2062 0.0681577581791	6
136.5 74.5 -0.0198 NaN	1
159 74.5 0.241 NaN	1
160.5 74.5 0.265755555556 0.0522805439698	9
162 74.5 0.1305 0.165887250866	2
163.5 74.5 0.0902777777778 0.0655473069198	9
165 74.5 0.084625 0.0732829846099	4
166.5 74.5 0.136566666667 0.092369749738	6
168 74.5 0.0491 0.0261629509039	2
169.5 74.5 0.215544444444 0.0635985734092	36
171 74.5 0.0881884615385 0.0993433815689	26
172.5 74.5 0.190992857143 0.0630416646633	14
175.5 74.5 0.215841666667 0.0825722874306	12
177 74.5 0.118733333333 0.00953117691229	3
178.5 74.5 0.14038 0.0655973779964	15
-180 74 0.2054 0.117203327598	4
-178.5 74 0.1267 NaN	1
-166.5 74 0.199366666667 0.0663162990158	12
-160.5 74 0.141385714286 0.130903697791	7
-159 74 -0.0565 0.0710292897332	3
-157.5 74 0.1055 0.0410121933088	2
-156 74 0.115422222222 0.0837630852133	9
-153 74 0.0627571428571 0.124593858291	7
-151.5 74 0.209032142857 0.0739144302734	28
-150 74 0.125107692308 0.106835890205	13
-148.5 74 0.1078 0.0263043722601	2
-147 74 0.18976875 0.0964043478878	16
-145.5 74 0.14105625 0.066525744077	16
-144 74 0.150028571429 0.0733385463515	7
-142.5 74 0.184342857143 0.0381014810361	7
-141 74 0.20251 0.0413419735593	10
-139.5 74 0.190857142857 0.078891076941	42
-138 74 0.201084848485 0.0942612530458	33
-136.5 74 0.176242307692 0.0977145523372	26
-135 74 0.233873737374 0.0716756506428	99
-133.5 74 0.222278651685 0.0767034260108	89
-132 74 0.159411627907 0.0698651902193	86
-130.5 74 0.19543125 0.0897006616328	96
-129 74 0.185375 0.106103791663	20
-127.5 74 0.1597375 0.114502581485	16
-126 74 0.0881230769231 0.127027248742	13
-115.5 74 0.13465 0.0501698297603	12
-114 74 0.0606121212121 0.080067294968	33
-112.5 74 0.23415 0.148280292015	2
-111 74 0.137483333333 0.118358969524	6
-109.5 74 0.208110714286 0.0752883904251	28
-108 74 0.2130125 0.0848635801051	24
-106.5 74 0.0959689655172 0.0827833925005	29
-105 74 0.120740425532 0.0936019872968	47
-103.5 74 -0.0135833333333 0.121384848787	12
-102 74 0.0676324324324 0.047911034765	37
-100.5 74 0.1642125 0.111343053379	8
-84 74 0.105233333333 0.121289337261	3
-75 74 0.1876 0.107593719944	8
-73.5 74 0.3023 NaN	1
-60 74 0.0734 0.0246866360608	3
-15 74 0.2369 0.0760660765388	6
117 74 0.139266666667 0.129104466744	3
120 74 0.116346666667 0.0958046663542	15
123 74 0.09 0.0734896931549	9
129 74 0.235575 0.0522846934262	4
130.5 74 0.1403 0.102171816075	3
138 74 0.2212 NaN	1
163.5 74 0.199 0.0271529003976	2
165 74 0.28775 0.118723228561	2
166.5 74 0.2094 0.0272943217538	2
168 74 0.16035 0.0979443497716	24
169.5 74 0.2322 NaN	1
171 74 0.115333333333 0.0959574062255	15
172.5 74 0.04676 0.112603476856	5
174 74 0.278933333333 0.065258792511	9
175.5 74 0.181093333333 0.113480064119	15
177 74 0.136416666667 0.0696852251633	12
178.5 74 -0.00791428571429 0.103569065983	7
-180 73.5 0.160945833333 0.156748030926	24
-172.5 73.5 0.1035 NaN	1
-171 73.5 0.1577 0.0804848060195	11
-162 73.5 0.1601 0.0528915872328	2
-160.5 73.5 0.0345 NaN	1
-159 73.5 0.152018181818 0.0630650746163	11
-157.5 73.5 0.194633333333 0.0773031262843	3
-156 73.5 -0.0135 0.110174497957	4
-154.5 73.5 0.212367647059 0.0795384249453	34
-151.5 73.5 0.152166666667 0.107099439774	9
-150 73.5 0.13068 0.116585020253	20
-148.5 73.5 0.133521153846 0.0903356363281	52
-147 73.5 0.10457 0.100399979908	30
-145.5 73.5 0.183105882353 0.11190502374	17
-144 73.5 0.134416666667 0.127319730076	6
-142.5 73.5 0.211815384615 0.0562582415615	13
-141 73.5 0.2114125 0.0499307931756	8
-139.5 73.5 0.212667073171 0.0862637744304	82
-138 73.5 0.191695652174 0.0780480050468	46
-136.5 73.5 0.215798837209 0.0717610782498	86
-135 73.5 0.218241935484 0.0789485920064	62
-133.5 73.5 0.247045833333 0.0890651920399	72
-132 73.5 0.184305681818 0.0930486010172	88
-130.5 73.5 0.151432653061 0.105039376323	49
-129 73.5 0.202148148148 0.106140090306	54
-127.5 73.5 0.0236818181818 0.123767934605	11
-126 73.5 0.33215 0.0123743686708	2
-114 73.5 0.192022222222 0.0675350238354	9
-112.5 73.5 0.09208 0.0974807231437	40
-111 73.5 0.149916666667 0.0473181379227	18
-109.5 73.5 0.194833333333 0.0752709649262	30
-103.5 73.5 0.12168 0.0952236682763	5
-76.5 73.5 -0.05736 0.0428992191071	5
-75 73.5 0.3414 0.117123040716	4
-72 73.5 0.0775 0.0796202235616	2
-69 73.5 -0.07585 0.0761554003338	2
-60 73.5 0.07655 0.00219203102168	2
-19.5 73.5 0.182925 0.0522348143802	4
-18 73.5 0.202366666667 0.122944106542	3
120 73.5 0.145 0.0216559460657	5
121.5 73.5 0.170513333333 0.0640168824459	15
136.5 73.5 0.2303 0.0189504617358	2
166.5 73.5 0.2571 0.0567705469412	5
168 73.5 0.227271428571 0.119680069551	7
169.5 73.5 0.182883333333 0.0905413146948	6
171 73.5 0.211325925926 0.100332081657	27
172.5 73.5 0.1569 0.14184525371	6
174 73.5 0.0922615384615 0.15039927714	13
175.5 73.5 0.1591 0.208054776441	3
177 73.5 0.107447368421 0.0862925925006	19
178.5 73.5 0.217725806452 0.139266243739	31
-180 73 0.133236363636 0.130244810052	11
-178.5 73 0.146675 0.14983348409	12
-163.5 73 0.131433333333 0.194821003317	3
-162 73 0.22915 0.041309280636	4
-160.5 73 0.16698 0.017609003379	5
-159 73 0.151190909091 0.080469664527	11
-156 73 0.23994516129 0.0503975914683	31
-154.5 73 0.175622222222 0.118052257463	36
-153 73 0.175594736842 0.0502026390816	19
-151.5 73 0.175844444444 0.101112908562	9
-150 73 0.147553191489 0.0981178524975	47
-148.5 73 0.153525 0.111865260151	8
-147 73 0.136831034483 0.0881299288528	29
-145.5 73 0.199793103448 0.0800371919397	29
-144 73 0.218563636364 0.0547630216976	11
-142.5 73 0.17248 0.0436901412729	10
-141 73 0.217313043478 0.0590454701853	23
-139.5 73 0.1943875 0.0859510232217	8
-138 73 0.251028205128 0.0725700240737	39
-136.5 73 0.269522222222 0.064279972556	27
-135 73 0.231760869565 0.0802997551175	23
-133.5 73 0.210729411765 0.067031809284	17
-132 73 0.149894444444 0.116714480538	18
-130.5 73 0.0858181818182 0.093872241032	11
-112.5 73 0.158 NaN	1
-105 73 0.148533333333 0.0634105143752	3
-103.5 73 0.0548648648649 0.0573552681694	37
-75 73 0.024825 0.0670133835247	8
-73.5 73 0.0955 NaN	1
-70.5 73 0.2712 NaN	1
-67.5 73 0.2897 NaN	1
-21 73 -0.0313 0.119783888733	2
-19.5 73 0.2549 NaN	1
-18 73 0.182728571429 0.127818226586	7
130.5 73 0.16085 0.0962372329195	2
138 73 0.01585 0.0318905158315	2
165 73 0.193383333333 0.0548949329781	6
166.5 73 0.257633333333 0.0302338110951	3
169.5 73 0.238325 0.00639759069234	4
171 73 0.245516666667 0.0507291888961	12
172.5 73 0.133516666667 0.140195169912	6
174 73 -0.1124 NaN	1
175.5 73 0.133525 0.143167253588	4
177 73 0.0692 0.13289706543	11
178.5 73 0.09958 0.0686408187597	5
-180 72.5 0.104155555556 0.122482183512	9
-172.5 72.5 0.10855 0.132126254015	6
-171 72.5 0.2158 0.139009454971	8
-162 72.5 0.0793 NaN	1
-159 72.5 0.11539 0.0478735475556	10
-157.5 72.5 0.0592 0.178368088514	5
-156 72.5 0.2983 NaN	1
-154.5 72.5 0.174582608696 0.143692815194	23
-153 72.5 0.1359 0.134384735528	8
-151.5 72.5 0.0976 0.0665288809465	6
-150 72.5 0.166869565217 0.154259184005	23
-148.5 72.5 0.1955 0.0494870690181	7
-147 72.5 0.22905 0.0133643181644	2
-145.5 72.5 0.202246666667 0.085837095433	15
-144 72.5 0.182275 0.0885102662794	20
-142.5 72.5 0.191664285714 0.082208287128	14
-141 72.5 0.245755172414 0.0605221186616	29
-139.5 72.5 0.3636 NaN	1
-138 72.5 0.248375 0.070599215057	4
-136.5 72.5 0.1006 0.0220705686379	3
-135 72.5 0.1185125 0.0944029424103	8
-133.5 72.5 0.201 0.0788150239485	6
-130.5 72.5 0.1008 NaN	1
-105 72.5 0.00856666666667 0.0472264050435	3
-103.5 72.5 0.07012 0.0220106110774	5
-72 72.5 0.21129 0.1285109978	10
-67.5 72.5 -0.11045 0.0656902199722	2
-21 72.5 0.152986956522 0.149674320092	23
-19.5 72.5 0.3227 NaN	1
165 72.5 0.125033333333 0.00986373830418	3
166.5 72.5 0.2127 0.0798642181038	7
169.5 72.5 0.209342857143 0.0479712016785	7
171 72.5 0.187554545455 0.0968911178967	11
172.5 72.5 0.152377142857 0.102750669343	35
174 72.5 0.10325 0.1532291454	6
175.5 72.5 0.12263 0.144743060091	10
177 72.5 0.1052 NaN	1
178.5 72.5 0.053225 0.136995434839	4
-180 72 0.22825 0.0863377379829	2
-178.5 72 0.32255 0.043487067043	2
-177 72 0.18549375 0.119235869708	16
-174 72 -0.0193 NaN	1
-172.5 72 0.196375 0.101346250547	4
-169.5 72 0.1658 NaN	1
-153 72 0.2207 0.0610962355632	3
-151.5 72 0.1714 NaN	1
-150 72 0.22775 0.0806808837334	2
-148.5 72 0.1127 NaN	1
-145.5 72 0.1387 NaN	1
-144 72 0.171466666667 0.0173379160609	3
-142.5 72 0.114766666667 0.0108038573358	3
-138 72 0.187675 0.106652094057	4
-136.5 72 0.170731034483 0.0737221526285	29
-135 72 0.112605555556 0.0994581287733	18
-133.5 72 0.0165 NaN	1
-132 72 0.0839714285714 0.0820158463202	7
-103.5 72 0.0742444444444 0.181566930573	9
-102 72 0.0787125 0.111688871904	8
-72 72 0.0545666666667 0.125486931591	9
-67.5 72 0.0936 NaN	1
-21 72 0.165177777778 0.0763400088056	9
136.5 72 0.2624 NaN	1
162 72 0.0347333333333 0.0922475943679	6
165 72 0.15765 0.0053033008589	2
166.5 72 -0.0196666666667 0.0559875283731	3
168 72 0.179433333333 0.0809845870109	3
171 72 0.156115384615 0.0941401246915	13
172.5 72 0.2435 NaN	1
178.5 72 0.123406666667 0.116787178031	15
-174 71.5 0.160925 0.116140414298	4
-148.5 71.5 0.196957142857 0.0863470489197	7
-147 71.5 0.168166666667 0.0936666571767	6
-144 71.5 0.1867 0.0825870046274	4
-142.5 71.5 0.216 NaN	1
-141 71.5 0.2388 NaN	1
-139.5 71.5 0.310866666667 0.0602161993708	6
-136.5 71.5 0.0434846153846 0.0787007395788	13
-135 71.5 0.14245 0.0481279602264	10
-133.5 71.5 0.126176923077 0.157162453923	13
-132 71.5 0.2108375 0.0477353939267	16
-103.5 71.5 0.0682142857143 0.117303130374	14
-102 71.5 0.137155172414 0.117954236241	29
-69 71.5 0.129 0.0799030662741	2
162 71.5 0.1628 NaN	1
165 71.5 0.139436363636 0.102236463874	11
166.5 71.5 0.0471 0.335310035639	2
169.5 71.5 0.166025 0.0915296809784	4
-165 71 0.123175 0.0283022231165	4
-148.5 71 0.0702 NaN	1
-147 71 0.044275 0.034341265265	4
-145.5 71 0.115542857143 0.0850893619897	7
-142.5 71 0.142371428571 0.0386030963476	7
-141 71 -0.070025 0.126379438597	4
-139.5 71 0.2444 NaN	1
-138 71 0.0902 0.0401636651714	2
-135 71 -0.18505 0.00799030662741	2
-133.5 71 0.211433333333 0.103814233128	9
-126 71 0.177566666667 0.0768334128705	3
-121.5 71 0.223283333333 0.0845909712927	12
-103.5 71 0.10732962963 0.0882470388033	27
-102 71 0.13227027027 0.1097801284	37
-100.5 71 0.14768 0.0782625325427	10
163.5 71 0.315375 0.0452257577788	4
165 71 0.181625 0.0737467875007	16
166.5 71 0.1031 NaN	1
168 71 -0.1673 NaN	1
171 71 0.09705 0.085206367133	2
174 71 0.13205 0.306813632357	2
175.5 71 0.2296 NaN	1
-175.5 70.5 0.2403 0.0889540330733	2
-168 70.5 0.24235 0.0327700574712	4
-165 70.5 0.1559 NaN	1
-162 70.5 0.09835 0.0677263538071	6
-145.5 70.5 0.2671 NaN	1
-133.5 70.5 0.062675 0.0959520843963	4
-123 70.5 0.0488 NaN	1
-102 70.5 0.21434 0.074594758529	5
-67.5 70.5 0.27045 0.0112429978209	2
-66 70.5 0.3655 NaN	1
165 70.5 0.11985 0.0335875721064	2
166.5 70.5 0.223 NaN	1
171 70.5 0.193375 0.0315069701283	4
172.5 70.5 0.373666666667 0.0628533478292	3
174 70.5 0.189733333333 0.106192764976	3
175.5 70.5 0.05606 0.0838673834098	5
177 70.5 0.02245 0.166099382901	2
-168 70 -0.1051 NaN	1
-166.5 70 0.111166666667 0.145093912117	3
-133.5 70 0.0979333333333 0.180066861656	6
-132 70 0.3851 NaN	1
-120 70 0.254 NaN	1
166.5 70 0.1986 0.0502696064569	4
175.5 70 0.3202 NaN	1
-177 69.5 0.1138 0.125865007051	2
-166.5 69.5 0.12147 0.106952762678	10
-24 69 0.196875 0.0980904132251	4
-174 68.5 -0.01356 0.102929019232	5
-171 68.5 0.1683 NaN	1
-25.5 68.5 0.29075 0.0446143101108	4
-172.5 68 0.0541 NaN	1
-27 68 0.273090909091 0.0537645210426	22
-25.5 68 0.256442857143 0.0829147543174	14
-172.5 67.5 0.18175 0.119571756699	2
-79.5 67.5 0.1756 NaN	1
-78 67.5 -0.1441 NaN	1
-79.5 67 0.2613 0.113910900854	4
-81 66 0.2207375 0.0983754751305	8
