2357
2250000.0 1150000.0 0 0.14273 1.00000
2350000.0 1200000.0 0 0.24247 1.00000
2350000.0 1250000.0 0 0.27402 1.00000
2550000.0 1300000.0 0 -0.09050 1.00000
2600000.0 1300000.0 0 0.11888 1.00000
2600000.0 1350000.0 0 0.18490 1.00000
2650000.0 1350000.0 0 0.31195 1.00000
2650000.0 1400000.0 0 0.10180 1.00000
2650000.0 1450000.0 0 0.36010 1.00000
2700000.0 1450000.0 0 0.17120 1.00000
2650000.0 1500000.0 0 0.11447 1.00000
2700000.0 1500000.0 0 0.06099 1.00000
2850000.0 1500000.0 0 0.21404 1.00000
2800000.0 1550000.0 0 0.22831 1.00000
2900000.0 1550000.0 0 -0.14360 1.00000
2800000.0 1600000.0 0 0.09840 1.00000
2850000.0 1600000.0 0 0.24148 1.00000
2900000.0 1600000.0 0 0.19241 1.00000
2950000.0 1600000.0 0 0.20130 1.00000
2800000.0 1650000.0 0 0.08909 1.00000
2850000.0 1650000.0 0 0.12793 1.00000
2900000.0 1650000.0 0 0.14516 1.00000
2950000.0 1650000.0 0 0.15130 1.00000
3000000.0 1650000.0 0 0.02356 1.00000
2800000.0 1700000.0 0 0.14159 1.00000
2850000.0 1700000.0 0 0.04942 1.00000
2900000.0 1700000.0 0 0.12656 1.00000
2950000.0 1700000.0 0 0.02999 1.00000
3000000.0 1700000.0 0 0.05584 1.00000
3050000.0 1700000.0 0 0.14837 1.00000
2900000.0 1750000.0 0 0.10808 1.00000
2950000.0 1750000.0 0 0.14749 1.00000
3000000.0 1750000.0 0 0.12602 1.00000
3050000.0 1750000.0 0 0.06282 1.00000
3100000.0 1750000.0 0 0.03912 1.00000
2900000.0 1800000.0 0 0.06210 1.00000
2950000.0 1800000.0 0 0.13303 1.00000
3000000.0 1800000.0 0 0.21090 1.00000
3050000.0 1800000.0 0 0.11050 1.00000
3100000.0 1800000.0 0 0.02664 1.00000
3150000.0 1800000.0 0 0.12878 1.00000
2950000.0 1850000.0 0 0.10401 1.00000
3000000.0 1850000.0 0 0.23062 1.00000
3050000.0 1850000.0 0 0.25045 1.00000
3100000.0 1850000.0 0 0.22409 1.00000
3150000.0 1850000.0 0 0.04980 1.00000
3200000.0 1850000.0 0 -0.12340 1.00000
2900000.0 1900000.0 0 0.01069 1.00000
2950000.0 1900000.0 0 0.11550 1.00000
3000000.0 1900000.0 0 0.27824 1.00000
3050000.0 1900000.0 0 0.28986 1.00000
3100000.0 1900000.0 0 0.18781 1.00000
3150000.0 1900000.0 0 0.20979 1.00000
3200000.0 1900000.0 0 0.28442 1.00000
3250000.0 1900000.0 0 -0.02358 1.00000
2950000.0 1950000.0 0 0.08560 1.00000
3000000.0 1950000.0 0 0.15614 1.00000
3050000.0 1950000.0 0 0.23118 1.00000
3100000.0 1950000.0 0 0.22327 1.00000
3150000.0 1950000.0 0 0.22609 1.00000
3200000.0 1950000.0 0 0.17899 1.00000
3250000.0 1950000.0 0 0.20685 1.00000
750000.0 2000000.0 0 -0.23330 1.00000
2950000.0 2000000.0 0 -0.08222 1.00000
3000000.0 2000000.0 0 0.01573 1.00000
3050000.0 2000000.0 0 0.23270 1.00000
3100000.0 2000000.0 0 0.17774 1.00000
3150000.0 2000000.0 0 0.23131 1.00000
3200000.0 2000000.0 0 0.23181 1.00000
3250000.0 2000000.0 0 0.12564 1.00000
3300000.0 2000000.0 0 0.19210 1.00000
1050000.0 2050000.0 0 -0.04537 1.00000
2950000.0 2050000.0 0 0.06820 1.00000
3000000.0 2050000.0 0 0.14536 1.00000
3050000.0 2050000.0 0 0.17042 1.00000
3100000.0 2050000.0 0 0.22296 1.00000
3150000.0 2050000.0 0 0.27087 1.00000
3200000.0 2050000.0 0 0.27048 1.00000
3250000.0 2050000.0 0 0.22390 1.00000
3300000.0 2050000.0 0 0.10721 1.00000
3350000.0 2050000.0 0 -0.25440 1.00000
3000000.0 2100000.0 0 -0.03272 1.00000
3050000.0 2100000.0 0 0.26246 1.00000
3100000.0 2100000.0 0 0.26069 1.00000
3150000.0 2100000.0 0 0.09840 1.00000
3200000.0 2100000.0 0 0.26214 1.00000
3250000.0 2100000.0 0 0.24661 1.00000
3300000.0 2100000.0 0 0.20070 1.00000
1200000.0 2150000.0 0 0.05907 1.00000
1250000.0 2150000.0 0 0.08905 1.00000
3000000.0 2150000.0 0 0.13069 1.00000
3050000.0 2150000.0 0 0.03192 1.00000
3100000.0 2150000.0 0 0.17916 1.00000
3150000.0 2150000.0 0 0.29538 1.00000
3200000.0 2150000.0 0 0.24884 1.00000
3250000.0 2150000.0 0 0.21814 1.00000
3300000.0 2150000.0 0 0.24935 1.00000
1200000.0 2200000.0 0 0.12360 1.00000
1250000.0 2200000.0 0 0.00320 1.00000
1300000.0 2200000.0 0 -0.12860 1.00000
3000000.0 2200000.0 0 -0.04005 1.00000
3050000.0 2200000.0 0 0.18271 1.00000
3100000.0 2200000.0 0 0.25526 1.00000
3150000.0 2200000.0 0 0.17261 1.00000
3200000.0 2200000.0 0 0.14092 1.00000
3250000.0 2200000.0 0 0.20063 1.00000
3300000.0 2200000.0 0 0.18772 1.00000
3350000.0 2200000.0 0 0.19710 1.00000
3400000.0 2200000.0 0 0.01086 1.00000
1200000.0 2250000.0 0 -0.15570 1.00000
1300000.0 2250000.0 0 0.03281 1.00000
1350000.0 2250000.0 0 0.07745 1.00000
3050000.0 2250000.0 0 0.17235 1.00000
3100000.0 2250000.0 0 0.21329 1.00000
3150000.0 2250000.0 0 0.06668 1.00000
3200000.0 2250000.0 0 0.09785 1.00000
3250000.0 2250000.0 0 0.20336 1.00000
3300000.0 2250000.0 0 0.23615 1.00000
3350000.0 2250000.0 0 0.20304 1.00000
1350000.0 2300000.0 0 0.08492 1.00000
1400000.0 2300000.0 0 -0.04330 1.00000
1450000.0 2300000.0 0 0.13085 1.00000
1500000.0 2300000.0 0 0.09597 1.00000
3100000.0 2300000.0 0 0.10044 1.00000
3150000.0 2300000.0 0 0.10806 1.00000
3200000.0 2300000.0 0 0.08181 1.00000
3250000.0 2300000.0 0 0.09143 1.00000
3300000.0 2300000.0 0 0.20157 1.00000
3350000.0 2300000.0 0 0.24933 1.00000
3400000.0 2300000.0 0 0.18437 1.00000
3450000.0 2300000.0 0 0.21064 1.00000
1200000.0 2350000.0 0 0.07708 1.00000
1250000.0 2350000.0 0 -0.13350 1.00000
1300000.0 2350000.0 0 -0.20800 1.00000
1350000.0 2350000.0 0 -0.14512 1.00000
1400000.0 2350000.0 0 0.00034 1.00000
1450000.0 2350000.0 0 0.03989 1.00000
1500000.0 2350000.0 0 0.03160 1.00000
1550000.0 2350000.0 0 -0.13124 1.00000
1600000.0 2350000.0 0 -0.12213 1.00000
3100000.0 2350000.0 0 -0.04830 1.00000
3150000.0 2350000.0 0 0.13374 1.00000
3200000.0 2350000.0 0 0.05484 1.00000
3250000.0 2350000.0 0 0.23506 1.00000
3300000.0 2350000.0 0 0.17681 1.00000
3350000.0 2350000.0 0 0.19024 1.00000
3400000.0 2350000.0 0 0.19908 1.00000
3450000.0 2350000.0 0 0.15979 1.00000
3500000.0 2350000.0 0 0.20706 1.00000
1200000.0 2400000.0 0 -0.04490 1.00000
1300000.0 2400000.0 0 0.16913 1.00000
1350000.0 2400000.0 0 -0.05484 1.00000
1400000.0 2400000.0 0 -0.02152 1.00000
1450000.0 2400000.0 0 0.06005 1.00000
1500000.0 2400000.0 0 -0.00421 1.00000
1550000.0 2400000.0 0 0.04315 1.00000
1600000.0 2400000.0 0 -0.03069 1.00000
1650000.0 2400000.0 0 0.03504 1.00000
1700000.0 2400000.0 0 0.08500 1.00000
3200000.0 2400000.0 0 0.04652 1.00000
3250000.0 2400000.0 0 0.18934 1.00000
3300000.0 2400000.0 0 0.22165 1.00000
3350000.0 2400000.0 0 0.25908 1.00000
3400000.0 2400000.0 0 0.23687 1.00000
3450000.0 2400000.0 0 0.22856 1.00000
3500000.0 2400000.0 0 0.13088 1.00000
3550000.0 2400000.0 0 0.21119 1.00000
3600000.0 2400000.0 0 0.17777 1.00000
1200000.0 2450000.0 0 -0.33880 1.00000
1300000.0 2450000.0 0 -0.07760 1.00000
1400000.0 2450000.0 0 0.07979 1.00000
1450000.0 2450000.0 0 0.07727 1.00000
1500000.0 2450000.0 0 0.13910 1.00000
1550000.0 2450000.0 0 0.07592 1.00000
1600000.0 2450000.0 0 0.03999 1.00000
1650000.0 2450000.0 0 0.01074 1.00000
1750000.0 2450000.0 0 -0.06934 1.00000
3200000.0 2450000.0 0 0.34520 1.00000
3250000.0 2450000.0 0 0.18725 1.00000
3300000.0 2450000.0 0 0.16334 1.00000
3350000.0 2450000.0 0 0.24698 1.00000
3400000.0 2450000.0 0 0.20804 1.00000
3450000.0 2450000.0 0 0.20043 1.00000
3500000.0 2450000.0 0 0.16674 1.00000
3550000.0 2450000.0 0 0.13461 1.00000
3600000.0 2450000.0 0 0.20142 1.00000
3650000.0 2450000.0 0 0.10115 1.00000
1350000.0 2500000.0 0 0.03976 1.00000
1400000.0 2500000.0 0 -0.00070 1.00000
1450000.0 2500000.0 0 0.16605 1.00000
1500000.0 2500000.0 0 -0.03892 1.00000
1550000.0 2500000.0 0 -0.07870 1.00000
1600000.0 2500000.0 0 -0.00818 1.00000
1650000.0 2500000.0 0 0.01537 1.00000
1700000.0 2500000.0 0 0.15910 1.00000
1750000.0 2500000.0 0 -0.12900 1.00000
1800000.0 2500000.0 0 -0.06240 1.00000
1850000.0 2500000.0 0 0.10875 1.00000
3650000.0 2500000.0 0 0.19390 1.00000
3700000.0 2500000.0 0 0.21001 1.00000
3750000.0 2500000.0 0 0.27421 1.00000
3800000.0 2500000.0 0 0.03664 1.00000
1400000.0 2550000.0 0 0.12258 1.00000
1450000.0 2550000.0 0 0.20260 1.00000
1500000.0 2550000.0 0 -0.01042 1.00000
1550000.0 2550000.0 0 0.01269 1.00000
1600000.0 2550000.0 0 -0.00565 1.00000
1650000.0 2550000.0 0 0.03586 1.00000
1700000.0 2550000.0 0 -0.02188 1.00000
1750000.0 2550000.0 0 0.11758 1.00000
1800000.0 2550000.0 0 0.05631 1.00000
1850000.0 2550000.0 0 0.01099 1.00000
1900000.0 2550000.0 0 0.16511 1.00000
3800000.0 2550000.0 0 0.02031 1.00000
4050000.0 2550000.0 0 0.15810 1.00000
1400000.0 2600000.0 0 0.08767 1.00000
1450000.0 2600000.0 0 0.03550 1.00000
1500000.0 2600000.0 0 -0.03332 1.00000
1550000.0 2600000.0 0 -0.07582 1.00000
1600000.0 2600000.0 0 -0.00530 1.00000
1650000.0 2600000.0 0 0.09683 1.00000
1700000.0 2600000.0 0 0.01699 1.00000
1750000.0 2600000.0 0 0.02903 1.00000
1800000.0 2600000.0 0 0.04277 1.00000
1850000.0 2600000.0 0 0.02014 1.00000
1900000.0 2600000.0 0 0.14032 1.00000
1950000.0 2600000.0 0 0.13820 1.00000
4000000.0 2600000.0 0 -0.02423 1.00000
4050000.0 2600000.0 0 0.19096 1.00000
5050000.0 2600000.0 0 0.14097 1.00000
5100000.0 2600000.0 0 0.19870 1.00000
5150000.0 2600000.0 0 0.19434 1.00000
5200000.0 2600000.0 0 0.03664 1.00000
5250000.0 2600000.0 0 0.07454 1.00000
1400000.0 2650000.0 0 0.27453 1.00000
1450000.0 2650000.0 0 0.18193 1.00000
1500000.0 2650000.0 0 0.25080 1.00000
1550000.0 2650000.0 0 -0.08470 1.00000
1600000.0 2650000.0 0 0.02118 1.00000
1650000.0 2650000.0 0 -0.08881 1.00000
1700000.0 2650000.0 0 0.00136 1.00000
1750000.0 2650000.0 0 0.03908 1.00000
1800000.0 2650000.0 0 0.07470 1.00000
1850000.0 2650000.0 0 0.08379 1.00000
1900000.0 2650000.0 0 0.08454 1.00000
1950000.0 2650000.0 0 -0.12705 1.00000
4000000.0 2650000.0 0 0.14854 1.00000
4050000.0 2650000.0 0 0.03132 1.00000
4100000.0 2650000.0 0 0.30980 1.00000
4450000.0 2650000.0 0 0.22060 1.00000
4500000.0 2650000.0 0 0.03610 1.00000
4900000.0 2650000.0 0 0.06320 1.00000
5000000.0 2650000.0 0 0.06661 1.00000
5050000.0 2650000.0 0 -0.05709 1.00000
5100000.0 2650000.0 0 0.00216 1.00000
5150000.0 2650000.0 0 -0.09749 1.00000
5200000.0 2650000.0 0 0.03845 1.00000
750000.0 2700000.0 0 0.30970 1.00000
900000.0 2700000.0 0 0.21561 1.00000
950000.0 2700000.0 0 -0.25540 1.00000
1400000.0 2700000.0 0 0.28390 1.00000
1450000.0 2700000.0 0 0.10110 1.00000
1500000.0 2700000.0 0 0.40343 1.00000
1650000.0 2700000.0 0 0.01303 1.00000
1700000.0 2700000.0 0 0.03688 1.00000
1750000.0 2700000.0 0 -0.04694 1.00000
1800000.0 2700000.0 0 0.00118 1.00000
1850000.0 2700000.0 0 -0.08973 1.00000
1900000.0 2700000.0 0 0.17110 1.00000
4000000.0 2700000.0 0 0.05755 1.00000
4050000.0 2700000.0 0 -0.00831 1.00000
4100000.0 2700000.0 0 0.07913 1.00000
4500000.0 2700000.0 0 0.16020 1.00000
4900000.0 2700000.0 0 -0.03110 1.00000
4950000.0 2700000.0 0 -0.02990 1.00000
5000000.0 2700000.0 0 0.06085 1.00000
5050000.0 2700000.0 0 0.14867 1.00000
5100000.0 2700000.0 0 0.04199 1.00000
5150000.0 2700000.0 0 0.01215 1.00000
800000.0 2750000.0 0 0.35887 1.00000
850000.0 2750000.0 0 0.34237 1.00000
1450000.0 2750000.0 0 0.11385 1.00000
1500000.0 2750000.0 0 -0.03331 1.00000
1550000.0 2750000.0 0 -0.01389 1.00000
1600000.0 2750000.0 0 0.18058 1.00000
1650000.0 2750000.0 0 -0.01008 1.00000
1700000.0 2750000.0 0 0.05614 1.00000
1750000.0 2750000.0 0 -0.00660 1.00000
1800000.0 2750000.0 0 0.00320 1.00000
1850000.0 2750000.0 0 0.12295 1.00000
1900000.0 2750000.0 0 0.04057 1.00000
1950000.0 2750000.0 0 0.05790 1.00000
4100000.0 2750000.0 0 -0.01688 1.00000
4500000.0 2750000.0 0 0.22454 1.00000
4850000.0 2750000.0 0 0.02876 1.00000
4900000.0 2750000.0 0 0.13101 1.00000
4950000.0 2750000.0 0 0.01481 1.00000
5000000.0 2750000.0 0 0.19535 1.00000
5050000.0 2750000.0 0 0.07359 1.00000
5100000.0 2750000.0 0 0.18971 1.00000
350000.0 2800000.0 0 -0.29730 1.00000
400000.0 2800000.0 0 -0.19680 1.00000
1500000.0 2800000.0 0 0.12643 1.00000
1550000.0 2800000.0 0 0.02462 1.00000
1600000.0 2800000.0 0 -0.18740 1.00000
1650000.0 2800000.0 0 -0.16600 1.00000
1700000.0 2800000.0 0 -0.04519 1.00000
1750000.0 2800000.0 0 0.08437 1.00000
1800000.0 2800000.0 0 -0.05795 1.00000
1850000.0 2800000.0 0 -0.10228 1.00000
4100000.0 2800000.0 0 0.01686 1.00000
4150000.0 2800000.0 0 -0.03281 1.00000
4400000.0 2800000.0 0 0.06896 1.00000
4450000.0 2800000.0 0 -0.00985 1.00000
4500000.0 2800000.0 0 0.04435 1.00000
4550000.0 2800000.0 0 0.05393 1.00000
4850000.0 2800000.0 0 -0.07997 1.00000
4900000.0 2800000.0 0 0.10082 1.00000
4950000.0 2800000.0 0 0.14960 1.00000
5000000.0 2800000.0 0 0.08492 1.00000
5050000.0 2800000.0 0 0.05515 1.00000
5100000.0 2800000.0 0 0.08923 1.00000
100000.0 2850000.0 0 0.23598 1.00000
500000.0 2850000.0 0 0.11310 1.00000
800000.0 2850000.0 0 0.03832 1.00000
850000.0 2850000.0 0 -0.25305 1.00000
900000.0 2850000.0 0 -0.12753 1.00000
1500000.0 2850000.0 0 0.09481 1.00000
1550000.0 2850000.0 0 0.02043 1.00000
1600000.0 2850000.0 0 0.09362 1.00000
1650000.0 2850000.0 0 0.14200 1.00000
1750000.0 2850000.0 0 0.12316 1.00000
1800000.0 2850000.0 0 0.09838 1.00000
1850000.0 2850000.0 0 -0.12098 1.00000
1900000.0 2850000.0 0 0.06158 1.00000
4400000.0 2850000.0 0 -0.12474 1.00000
4450000.0 2850000.0 0 0.02012 1.00000
4500000.0 2850000.0 0 0.14622 1.00000
4850000.0 2850000.0 0 -0.24975 1.00000
4900000.0 2850000.0 0 -0.04225 1.00000
4950000.0 2850000.0 0 0.07458 1.00000
5000000.0 2850000.0 0 -0.01088 1.00000
5050000.0 2850000.0 0 0.14133 1.00000
5100000.0 2850000.0 0 0.03931 1.00000
5150000.0 2850000.0 0 0.06796 1.00000
5200000.0 2850000.0 0 -0.01134 1.00000
5250000.0 2850000.0 0 0.05800 1.00000
5300000.0 2850000.0 0 0.10260 1.00000
500000.0 2900000.0 0 0.05890 1.00000
550000.0 2900000.0 0 0.08338 1.00000
600000.0 2900000.0 0 0.16777 1.00000
650000.0 2900000.0 0 0.10224 1.00000
700000.0 2900000.0 0 0.00349 1.00000
750000.0 2900000.0 0 -0.24085 1.00000
800000.0 2900000.0 0 0.08450 1.00000
850000.0 2900000.0 0 -0.03482 1.00000
900000.0 2900000.0 0 0.01156 1.00000
1050000.0 2900000.0 0 -0.15490 1.00000
1550000.0 2900000.0 0 0.20427 1.00000
1600000.0 2900000.0 0 -0.00626 1.00000
1650000.0 2900000.0 0 -0.03541 1.00000
1700000.0 2900000.0 0 0.02365 1.00000
1750000.0 2900000.0 0 -0.02056 1.00000
1800000.0 2900000.0 0 -0.07705 1.00000
1850000.0 2900000.0 0 -0.07696 1.00000
1900000.0 2900000.0 0 0.01978 1.00000
4350000.0 2900000.0 0 0.13700 1.00000
4400000.0 2900000.0 0 0.10004 1.00000
4450000.0 2900000.0 0 0.07566 1.00000
4500000.0 2900000.0 0 0.18273 1.00000
4850000.0 2900000.0 0 0.13803 1.00000
4900000.0 2900000.0 0 0.10083 1.00000
4950000.0 2900000.0 0 0.01211 1.00000
5000000.0 2900000.0 0 -0.03407 1.00000
5050000.0 2900000.0 0 0.04312 1.00000
5100000.0 2900000.0 0 -0.02945 1.00000
5150000.0 2900000.0 0 -0.12683 1.00000
550000.0 2950000.0 0 -0.05242 1.00000
650000.0 2950000.0 0 0.07970 1.00000
700000.0 2950000.0 0 -0.10089 1.00000
750000.0 2950000.0 0 0.17523 1.00000
800000.0 2950000.0 0 0.34862 1.00000
850000.0 2950000.0 0 0.07426 1.00000
900000.0 2950000.0 0 0.03081 1.00000
1600000.0 2950000.0 0 -0.23503 1.00000
1650000.0 2950000.0 0 0.13351 1.00000
1700000.0 2950000.0 0 0.11485 1.00000
1750000.0 2950000.0 0 0.01750 1.00000
1900000.0 2950000.0 0 0.15810 1.00000
1950000.0 2950000.0 0 0.41370 1.00000
2300000.0 2950000.0 0 0.06941 1.00000
2350000.0 2950000.0 0 0.05845 1.00000
4350000.0 2950000.0 0 0.08110 1.00000
4400000.0 2950000.0 0 0.11571 1.00000
4450000.0 2950000.0 0 0.01654 1.00000
4500000.0 2950000.0 0 0.25990 1.00000
4550000.0 2950000.0 0 -0.12445 1.00000
4850000.0 2950000.0 0 0.04755 1.00000
4900000.0 2950000.0 0 0.11235 1.00000
4950000.0 2950000.0 0 -0.04364 1.00000
5000000.0 2950000.0 0 -0.00441 1.00000
5050000.0 2950000.0 0 0.01978 1.00000
5100000.0 2950000.0 0 0.19527 1.00000
5150000.0 2950000.0 0 0.06421 1.00000
700000.0 3000000.0 0 -0.01535 1.00000
900000.0 3000000.0 0 0.13450 1.00000
1000000.0 3000000.0 0 0.21336 1.00000
1650000.0 3000000.0 0 0.18936 1.00000
1700000.0 3000000.0 0 0.12864 1.00000
1750000.0 3000000.0 0 0.05750 1.00000
1950000.0 3000000.0 0 -0.00875 1.00000
2000000.0 3000000.0 0 -0.18594 1.00000
2250000.0 3000000.0 0 0.12762 1.00000
2300000.0 3000000.0 0 0.13049 1.00000
2350000.0 3000000.0 0 0.19990 1.00000
4250000.0 3000000.0 0 0.09317 1.00000
4300000.0 3000000.0 0 0.16242 1.00000
4350000.0 3000000.0 0 0.03423 1.00000
4400000.0 3000000.0 0 -0.03509 1.00000
4450000.0 3000000.0 0 0.13862 1.00000
4800000.0 3000000.0 0 0.12471 1.00000
4850000.0 3000000.0 0 0.11418 1.00000
4900000.0 3000000.0 0 -0.12744 1.00000
4950000.0 3000000.0 0 0.01048 1.00000
5000000.0 3000000.0 0 0.03717 1.00000
5050000.0 3000000.0 0 -0.01108 1.00000
5100000.0 3000000.0 0 -0.04360 1.00000
5150000.0 3000000.0 0 0.03459 1.00000
5200000.0 3000000.0 0 0.02201 1.00000
5250000.0 3000000.0 0 -0.14505 1.00000
1650000.0 3050000.0 0 0.18561 1.00000
1700000.0 3050000.0 0 -0.06165 1.00000
1750000.0 3050000.0 0 0.01429 1.00000
1800000.0 3050000.0 0 0.06007 1.00000
1850000.0 3050000.0 0 -0.30590 1.00000
1900000.0 3050000.0 0 -0.09100 1.00000
2000000.0 3050000.0 0 0.07833 1.00000
2200000.0 3050000.0 0 0.28800 1.00000
2250000.0 3050000.0 0 0.02718 1.00000
4250000.0 3050000.0 0 -0.01784 1.00000
4300000.0 3050000.0 0 0.07532 1.00000
4350000.0 3050000.0 0 0.11091 1.00000
4400000.0 3050000.0 0 0.06959 1.00000
4450000.0 3050000.0 0 0.06321 1.00000
4500000.0 3050000.0 0 -0.01000 1.00000
4550000.0 3050000.0 0 -0.10329 1.00000
4750000.0 3050000.0 0 -0.02500 1.00000
4850000.0 3050000.0 0 0.05925 1.00000
4900000.0 3050000.0 0 0.06507 1.00000
4950000.0 3050000.0 0 -0.00353 1.00000
5000000.0 3050000.0 0 0.04068 1.00000
5050000.0 3050000.0 0 0.14888 1.00000
5100000.0 3050000.0 0 0.04598 1.00000
5150000.0 3050000.0 0 0.12939 1.00000
5200000.0 3050000.0 0 0.03775 1.00000
1650000.0 3100000.0 0 0.05370 1.00000
2000000.0 3100000.0 0 0.32230 1.00000
4300000.0 3100000.0 0 0.02006 1.00000
4350000.0 3100000.0 0 0.08897 1.00000
4400000.0 3100000.0 0 -0.02116 1.00000
4450000.0 3100000.0 0 0.12459 1.00000
4550000.0 3100000.0 0 -0.12033 1.00000
4600000.0 3100000.0 0 -0.07237 1.00000
4650000.0 3100000.0 0 -0.11983 1.00000
4700000.0 3100000.0 0 0.23190 1.00000
4750000.0 3100000.0 0 0.05582 1.00000
4800000.0 3100000.0 0 0.09111 1.00000
4850000.0 3100000.0 0 0.02078 1.00000
4900000.0 3100000.0 0 0.05650 1.00000
4950000.0 3100000.0 0 0.05074 1.00000
5000000.0 3100000.0 0 0.31237 1.00000
5050000.0 3100000.0 0 0.18638 1.00000
5100000.0 3100000.0 0 0.08069 1.00000
5150000.0 3100000.0 0 -0.00760 1.00000
  0.0 3150000.0 0 0.02589 1.00000
50000.0 3150000.0 0 0.14350 1.00000
250000.0 3150000.0 0 0.12878 1.00000
300000.0 3150000.0 0 -0.14000 1.00000
1600000.0 3150000.0 0 -0.04384 1.00000
4300000.0 3150000.0 0 0.02779 1.00000
4350000.0 3150000.0 0 0.02757 1.00000
4400000.0 3150000.0 0 0.02104 1.00000
4450000.0 3150000.0 0 0.04149 1.00000
4500000.0 3150000.0 0 -0.05645 1.00000
4550000.0 3150000.0 0 0.13275 1.00000
4600000.0 3150000.0 0 -0.01199 1.00000
4650000.0 3150000.0 0 -0.06777 1.00000
4750000.0 3150000.0 0 -0.02798 1.00000
4800000.0 3150000.0 0 -0.07805 1.00000
4850000.0 3150000.0 0 0.00231 1.00000
4900000.0 3150000.0 0 0.06769 1.00000
5000000.0 3150000.0 0 -0.28575 1.00000
5050000.0 3150000.0 0 0.00777 1.00000
5100000.0 3150000.0 0 -0.05535 1.00000
5150000.0 3150000.0 0 0.03230 1.00000
150000.0 3200000.0 0 -0.03090 1.00000
300000.0 3200000.0 0 -0.04288 1.00000
350000.0 3200000.0 0 0.15360 1.00000
1600000.0 3200000.0 0 0.09533 1.00000
1650000.0 3200000.0 0 0.13034 1.00000
4300000.0 3200000.0 0 0.06068 1.00000
4350000.0 3200000.0 0 0.10702 1.00000
4450000.0 3200000.0 0 0.00707 1.00000
4500000.0 3200000.0 0 0.01298 1.00000
4550000.0 3200000.0 0 -0.05053 1.00000
4600000.0 3200000.0 0 0.02406 1.00000
4650000.0 3200000.0 0 0.10529 1.00000
4700000.0 3200000.0 0 0.04135 1.00000
4800000.0 3200000.0 0 -0.05020 1.00000
4850000.0 3200000.0 0 -0.06587 1.00000
4900000.0 3200000.0 0 -0.00919 1.00000
5000000.0 3200000.0 0 0.03190 1.00000
5050000.0 3200000.0 0 -0.04686 1.00000
5100000.0 3200000.0 0 0.10110 1.00000
150000.0 3250000.0 0 0.02890 1.00000
200000.0 3250000.0 0 0.13903 1.00000
250000.0 3250000.0 0 0.10934 1.00000
300000.0 3250000.0 0 0.18469 1.00000
1000000.0 3250000.0 0 0.11877 1.00000
1050000.0 3250000.0 0 0.18061 1.00000
1600000.0 3250000.0 0 0.03480 1.00000
1650000.0 3250000.0 0 0.45070 1.00000
4300000.0 3250000.0 0 0.00910 1.00000
4350000.0 3250000.0 0 0.05463 1.00000
4400000.0 3250000.0 0 -0.04310 1.00000
4450000.0 3250000.0 0 -0.02983 1.00000
4500000.0 3250000.0 0 0.05299 1.00000
4550000.0 3250000.0 0 -0.04706 1.00000
4600000.0 3250000.0 0 -0.03615 1.00000
4650000.0 3250000.0 0 -0.01893 1.00000
4700000.0 3250000.0 0 0.10433 1.00000
4750000.0 3250000.0 0 0.01680 1.00000
4800000.0 3250000.0 0 -0.02939 1.00000
4850000.0 3250000.0 0 0.03330 1.00000
4900000.0 3250000.0 0 0.11937 1.00000
4950000.0 3250000.0 0 0.10822 1.00000
5000000.0 3250000.0 0 0.05140 1.00000
5050000.0 3250000.0 0 0.06776 1.00000
  0.0 3300000.0 0 0.07463 1.00000
50000.0 3300000.0 0 0.09067 1.00000
100000.0 3300000.0 0 0.12120 1.00000
150000.0 3300000.0 0 0.01614 1.00000
300000.0 3300000.0 0 -0.02130 1.00000
350000.0 3300000.0 0 0.06830 1.00000
1050000.0 3300000.0 0 0.15878 1.00000
1100000.0 3300000.0 0 0.15550 1.00000
1600000.0 3300000.0 0 0.08865 1.00000
1800000.0 3300000.0 0 -0.01770 1.00000
1850000.0 3300000.0 0 0.28211 1.00000
4350000.0 3300000.0 0 0.05707 1.00000
4400000.0 3300000.0 0 0.07071 1.00000
4450000.0 3300000.0 0 0.05961 1.00000
4500000.0 3300000.0 0 0.07478 1.00000
4550000.0 3300000.0 0 -0.01530 1.00000
4600000.0 3300000.0 0 -0.05108 1.00000
4650000.0 3300000.0 0 -0.00973 1.00000
4700000.0 3300000.0 0 0.00352 1.00000
4750000.0 3300000.0 0 -0.02026 1.00000
4800000.0 3300000.0 0 0.16271 1.00000
4850000.0 3300000.0 0 0.01206 1.00000
4900000.0 3300000.0 0 0.14940 1.00000
4950000.0 3300000.0 0 0.08284 1.00000
5000000.0 3300000.0 0 0.03718 1.00000
  0.0 3350000.0 0 0.13222 1.00000
1150000.0 3350000.0 0 0.26031 1.00000
1600000.0 3350000.0 0 -0.14556 1.00000
1800000.0 3350000.0 0 0.11245 1.00000
1850000.0 3350000.0 0 0.22532 1.00000
4350000.0 3350000.0 0 0.02761 1.00000
4400000.0 3350000.0 0 0.02598 1.00000
4450000.0 3350000.0 0 0.08614 1.00000
4500000.0 3350000.0 0 0.05813 1.00000
4550000.0 3350000.0 0 0.08339 1.00000
4600000.0 3350000.0 0 0.02663 1.00000
4650000.0 3350000.0 0 0.10636 1.00000
4700000.0 3350000.0 0 0.10265 1.00000
4750000.0 3350000.0 0 0.03066 1.00000
4800000.0 3350000.0 0 -0.16145 1.00000
4850000.0 3350000.0 0 0.14826 1.00000
4900000.0 3350000.0 0 0.07332 1.00000
4950000.0 3350000.0 0 -0.01159 1.00000
5000000.0 3350000.0 0 0.05255 1.00000
1150000.0 3400000.0 0 0.14016 1.00000
1200000.0 3400000.0 0 -0.06910 1.00000
1250000.0 3400000.0 0 0.00170 1.00000
1500000.0 3400000.0 0 0.13100 1.00000
1550000.0 3400000.0 0 0.04387 1.00000
4350000.0 3400000.0 0 0.04230 1.00000
4400000.0 3400000.0 0 0.05668 1.00000
4450000.0 3400000.0 0 -0.01481 1.00000
4500000.0 3400000.0 0 -0.04765 1.00000
4550000.0 3400000.0 0 0.02486 1.00000
4600000.0 3400000.0 0 0.04833 1.00000
4650000.0 3400000.0 0 -0.05676 1.00000
4700000.0 3400000.0 0 0.00956 1.00000
4750000.0 3400000.0 0 0.13028 1.00000
4800000.0 3400000.0 0 -0.08776 1.00000
4850000.0 3400000.0 0 0.00285 1.00000
4900000.0 3400000.0 0 0.10419 1.00000
4950000.0 3400000.0 0 0.07465 1.00000
1200000.0 3450000.0 0 0.10255 1.00000
1250000.0 3450000.0 0 0.02076 1.00000
1300000.0 3450000.0 0 0.11595 1.00000
1350000.0 3450000.0 0 -0.01745 1.00000
1400000.0 3450000.0 0 0.03309 1.00000
1450000.0 3450000.0 0 0.21590 1.00000
1650000.0 3450000.0 0 0.12531 1.00000
4350000.0 3450000.0 0 0.02170 1.00000
4600000.0 3450000.0 0 0.04431 1.00000
4650000.0 3450000.0 0 -0.05593 1.00000
4700000.0 3450000.0 0 0.04428 1.00000
4750000.0 3450000.0 0 0.03967 1.00000
4800000.0 3450000.0 0 0.05980 1.00000
4850000.0 3450000.0 0 0.04051 1.00000
4900000.0 3450000.0 0 0.05283 1.00000
4950000.0 3450000.0 0 0.19717 1.00000
100000.0 3500000.0 0 0.12270 1.00000
1300000.0 3500000.0 0 0.05020 1.00000
2400000.0 3500000.0 0 0.47838 1.00000
2450000.0 3500000.0 0 0.53033 1.00000
4350000.0 3500000.0 0 0.12533 1.00000
4650000.0 3500000.0 0 0.08593 1.00000
4700000.0 3500000.0 0 -0.01282 1.00000
4750000.0 3500000.0 0 -0.00107 1.00000
4800000.0 3500000.0 0 0.07938 1.00000
4850000.0 3500000.0 0 0.21100 1.00000
  0.0 3550000.0 0 0.04084 1.00000
150000.0 3550000.0 0 0.07990 1.00000
2350000.0 3550000.0 0 0.52759 1.00000
2400000.0 3550000.0 0 0.54213 1.00000
2450000.0 3550000.0 0 0.44870 1.00000
4300000.0 3550000.0 0 0.14711 1.00000
4350000.0 3550000.0 0 0.17992 1.00000
4400000.0 3550000.0 0 0.11719 1.00000
4650000.0 3550000.0 0 0.15931 1.00000
4700000.0 3550000.0 0 0.14262 1.00000
4750000.0 3550000.0 0 -0.01091 1.00000
4800000.0 3550000.0 0 -0.19975 1.00000
100000.0 3600000.0 0 0.14465 1.00000
2200000.0 3600000.0 0 0.25943 1.00000
2250000.0 3600000.0 0 0.43682 1.00000
2300000.0 3600000.0 0 0.54609 1.00000
2350000.0 3600000.0 0 0.44590 1.00000
2400000.0 3600000.0 0 0.44108 1.00000
2450000.0 3600000.0 0 0.43085 1.00000
4300000.0 3600000.0 0 0.07362 1.00000
4350000.0 3600000.0 0 0.07379 1.00000
4400000.0 3600000.0 0 0.06349 1.00000
4450000.0 3600000.0 0 0.04046 1.00000
4650000.0 3600000.0 0 -0.04020 1.00000
4700000.0 3600000.0 0 -0.09824 1.00000
4750000.0 3600000.0 0 -0.04643 1.00000
4800000.0 3600000.0 0 0.06096 1.00000
1300000.0 3650000.0 0 0.07761 1.00000
2250000.0 3650000.0 0 0.48373 1.00000
2300000.0 3650000.0 0 0.54650 1.00000
2350000.0 3650000.0 0 0.46798 1.00000
2400000.0 3650000.0 0 0.46680 1.00000
2450000.0 3650000.0 0 0.37852 1.00000
2500000.0 3650000.0 0 0.38662 1.00000
4300000.0 3650000.0 0 0.09934 1.00000
4350000.0 3650000.0 0 0.12117 1.00000
4400000.0 3650000.0 0 0.12332 1.00000
4450000.0 3650000.0 0 0.13762 1.00000
4500000.0 3650000.0 0 0.04164 1.00000
4750000.0 3650000.0 0 0.01598 1.00000
4800000.0 3650000.0 0 0.10638 1.00000
4850000.0 3650000.0 0 0.16507 1.00000
1250000.0 3700000.0 0 0.08292 1.00000
1300000.0 3700000.0 0 0.13841 1.00000
1650000.0 3700000.0 0 0.21083 1.00000
1700000.0 3700000.0 0 0.20664 1.00000
2250000.0 3700000.0 0 0.49945 1.00000
2300000.0 3700000.0 0 0.48473 1.00000
2350000.0 3700000.0 0 0.50806 1.00000
2400000.0 3700000.0 0 0.44141 1.00000
2450000.0 3700000.0 0 0.41369 1.00000
2500000.0 3700000.0 0 0.34850 1.00000
4300000.0 3700000.0 0 0.11415 1.00000
4350000.0 3700000.0 0 0.08909 1.00000
4400000.0 3700000.0 0 0.06591 1.00000
4450000.0 3700000.0 0 0.04771 1.00000
4500000.0 3700000.0 0 0.08936 1.00000
4550000.0 3700000.0 0 0.09710 1.00000
4700000.0 3700000.0 0 0.07470 1.00000
1150000.0 3750000.0 0 0.07671 1.00000
1200000.0 3750000.0 0 0.15863 1.00000
1250000.0 3750000.0 0 -0.00445 1.00000
1350000.0 3750000.0 0 0.04010 1.00000
1600000.0 3750000.0 0 0.15810 1.00000
1650000.0 3750000.0 0 0.03426 1.00000
1700000.0 3750000.0 0 0.16468 1.00000
1750000.0 3750000.0 0 0.12808 1.00000
2100000.0 3750000.0 0 0.32956 1.00000
2150000.0 3750000.0 0 0.28721 1.00000
2200000.0 3750000.0 0 0.36261 1.00000
2250000.0 3750000.0 0 0.33828 1.00000
2300000.0 3750000.0 0 0.35090 1.00000
2350000.0 3750000.0 0 0.47543 1.00000
2400000.0 3750000.0 0 0.40793 1.00000
2450000.0 3750000.0 0 0.37804 1.00000
2500000.0 3750000.0 0 0.38350 1.00000
4250000.0 3750000.0 0 0.05917 1.00000
4300000.0 3750000.0 0 0.11719 1.00000
4350000.0 3750000.0 0 0.11573 1.00000
4400000.0 3750000.0 0 0.11011 1.00000
4450000.0 3750000.0 0 0.03468 1.00000
4500000.0 3750000.0 0 0.17330 1.00000
4550000.0 3750000.0 0 0.11737 1.00000
4600000.0 3750000.0 0 0.07350 1.00000
4700000.0 3750000.0 0 0.00370 1.00000
1000000.0 3800000.0 0 0.20107 1.00000
1300000.0 3800000.0 0 0.12916 1.00000
1350000.0 3800000.0 0 0.06246 1.00000
1400000.0 3800000.0 0 0.04488 1.00000
1550000.0 3800000.0 0 -0.04570 1.00000
1600000.0 3800000.0 0 0.07690 1.00000
1650000.0 3800000.0 0 0.16313 1.00000
1700000.0 3800000.0 0 0.16930 1.00000
1750000.0 3800000.0 0 0.12097 1.00000
1900000.0 3800000.0 0 0.25440 1.00000
1950000.0 3800000.0 0 0.25499 1.00000
2050000.0 3800000.0 0 0.29014 1.00000
2100000.0 3800000.0 0 0.29251 1.00000
2150000.0 3800000.0 0 0.22237 1.00000
2200000.0 3800000.0 0 0.30384 1.00000
2250000.0 3800000.0 0 0.40601 1.00000
2300000.0 3800000.0 0 0.42499 1.00000
2350000.0 3800000.0 0 0.41486 1.00000
2400000.0 3800000.0 0 0.39613 1.00000
2450000.0 3800000.0 0 0.33462 1.00000
2500000.0 3800000.0 0 0.37498 1.00000
2550000.0 3800000.0 0 0.38707 1.00000
4250000.0 3800000.0 0 0.10122 1.00000
4300000.0 3800000.0 0 0.09288 1.00000
4350000.0 3800000.0 0 0.09374 1.00000
4400000.0 3800000.0 0 0.10352 1.00000
4450000.0 3800000.0 0 0.11604 1.00000
4500000.0 3800000.0 0 0.07526 1.00000
4550000.0 3800000.0 0 0.09705 1.00000
4600000.0 3800000.0 0 0.12284 1.00000
4700000.0 3800000.0 0 0.14666 1.00000
1250000.0 3850000.0 0 0.11681 1.00000
1300000.0 3850000.0 0 0.11171 1.00000
1350000.0 3850000.0 0 0.11407 1.00000
1400000.0 3850000.0 0 0.01987 1.00000
1450000.0 3850000.0 0 0.05095 1.00000
1500000.0 3850000.0 0 0.06943 1.00000
1550000.0 3850000.0 0 0.03093 1.00000
1600000.0 3850000.0 0 0.20410 1.00000
1650000.0 3850000.0 0 0.18494 1.00000
1700000.0 3850000.0 0 0.21199 1.00000
1750000.0 3850000.0 0 0.06935 1.00000
1950000.0 3850000.0 0 0.06525 1.00000
2000000.0 3850000.0 0 0.26494 1.00000
2050000.0 3850000.0 0 0.14479 1.00000
2250000.0 3850000.0 0 0.36565 1.00000
2300000.0 3850000.0 0 0.46663 1.00000
2350000.0 3850000.0 0 0.41454 1.00000
2400000.0 3850000.0 0 0.37054 1.00000
2450000.0 3850000.0 0 0.35271 1.00000
2500000.0 3850000.0 0 0.38430 1.00000
2550000.0 3850000.0 0 0.39750 1.00000
4200000.0 3850000.0 0 0.08214 1.00000
4250000.0 3850000.0 0 0.10724 1.00000
4300000.0 3850000.0 0 0.06793 1.00000
4350000.0 3850000.0 0 0.08474 1.00000
4400000.0 3850000.0 0 0.08849 1.00000
4450000.0 3850000.0 0 0.08989 1.00000
4500000.0 3850000.0 0 0.04851 1.00000
4550000.0 3850000.0 0 0.10179 1.00000
4600000.0 3850000.0 0 0.07432 1.00000
4650000.0 3850000.0 0 0.05867 1.00000
4700000.0 3850000.0 0 0.04817 1.00000
4750000.0 3850000.0 0 -0.05507 1.00000
1400000.0 3900000.0 0 -0.05485 1.00000
1450000.0 3900000.0 0 0.09741 1.00000
1650000.0 3900000.0 0 0.10163 1.00000
1700000.0 3900000.0 0 0.22600 1.00000
1750000.0 3900000.0 0 0.17133 1.00000
2250000.0 3900000.0 0 0.40481 1.00000
2300000.0 3900000.0 0 0.42181 1.00000
2350000.0 3900000.0 0 0.15332 1.00000
2400000.0 3900000.0 0 0.37999 1.00000
2450000.0 3900000.0 0 0.37438 1.00000
2500000.0 3900000.0 0 0.37369 1.00000
2550000.0 3900000.0 0 0.33224 1.00000
2600000.0 3900000.0 0 0.35746 1.00000
4150000.0 3900000.0 0 0.11818 1.00000
4200000.0 3900000.0 0 0.12535 1.00000
4250000.0 3900000.0 0 0.10205 1.00000
4300000.0 3900000.0 0 0.09856 1.00000
4350000.0 3900000.0 0 0.09129 1.00000
4400000.0 3900000.0 0 0.07187 1.00000
4450000.0 3900000.0 0 0.07634 1.00000
4500000.0 3900000.0 0 0.04294 1.00000
4550000.0 3900000.0 0 0.10608 1.00000
4600000.0 3900000.0 0 0.03821 1.00000
4650000.0 3900000.0 0 0.04918 1.00000
4700000.0 3900000.0 0 0.11310 1.00000
1000000.0 3950000.0 0 0.16215 1.00000
1650000.0 3950000.0 0 0.18705 1.00000
1700000.0 3950000.0 0 0.14737 1.00000
1750000.0 3950000.0 0 0.10064 1.00000
2000000.0 3950000.0 0 0.10632 1.00000
2050000.0 3950000.0 0 0.04259 1.00000
2200000.0 3950000.0 0 0.47501 1.00000
2250000.0 3950000.0 0 0.38577 1.00000
2300000.0 3950000.0 0 0.29759 1.00000
2350000.0 3950000.0 0 0.36645 1.00000
2400000.0 3950000.0 0 0.37573 1.00000
2450000.0 3950000.0 0 0.35162 1.00000
2500000.0 3950000.0 0 0.32481 1.00000
2550000.0 3950000.0 0 0.33340 1.00000
2600000.0 3950000.0 0 0.35888 1.00000
2650000.0 3950000.0 0 0.29019 1.00000
4150000.0 3950000.0 0 0.08565 1.00000
4200000.0 3950000.0 0 0.12006 1.00000
4250000.0 3950000.0 0 0.12199 1.00000
4300000.0 3950000.0 0 0.06569 1.00000
4350000.0 3950000.0 0 0.13887 1.00000
4400000.0 3950000.0 0 0.12422 1.00000
4450000.0 3950000.0 0 0.09909 1.00000
4500000.0 3950000.0 0 0.02841 1.00000
4550000.0 3950000.0 0 0.04330 1.00000
4600000.0 3950000.0 0 0.07403 1.00000
4650000.0 3950000.0 0 0.15278 1.00000
4700000.0 3950000.0 0 0.15944 1.00000
4750000.0 3950000.0 0 0.05337 1.00000
1600000.0 4000000.0 0 0.14510 1.00000
1650000.0 4000000.0 0 0.10457 1.00000
1700000.0 4000000.0 0 0.05506 1.00000
1750000.0 4000000.0 0 0.06053 1.00000
2200000.0 4000000.0 0 0.37773 1.00000
2250000.0 4000000.0 0 0.37738 1.00000
2300000.0 4000000.0 0 0.36667 1.00000
2350000.0 4000000.0 0 0.33472 1.00000
2400000.0 4000000.0 0 0.37573 1.00000
2450000.0 4000000.0 0 0.39263 1.00000
2500000.0 4000000.0 0 0.31300 1.00000
2550000.0 4000000.0 0 0.32468 1.00000
2600000.0 4000000.0 0 0.30412 1.00000
2650000.0 4000000.0 0 0.28770 1.00000
2700000.0 4000000.0 0 0.22108 1.00000
4100000.0 4000000.0 0 0.07057 1.00000
4150000.0 4000000.0 0 0.09229 1.00000
4200000.0 4000000.0 0 0.12251 1.00000
4250000.0 4000000.0 0 0.09039 1.00000
4300000.0 4000000.0 0 0.07019 1.00000
4350000.0 4000000.0 0 0.01109 1.00000
4400000.0 4000000.0 0 0.10170 1.00000
4450000.0 4000000.0 0 0.09243 1.00000
4500000.0 4000000.0 0 0.08314 1.00000
4550000.0 4000000.0 0 0.09200 1.00000
4600000.0 4000000.0 0 -0.00876 1.00000
4650000.0 4000000.0 0 0.08450 1.00000
4700000.0 4000000.0 0 0.01012 1.00000
4750000.0 4000000.0 0 0.15302 1.00000
1650000.0 4050000.0 0 0.12239 1.00000
1700000.0 4050000.0 0 0.14367 1.00000
1750000.0 4050000.0 0 0.12341 1.00000
2200000.0 4050000.0 0 0.42418 1.00000
2250000.0 4050000.0 0 0.33278 1.00000
2300000.0 4050000.0 0 0.36395 1.00000
2350000.0 4050000.0 0 0.36683 1.00000
2400000.0 4050000.0 0 0.35638 1.00000
2450000.0 4050000.0 0 0.32018 1.00000
2500000.0 4050000.0 0 0.31470 1.00000
2550000.0 4050000.0 0 0.34078 1.00000
2600000.0 4050000.0 0 0.28865 1.00000
2650000.0 4050000.0 0 0.24863 1.00000
2700000.0 4050000.0 0 0.24376 1.00000
2750000.0 4050000.0 0 0.17112 1.00000
4050000.0 4050000.0 0 0.07570 1.00000
4100000.0 4050000.0 0 0.05599 1.00000
4150000.0 4050000.0 0 0.09260 1.00000
4200000.0 4050000.0 0 0.09372 1.00000
4250000.0 4050000.0 0 0.10115 1.00000
4300000.0 4050000.0 0 0.09213 1.00000
4350000.0 4050000.0 0 0.07243 1.00000
4400000.0 4050000.0 0 0.06180 1.00000
4450000.0 4050000.0 0 0.19803 1.00000
4500000.0 4050000.0 0 0.07409 1.00000
4550000.0 4050000.0 0 0.05244 1.00000
4600000.0 4050000.0 0 0.06387 1.00000
4650000.0 4050000.0 0 0.14020 1.00000
4700000.0 4050000.0 0 0.08503 1.00000
4750000.0 4050000.0 0 0.16270 1.00000
4800000.0 4050000.0 0 0.15735 1.00000
1650000.0 4100000.0 0 -0.02236 1.00000
1700000.0 4100000.0 0 0.13427 1.00000
1750000.0 4100000.0 0 0.15379 1.00000
2200000.0 4100000.0 0 0.33851 1.00000
2250000.0 4100000.0 0 0.32628 1.00000
2300000.0 4100000.0 0 0.32999 1.00000
2350000.0 4100000.0 0 0.32484 1.00000
2400000.0 4100000.0 0 0.25540 1.00000
2450000.0 4100000.0 0 0.28421 1.00000
2500000.0 4100000.0 0 0.32063 1.00000
2550000.0 4100000.0 0 0.28910 1.00000
2600000.0 4100000.0 0 0.28229 1.00000
2650000.0 4100000.0 0 0.21120 1.00000
2700000.0 4100000.0 0 0.25198 1.00000
2750000.0 4100000.0 0 0.23789 1.00000
2800000.0 4100000.0 0 0.24418 1.00000
4000000.0 4100000.0 0 0.09905 1.00000
4050000.0 4100000.0 0 0.09812 1.00000
4100000.0 4100000.0 0 0.07467 1.00000
4150000.0 4100000.0 0 0.09879 1.00000
4200000.0 4100000.0 0 0.08915 1.00000
4250000.0 4100000.0 0 0.10047 1.00000
4300000.0 4100000.0 0 0.07117 1.00000
4350000.0 4100000.0 0 0.08935 1.00000
4400000.0 4100000.0 0 0.08680 1.00000
4450000.0 4100000.0 0 0.07786 1.00000
4500000.0 4100000.0 0 -0.03849 1.00000
4550000.0 4100000.0 0 0.08368 1.00000
4600000.0 4100000.0 0 -0.06750 1.00000
4650000.0 4100000.0 0 -0.02366 1.00000
4700000.0 4100000.0 0 0.00245 1.00000
4750000.0 4100000.0 0 0.25619 1.00000
4800000.0 4100000.0 0 0.03255 1.00000
4850000.0 4100000.0 0 -0.15862 1.00000
4900000.0 4100000.0 0 0.08071 1.00000
4950000.0 4100000.0 0 0.15246 1.00000
1700000.0 4150000.0 0 0.13384 1.00000
1750000.0 4150000.0 0 0.06395 1.00000
1800000.0 4150000.0 0 -0.05066 1.00000
1850000.0 4150000.0 0 0.03833 1.00000
2150000.0 4150000.0 0 0.41697 1.00000
2200000.0 4150000.0 0 0.34957 1.00000
2250000.0 4150000.0 0 0.32161 1.00000
2300000.0 4150000.0 0 0.31662 1.00000
2350000.0 4150000.0 0 0.29212 1.00000
2400000.0 4150000.0 0 0.28971 1.00000
2450000.0 4150000.0 0 0.30564 1.00000
2500000.0 4150000.0 0 0.29493 1.00000
2550000.0 4150000.0 0 0.28289 1.00000
2600000.0 4150000.0 0 0.24948 1.00000
2650000.0 4150000.0 0 0.21732 1.00000
2700000.0 4150000.0 0 0.21195 1.00000
2750000.0 4150000.0 0 0.19522 1.00000
2800000.0 4150000.0 0 0.19439 1.00000
2850000.0 4150000.0 0 0.17104 1.00000
3900000.0 4150000.0 0 0.15588 1.00000
3950000.0 4150000.0 0 0.11241 1.00000
4000000.0 4150000.0 0 0.09505 1.00000
4050000.0 4150000.0 0 0.10172 1.00000
4100000.0 4150000.0 0 0.09950 1.00000
4150000.0 4150000.0 0 0.06112 1.00000
4200000.0 4150000.0 0 0.04759 1.00000
4250000.0 4150000.0 0 0.07954 1.00000
4300000.0 4150000.0 0 0.06722 1.00000
4350000.0 4150000.0 0 0.05720 1.00000
4400000.0 4150000.0 0 0.03727 1.00000
4450000.0 4150000.0 0 0.09682 1.00000
4500000.0 4150000.0 0 0.11711 1.00000
4550000.0 4150000.0 0 -0.04995 1.00000
4600000.0 4150000.0 0 -0.02243 1.00000
4650000.0 4150000.0 0 -0.00189 1.00000
4700000.0 4150000.0 0 0.13144 1.00000
4750000.0 4150000.0 0 0.00315 1.00000
4800000.0 4150000.0 0 0.15548 1.00000
4850000.0 4150000.0 0 0.12980 1.00000
4900000.0 4150000.0 0 0.12284 1.00000
4950000.0 4150000.0 0 0.01509 1.00000
5000000.0 4150000.0 0 0.16183 1.00000
1850000.0 4200000.0 0 0.09249 1.00000
1900000.0 4200000.0 0 0.15782 1.00000
1950000.0 4200000.0 0 0.16495 1.00000
2150000.0 4200000.0 0 0.44842 1.00000
2200000.0 4200000.0 0 0.33134 1.00000
2250000.0 4200000.0 0 0.34745 1.00000
2300000.0 4200000.0 0 0.28773 1.00000
2350000.0 4200000.0 0 0.27493 1.00000
2400000.0 4200000.0 0 0.30547 1.00000
2450000.0 4200000.0 0 0.24210 1.00000
2500000.0 4200000.0 0 0.27218 1.00000
2550000.0 4200000.0 0 0.26972 1.00000
2600000.0 4200000.0 0 0.24959 1.00000
2650000.0 4200000.0 0 0.21958 1.00000
2700000.0 4200000.0 0 0.21994 1.00000
2750000.0 4200000.0 0 0.24124 1.00000
2800000.0 4200000.0 0 0.21934 1.00000
2850000.0 4200000.0 0 0.22641 1.00000
2900000.0 4200000.0 0 0.19129 1.00000
2950000.0 4200000.0 0 0.21152 1.00000
3850000.0 4200000.0 0 0.08923 1.00000
3900000.0 4200000.0 0 0.08799 1.00000
3950000.0 4200000.0 0 0.10274 1.00000
4000000.0 4200000.0 0 0.11535 1.00000
4050000.0 4200000.0 0 0.08874 1.00000
4100000.0 4200000.0 0 0.11773 1.00000
4150000.0 4200000.0 0 0.08918 1.00000
4200000.0 4200000.0 0 0.08724 1.00000
4250000.0 4200000.0 0 0.02830 1.00000
4300000.0 4200000.0 0 0.03146 1.00000
4350000.0 4200000.0 0 0.04703 1.00000
4400000.0 4200000.0 0 0.06732 1.00000
4450000.0 4200000.0 0 0.10536 1.00000
4500000.0 4200000.0 0 0.03707 1.00000
4550000.0 4200000.0 0 0.05828 1.00000
4600000.0 4200000.0 0 0.06457 1.00000
4650000.0 4200000.0 0 0.03155 1.00000
4700000.0 4200000.0 0 0.22157 1.00000
4750000.0 4200000.0 0 0.03289 1.00000
4800000.0 4200000.0 0 0.11473 1.00000
4850000.0 4200000.0 0 0.18682 1.00000
4900000.0 4200000.0 0 0.14710 1.00000
4950000.0 4200000.0 0 0.15227 1.00000
1850000.0 4250000.0 0 0.09176 1.00000
1900000.0 4250000.0 0 0.09741 1.00000
1950000.0 4250000.0 0 0.08025 1.00000
2000000.0 4250000.0 0 0.08214 1.00000
2050000.0 4250000.0 0 0.14790 1.00000
2100000.0 4250000.0 0 0.23221 1.00000
2150000.0 4250000.0 0 0.31649 1.00000
2200000.0 4250000.0 0 0.29219 1.00000
2250000.0 4250000.0 0 0.29653 1.00000
2300000.0 4250000.0 0 0.26067 1.00000
2350000.0 4250000.0 0 0.29287 1.00000
2400000.0 4250000.0 0 0.29251 1.00000
2450000.0 4250000.0 0 0.22522 1.00000
2500000.0 4250000.0 0 0.24803 1.00000
2550000.0 4250000.0 0 0.21695 1.00000
2600000.0 4250000.0 0 0.19430 1.00000
2650000.0 4250000.0 0 0.22219 1.00000
2700000.0 4250000.0 0 0.24299 1.00000
2750000.0 4250000.0 0 0.23906 1.00000
2800000.0 4250000.0 0 0.26151 1.00000
2850000.0 4250000.0 0 0.21819 1.00000
2900000.0 4250000.0 0 0.22398 1.00000
2950000.0 4250000.0 0 0.19610 1.00000
3000000.0 4250000.0 0 0.17989 1.00000
3050000.0 4250000.0 0 0.14412 1.00000
3750000.0 4250000.0 0 0.12133 1.00000
3800000.0 4250000.0 0 0.08740 1.00000
3850000.0 4250000.0 0 0.10094 1.00000
3900000.0 4250000.0 0 0.11245 1.00000
3950000.0 4250000.0 0 0.08607 1.00000
4000000.0 4250000.0 0 0.09224 1.00000
4050000.0 4250000.0 0 0.11518 1.00000
4100000.0 4250000.0 0 0.13037 1.00000
4150000.0 4250000.0 0 0.09091 1.00000
4200000.0 4250000.0 0 0.08591 1.00000
4250000.0 4250000.0 0 0.10448 1.00000
4300000.0 4250000.0 0 0.07032 1.00000
4350000.0 4250000.0 0 0.11854 1.00000
4400000.0 4250000.0 0 0.11609 1.00000
4450000.0 4250000.0 0 0.13122 1.00000
4500000.0 4250000.0 0 0.09677 1.00000
4550000.0 4250000.0 0 0.01300 1.00000
4600000.0 4250000.0 0 0.07675 1.00000
4650000.0 4250000.0 0 0.11187 1.00000
4700000.0 4250000.0 0 0.05582 1.00000
4750000.0 4250000.0 0 0.11697 1.00000
4800000.0 4250000.0 0 0.13182 1.00000
4850000.0 4250000.0 0 0.10795 1.00000
4900000.0 4250000.0 0 0.17829 1.00000
4950000.0 4250000.0 0 0.15190 1.00000
1950000.0 4300000.0 0 0.04230 1.00000
2000000.0 4300000.0 0 0.11973 1.00000
2050000.0 4300000.0 0 0.17708 1.00000
2100000.0 4300000.0 0 0.23340 1.00000
2150000.0 4300000.0 0 0.39445 1.00000
2200000.0 4300000.0 0 0.31282 1.00000
2250000.0 4300000.0 0 0.34758 1.00000
2300000.0 4300000.0 0 0.41134 1.00000
2350000.0 4300000.0 0 0.27666 1.00000
2400000.0 4300000.0 0 0.27115 1.00000
2450000.0 4300000.0 0 0.26292 1.00000
2500000.0 4300000.0 0 0.24213 1.00000
2550000.0 4300000.0 0 0.22599 1.00000
2600000.0 4300000.0 0 0.22015 1.00000
2650000.0 4300000.0 0 0.18721 1.00000
2700000.0 4300000.0 0 0.16996 1.00000
2750000.0 4300000.0 0 0.21849 1.00000
2800000.0 4300000.0 0 0.22566 1.00000
2850000.0 4300000.0 0 0.21903 1.00000
2900000.0 4300000.0 0 0.28656 1.00000
2950000.0 4300000.0 0 0.21542 1.00000
3000000.0 4300000.0 0 0.17856 1.00000
3050000.0 4300000.0 0 0.16118 1.00000
3100000.0 4300000.0 0 0.18727 1.00000
3150000.0 4300000.0 0 0.19477 1.00000
3200000.0 4300000.0 0 0.16987 1.00000
3250000.0 4300000.0 0 0.17800 1.00000
3550000.0 4300000.0 0 0.14867 1.00000
3600000.0 4300000.0 0 0.16336 1.00000
3650000.0 4300000.0 0 0.15848 1.00000
3700000.0 4300000.0 0 0.13263 1.00000
3750000.0 4300000.0 0 0.12794 1.00000
3800000.0 4300000.0 0 0.10783 1.00000
3850000.0 4300000.0 0 0.07554 1.00000
3900000.0 4300000.0 0 0.06322 1.00000
3950000.0 4300000.0 0 0.04512 1.00000
4000000.0 4300000.0 0 0.07771 1.00000
4050000.0 4300000.0 0 0.10679 1.00000
4100000.0 4300000.0 0 0.06779 1.00000
4150000.0 4300000.0 0 0.04360 1.00000
4200000.0 4300000.0 0 0.03888 1.00000
4250000.0 4300000.0 0 0.02523 1.00000
4300000.0 4300000.0 0 0.06601 1.00000
4350000.0 4300000.0 0 0.10455 1.00000
4400000.0 4300000.0 0 0.00552 1.00000
4450000.0 4300000.0 0 0.03035 1.00000
4500000.0 4300000.0 0 0.15023 1.00000
4550000.0 4300000.0 0 0.12141 1.00000
4600000.0 4300000.0 0 0.08491 1.00000
4650000.0 4300000.0 0 0.12923 1.00000
4700000.0 4300000.0 0 0.14926 1.00000
4750000.0 4300000.0 0 0.09361 1.00000
4800000.0 4300000.0 0 0.13411 1.00000
4850000.0 4300000.0 0 0.11107 1.00000
4900000.0 4300000.0 0 0.06962 1.00000
4950000.0 4300000.0 0 0.07651 1.00000
1100000.0 4350000.0 0 -0.04320 1.00000
1950000.0 4350000.0 0 0.12141 1.00000
2000000.0 4350000.0 0 0.13432 1.00000
2050000.0 4350000.0 0 0.15610 1.00000
2100000.0 4350000.0 0 0.32654 1.00000
2150000.0 4350000.0 0 0.36318 1.00000
2200000.0 4350000.0 0 0.25849 1.00000
2250000.0 4350000.0 0 0.28735 1.00000
2300000.0 4350000.0 0 0.33080 1.00000
2350000.0 4350000.0 0 0.22276 1.00000
2400000.0 4350000.0 0 0.28258 1.00000
2450000.0 4350000.0 0 0.25199 1.00000
2500000.0 4350000.0 0 0.22222 1.00000
2550000.0 4350000.0 0 0.15271 1.00000
2600000.0 4350000.0 0 0.22696 1.00000
2650000.0 4350000.0 0 0.19595 1.00000
2700000.0 4350000.0 0 0.16807 1.00000
2750000.0 4350000.0 0 0.17794 1.00000
2800000.0 4350000.0 0 0.20639 1.00000
2850000.0 4350000.0 0 0.19590 1.00000
2900000.0 4350000.0 0 0.19195 1.00000
2950000.0 4350000.0 0 0.19291 1.00000
3000000.0 4350000.0 0 0.14091 1.00000
3050000.0 4350000.0 0 0.16459 1.00000
3100000.0 4350000.0 0 0.16629 1.00000
3150000.0 4350000.0 0 0.14426 1.00000
3200000.0 4350000.0 0 0.14128 1.00000
3250000.0 4350000.0 0 0.15395 1.00000
3300000.0 4350000.0 0 0.20453 1.00000
3350000.0 4350000.0 0 0.17581 1.00000
3400000.0 4350000.0 0 0.18477 1.00000
3450000.0 4350000.0 0 0.17906 1.00000
3500000.0 4350000.0 0 0.18461 1.00000
3550000.0 4350000.0 0 0.15763 1.00000
3600000.0 4350000.0 0 0.15352 1.00000
3650000.0 4350000.0 0 0.14817 1.00000
3700000.0 4350000.0 0 0.13282 1.00000
3750000.0 4350000.0 0 0.11225 1.00000
3800000.0 4350000.0 0 0.08766 1.00000
3850000.0 4350000.0 0 0.01958 1.00000
3900000.0 4350000.0 0 0.09195 1.00000
3950000.0 4350000.0 0 0.11706 1.00000
4000000.0 4350000.0 0 0.10607 1.00000
4050000.0 4350000.0 0 0.13449 1.00000
4100000.0 4350000.0 0 0.10823 1.00000
4150000.0 4350000.0 0 0.14723 1.00000
4200000.0 4350000.0 0 0.07148 1.00000
4250000.0 4350000.0 0 -0.02323 1.00000
4300000.0 4350000.0 0 0.04406 1.00000
4350000.0 4350000.0 0 0.07167 1.00000
4400000.0 4350000.0 0 0.07473 1.00000
4450000.0 4350000.0 0 0.10692 1.00000
4500000.0 4350000.0 0 0.10326 1.00000
4550000.0 4350000.0 0 0.06381 1.00000
4600000.0 4350000.0 0 0.04772 1.00000
4650000.0 4350000.0 0 0.11036 1.00000
4700000.0 4350000.0 0 0.12654 1.00000
4750000.0 4350000.0 0 0.17905 1.00000
4800000.0 4350000.0 0 0.15618 1.00000
4850000.0 4350000.0 0 0.04829 1.00000
4900000.0 4350000.0 0 0.10090 1.00000
4950000.0 4350000.0 0 0.07840 1.00000
5000000.0 4350000.0 0 0.10541 1.00000
1950000.0 4400000.0 0 0.07490 1.00000
2000000.0 4400000.0 0 0.07825 1.00000
2050000.0 4400000.0 0 0.10785 1.00000
2100000.0 4400000.0 0 0.24336 1.00000
2150000.0 4400000.0 0 0.26700 1.00000
2200000.0 4400000.0 0 0.25945 1.00000
2250000.0 4400000.0 0 0.25585 1.00000
2300000.0 4400000.0 0 0.23715 1.00000
2350000.0 4400000.0 0 0.20626 1.00000
2400000.0 4400000.0 0 0.20229 1.00000
2450000.0 4400000.0 0 0.22668 1.00000
2500000.0 4400000.0 0 0.20566 1.00000
2550000.0 4400000.0 0 0.17960 1.00000
2600000.0 4400000.0 0 0.18377 1.00000
2650000.0 4400000.0 0 0.14101 1.00000
2700000.0 4400000.0 0 0.17791 1.00000
2750000.0 4400000.0 0 0.21373 1.00000
2800000.0 4400000.0 0 0.21067 1.00000
2850000.0 4400000.0 0 0.21272 1.00000
2900000.0 4400000.0 0 0.21305 1.00000
2950000.0 4400000.0 0 0.21684 1.00000
3000000.0 4400000.0 0 0.18095 1.00000
3050000.0 4400000.0 0 0.15535 1.00000
3100000.0 4400000.0 0 0.18583 1.00000
3150000.0 4400000.0 0 0.16487 1.00000
3200000.0 4400000.0 0 0.16136 1.00000
3250000.0 4400000.0 0 0.14850 1.00000
3300000.0 4400000.0 0 0.17167 1.00000
3350000.0 4400000.0 0 0.16044 1.00000
3400000.0 4400000.0 0 0.21040 1.00000
3450000.0 4400000.0 0 0.21489 1.00000
3500000.0 4400000.0 0 0.20533 1.00000
3550000.0 4400000.0 0 0.20862 1.00000
3600000.0 4400000.0 0 0.21231 1.00000
3650000.0 4400000.0 0 0.16577 1.00000
3700000.0 4400000.0 0 0.15254 1.00000
3750000.0 4400000.0 0 0.15055 1.00000
3800000.0 4400000.0 0 0.16195 1.00000
3850000.0 4400000.0 0 0.08841 1.00000
3900000.0 4400000.0 0 0.12153 1.00000
3950000.0 4400000.0 0 0.11428 1.00000
4000000.0 4400000.0 0 0.10291 1.00000
4050000.0 4400000.0 0 0.13293 1.00000
4100000.0 4400000.0 0 0.09914 1.00000
4150000.0 4400000.0 0 0.09194 1.00000
4200000.0 4400000.0 0 0.09109 1.00000
4250000.0 4400000.0 0 0.07646 1.00000
4300000.0 4400000.0 0 -0.01890 1.00000
4350000.0 4400000.0 0 0.15122 1.00000
4400000.0 4400000.0 0 -0.01051 1.00000
4450000.0 4400000.0 0 0.06385 1.00000
4500000.0 4400000.0 0 0.07471 1.00000
4550000.0 4400000.0 0 0.13654 1.00000
4600000.0 4400000.0 0 0.10347 1.00000
4650000.0 4400000.0 0 0.09792 1.00000
4700000.0 4400000.0 0 0.12759 1.00000
4750000.0 4400000.0 0 0.02471 1.00000
4800000.0 4400000.0 0 0.03079 1.00000
4850000.0 4400000.0 0 -0.02640 1.00000
1450000.0 4450000.0 0 0.10260 1.00000
1500000.0 4450000.0 0 0.18799 1.00000
1550000.0 4450000.0 0 0.06229 1.00000
1900000.0 4450000.0 0 0.10666 1.00000
1950000.0 4450000.0 0 0.08036 1.00000
2000000.0 4450000.0 0 0.13348 1.00000
2050000.0 4450000.0 0 0.15838 1.00000
2100000.0 4450000.0 0 0.22253 1.00000
2150000.0 4450000.0 0 0.26864 1.00000
2200000.0 4450000.0 0 0.31079 1.00000
2250000.0 4450000.0 0 0.23398 1.00000
2300000.0 4450000.0 0 0.21962 1.00000
2350000.0 4450000.0 0 0.21727 1.00000
2400000.0 4450000.0 0 0.22994 1.00000
2450000.0 4450000.0 0 0.24156 1.00000
2500000.0 4450000.0 0 0.22100 1.00000
2550000.0 4450000.0 0 0.20602 1.00000
2600000.0 4450000.0 0 0.16646 1.00000
2650000.0 4450000.0 0 0.08289 1.00000
2700000.0 4450000.0 0 0.21421 1.00000
2750000.0 4450000.0 0 0.24930 1.00000
2800000.0 4450000.0 0 0.18283 1.00000
2850000.0 4450000.0 0 0.21050 1.00000
2900000.0 4450000.0 0 0.20967 1.00000
2950000.0 4450000.0 0 0.16995 1.00000
3000000.0 4450000.0 0 0.17153 1.00000
3050000.0 4450000.0 0 0.17546 1.00000
3100000.0 4450000.0 0 0.17929 1.00000
3150000.0 4450000.0 0 0.18400 1.00000
3200000.0 4450000.0 0 0.17634 1.00000
3250000.0 4450000.0 0 0.17737 1.00000
3300000.0 4450000.0 0 0.15492 1.00000
3350000.0 4450000.0 0 0.15485 1.00000
3400000.0 4450000.0 0 0.18145 1.00000
3450000.0 4450000.0 0 0.20847 1.00000
3500000.0 4450000.0 0 0.18841 1.00000
3550000.0 4450000.0 0 0.20748 1.00000
3600000.0 4450000.0 0 0.20549 1.00000
3650000.0 4450000.0 0 0.14575 1.00000
3700000.0 4450000.0 0 0.11908 1.00000
3750000.0 4450000.0 0 0.06358 1.00000
3800000.0 4450000.0 0 0.12470 1.00000
3850000.0 4450000.0 0 0.12441 1.00000
3900000.0 4450000.0 0 0.09878 1.00000
3950000.0 4450000.0 0 0.11446 1.00000
4000000.0 4450000.0 0 0.09226 1.00000
4050000.0 4450000.0 0 0.16591 1.00000
4100000.0 4450000.0 0 0.04434 1.00000
4150000.0 4450000.0 0 0.11173 1.00000
4200000.0 4450000.0 0 0.13801 1.00000
4250000.0 4450000.0 0 0.06104 1.00000
4300000.0 4450000.0 0 0.06265 1.00000
4350000.0 4450000.0 0 0.02586 1.00000
4400000.0 4450000.0 0 0.05274 1.00000
4450000.0 4450000.0 0 0.05667 1.00000
4500000.0 4450000.0 0 0.08740 1.00000
4550000.0 4450000.0 0 0.09378 1.00000
4600000.0 4450000.0 0 0.10714 1.00000
4650000.0 4450000.0 0 0.10593 1.00000
4700000.0 4450000.0 0 0.13943 1.00000
4750000.0 4450000.0 0 -0.01120 1.00000
4800000.0 4450000.0 0 0.11090 1.00000
1400000.0 4500000.0 0 0.01946 1.00000
1450000.0 4500000.0 0 0.09365 1.00000
1500000.0 4500000.0 0 0.12105 1.00000
1550000.0 4500000.0 0 -0.02855 1.00000
1850000.0 4500000.0 0 -0.13110 1.00000
1900000.0 4500000.0 0 0.07073 1.00000
1950000.0 4500000.0 0 0.07848 1.00000
2000000.0 4500000.0 0 0.09347 1.00000
2050000.0 4500000.0 0 0.20797 1.00000
2100000.0 4500000.0 0 0.21157 1.00000
2150000.0 4500000.0 0 0.17156 1.00000
2200000.0 4500000.0 0 0.27416 1.00000
2250000.0 4500000.0 0 0.25845 1.00000
2300000.0 4500000.0 0 0.26970 1.00000
2350000.0 4500000.0 0 0.22650 1.00000
2400000.0 4500000.0 0 0.23030 1.00000
2500000.0 4500000.0 0 0.21945 1.00000
2550000.0 4500000.0 0 0.20038 1.00000
2600000.0 4500000.0 0 0.17040 1.00000
2650000.0 4500000.0 0 0.17822 1.00000
2700000.0 4500000.0 0 0.19107 1.00000
2750000.0 4500000.0 0 0.20806 1.00000
2800000.0 4500000.0 0 0.18028 1.00000
2850000.0 4500000.0 0 0.16809 1.00000
2900000.0 4500000.0 0 0.15377 1.00000
2950000.0 4500000.0 0 0.14643 1.00000
3000000.0 4500000.0 0 0.19178 1.00000
3050000.0 4500000.0 0 0.15468 1.00000
3100000.0 4500000.0 0 0.13685 1.00000
3150000.0 4500000.0 0 0.13159 1.00000
3200000.0 4500000.0 0 0.16773 1.00000
3250000.0 4500000.0 0 0.23233 1.00000
3300000.0 4500000.0 0 0.18343 1.00000
3350000.0 4500000.0 0 0.17282 1.00000
3400000.0 4500000.0 0 0.21666 1.00000
3450000.0 4500000.0 0 0.20109 1.00000
3500000.0 4500000.0 0 0.18512 1.00000
3550000.0 4500000.0 0 0.23692 1.00000
3600000.0 4500000.0 0 0.16412 1.00000
3650000.0 4500000.0 0 0.14923 1.00000
3700000.0 4500000.0 0 0.08810 1.00000
3750000.0 4500000.0 0 0.09985 1.00000
3800000.0 4500000.0 0 0.12812 1.00000
3850000.0 4500000.0 0 0.09157 1.00000
3900000.0 4500000.0 0 0.12403 1.00000
3950000.0 4500000.0 0 0.10478 1.00000
4000000.0 4500000.0 0 0.10639 1.00000
4050000.0 4500000.0 0 0.12193 1.00000
4100000.0 4500000.0 0 0.07137 1.00000
4150000.0 4500000.0 0 0.11888 1.00000
4200000.0 4500000.0 0 0.10003 1.00000
4250000.0 4500000.0 0 0.10836 1.00000
4300000.0 4500000.0 0 0.09472 1.00000
4350000.0 4500000.0 0 0.09013 1.00000
4400000.0 4500000.0 0 0.13338 1.00000
4450000.0 4500000.0 0 0.02066 1.00000
4500000.0 4500000.0 0 0.11465 1.00000
4550000.0 4500000.0 0 0.05764 1.00000
4600000.0 4500000.0 0 0.15432 1.00000
4650000.0 4500000.0 0 0.12035 1.00000
4700000.0 4500000.0 0 0.07086 1.00000
1450000.0 4550000.0 0 -0.30970 1.00000
1500000.0 4550000.0 0 0.14827 1.00000
1550000.0 4550000.0 0 0.11997 1.00000
1900000.0 4550000.0 0 0.12504 1.00000
1950000.0 4550000.0 0 0.10103 1.00000
2000000.0 4550000.0 0 0.05310 1.00000
2050000.0 4550000.0 0 0.26926 1.00000
2100000.0 4550000.0 0 0.29527 1.00000
2150000.0 4550000.0 0 0.29525 1.00000
2200000.0 4550000.0 0 0.24371 1.00000
2250000.0 4550000.0 0 0.25468 1.00000
2300000.0 4550000.0 0 0.24372 1.00000
2350000.0 4550000.0 0 0.19487 1.00000
2400000.0 4550000.0 0 0.20481 1.00000
2450000.0 4550000.0 0 0.21040 1.00000
2500000.0 4550000.0 0 0.19426 1.00000
2550000.0 4550000.0 0 0.16652 1.00000
2600000.0 4550000.0 0 0.17354 1.00000
2650000.0 4550000.0 0 0.19017 1.00000
2700000.0 4550000.0 0 0.19999 1.00000
2750000.0 4550000.0 0 0.19614 1.00000
2800000.0 4550000.0 0 0.16524 1.00000
2850000.0 4550000.0 0 0.21709 1.00000
2900000.0 4550000.0 0 0.22330 1.00000
2950000.0 4550000.0 0 0.16579 1.00000
3000000.0 4550000.0 0 0.15069 1.00000
3050000.0 4550000.0 0 0.15841 1.00000
3100000.0 4550000.0 0 0.14860 1.00000
3150000.0 4550000.0 0 0.14983 1.00000
3200000.0 4550000.0 0 0.15889 1.00000
3250000.0 4550000.0 0 0.15337 1.00000
3300000.0 4550000.0 0 0.15173 1.00000
3350000.0 4550000.0 0 0.14872 1.00000
3400000.0 4550000.0 0 0.22038 1.00000
3450000.0 4550000.0 0 0.19418 1.00000
3500000.0 4550000.0 0 0.17847 1.00000
3550000.0 4550000.0 0 0.14934 1.00000
3600000.0 4550000.0 0 0.18017 1.00000
3650000.0 4550000.0 0 0.17928 1.00000
3700000.0 4550000.0 0 0.19412 1.00000
3750000.0 4550000.0 0 0.10626 1.00000
3800000.0 4550000.0 0 0.12406 1.00000
3850000.0 4550000.0 0 0.09228 1.00000
3900000.0 4550000.0 0 0.12130 1.00000
3950000.0 4550000.0 0 0.14599 1.00000
4000000.0 4550000.0 0 0.12871 1.00000
4050000.0 4550000.0 0 0.09784 1.00000
4100000.0 4550000.0 0 0.19522 1.00000
4150000.0 4550000.0 0 0.13122 1.00000
4200000.0 4550000.0 0 0.21472 1.00000
4250000.0 4550000.0 0 0.11885 1.00000
4300000.0 4550000.0 0 0.13560 1.00000
4350000.0 4550000.0 0 0.11095 1.00000
4550000.0 4550000.0 0 0.11597 1.00000
4600000.0 4550000.0 0 0.13803 1.00000
4650000.0 4550000.0 0 0.06644 1.00000
4700000.0 4550000.0 0 0.11684 1.00000
4750000.0 4550000.0 0 0.05654 1.00000
4800000.0 4550000.0 0 0.18615 1.00000
1600000.0 4600000.0 0 0.09090 1.00000
1650000.0 4600000.0 0 0.19120 1.00000
1700000.0 4600000.0 0 -0.09998 1.00000
1750000.0 4600000.0 0 -0.00764 1.00000
1850000.0 4600000.0 0 0.10858 1.00000
1900000.0 4600000.0 0 0.11200 1.00000
1950000.0 4600000.0 0 0.09065 1.00000
2000000.0 4600000.0 0 0.09705 1.00000
2050000.0 4600000.0 0 0.12692 1.00000
2100000.0 4600000.0 0 0.21687 1.00000
2150000.0 4600000.0 0 0.26403 1.00000
2200000.0 4600000.0 0 0.28220 1.00000
2250000.0 4600000.0 0 0.27319 1.00000
2300000.0 4600000.0 0 0.24420 1.00000
2350000.0 4600000.0 0 0.24067 1.00000
2400000.0 4600000.0 0 0.20203 1.00000
2450000.0 4600000.0 0 0.20592 1.00000
2500000.0 4600000.0 0 0.22526 1.00000
2550000.0 4600000.0 0 0.22662 1.00000
2600000.0 4600000.0 0 0.20314 1.00000
2650000.0 4600000.0 0 0.22751 1.00000
2700000.0 4600000.0 0 0.20510 1.00000
2750000.0 4600000.0 0 0.16758 1.00000
2800000.0 4600000.0 0 0.23602 1.00000
2850000.0 4600000.0 0 0.13860 1.00000
2900000.0 4600000.0 0 0.21124 1.00000
2950000.0 4600000.0 0 0.10054 1.00000
3000000.0 4600000.0 0 0.10177 1.00000
3050000.0 4600000.0 0 0.14370 1.00000
3100000.0 4600000.0 0 0.07399 1.00000
3150000.0 4600000.0 0 0.12817 1.00000
3200000.0 4600000.0 0 0.15041 1.00000
3250000.0 4600000.0 0 0.10873 1.00000
3300000.0 4600000.0 0 0.17008 1.00000
3350000.0 4600000.0 0 0.20058 1.00000
3400000.0 4600000.0 0 0.21231 1.00000
3450000.0 4600000.0 0 0.18466 1.00000
3500000.0 4600000.0 0 0.19172 1.00000
3550000.0 4600000.0 0 0.24935 1.00000
3600000.0 4600000.0 0 0.18499 1.00000
3650000.0 4600000.0 0 0.20259 1.00000
3700000.0 4600000.0 0 0.11342 1.00000
3750000.0 4600000.0 0 0.10061 1.00000
3800000.0 4600000.0 0 0.03817 1.00000
3850000.0 4600000.0 0 0.12376 1.00000
3900000.0 4600000.0 0 0.09947 1.00000
3950000.0 4600000.0 0 0.14213 1.00000
4000000.0 4600000.0 0 0.14697 1.00000
4050000.0 4600000.0 0 0.13897 1.00000
4100000.0 4600000.0 0 0.10543 1.00000
4150000.0 4600000.0 0 0.10459 1.00000
4250000.0 4600000.0 0 0.17733 1.00000
4300000.0 4600000.0 0 0.10538 1.00000
4550000.0 4600000.0 0 0.06457 1.00000
4600000.0 4600000.0 0 0.13454 1.00000
4650000.0 4600000.0 0 0.13331 1.00000
4700000.0 4600000.0 0 0.10379 1.00000
4750000.0 4600000.0 0 0.06716 1.00000
4800000.0 4600000.0 0 0.11742 1.00000
1600000.0 4650000.0 0 0.09989 1.00000
1650000.0 4650000.0 0 -0.01577 1.00000
1700000.0 4650000.0 0 0.08061 1.00000
1750000.0 4650000.0 0 0.05722 1.00000
1800000.0 4650000.0 0 0.13358 1.00000
1850000.0 4650000.0 0 0.16112 1.00000
1900000.0 4650000.0 0 0.08651 1.00000
1950000.0 4650000.0 0 0.07667 1.00000
2000000.0 4650000.0 0 0.05404 1.00000
2050000.0 4650000.0 0 0.14387 1.00000
2100000.0 4650000.0 0 0.20332 1.00000
2150000.0 4650000.0 0 0.20737 1.00000
2200000.0 4650000.0 0 0.23176 1.00000
2250000.0 4650000.0 0 0.18874 1.00000
2300000.0 4650000.0 0 0.23259 1.00000
2350000.0 4650000.0 0 0.23111 1.00000
2400000.0 4650000.0 0 0.23396 1.00000
2450000.0 4650000.0 0 0.26248 1.00000
2500000.0 4650000.0 0 0.19388 1.00000
2550000.0 4650000.0 0 0.22152 1.00000
2600000.0 4650000.0 0 0.24483 1.00000
2650000.0 4650000.0 0 0.23221 1.00000
2700000.0 4650000.0 0 0.15398 1.00000
2750000.0 4650000.0 0 0.18899 1.00000
2800000.0 4650000.0 0 0.17468 1.00000
2850000.0 4650000.0 0 0.19301 1.00000
2900000.0 4650000.0 0 0.18698 1.00000
2950000.0 4650000.0 0 0.17156 1.00000
3000000.0 4650000.0 0 0.14853 1.00000
3050000.0 4650000.0 0 0.13824 1.00000
3100000.0 4650000.0 0 0.11911 1.00000
3150000.0 4650000.0 0 0.10432 1.00000
3200000.0 4650000.0 0 0.15371 1.00000
3250000.0 4650000.0 0 0.12182 1.00000
3300000.0 4650000.0 0 0.13405 1.00000
3350000.0 4650000.0 0 0.19324 1.00000
3400000.0 4650000.0 0 0.18000 1.00000
3450000.0 4650000.0 0 0.19353 1.00000
3500000.0 4650000.0 0 0.17037 1.00000
3550000.0 4650000.0 0 0.14487 1.00000
3600000.0 4650000.0 0 0.14210 1.00000
3650000.0 4650000.0 0 0.16298 1.00000
3700000.0 4650000.0 0 0.20930 1.00000
3750000.0 4650000.0 0 0.20034 1.00000
3800000.0 4650000.0 0 0.16097 1.00000
3850000.0 4650000.0 0 0.10604 1.00000
3900000.0 4650000.0 0 0.07570 1.00000
3950000.0 4650000.0 0 0.14168 1.00000
4000000.0 4650000.0 0 0.17396 1.00000
4050000.0 4650000.0 0 0.12399 1.00000
4100000.0 4650000.0 0 0.14648 1.00000
4150000.0 4650000.0 0 0.05414 1.00000
4200000.0 4650000.0 0 0.04589 1.00000
4250000.0 4650000.0 0 0.06260 1.00000
4300000.0 4650000.0 0 0.34225 1.00000
4550000.0 4650000.0 0 0.09640 1.00000
4650000.0 4650000.0 0 0.13746 1.00000
4700000.0 4650000.0 0 0.05020 1.00000
4750000.0 4650000.0 0 0.04483 1.00000
4800000.0 4650000.0 0 0.00898 1.00000
4850000.0 4650000.0 0 0.03798 1.00000
1600000.0 4700000.0 0 0.09532 1.00000
1650000.0 4700000.0 0 0.01220 1.00000
1700000.0 4700000.0 0 0.00367 1.00000
1750000.0 4700000.0 0 -0.01705 1.00000
1800000.0 4700000.0 0 0.07179 1.00000
1850000.0 4700000.0 0 0.08081 1.00000
1900000.0 4700000.0 0 0.05125 1.00000
1950000.0 4700000.0 0 0.06453 1.00000
2000000.0 4700000.0 0 0.02287 1.00000
2050000.0 4700000.0 0 0.14171 1.00000
2100000.0 4700000.0 0 0.14881 1.00000
2150000.0 4700000.0 0 0.18449 1.00000
2200000.0 4700000.0 0 0.21232 1.00000
2250000.0 4700000.0 0 0.19210 1.00000
2300000.0 4700000.0 0 0.23712 1.00000
2350000.0 4700000.0 0 0.24615 1.00000
2400000.0 4700000.0 0 0.25683 1.00000
2450000.0 4700000.0 0 0.24693 1.00000
2500000.0 4700000.0 0 0.15424 1.00000
2550000.0 4700000.0 0 0.26010 1.00000
2600000.0 4700000.0 0 0.18657 1.00000
2650000.0 4700000.0 0 0.24235 1.00000
2700000.0 4700000.0 0 0.15451 1.00000
2750000.0 4700000.0 0 0.16697 1.00000
2800000.0 4700000.0 0 0.16831 1.00000
2850000.0 4700000.0 0 0.13425 1.00000
2900000.0 4700000.0 0 0.15266 1.00000
2950000.0 4700000.0 0 0.12213 1.00000
3000000.0 4700000.0 0 0.10439 1.00000
3050000.0 4700000.0 0 0.09464 1.00000
3100000.0 4700000.0 0 0.17938 1.00000
3150000.0 4700000.0 0 0.17590 1.00000
3200000.0 4700000.0 0 0.12906 1.00000
3250000.0 4700000.0 0 0.11350 1.00000
3300000.0 4700000.0 0 0.14611 1.00000
3350000.0 4700000.0 0 0.16823 1.00000
3400000.0 4700000.0 0 0.14877 1.00000
3450000.0 4700000.0 0 0.18063 1.00000
3500000.0 4700000.0 0 0.16207 1.00000
3550000.0 4700000.0 0 0.13292 1.00000
3600000.0 4700000.0 0 0.07933 1.00000
3650000.0 4700000.0 0 0.15019 1.00000
3700000.0 4700000.0 0 0.14028 1.00000
3750000.0 4700000.0 0 0.21375 1.00000
3800000.0 4700000.0 0 0.17225 1.00000
3850000.0 4700000.0 0 0.13009 1.00000
3900000.0 4700000.0 0 0.14193 1.00000
3950000.0 4700000.0 0 0.19375 1.00000
4000000.0 4700000.0 0 0.18530 1.00000
4050000.0 4700000.0 0 0.29320 1.00000
4100000.0 4700000.0 0 0.21963 1.00000
4200000.0 4700000.0 0 0.37920 1.00000
4250000.0 4700000.0 0 0.16330 1.00000
4300000.0 4700000.0 0 0.36520 1.00000
4550000.0 4700000.0 0 0.08937 1.00000
4600000.0 4700000.0 0 0.01127 1.00000
4650000.0 4700000.0 0 0.17829 1.00000
4700000.0 4700000.0 0 0.13597 1.00000
4750000.0 4700000.0 0 0.11987 1.00000
4800000.0 4700000.0 0 -0.03915 1.00000
4900000.0 4700000.0 0 0.09838 1.00000
4950000.0 4700000.0 0 0.12240 1.00000
1750000.0 4750000.0 0 0.07806 1.00000
1800000.0 4750000.0 0 0.15259 1.00000
1850000.0 4750000.0 0 0.00466 1.00000
1900000.0 4750000.0 0 0.08887 1.00000
1950000.0 4750000.0 0 0.06445 1.00000
2000000.0 4750000.0 0 0.06439 1.00000
2050000.0 4750000.0 0 0.11248 1.00000
2100000.0 4750000.0 0 0.21757 1.00000
2150000.0 4750000.0 0 0.14840 1.00000
2200000.0 4750000.0 0 0.22118 1.00000
2250000.0 4750000.0 0 0.21927 1.00000
2300000.0 4750000.0 0 0.25802 1.00000
2350000.0 4750000.0 0 0.22773 1.00000
2400000.0 4750000.0 0 0.21453 1.00000
2450000.0 4750000.0 0 0.19055 1.00000
2500000.0 4750000.0 0 0.21100 1.00000
2550000.0 4750000.0 0 0.18474 1.00000
2600000.0 4750000.0 0 0.15863 1.00000
2650000.0 4750000.0 0 0.20986 1.00000
2700000.0 4750000.0 0 0.15889 1.00000
2750000.0 4750000.0 0 0.11508 1.00000
2800000.0 4750000.0 0 0.21914 1.00000
2850000.0 4750000.0 0 0.16003 1.00000
2900000.0 4750000.0 0 0.15526 1.00000
2950000.0 4750000.0 0 0.12494 1.00000
3000000.0 4750000.0 0 0.13655 1.00000
3050000.0 4750000.0 0 0.06968 1.00000
3100000.0 4750000.0 0 0.13258 1.00000
3150000.0 4750000.0 0 0.10375 1.00000
3200000.0 4750000.0 0 0.12045 1.00000
3250000.0 4750000.0 0 0.11306 1.00000
3300000.0 4750000.0 0 0.12122 1.00000
3350000.0 4750000.0 0 0.15396 1.00000
3400000.0 4750000.0 0 0.15155 1.00000
3450000.0 4750000.0 0 0.15496 1.00000
3500000.0 4750000.0 0 0.13855 1.00000
3550000.0 4750000.0 0 0.12293 1.00000
3600000.0 4750000.0 0 0.18923 1.00000
3650000.0 4750000.0 0 0.18342 1.00000
3700000.0 4750000.0 0 0.19523 1.00000
3750000.0 4750000.0 0 0.14746 1.00000
3800000.0 4750000.0 0 0.09189 1.00000
3850000.0 4750000.0 0 0.07895 1.00000
3900000.0 4750000.0 0 0.08663 1.00000
3950000.0 4750000.0 0 0.17233 1.00000
4000000.0 4750000.0 0 0.14176 1.00000
4050000.0 4750000.0 0 0.18733 1.00000
4100000.0 4750000.0 0 0.14333 1.00000
4150000.0 4750000.0 0 0.16468 1.00000
4200000.0 4750000.0 0 0.08710 1.00000
4450000.0 4750000.0 0 0.06944 1.00000
4550000.0 4750000.0 0 0.07745 1.00000
4600000.0 4750000.0 0 0.05394 1.00000
4650000.0 4750000.0 0 0.05097 1.00000
4700000.0 4750000.0 0 0.08354 1.00000
4750000.0 4750000.0 0 0.10677 1.00000
4800000.0 4750000.0 0 0.06477 1.00000
4850000.0 4750000.0 0 0.11050 1.00000
4900000.0 4750000.0 0 -0.23250 1.00000
4950000.0 4750000.0 0 -0.08341 1.00000
1750000.0 4800000.0 0 0.14404 1.00000
1800000.0 4800000.0 0 0.10497 1.00000
1850000.0 4800000.0 0 -0.00366 1.00000
1900000.0 4800000.0 0 0.07459 1.00000
1950000.0 4800000.0 0 0.08442 1.00000
2000000.0 4800000.0 0 0.12863 1.00000
2050000.0 4800000.0 0 0.17208 1.00000
2100000.0 4800000.0 0 0.23093 1.00000
2150000.0 4800000.0 0 0.20566 1.00000
2200000.0 4800000.0 0 0.17199 1.00000
2250000.0 4800000.0 0 0.17530 1.00000
2300000.0 4800000.0 0 0.25350 1.00000
2350000.0 4800000.0 0 0.25801 1.00000
2400000.0 4800000.0 0 0.23993 1.00000
2450000.0 4800000.0 0 0.25267 1.00000
2500000.0 4800000.0 0 0.21803 1.00000
2550000.0 4800000.0 0 0.11698 1.00000
2600000.0 4800000.0 0 0.23742 1.00000
2650000.0 4800000.0 0 0.19728 1.00000
2700000.0 4800000.0 0 0.22212 1.00000
2750000.0 4800000.0 0 0.16095 1.00000
2800000.0 4800000.0 0 0.13002 1.00000
2850000.0 4800000.0 0 0.08421 1.00000
2900000.0 4800000.0 0 0.14261 1.00000
2950000.0 4800000.0 0 0.14186 1.00000
3000000.0 4800000.0 0 -0.04477 1.00000
3050000.0 4800000.0 0 0.09760 1.00000
3100000.0 4800000.0 0 0.13674 1.00000
3150000.0 4800000.0 0 0.08818 1.00000
3200000.0 4800000.0 0 0.13219 1.00000
3250000.0 4800000.0 0 0.05103 1.00000
3300000.0 4800000.0 0 0.07613 1.00000
3350000.0 4800000.0 0 0.11133 1.00000
3400000.0 4800000.0 0 0.17178 1.00000
3450000.0 4800000.0 0 0.06470 1.00000
3500000.0 4800000.0 0 0.13461 1.00000
3550000.0 4800000.0 0 0.12610 1.00000
3600000.0 4800000.0 0 0.12809 1.00000
3650000.0 4800000.0 0 0.25971 1.00000
3700000.0 4800000.0 0 0.18499 1.00000
3750000.0 4800000.0 0 0.13465 1.00000
3800000.0 4800000.0 0 0.10411 1.00000
3850000.0 4800000.0 0 0.10587 1.00000
3900000.0 4800000.0 0 0.11551 1.00000
3950000.0 4800000.0 0 0.03534 1.00000
4000000.0 4800000.0 0 0.17966 1.00000
4050000.0 4800000.0 0 0.11528 1.00000
4100000.0 4800000.0 0 0.10907 1.00000
4150000.0 4800000.0 0 0.18573 1.00000
4350000.0 4800000.0 0 0.11583 1.00000
4600000.0 4800000.0 0 0.08010 1.00000
4650000.0 4800000.0 0 0.03728 1.00000
4700000.0 4800000.0 0 0.09277 1.00000
4750000.0 4800000.0 0 0.02305 1.00000
4800000.0 4800000.0 0 0.11735 1.00000
1750000.0 4850000.0 0 -0.12529 1.00000
1800000.0 4850000.0 0 0.17812 1.00000
1850000.0 4850000.0 0 0.18135 1.00000
1900000.0 4850000.0 0 0.08319 1.00000
1950000.0 4850000.0 0 0.09770 1.00000
2000000.0 4850000.0 0 0.08657 1.00000
2050000.0 4850000.0 0 0.18335 1.00000
2100000.0 4850000.0 0 0.14704 1.00000
2150000.0 4850000.0 0 0.19784 1.00000
2200000.0 4850000.0 0 0.20817 1.00000
2250000.0 4850000.0 0 0.22961 1.00000
2300000.0 4850000.0 0 0.23718 1.00000
2350000.0 4850000.0 0 0.22771 1.00000
2400000.0 4850000.0 0 0.21961 1.00000
2450000.0 4850000.0 0 0.20011 1.00000
2500000.0 4850000.0 0 0.23569 1.00000
2550000.0 4850000.0 0 0.18999 1.00000
2600000.0 4850000.0 0 0.19755 1.00000
2650000.0 4850000.0 0 0.18933 1.00000
2700000.0 4850000.0 0 0.22457 1.00000
2750000.0 4850000.0 0 0.11576 1.00000
2800000.0 4850000.0 0 0.19420 1.00000
2850000.0 4850000.0 0 0.15002 1.00000
2900000.0 4850000.0 0 0.02776 1.00000
2950000.0 4850000.0 0 0.10055 1.00000
3000000.0 4850000.0 0 0.13441 1.00000
3050000.0 4850000.0 0 0.06592 1.00000
3100000.0 4850000.0 0 0.13425 1.00000
3150000.0 4850000.0 0 0.12690 1.00000
3200000.0 4850000.0 0 0.12180 1.00000
3250000.0 4850000.0 0 0.08273 1.00000
3300000.0 4850000.0 0 0.05401 1.00000
3350000.0 4850000.0 0 0.14125 1.00000
3400000.0 4850000.0 0 0.11302 1.00000
3450000.0 4850000.0 0 0.06729 1.00000
3500000.0 4850000.0 0 0.05111 1.00000
3550000.0 4850000.0 0 0.11100 1.00000
3600000.0 4850000.0 0 0.13734 1.00000
3650000.0 4850000.0 0 0.12721 1.00000
3700000.0 4850000.0 0 0.23385 1.00000
3750000.0 4850000.0 0 0.25532 1.00000
3800000.0 4850000.0 0 0.11211 1.00000
3850000.0 4850000.0 0 0.06771 1.00000
3900000.0 4850000.0 0 0.10567 1.00000
3950000.0 4850000.0 0 0.14532 1.00000
4000000.0 4850000.0 0 0.13160 1.00000
4050000.0 4850000.0 0 0.21162 1.00000
4100000.0 4850000.0 0 0.14745 1.00000
4150000.0 4850000.0 0 0.08844 1.00000
4300000.0 4850000.0 0 0.06493 1.00000
4350000.0 4850000.0 0 0.10479 1.00000
4400000.0 4850000.0 0 0.08314 1.00000
4450000.0 4850000.0 0 -0.05925 1.00000
4600000.0 4850000.0 0 0.09830 1.00000
4650000.0 4850000.0 0 0.00493 1.00000
4700000.0 4850000.0 0 -0.02094 1.00000
4750000.0 4850000.0 0 -0.01464 1.00000
4800000.0 4850000.0 0 -0.10230 1.00000
1750000.0 4900000.0 0 0.03316 1.00000
1800000.0 4900000.0 0 0.05663 1.00000
1850000.0 4900000.0 0 0.16884 1.00000
1900000.0 4900000.0 0 0.17276 1.00000
1950000.0 4900000.0 0 0.08986 1.00000
2000000.0 4900000.0 0 0.08950 1.00000
2050000.0 4900000.0 0 0.16110 1.00000
2100000.0 4900000.0 0 0.22086 1.00000
2150000.0 4900000.0 0 0.18520 1.00000
2200000.0 4900000.0 0 0.20364 1.00000
2250000.0 4900000.0 0 0.22168 1.00000
2300000.0 4900000.0 0 0.20611 1.00000
2350000.0 4900000.0 0 0.20998 1.00000
2400000.0 4900000.0 0 0.23101 1.00000
2500000.0 4900000.0 0 0.20443 1.00000
2550000.0 4900000.0 0 0.16836 1.00000
2600000.0 4900000.0 0 0.18238 1.00000
2650000.0 4900000.0 0 0.18538 1.00000
2700000.0 4900000.0 0 0.20442 1.00000
2750000.0 4900000.0 0 0.15716 1.00000
2800000.0 4900000.0 0 0.15179 1.00000
2850000.0 4900000.0 0 0.12960 1.00000
2900000.0 4900000.0 0 0.15452 1.00000
2950000.0 4900000.0 0 0.08941 1.00000
3000000.0 4900000.0 0 0.12064 1.00000
3050000.0 4900000.0 0 0.13926 1.00000
3100000.0 4900000.0 0 0.07618 1.00000
3150000.0 4900000.0 0 0.14695 1.00000
3200000.0 4900000.0 0 0.08897 1.00000
3250000.0 4900000.0 0 0.13035 1.00000
3300000.0 4900000.0 0 0.08396 1.00000
3350000.0 4900000.0 0 0.12866 1.00000
3400000.0 4900000.0 0 0.16687 1.00000
3450000.0 4900000.0 0 0.09120 1.00000
3500000.0 4900000.0 0 0.09216 1.00000
3550000.0 4900000.0 0 0.05035 1.00000
3600000.0 4900000.0 0 0.13684 1.00000
3650000.0 4900000.0 0 0.18935 1.00000
3700000.0 4900000.0 0 0.06092 1.00000
3750000.0 4900000.0 0 0.15483 1.00000
3800000.0 4900000.0 0 0.17242 1.00000
3850000.0 4900000.0 0 0.11436 1.00000
3900000.0 4900000.0 0 0.08469 1.00000
3950000.0 4900000.0 0 0.19375 1.00000
4000000.0 4900000.0 0 0.09289 1.00000
4050000.0 4900000.0 0 0.15951 1.00000
4100000.0 4900000.0 0 0.22115 1.00000
4150000.0 4900000.0 0 0.12387 1.00000
4200000.0 4900000.0 0 0.16470 1.00000
4250000.0 4900000.0 0 0.13427 1.00000
4300000.0 4900000.0 0 0.07815 1.00000
4350000.0 4900000.0 0 0.16557 1.00000
4400000.0 4900000.0 0 0.19955 1.00000
4750000.0 4900000.0 0 0.24655 1.00000
4800000.0 4900000.0 0 0.04210 1.00000
1750000.0 4950000.0 0 0.19687 1.00000
1800000.0 4950000.0 0 0.09272 1.00000
1850000.0 4950000.0 0 0.11190 1.00000
1900000.0 4950000.0 0 -0.06831 1.00000
1950000.0 4950000.0 0 0.05387 1.00000
2000000.0 4950000.0 0 -0.02118 1.00000
2050000.0 4950000.0 0 0.12214 1.00000
2100000.0 4950000.0 0 0.16704 1.00000
2150000.0 4950000.0 0 0.17738 1.00000
2200000.0 4950000.0 0 0.16611 1.00000
2250000.0 4950000.0 0 0.10966 1.00000
2300000.0 4950000.0 0 0.22188 1.00000
2350000.0 4950000.0 0 0.22361 1.00000
2400000.0 4950000.0 0 0.21911 1.00000
2450000.0 4950000.0 0 0.06257 1.00000
2500000.0 4950000.0 0 0.18622 1.00000
2550000.0 4950000.0 0 0.16437 1.00000
2600000.0 4950000.0 0 0.15799 1.00000
2650000.0 4950000.0 0 0.17913 1.00000
2700000.0 4950000.0 0 0.19718 1.00000
2750000.0 4950000.0 0 0.16354 1.00000
2800000.0 4950000.0 0 0.18244 1.00000
2850000.0 4950000.0 0 0.19600 1.00000
2900000.0 4950000.0 0 0.19536 1.00000
2950000.0 4950000.0 0 0.16930 1.00000
3000000.0 4950000.0 0 0.07936 1.00000
3050000.0 4950000.0 0 0.07261 1.00000
3100000.0 4950000.0 0 0.12942 1.00000
3150000.0 4950000.0 0 0.07744 1.00000
3200000.0 4950000.0 0 0.04143 1.00000
3250000.0 4950000.0 0 0.12803 1.00000
3300000.0 4950000.0 0 0.11047 1.00000
3350000.0 4950000.0 0 0.05156 1.00000
3400000.0 4950000.0 0 0.10054 1.00000
3450000.0 4950000.0 0 0.10074 1.00000
3500000.0 4950000.0 0 0.10562 1.00000
3600000.0 4950000.0 0 0.01700 1.00000
3650000.0 4950000.0 0 0.13892 1.00000
3700000.0 4950000.0 0 0.16294 1.00000
3750000.0 4950000.0 0 0.08625 1.00000
3800000.0 4950000.0 0 0.14987 1.00000
3850000.0 4950000.0 0 0.08782 1.00000
3900000.0 4950000.0 0 0.06622 1.00000
3950000.0 4950000.0 0 0.08459 1.00000
4000000.0 4950000.0 0 0.25467 1.00000
4050000.0 4950000.0 0 0.08500 1.00000
4100000.0 4950000.0 0 0.18521 1.00000
4150000.0 4950000.0 0 -0.06223 1.00000
4200000.0 4950000.0 0 0.19874 1.00000
4250000.0 4950000.0 0 0.07767 1.00000
4300000.0 4950000.0 0 0.22504 1.00000
4350000.0 4950000.0 0 0.11390 1.00000
4400000.0 4950000.0 0 0.15987 1.00000
4450000.0 4950000.0 0 0.05454 1.00000
1800000.0 5000000.0 0 0.05237 1.00000
1850000.0 5000000.0 0 -0.01338 1.00000
1900000.0 5000000.0 0 0.10247 1.00000
1950000.0 5000000.0 0 0.05437 1.00000
2000000.0 5000000.0 0 0.04540 1.00000
2050000.0 5000000.0 0 0.05007 1.00000
2100000.0 5000000.0 0 0.13019 1.00000
2150000.0 5000000.0 0 0.15969 1.00000
2200000.0 5000000.0 0 0.18503 1.00000
2300000.0 5000000.0 0 0.21780 1.00000
2350000.0 5000000.0 0 0.22246 1.00000
2400000.0 5000000.0 0 0.21676 1.00000
2450000.0 5000000.0 0 0.13527 1.00000
2500000.0 5000000.0 0 0.13199 1.00000
2550000.0 5000000.0 0 0.12883 1.00000
2600000.0 5000000.0 0 0.16398 1.00000
2650000.0 5000000.0 0 0.11134 1.00000
2700000.0 5000000.0 0 0.17007 1.00000
2750000.0 5000000.0 0 0.17485 1.00000
2800000.0 5000000.0 0 0.08949 1.00000
2850000.0 5000000.0 0 0.05393 1.00000
2900000.0 5000000.0 0 -0.05020 1.00000
2950000.0 5000000.0 0 0.15540 1.00000
3000000.0 5000000.0 0 0.02830 1.00000
3050000.0 5000000.0 0 0.08609 1.00000
3100000.0 5000000.0 0 0.15409 1.00000
3150000.0 5000000.0 0 0.16444 1.00000
3200000.0 5000000.0 0 0.05885 1.00000
3250000.0 5000000.0 0 0.07304 1.00000
3300000.0 5000000.0 0 0.06992 1.00000
3350000.0 5000000.0 0 0.04275 1.00000
3400000.0 5000000.0 0 0.05842 1.00000
3450000.0 5000000.0 0 0.11859 1.00000
3500000.0 5000000.0 0 0.12707 1.00000
3550000.0 5000000.0 0 0.06894 1.00000
3600000.0 5000000.0 0 0.13327 1.00000
3650000.0 5000000.0 0 0.19160 1.00000
3700000.0 5000000.0 0 0.22690 1.00000
3750000.0 5000000.0 0 0.17070 1.00000
3800000.0 5000000.0 0 0.15865 1.00000
3850000.0 5000000.0 0 0.09538 1.00000
3900000.0 5000000.0 0 0.12156 1.00000
3950000.0 5000000.0 0 0.16009 1.00000
4000000.0 5000000.0 0 0.06350 1.00000
4050000.0 5000000.0 0 0.03694 1.00000
4100000.0 5000000.0 0 0.06858 1.00000
4150000.0 5000000.0 0 0.11523 1.00000
4200000.0 5000000.0 0 0.13074 1.00000
4250000.0 5000000.0 0 0.29940 1.00000
4300000.0 5000000.0 0 0.19225 1.00000
4350000.0 5000000.0 0 0.09629 1.00000
4400000.0 5000000.0 0 0.22070 1.00000
1800000.0 5050000.0 0 0.23150 1.00000
1850000.0 5050000.0 0 0.03464 1.00000
1900000.0 5050000.0 0 0.04201 1.00000
1950000.0 5050000.0 0 0.09939 1.00000
2000000.0 5050000.0 0 -0.01502 1.00000
2050000.0 5050000.0 0 -0.14130 1.00000
2100000.0 5050000.0 0 0.13670 1.00000
2150000.0 5050000.0 0 0.05952 1.00000
2200000.0 5050000.0 0 0.18962 1.00000
2250000.0 5050000.0 0 0.26197 1.00000
2300000.0 5050000.0 0 0.19698 1.00000
2350000.0 5050000.0 0 0.17622 1.00000
2400000.0 5050000.0 0 0.18671 1.00000
2450000.0 5050000.0 0 0.14934 1.00000
2500000.0 5050000.0 0 0.18008 1.00000
2550000.0 5050000.0 0 0.17939 1.00000
2600000.0 5050000.0 0 0.14260 1.00000
2650000.0 5050000.0 0 0.08736 1.00000
2700000.0 5050000.0 0 0.00830 1.00000
2750000.0 5050000.0 0 0.04032 1.00000
2800000.0 5050000.0 0 0.11464 1.00000
2850000.0 5050000.0 0 0.03233 1.00000
2900000.0 5050000.0 0 0.13691 1.00000
2950000.0 5050000.0 0 0.04153 1.00000
3000000.0 5050000.0 0 0.10078 1.00000
3050000.0 5050000.0 0 0.07885 1.00000
3100000.0 5050000.0 0 0.11079 1.00000
3150000.0 5050000.0 0 0.13759 1.00000
3200000.0 5050000.0 0 0.13806 1.00000
3250000.0 5050000.0 0 0.15570 1.00000
3300000.0 5050000.0 0 0.11749 1.00000
3350000.0 5050000.0 0 0.07129 1.00000
3400000.0 5050000.0 0 0.05972 1.00000
3450000.0 5050000.0 0 0.11092 1.00000
3500000.0 5050000.0 0 0.11222 1.00000
3550000.0 5050000.0 0 0.12917 1.00000
3600000.0 5050000.0 0 0.13364 1.00000
3700000.0 5050000.0 0 0.15057 1.00000
3750000.0 5050000.0 0 0.16958 1.00000
3800000.0 5050000.0 0 0.19015 1.00000
3850000.0 5050000.0 0 0.16646 1.00000
3900000.0 5050000.0 0 0.08292 1.00000
4000000.0 5050000.0 0 0.12793 1.00000
4050000.0 5050000.0 0 0.07558 1.00000
4100000.0 5050000.0 0 0.11210 1.00000
4150000.0 5050000.0 0 0.10207 1.00000
4200000.0 5050000.0 0 0.09523 1.00000
4250000.0 5050000.0 0 0.13490 1.00000
4300000.0 5050000.0 0 0.16229 1.00000
4350000.0 5050000.0 0 0.09967 1.00000
4400000.0 5050000.0 0 0.07565 1.00000
4450000.0 5050000.0 0 0.01260 1.00000
1800000.0 5100000.0 0 0.14621 1.00000
1850000.0 5100000.0 0 -0.03391 1.00000
1900000.0 5100000.0 0 0.07165 1.00000
2000000.0 5100000.0 0 0.07546 1.00000
2050000.0 5100000.0 0 0.01590 1.00000
2100000.0 5100000.0 0 0.12576 1.00000
2150000.0 5100000.0 0 0.13326 1.00000
2200000.0 5100000.0 0 0.11002 1.00000
2250000.0 5100000.0 0 0.13697 1.00000
2300000.0 5100000.0 0 0.07323 1.00000
2350000.0 5100000.0 0 0.20430 1.00000
2400000.0 5100000.0 0 0.11704 1.00000
2450000.0 5100000.0 0 0.12003 1.00000
2500000.0 5100000.0 0 0.16699 1.00000
2550000.0 5100000.0 0 0.15729 1.00000
2600000.0 5100000.0 0 0.14645 1.00000
2650000.0 5100000.0 0 0.10903 1.00000
2700000.0 5100000.0 0 0.00192 1.00000
2750000.0 5100000.0 0 0.07068 1.00000
2800000.0 5100000.0 0 0.11252 1.00000
2850000.0 5100000.0 0 0.06446 1.00000
2900000.0 5100000.0 0 -0.04828 1.00000
2950000.0 5100000.0 0 0.10413 1.00000
3000000.0 5100000.0 0 0.12637 1.00000
3050000.0 5100000.0 0 0.08747 1.00000
3100000.0 5100000.0 0 0.10201 1.00000
3150000.0 5100000.0 0 0.08861 1.00000
3200000.0 5100000.0 0 0.19165 1.00000
3250000.0 5100000.0 0 0.13149 1.00000
3300000.0 5100000.0 0 0.01685 1.00000
3350000.0 5100000.0 0 0.06603 1.00000
3400000.0 5100000.0 0 0.17571 1.00000
3450000.0 5100000.0 0 -0.04916 1.00000
3500000.0 5100000.0 0 0.10248 1.00000
3550000.0 5100000.0 0 0.15010 1.00000
3600000.0 5100000.0 0 0.12448 1.00000
3650000.0 5100000.0 0 0.22027 1.00000
3700000.0 5100000.0 0 -0.07935 1.00000
3750000.0 5100000.0 0 0.16616 1.00000
3800000.0 5100000.0 0 0.10549 1.00000
3850000.0 5100000.0 0 0.20151 1.00000
3900000.0 5100000.0 0 0.17105 1.00000
3950000.0 5100000.0 0 0.10503 1.00000
4000000.0 5100000.0 0 0.00577 1.00000
4050000.0 5100000.0 0 0.08160 1.00000
4100000.0 5100000.0 0 0.08625 1.00000
4150000.0 5100000.0 0 0.11039 1.00000
4200000.0 5100000.0 0 0.07003 1.00000
4250000.0 5100000.0 0 0.12911 1.00000
4300000.0 5100000.0 0 0.18443 1.00000
4350000.0 5100000.0 0 0.08311 1.00000
2000000.0 5150000.0 0 -0.08590 1.00000
2050000.0 5150000.0 0 0.02627 1.00000
2100000.0 5150000.0 0 0.10103 1.00000
2150000.0 5150000.0 0 -0.09517 1.00000
2200000.0 5150000.0 0 -0.05470 1.00000
2250000.0 5150000.0 0 0.15906 1.00000
2300000.0 5150000.0 0 0.06866 1.00000
2350000.0 5150000.0 0 0.20212 1.00000
2400000.0 5150000.0 0 0.15385 1.00000
2500000.0 5150000.0 0 0.11577 1.00000
2550000.0 5150000.0 0 0.08016 1.00000
2600000.0 5150000.0 0 0.05757 1.00000
2650000.0 5150000.0 0 0.07544 1.00000
2700000.0 5150000.0 0 0.10581 1.00000
2750000.0 5150000.0 0 0.02304 1.00000
2800000.0 5150000.0 0 0.00207 1.00000
2850000.0 5150000.0 0 0.11791 1.00000
2900000.0 5150000.0 0 0.00360 1.00000
2950000.0 5150000.0 0 0.03301 1.00000
3000000.0 5150000.0 0 0.08395 1.00000
3050000.0 5150000.0 0 0.09001 1.00000
3100000.0 5150000.0 0 -0.02470 1.00000
3150000.0 5150000.0 0 0.10100 1.00000
3250000.0 5150000.0 0 0.06388 1.00000
3300000.0 5150000.0 0 0.03642 1.00000
3350000.0 5150000.0 0 0.10445 1.00000
3400000.0 5150000.0 0 0.11843 1.00000
3450000.0 5150000.0 0 0.02245 1.00000
3500000.0 5150000.0 0 0.11238 1.00000
3550000.0 5150000.0 0 0.02252 1.00000
3600000.0 5150000.0 0 0.12608 1.00000
3650000.0 5150000.0 0 0.15273 1.00000
3700000.0 5150000.0 0 0.16065 1.00000
3750000.0 5150000.0 0 0.04271 1.00000
3800000.0 5150000.0 0 0.13579 1.00000
3850000.0 5150000.0 0 0.08468 1.00000
3900000.0 5150000.0 0 0.19115 1.00000
3950000.0 5150000.0 0 0.13297 1.00000
4000000.0 5150000.0 0 0.15842 1.00000
4050000.0 5150000.0 0 0.11668 1.00000
4100000.0 5150000.0 0 0.07038 1.00000
4150000.0 5150000.0 0 0.08560 1.00000
4200000.0 5150000.0 0 0.09184 1.00000
4250000.0 5150000.0 0 0.14017 1.00000
4300000.0 5150000.0 0 0.13087 1.00000
4350000.0 5150000.0 0 0.13477 1.00000
2100000.0 5200000.0 0 0.12170 1.00000
2150000.0 5200000.0 0 0.04164 1.00000
2200000.0 5200000.0 0 0.03585 1.00000
2250000.0 5200000.0 0 0.01583 1.00000
2300000.0 5200000.0 0 0.09680 1.00000
2350000.0 5200000.0 0 0.09124 1.00000
2400000.0 5200000.0 0 0.17672 1.00000
2450000.0 5200000.0 0 -0.09000 1.00000
2500000.0 5200000.0 0 0.14263 1.00000
2550000.0 5200000.0 0 0.04664 1.00000
2600000.0 5200000.0 0 -0.02938 1.00000
2650000.0 5200000.0 0 0.04783 1.00000
2700000.0 5200000.0 0 0.13317 1.00000
2750000.0 5200000.0 0 -0.01803 1.00000
2800000.0 5200000.0 0 -0.16570 1.00000
2850000.0 5200000.0 0 0.02945 1.00000
2900000.0 5200000.0 0 -0.02741 1.00000
2950000.0 5200000.0 0 -0.02223 1.00000
3000000.0 5200000.0 0 0.15836 1.00000
3050000.0 5200000.0 0 0.13091 1.00000
3100000.0 5200000.0 0 0.11557 1.00000
3200000.0 5200000.0 0 0.10170 1.00000
3250000.0 5200000.0 0 -0.13764 1.00000
3300000.0 5200000.0 0 0.08152 1.00000
3350000.0 5200000.0 0 0.06490 1.00000
3400000.0 5200000.0 0 0.10398 1.00000
3450000.0 5200000.0 0 0.09372 1.00000
3500000.0 5200000.0 0 0.12980 1.00000
3550000.0 5200000.0 0 0.15751 1.00000
3600000.0 5200000.0 0 0.14185 1.00000
3650000.0 5200000.0 0 0.09869 1.00000
3700000.0 5200000.0 0 0.25333 1.00000
3750000.0 5200000.0 0 0.15944 1.00000
3800000.0 5200000.0 0 0.11323 1.00000
3850000.0 5200000.0 0 0.10338 1.00000
3900000.0 5200000.0 0 0.16349 1.00000
3950000.0 5200000.0 0 0.12460 1.00000
4000000.0 5200000.0 0 0.13000 1.00000
4050000.0 5200000.0 0 0.16174 1.00000
4100000.0 5200000.0 0 0.06176 1.00000
4200000.0 5200000.0 0 0.19019 1.00000
4250000.0 5200000.0 0 0.13940 1.00000
4300000.0 5200000.0 0 0.12768 1.00000
4350000.0 5200000.0 0 0.01263 1.00000
2200000.0 5250000.0 0 0.29505 1.00000
2350000.0 5250000.0 0 0.01457 1.00000
2400000.0 5250000.0 0 -0.02523 1.00000
2450000.0 5250000.0 0 -0.22257 1.00000
2500000.0 5250000.0 0 -0.10975 1.00000
2550000.0 5250000.0 0 0.12283 1.00000
2600000.0 5250000.0 0 0.14372 1.00000
2650000.0 5250000.0 0 -0.00324 1.00000
2700000.0 5250000.0 0 0.01488 1.00000
2750000.0 5250000.0 0 0.11014 1.00000
2800000.0 5250000.0 0 0.09073 1.00000
2850000.0 5250000.0 0 0.07480 1.00000
2900000.0 5250000.0 0 0.08377 1.00000
2950000.0 5250000.0 0 0.05848 1.00000
3000000.0 5250000.0 0 0.15978 1.00000
3100000.0 5250000.0 0 0.08460 1.00000
3150000.0 5250000.0 0 0.01339 1.00000
3200000.0 5250000.0 0 0.04684 1.00000
3250000.0 5250000.0 0 0.17237 1.00000
3300000.0 5250000.0 0 0.12174 1.00000
3350000.0 5250000.0 0 0.05923 1.00000
3400000.0 5250000.0 0 0.13297 1.00000
3450000.0 5250000.0 0 0.12121 1.00000
3500000.0 5250000.0 0 0.16960 1.00000
3550000.0 5250000.0 0 0.15555 1.00000
3600000.0 5250000.0 0 0.18304 1.00000
3650000.0 5250000.0 0 0.08727 1.00000
3700000.0 5250000.0 0 0.13528 1.00000
3750000.0 5250000.0 0 0.15342 1.00000
3800000.0 5250000.0 0 0.11172 1.00000
3850000.0 5250000.0 0 0.15796 1.00000
3900000.0 5250000.0 0 -0.05135 1.00000
3950000.0 5250000.0 0 0.13117 1.00000
4000000.0 5250000.0 0 0.11869 1.00000
4050000.0 5250000.0 0 0.14910 1.00000
4100000.0 5250000.0 0 0.07343 1.00000
4150000.0 5250000.0 0 0.07557 1.00000
4200000.0 5250000.0 0 0.05137 1.00000
4250000.0 5250000.0 0 -0.06586 1.00000
4300000.0 5250000.0 0 0.05883 1.00000
4350000.0 5250000.0 0 0.04188 1.00000
2550000.0 5300000.0 0 0.23110 1.00000
2600000.0 5300000.0 0 -0.13231 1.00000
2650000.0 5300000.0 0 -0.02113 1.00000
2700000.0 5300000.0 0 0.16310 1.00000
2750000.0 5300000.0 0 0.10890 1.00000
2800000.0 5300000.0 0 -0.03304 1.00000
2850000.0 5300000.0 0 -0.10084 1.00000
2900000.0 5300000.0 0 0.06663 1.00000
2950000.0 5300000.0 0 0.05065 1.00000
3000000.0 5300000.0 0 0.08580 1.00000
3050000.0 5300000.0 0 0.07936 1.00000
3100000.0 5300000.0 0 0.03838 1.00000
3150000.0 5300000.0 0 0.11940 1.00000
3200000.0 5300000.0 0 0.08419 1.00000
3250000.0 5300000.0 0 -0.01523 1.00000
3300000.0 5300000.0 0 0.10303 1.00000
3350000.0 5300000.0 0 0.13159 1.00000
3400000.0 5300000.0 0 0.07623 1.00000
3450000.0 5300000.0 0 0.12487 1.00000
3500000.0 5300000.0 0 0.14857 1.00000
3550000.0 5300000.0 0 0.09670 1.00000
3600000.0 5300000.0 0 0.07976 1.00000
3650000.0 5300000.0 0 0.08515 1.00000
3700000.0 5300000.0 0 0.08270 1.00000
3750000.0 5300000.0 0 0.14520 1.00000
3800000.0 5300000.0 0 0.17492 1.00000
3850000.0 5300000.0 0 0.06874 1.00000
3950000.0 5300000.0 0 0.11296 1.00000
4000000.0 5300000.0 0 0.10486 1.00000
4050000.0 5300000.0 0 0.08315 1.00000
4100000.0 5300000.0 0 0.06185 1.00000
4150000.0 5300000.0 0 0.02857 1.00000
4200000.0 5300000.0 0 0.05851 1.00000
4250000.0 5300000.0 0 0.07772 1.00000
4300000.0 5300000.0 0 0.06290 1.00000
4350000.0 5300000.0 0 0.09659 1.00000
2650000.0 5350000.0 0 0.16269 1.00000
2700000.0 5350000.0 0 -0.08100 1.00000
2750000.0 5350000.0 0 0.07020 1.00000
2800000.0 5350000.0 0 -0.04003 1.00000
2850000.0 5350000.0 0 0.13162 1.00000
2900000.0 5350000.0 0 -0.08274 1.00000
2950000.0 5350000.0 0 -0.17207 1.00000
3000000.0 5350000.0 0 -0.19730 1.00000
3050000.0 5350000.0 0 -0.03995 1.00000
3100000.0 5350000.0 0 -0.03757 1.00000
3150000.0 5350000.0 0 0.04019 1.00000
3200000.0 5350000.0 0 0.15604 1.00000
3250000.0 5350000.0 0 -0.03035 1.00000
3350000.0 5350000.0 0 0.10110 1.00000
3400000.0 5350000.0 0 0.03331 1.00000
3450000.0 5350000.0 0 0.14524 1.00000
3500000.0 5350000.0 0 0.14444 1.00000
3550000.0 5350000.0 0 0.14157 1.00000
3600000.0 5350000.0 0 0.17889 1.00000
3650000.0 5350000.0 0 0.17325 1.00000
3700000.0 5350000.0 0 0.22431 1.00000
3750000.0 5350000.0 0 0.19853 1.00000
3800000.0 5350000.0 0 0.15718 1.00000
3850000.0 5350000.0 0 0.14187 1.00000
3900000.0 5350000.0 0 0.14960 1.00000
3950000.0 5350000.0 0 0.07535 1.00000
4000000.0 5350000.0 0 0.14540 1.00000
4050000.0 5350000.0 0 0.04729 1.00000
4100000.0 5350000.0 0 0.11266 1.00000
4150000.0 5350000.0 0 0.15970 1.00000
4200000.0 5350000.0 0 0.10637 1.00000
2750000.0 5400000.0 0 -0.05156 1.00000
2800000.0 5400000.0 0 -0.00034 1.00000
2850000.0 5400000.0 0 0.02735 1.00000
2900000.0 5400000.0 0 -0.06348 1.00000
2950000.0 5400000.0 0 0.20380 1.00000
3000000.0 5400000.0 0 0.03489 1.00000
3050000.0 5400000.0 0 -0.08762 1.00000
3100000.0 5400000.0 0 -0.02280 1.00000
3150000.0 5400000.0 0 0.09587 1.00000
3200000.0 5400000.0 0 0.12363 1.00000
3250000.0 5400000.0 0 0.05420 1.00000
3300000.0 5400000.0 0 0.18158 1.00000
3350000.0 5400000.0 0 0.05213 1.00000
3400000.0 5400000.0 0 0.13929 1.00000
3450000.0 5400000.0 0 0.07394 1.00000
3500000.0 5400000.0 0 0.13819 1.00000
3550000.0 5400000.0 0 0.06289 1.00000
3600000.0 5400000.0 0 0.08064 1.00000
3650000.0 5400000.0 0 0.06058 1.00000
3700000.0 5400000.0 0 0.14540 1.00000
3750000.0 5400000.0 0 0.10966 1.00000
3800000.0 5400000.0 0 0.18681 1.00000
3850000.0 5400000.0 0 0.21629 1.00000
3900000.0 5400000.0 0 0.10327 1.00000
3950000.0 5400000.0 0 0.10339 1.00000
4000000.0 5400000.0 0 0.15877 1.00000
4050000.0 5400000.0 0 -0.00661 1.00000
2750000.0 5450000.0 0 -0.12390 1.00000
2800000.0 5450000.0 0 0.09936 1.00000
2850000.0 5450000.0 0 -0.05490 1.00000
2900000.0 5450000.0 0 -0.01241 1.00000
2950000.0 5450000.0 0 0.23768 1.00000
3000000.0 5450000.0 0 -0.09495 1.00000
3050000.0 5450000.0 0 0.16880 1.00000
3100000.0 5450000.0 0 0.11578 1.00000
3150000.0 5450000.0 0 0.02270 1.00000
3200000.0 5450000.0 0 -0.24220 1.00000
3250000.0 5450000.0 0 0.01323 1.00000
3350000.0 5450000.0 0 0.00585 1.00000
3400000.0 5450000.0 0 0.04859 1.00000
3450000.0 5450000.0 0 0.07852 1.00000
3500000.0 5450000.0 0 0.04443 1.00000
3550000.0 5450000.0 0 0.07921 1.00000
3600000.0 5450000.0 0 0.15009 1.00000
3650000.0 5450000.0 0 0.05872 1.00000
3700000.0 5450000.0 0 0.10272 1.00000
3750000.0 5450000.0 0 0.07948 1.00000
3800000.0 5450000.0 0 0.08119 1.00000
3850000.0 5450000.0 0 0.14400 1.00000
3900000.0 5450000.0 0 0.17266 1.00000
3950000.0 5450000.0 0 0.08702 1.00000
4000000.0 5450000.0 0 0.06409 1.00000
2950000.0 5500000.0 0 0.18456 1.00000
3000000.0 5500000.0 0 0.06828 1.00000
3050000.0 5500000.0 0 -0.05877 1.00000
3100000.0 5500000.0 0 0.09200 1.00000
3150000.0 5500000.0 0 0.11096 1.00000
3200000.0 5500000.0 0 0.06090 1.00000
3250000.0 5500000.0 0 0.10383 1.00000
3450000.0 5500000.0 0 -0.12495 1.00000
3500000.0 5500000.0 0 0.06958 1.00000
3550000.0 5500000.0 0 0.05332 1.00000
3600000.0 5500000.0 0 -0.01624 1.00000
3650000.0 5500000.0 0 -0.02260 1.00000
3700000.0 5500000.0 0 -0.03092 1.00000
3750000.0 5500000.0 0 -0.00478 1.00000
3800000.0 5500000.0 0 0.10958 1.00000
3850000.0 5500000.0 0 0.01742 1.00000
3900000.0 5500000.0 0 0.16425 1.00000
3950000.0 5500000.0 0 0.12123 1.00000
4000000.0 5500000.0 0 0.16034 1.00000
4050000.0 5500000.0 0 0.06602 1.00000
2950000.0 5550000.0 0 -0.03007 1.00000
3000000.0 5550000.0 0 0.13688 1.00000
3050000.0 5550000.0 0 0.16865 1.00000
3200000.0 5550000.0 0 -0.32020 1.00000
3250000.0 5550000.0 0 0.05365 1.00000
3300000.0 5550000.0 0 0.09271 1.00000
3350000.0 5550000.0 0 0.18006 1.00000
3400000.0 5550000.0 0 0.18845 1.00000
3500000.0 5550000.0 0 -0.07333 1.00000
3550000.0 5550000.0 0 0.07727 1.00000
3600000.0 5550000.0 0 0.09538 1.00000
3650000.0 5550000.0 0 -0.01213 1.00000
3700000.0 5550000.0 0 0.04091 1.00000
3750000.0 5550000.0 0 0.07502 1.00000
3800000.0 5550000.0 0 -0.03934 1.00000
3850000.0 5550000.0 0 0.08459 1.00000
3900000.0 5550000.0 0 0.10865 1.00000
3950000.0 5550000.0 0 0.15025 1.00000
4000000.0 5550000.0 0 0.08616 1.00000
4050000.0 5550000.0 0 -0.05756 1.00000
3000000.0 5600000.0 0 0.09936 1.00000
3250000.0 5600000.0 0 0.01030 1.00000
3300000.0 5600000.0 0 0.07801 1.00000
3350000.0 5600000.0 0 0.05926 1.00000
3400000.0 5600000.0 0 0.10748 1.00000
3450000.0 5600000.0 0 0.09277 1.00000
3500000.0 5600000.0 0 0.10470 1.00000
3550000.0 5600000.0 0 -0.05883 1.00000
3600000.0 5600000.0 0 0.05959 1.00000
3650000.0 5600000.0 0 -0.00020 1.00000
3700000.0 5600000.0 0 -0.23535 1.00000
3900000.0 5600000.0 0 0.04459 1.00000
3250000.0 5650000.0 0 -0.14145 1.00000
3300000.0 5650000.0 0 -0.02778 1.00000
3350000.0 5650000.0 0 -0.15307 1.00000
3400000.0 5650000.0 0 0.00475 1.00000
3500000.0 5650000.0 0 0.13338 1.00000
3200000.0 5700000.0 0 -0.03790 1.00000
3250000.0 5700000.0 0 0.02305 1.00000
3300000.0 5700000.0 0 0.00983 1.00000
3350000.0 5700000.0 0 0.06624 1.00000
3400000.0 5700000.0 0 0.17752 1.00000
3250000.0 5750000.0 0 0.02633 1.00000
3300000.0 5750000.0 0 0.04177 1.00000
3200000.0 5800000.0 0 0.08071 1.00000
3250000.0 5800000.0 0 0.32180 1.00000
3200000.0 5850000.0 0 0.17427 1.00000
2450000.0 6200000.0 0 0.16589 1.00000
