lon, lat, freeboard (m), standard deviation, count
-180 81.5 -0.0383752212389 0.132397105478	226
-178.5 81.5 -0.014414893617 0.12584441847	282
-177 81.5 -0.0202018518519 0.140778320062	243
-175.5 81.5 -0.0133200617284 0.131495920896	324
-174 81.5 0.0320390295359 0.149138464719	237
-172.5 81.5 -0.0338475903614 0.140757235799	249
-171 81.5 -0.003221875 0.134661903036	224
-169.5 81.5 -0.0327279411765 0.134566166768	272
-168 81.5 -0.0475751937984 0.124504756933	258
-166.5 81.5 0.00410236220472 0.144785495332	254
-165 81.5 0.00386205673759 0.146470240367	282
-163.5 81.5 0.0235355421687 0.146199259573	249
-162 81.5 0.0162260869565 0.136713470145	230
-160.5 81.5 -0.0372425742574 0.146338287275	202
-159 81.5 0.00848521126761 0.144952485342	142
-157.5 81.5 -0.0130477272727 0.129880575716	44
-156 81.5 0.0219747058824 0.130716996113	85
-154.5 81.5 0.0631975 0.156651502792	40
-153 81.5 0.0798969387755 0.146064375868	98
-151.5 81.5 0.0639006666667 0.16553477823	75
-150 81.5 0.087753539823 0.129115638182	113
-148.5 81.5 0.0277731707317 0.153562198199	82
-147 81.5 -0.017748630137 0.149651024139	73
-145.5 81.5 0.0316255725191 0.135280185081	131
-144 81.5 0.0700541916168 0.131982839955	167
-142.5 81.5 0.0371025 0.125057485491	80
-141 81.5 0.049811849711 0.130772486354	173
-139.5 81.5 0.0259996 0.129368942666	125
-138 81.5 0.138293832021 0.1089626336	381
-136.5 81.5 0.097126635514 0.106224133735	214
-135 81.5 0.148725765306 0.100576376543	392
-133.5 81.5 0.0839786713287 0.124239512337	143
-132 81.5 0.143427486911 0.0926471175225	191
-130.5 81.5 0.158226996805 0.10388771821	313
-129 81.5 0.132360176991 0.12303454161	226
-127.5 81.5 0.0823363247863 0.126165144174	117
-126 81.5 0.100040566038 0.169555230237	106
-124.5 81.5 0.11558115942 0.144490524429	138
-123 81.5 0.161003256705 0.110828566675	261
-121.5 81.5 0.12123875 0.106703864628	240
-120 81.5 0.15612 0.124337905512	270
-118.5 81.5 0.169277205882 0.114507247852	272
-117 81.5 0.128831140351 0.106641255187	228
-115.5 81.5 0.164195248869 0.109662680888	221
-114 81.5 0.164125824176 0.116669016032	182
-112.5 81.5 0.129540526316 0.124944341957	190
-111 81.5 0.142219565217 0.136656096214	207
-109.5 81.5 0.175947572816 0.109139114823	206
-108 81.5 0.215520616114 0.127170671556	211
-106.5 81.5 0.211225 0.110568399652	308
-105 81.5 0.163288888889 0.118447351711	180
-103.5 81.5 0.149352884615 0.122563159667	208
-102 81.5 0.273083333333 0.142352334894	264
-100.5 81.5 0.239734841076 0.120886446941	409
-99 81.5 0.278230097087 0.154194816407	206
-97.5 81.5 0.295616037736 0.213132206628	106
-96 81.5 0.363756804734 0.188238702668	338
-94.5 81.5 0.325762121212 0.171477178266	264
-93 81.5 0.250408558559 0.197875650183	222
-91.5 81.5 0.191579787234 0.121097680136	329
-90 81.5 0.259290869565 0.241865530603	115
-64.5 81.5 0.00624347826087 0.18455777584	46
-63 81.5 -0.130994444444 0.111584027879	9
-12 81.5 0.187570689655 0.178980953455	29
-10.5 81.5 0.0926996753247 0.11634691372	308
-9 81.5 0.0302876146789 0.15365935135	109
-7.5 81.5 0.10498 0.133991425884	20
-6 81.5 0.0538078947368 0.146244834756	38
-4.5 81.5 0.123317213115 0.166011426034	61
-3 81.5 0.0175458333333 0.150663327669	144
-1.5 81.5 0.127495296167 0.118356571178	287
0 81.5 0.10393172043 0.102264948887	93
1.5 81.5 0.126057594937 0.0869163534997	79
3 81.5 0.0860922818792 0.134869914894	149
4.5 81.5 0.0370677966102 0.101572557226	118
6 81.5 0.044575 0.1037632862	104
7.5 81.5 0.0781612676056 0.12082623361	71
9 81.5 -0.02845 NaN	1
10.5 81.5 -0.06295 0.178061135569	6
12 81.5 0.0104 0.190680596138	40
13.5 81.5 0.0169127659574 0.120058328104	94
15 81.5 0.0408676470588 0.12799552008	119
16.5 81.5 0.0476591954023 0.064215372774	87
18 81.5 0.227492727273 0.0958322439648	110
19.5 81.5 0.114467891374 0.113037927034	313
21 81.5 0.100255681818 0.0945842848414	176
22.5 81.5 0.0218833333333 0.0725235565179	81
24 81.5 0.125024242424 0.0784503533563	66
25.5 81.5 0.0276912698413 0.102230576319	189
27 81.5 0.0826611111111 0.142229830368	45
28.5 81.5 0.00887307692308 0.181021703246	26
30 81.5 0.0805 0.0763932915903	6
60 81.5 0.0374962962963 0.119962538877	108
61.5 81.5 0.0931822033898 0.118640531183	236
63 81.5 0.0476428571429 0.129075117255	112
88.5 81.5 0.158708333333 0.0996308774549	12
90 81.5 0.212383744856 0.174319171069	243
91.5 81.5 0.107715306122 0.107672772569	441
93 81.5 -0.0163562753036 0.102006786659	494
94.5 81.5 0.00272480769231 0.0827538197429	520
96 81.5 0.0618151260504 0.111620359828	238
97.5 81.5 0.104724624374 0.080512997915	599
99 81.5 0.078537394958 0.0812902509593	833
100.5 81.5 0.00163220338983 0.0717268715249	472
102 81.5 -0.0356417857143 0.0801353016037	280
103.5 81.5 -0.0226514492754 0.147710880051	138
105 81.5 -0.0141179012346 0.156215063156	81
106.5 81.5 -0.0206741758242 0.126343652473	91
108 81.5 -0.0236134615385 0.134367122841	104
109.5 81.5 -0.00100350877193 0.148617397462	114
111 81.5 -0.0134274566474 0.128631125797	173
112.5 81.5 0.0336684931507 0.141305231864	146
114 81.5 -0.0277827433628 0.136941611282	113
115.5 81.5 -0.0405108938547 0.137878467619	179
117 81.5 -0.0407469135802 0.124323353202	324
118.5 81.5 -0.0483656146179 0.125021767926	301
120 81.5 -0.0484661347518 0.115881407217	564
121.5 81.5 -0.0312360759494 0.122091976665	553
123 81.5 -0.0183808641975 0.13192448277	648
124.5 81.5 -0.00502356828194 0.127081157976	454
126 81.5 -0.0526711038961 0.100618243805	308
127.5 81.5 -0.0127165625 0.113244329471	320
129 81.5 -0.0116446308725 0.113129379338	298
130.5 81.5 0.0366189655172 0.145060535138	116
132 81.5 0.107298076923 0.165224664924	104
133.5 81.5 0.0690483606557 0.194153839908	122
135 81.5 0.107947402597 0.162073164094	77
136.5 81.5 0.0933965909091 0.166437670463	88
138 81.5 0.0682937086093 0.148872792041	151
139.5 81.5 0.0892557142857 0.16031264096	105
141 81.5 0.0871293103448 0.156259754232	58
142.5 81.5 0.0239666666667 0.153051566382	72
144 81.5 -0.0306033333333 0.213268622924	15
145.5 81.5 0.0745166666667 0.158438570803	66
147 81.5 0.07140625 0.142803123608	80
148.5 81.5 0.0283882978723 0.172450496429	47
150 81.5 0.0880216666667 0.174618798463	60
151.5 81.5 0.0833477272727 0.188723402771	88
153 81.5 0.0299195652174 0.155302929602	138
154.5 81.5 -0.030735046729 0.176147527044	107
156 81.5 0.0239055555556 0.169902276634	144
157.5 81.5 0.00650274725275 0.154912897173	182
159 81.5 0.0253065420561 0.168821163619	214
160.5 81.5 0.0346108 0.164095291894	125
162 81.5 0.0266486206897 0.158161739029	145
163.5 81.5 0.00183956043956 0.167956866177	182
165 81.5 0.00890784313725 0.137908724461	306
166.5 81.5 0.00614677419355 0.144907507022	217
168 81.5 0.0301470711297 0.165283167103	239
169.5 81.5 -0.00292640117994 0.133921972019	339
171 81.5 -0.0276897637795 0.144129244651	254
172.5 81.5 -0.00275224489796 0.1263099475	490
174 81.5 0.0338741860465 0.148341841943	430
175.5 81.5 0.018797766323 0.157106782334	291
177 81.5 0.0428893305439 0.129504890571	239
178.5 81.5 0.00033776119403 0.148386186146	335
-180 81 0.031387755102 0.162083430568	196
-178.5 81 0.00202938931298 0.161651043784	131
-177 81 0.0186077181208 0.159328252521	149
-175.5 81 0.018602398524 0.158911336751	271
-174 81 0.0113126086957 0.12843739879	230
-172.5 81 0.0446851724138 0.135298209161	290
-171 81 -0.016462173913 0.139764078915	230
-169.5 81 0.011595505618 0.137591080905	178
-168 81 -0.0203118705036 0.134791142462	139
-166.5 81 -0.0163068862275 0.160256640364	167
-165 81 0.00830488721805 0.142552153431	266
-163.5 81 0.0624590909091 0.162755405747	143
-162 81 0.0381809597523 0.127839836111	323
-160.5 81 -0.00967899408284 0.135924084378	169
-159 81 0.0252032467532 0.154425191891	77
-157.5 81 -0.0226176470588 0.147190675595	34
-156 81 0.0695409090909 0.163357153043	44
-154.5 81 -0.00798829787234 0.162200996557	47
-153 81 -0.0244245098039 0.152174366886	51
-151.5 81 -0.0169637931034 0.133405123387	29
-150 81 0.044145890411 0.138600138727	73
-148.5 81 -0.00682076923077 0.135648347902	65
-147 81 -0.00972246376812 0.163759971303	69
-145.5 81 0.0398296875 0.133878540286	64
-144 81 0.0742471830986 0.160513018584	71
-142.5 81 0.047321641791 0.132571987084	67
-141 81 0.0738873626374 0.110936763417	91
-139.5 81 0.137110946746 0.106023239879	169
-138 81 0.0797494152047 0.121601688503	171
-136.5 81 0.0864713740458 0.118827185447	131
-135 81 0.0991922413793 0.120686000161	116
-133.5 81 0.0923964912281 0.130293023862	114
-132 81 0.0994338709677 0.103587634912	93
-130.5 81 0.0644735955056 0.133276980914	89
-129 81 0.0550292207792 0.145827627461	77
-127.5 81 0.126241176471 0.132487775539	68
-126 81 0.0957632352941 0.122957659565	136
-124.5 81 0.15015239521 0.144629784111	167
-123 81 0.115888317757 0.116428250353	107
-121.5 81 0.142614516129 0.112027207816	155
-120 81 0.142563333333 0.117725328175	180
-118.5 81 0.169188216561 0.116457654093	157
-117 81 0.164367525773 0.1082922246	194
-115.5 81 0.120829259259 0.11261033932	135
-114 81 0.166961111111 0.118882827992	108
-112.5 81 0.143733168317 0.130472414762	101
-111 81 0.217108649789 0.111192886973	237
-109.5 81 0.108409433962 0.164821484255	106
-108 81 0.215790506329 0.125973926402	79
-106.5 81 0.255963131313 0.120302838806	198
-105 81 0.16655 0.134106054429	134
-103.5 81 0.204298951049 0.100481439932	286
-102 81 0.255932178218 0.130796798113	303
-100.5 81 0.297060576923 0.185608016816	104
-99 81 0.282379411765 0.152089554391	68
-97.5 81 0.239141729323 0.15164222849	133
-96 81 0.355301898734 0.174589650915	158
-94.5 81 0.288563636364 0.215441189181	22
-91.5 81 0.55251 0.25818274962	140
-90 81 0.564258333333 0.355254048556	12
-88.5 81 0.61195 0.0429734801942	11
-87 81 0.266700724638 0.321270206791	69
-64.5 81 -0.00425 0.160515315988	4
-15 81 0.0295 0.314096084025	4
-13.5 81 -0.0360485294118 0.124843287964	204
-12 81 -0.0750714285714 0.105229013987	196
-10.5 81 -0.0594489130435 0.137484027086	184
-9 81 0.00927193548387 0.136536133494	155
-7.5 81 0.00858855421687 0.163861309464	83
-6 81 0.063974 0.11122261191	25
-4.5 81 0.12303 0.218422774555	10
-3 81 0.0364277173913 0.167160402641	184
-1.5 81 0.154844117647 0.142263719287	187
0 81 0.080636 0.142251431627	50
1.5 81 0.0896041284404 0.114384102376	109
3 81 0.0915649425287 0.093749703291	87
4.5 81 -0.00262719298246 0.0983793111166	114
6 81 0.0212923913043 0.0797412094731	184
7.5 81 -0.00547394366197 0.139167503868	71
10.5 81 0.44057 0.0306847193241	5
12 81 0.102175 0.22867265359	4
13.5 81 -0.0728115384615 0.0851989391411	13
15 81 0.0858257009346 0.0703066421634	107
16.5 81 0.169257692308 0.0453367445749	65
18 81 0.176311589404 0.0467347534652	151
19.5 81 0.108561428571 0.0431075315613	35
90 81 -0.123581818182 0.0438981981013	22
91.5 81 0.0362756198347 0.116594354158	121
93 81 -0.0618310408922 0.0899253179636	269
94.5 81 -0.0639663568773 0.0738199379498	269
96 81 0.0477141791045 0.101454763321	67
97.5 81 0.0348373076923 0.148972848814	260
99 81 0.038295 0.1151004076	180
100.5 81 -0.00540829596413 0.103106711584	223
102 81 -0.0868066666667 0.0907296155794	150
103.5 81 -0.0142555555556 0.132587269254	36
105 81 0.0693147058824 0.13310153991	17
106.5 81 0.0082375 0.12736763928	8
108 81 -0.0273791666667 0.165917691693	24
109.5 81 0.0896706896552 0.130633947074	29
111 81 0.06 0.106197264988	12
112.5 81 0.022695 0.15010470405	60
114 81 0.119996666667 0.150475075614	15
115.5 81 0.015643877551 0.143777305245	49
117 81 -0.0230411564626 0.124073985841	147
118.5 81 -0.0407427536232 0.124862250686	207
120 81 -0.0408366071429 0.129258537981	336
121.5 81 -0.0585439759036 0.122038404979	332
123 81 -0.0098103960396 0.134623970106	303
124.5 81 -0.00203729508197 0.141704530751	244
126 81 -0.0309798507463 0.124988566713	134
127.5 81 -0.00846677419355 0.0969285691064	155
129 81 0.103206190476 0.125532355562	105
130.5 81 0.0836326086957 0.178074360628	46
132 81 0.0439054054054 0.169690134312	74
133.5 81 0.0625686666667 0.112717733674	75
135 81 0.072597311828 0.112887823882	93
136.5 81 0.0868679104478 0.157968604404	67
138 81 0.142846341463 0.152734287503	82
139.5 81 0.0372441176471 0.137757245802	68
141 81 0.0489956140351 0.169899417797	57
142.5 81 0.0858080645161 0.139796012453	62
144 81 0.0767891304348 0.155161538015	46
145.5 81 0.074666 0.132355819607	75
147 81 0.0805214285714 0.17070739805	42
148.5 81 0.098775 0.150033030005	28
150 81 0.0746223076923 0.152069997768	65
151.5 81 0.0995007692308 0.160268089973	65
153 81 0.0379681818182 0.178609072328	77
154.5 81 0.0182623893805 0.168565525164	113
156 81 -0.00170940594059 0.170436266198	101
157.5 81 -0.00870131578947 0.148853610023	152
159 81 -0.0192660714286 0.158099001686	112
160.5 81 -0.00989532374101 0.169831610645	139
162 81 -0.0241071428571 0.167129109521	119
163.5 81 -0.0375815412186 0.115650861991	279
165 81 -0.0414358024691 0.140205226627	162
166.5 81 -0.0230525641026 0.149491713616	234
168 81 0.008373 0.145221395945	200
169.5 81 0.00122859531773 0.128744079463	299
171 81 0.00499759358289 0.152844593687	187
172.5 81 0.000480769230769 0.13419322342	260
174 81 -0.0391197947214 0.138863418709	341
175.5 81 -0.0181117391304 0.141244960544	230
177 81 -0.0022521978022 0.14450562013	182
178.5 81 -0.00670302013423 0.184956594089	149
-180 80.5 -0.0338856164384 0.128859003878	73
-178.5 80.5 -0.0103424528302 0.146958750091	106
-177 80.5 -0.0205402255639 0.139721580763	133
-175.5 80.5 0.000322121212121 0.170423189761	165
-174 80.5 -0.0165045 0.1157428721	200
-172.5 80.5 -0.0185958646617 0.12681828775	133
-171 80.5 -0.042103164557 0.136635731179	79
-169.5 80.5 0.0201082417582 0.171375680283	91
-168 80.5 -0.0306139240506 0.108093379788	158
-166.5 80.5 -0.0203033898305 0.131445817821	118
-165 80.5 0.0248682795699 0.137909961921	93
-163.5 80.5 -0.0127719512195 0.142816037264	82
-162 80.5 0.010385 0.137924376592	140
-160.5 80.5 0.0594302083333 0.108890570487	96
-159 80.5 -0.0681941176471 0.146301262844	34
-157.5 80.5 0.0318642857143 0.172716312256	56
-156 80.5 0.0636382352941 0.0986087273163	17
-154.5 80.5 0.00910862068966 0.161559762311	29
-153 80.5 -0.0189633333333 0.118593727616	30
-151.5 80.5 -0.0598670731707 0.144210528226	41
-150 80.5 0.10701 0.139967482923	30
-148.5 80.5 0.0203311320755 0.167123045477	53
-147 80.5 0.100041549296 0.0910355752245	142
-145.5 80.5 0.081451369863 0.0960161799055	73
-144 80.5 0.125540909091 0.0768426893666	11
-142.5 80.5 0.087759 0.131653045015	100
-141 80.5 0.12086369863 0.0958236675322	146
-139.5 80.5 0.000209090909091 0.141878226321	22
-138 80.5 0.0376833333333 0.115144475095	24
-136.5 80.5 0.0130096153846 0.115872474289	52
-135 80.5 0.0578177419355 0.122736105351	93
-133.5 80.5 0.0678753333333 0.110787537221	75
-132 80.5 0.124405833333 0.099147972596	120
-130.5 80.5 0.123472627737 0.0977967249487	137
-129 80.5 -0.0735576923077 0.160524232135	13
-127.5 80.5 0.00737647058824 0.135751065198	34
-126 80.5 0.136695918367 0.117593312953	98
-124.5 80.5 0.13085942029 0.092780795653	138
-123 80.5 0.116096464646 0.11910717461	99
-121.5 80.5 0.184977192982 0.110843154183	114
-120 80.5 0.1053 0.11773718434	60
-118.5 80.5 0.126262977099 0.123483153879	131
-117 80.5 0.154015151515 0.127016570079	66
-115.5 80.5 0.120886082474 0.0976986738497	97
-114 80.5 0.133721428571 0.0907699279259	63
-112.5 80.5 0.0508833333333 0.101271385376	42
-111 80.5 0.110430165289 0.137960743583	121
-109.5 80.5 0.00411842105263 0.140724384101	19
-108 80.5 0.144372222222 0.0979140034086	36
-106.5 80.5 0.231532278481 0.154101237102	158
-105 80.5 0.208893220339 0.126724687439	118
-103.5 80.5 0.215397619048 0.120714695443	63
-102 80.5 0.182775396825 0.143115357225	63
-100.5 80.5 0.294947647059 0.112287649298	85
-99 80.5 0.301625247525 0.169514814931	101
-97.5 80.5 0.262915562914 0.110718983043	151
-96 80.5 0.273960227273 0.15643616012	88
-90 80.5 0.7471 0.102035508525	2
-87 80.5 -0.29115 NaN	1
-69 80.5 -0.141722413793 0.117592601494	29
-67.5 80.5 -0.0009875 0.205075093825	8
-16.5 80.5 -0.07305 0.122357127568	7
-15 80.5 -0.0253602564103 0.120364324211	78
-13.5 80.5 -0.080522972973 0.117568898044	185
-12 80.5 -0.0756617647059 0.105364980432	238
-10.5 80.5 -0.0466951086957 0.115936918867	184
-9 80.5 -0.0508710526316 0.148689321041	57
-7.5 80.5 0.0253515873016 0.183699403385	63
-6 80.5 0.051273 0.165508638644	100
-4.5 80.5 0.0120809090909 0.162077103134	55
-3 80.5 0.0779528169014 0.12833702054	213
-1.5 80.5 0.0397228448276 0.103914610694	232
0 80.5 0.0619769230769 0.160565576507	52
1.5 80.5 0.1482625 0.183156579676	8
4.5 80.5 0.090575862069 0.0839032014536	58
6 80.5 0.165338785047 0.0897950289912	107
24 80.5 -0.0907214285714 0.120346702419	28
93 80.5 0.0144681818182 0.13459272505	11
97.5 80.5 0.0747697452229 0.124043029362	157
99 80.5 -0.0197106635071 0.115218765492	211
100.5 80.5 -0.0786833333333 0.113546195638	294
102 80.5 0.00459112554113 0.0970797206985	231
103.5 80.5 0.0938669014085 0.107971391648	142
105 80.5 0.004 0.10077315965	18
106.5 80.5 -0.0700333333333 0.192373152146	6
108 80.5 -0.12275 0.0944881297659	4
109.5 80.5 -0.0949416666667 0.161821486709	12
111 80.5 0.0610423076923 0.206853790802	13
112.5 80.5 0.120716666667 0.0838975764449	3
114 80.5 -0.00196666666667 0.177658304718	18
115.5 80.5 -0.00730833333333 0.217222891219	12
117 80.5 -0.0632443396226 0.146495080536	53
118.5 80.5 0.0156291044776 0.129684995437	67
120 80.5 -0.0351691616766 0.125921419814	167
121.5 80.5 -0.0291335249042 0.132547210155	261
123 80.5 -0.0173859605911 0.130441710503	203
124.5 80.5 -0.0237845588235 0.112544648215	272
126 80.5 0.026721875 0.148114609086	192
127.5 80.5 0.0797598591549 0.161006065684	71
129 80.5 0.150254761905 0.125735112344	21
130.5 80.5 -0.0233337837838 0.119331267472	37
132 80.5 0.0906791666667 0.13057562353	24
133.5 80.5 0.0520444444444 0.151765314625	54
135 80.5 0.031643220339 0.162550546902	59
136.5 80.5 0.0365942622951 0.116258918826	122
138 80.5 0.0628072463768 0.100007966754	138
139.5 80.5 0.0853970588235 0.181647228829	51
141 80.5 0.109525862069 0.115927777442	58
142.5 80.5 0.0999487179487 0.1293446423	78
144 80.5 0.0790370967742 0.244148292017	31
145.5 80.5 0.0531375 0.203079051726	8
147 80.5 0.00785434782609 0.194195549238	23
148.5 80.5 0.0939208333333 0.0988194333958	24
150 80.5 0.0857777777778 0.151959157847	18
151.5 80.5 0.239460526316 0.29170950332	19
153 80.5 -0.00811363636364 0.101046790413	22
154.5 80.5 0.02245 0.297390105753	9
156 80.5 -0.00548076923077 0.158436145837	13
157.5 80.5 0.0160402777778 0.155872128126	72
159 80.5 -0.0208730769231 0.154378013601	143
160.5 80.5 -0.00873384615385 0.1405651146	130
162 80.5 -0.0181048611111 0.142846248622	144
163.5 80.5 -0.0136651515152 0.136345543444	99
165 80.5 -0.0477217171717 0.142639202357	99
166.5 80.5 -0.03203 0.133034608279	105
168 80.5 -0.016180472103 0.134653999352	233
169.5 80.5 0.00107743362832 0.133871497718	113
171 80.5 -0.0376010204082 0.140901684115	98
172.5 80.5 -0.0376761538462 0.146782797164	130
174 80.5 -0.0323965240642 0.123686132976	187
175.5 80.5 -0.062370754717 0.132584249382	106
177 80.5 -0.0192346666667 0.124530402065	150
178.5 80.5 -0.0466669934641 0.122409671203	153
-180 80 -0.0229688235294 0.135865325909	85
-178.5 80 0.017475 0.184686921156	40
-177 80 0.0434367768595 0.140293484609	121
-175.5 80 0.00273798076923 0.131456787411	208
-174 80 -0.016025 0.114491112163	192
-172.5 80 -0.0497310126582 0.127795482722	79
-171 80 -0.0608656626506 0.154011166432	83
-169.5 80 -0.0322641891892 0.114818737366	148
-168 80 -0.0326839622642 0.111437987142	53
-166.5 80 -0.0349843283582 0.127173700769	67
-165 80 -0.0689033333333 0.141279597408	30
-163.5 80 0.0171992537313 0.181973052761	67
-162 80 0.0192235849057 0.137937497204	53
-160.5 80 -0.0339651515152 0.16727569332	33
-159 80 -0.000784482758621 0.178177155574	29
-157.5 80 0.0491035714286 0.16559452666	56
-156 80 0.000279411764706 0.10887065592	102
-154.5 80 0.0497 0.122127221516	52
-153 80 0.0350593023256 0.140032970291	43
-151.5 80 0.0351244186047 0.113923015136	43
-150 80 0.118838372093 0.105958977258	43
-148.5 80 0.0651934782609 0.125857624561	23
-147 80 0.0442882352941 0.0902919876801	34
-145.5 80 0.0544590909091 0.11119693345	22
-144 80 -0.105546153846 0.140106652178	26
-142.5 80 0.017554 0.0981362629517	50
-141 80 0.0182542553191 0.116370891046	94
-139.5 80 -0.00308448275862 0.152712201954	29
-138 80 -0.0667357142857 0.0791719106033	7
-136.5 80 -0.0693125 0.142736472937	24
-135 80 0.0606566666667 0.122667433593	30
-133.5 80 -0.0110115384615 0.165995282046	26
-132 80 0.0375605263158 0.115762271309	57
-130.5 80 0.06946875 0.0879152239718	80
-129 80 0.13515 0.088431463373	71
-127.5 80 0.0891051020408 0.109393530928	49
-126 80 0.139218148148 0.119238073437	135
-124.5 80 0.0727694444444 0.130708776285	108
-123 80 0.0786558823529 0.0986052735146	68
-121.5 80 0.134230246914 0.109777894428	81
-120 80 0.133662195122 0.103207652805	41
-118.5 80 0.167190909091 0.0968002040481	110
-117 80 0.18145304878 0.0961981559354	164
-115.5 80 0.120705434783 0.107319907275	92
-114 80 0.130875 0.130251156279	100
-112.5 80 0.140473529412 0.127022499551	85
-111 80 0.0981125 0.142728230681	16
-109.5 80 0.108495 0.159902810975	60
-108 80 0.179777272727 0.16205380994	22
-106.5 80 0.0957777777778 0.16467963984	36
-105 80 0.223883333333 0.1399203698	30
-103.5 80 0.248476470588 0.123482184481	34
-102 80 0.155510714286 0.0953027465411	84
-100.5 80 0.1911 0.15351086664	18
-99 80 0.33603 0.155585949832	150
-97.5 80 0.172096511628 0.065131549479	43
-70.5 80 -0.024325 0.148764437159	20
-69 80 0.020073255814 0.161477384984	129
-67.5 80 -0.0333105263158 0.126133713991	38
-66 80 0.28095 0.181066507118	48
-18 80 -0.02325 0.350442120756	2
-16.5 80 0.0918261904762 0.192032614169	21
-15 80 0.0841877192982 0.133016918473	114
-13.5 80 -0.0152462616822 0.169561670155	107
-12 80 -0.0619378787879 0.112860282226	198
-10.5 80 -0.0548314634146 0.126504192552	205
-9 80 -0.00701953125 0.141455203426	128
-7.5 80 0.06955 0.181176443381	100
-6 80 0.0678923076923 0.166417080979	52
-4.5 80 0.0771681818182 0.144486303001	44
-3 80 0.0798655555556 0.145196194784	45
-1.5 80 -0.0244486111111 0.0803190407556	72
0 80 0.0606 0.20032335111	2
1.5 80 0.118556666667 0.0795775405022	15
18 80 0.0264357142857 0.119138501069	35
24 80 -0.123581428571 0.0647552803726	35
97.5 80 0.219826470588 0.121811021116	119
99 80 0.242956521739 0.129115886624	46
100.5 80 -0.00330468164794 0.138212902155	267
102 80 -0.00293933333333 0.136994631329	150
103.5 80 0.0579320512821 0.109129721994	195
105 80 0.0782561403509 0.0783932454706	114
106.5 80 0.01883 0.0625757489392	350
108 80 0.0102739263804 0.0489667408344	163
111 80 0.05065 0.220051630305	2
112.5 80 0.14345 NaN	1
114 80 -0.00895 NaN	1
115.5 80 0.0373439393939 0.177220856101	33
117 80 0.01784375 0.152698727074	32
118.5 80 0.0579161971831 0.142298266171	71
120 80 0.0391687969925 0.138016669585	133
121.5 80 -0.00939074074074 0.140218489471	162
123 80 -0.00123977272727 0.157687616435	88
124.5 80 -0.0201467391304 0.149888217287	92
126 80 0.0636158227848 0.190773957991	79
127.5 80 0.0960294117647 0.127954567539	102
129 80 0.091596 0.155939732223	50
130.5 80 0.124468181818 0.146728192624	22
132 80 0.0648211864407 0.145834293683	118
133.5 80 0.0264746153846 0.154511041303	65
135 80 0.0366222891566 0.14179568805	83
136.5 80 0.0877743243243 0.118107937412	74
138 80 0.108142307692 0.189054306402	13
139.5 80 -0.011537755102 0.150213146663	49
141 80 0.0677022727273 0.115459736702	88
142.5 80 0.104773376623 0.140169398357	77
144 80 0.0387118181818 0.139630515728	55
145.5 80 0.0889028089888 0.128490774421	89
147 80 0.104270833333 0.199251457862	24
148.5 80 0.0317 0.160318695677	50
150 80 0.0945744444444 0.142276731241	45
151.5 80 0.0161435483871 0.180570012157	31
153 80 0.0136 0.116668872088	8
154.5 80 0.057325 0.130257277759	12
156 80 0.0534413043478 0.107653555923	23
157.5 80 -0.0347605263158 0.127096546394	19
159 80 0.042922972973 0.139719309189	37
160.5 80 -0.00904761904762 0.175686563319	42
162 80 -0.0269871428571 0.141495356785	70
163.5 80 -0.069359375 0.11746910468	32
165 80 0.0628821428571 0.1466553002	28
166.5 80 0.00503709677419 0.13757437374	93
168 80 -0.0243373563218 0.137555219191	87
169.5 80 -0.0458608333333 0.114518239563	120
171 80 0.0250734375 0.115190576034	64
172.5 80 -0.00368188405797 0.0892983869375	69
174 80 -0.0686342592593 0.124187864293	108
175.5 80 -0.0707441935484 0.116838267747	155
177 80 -0.00160630252101 0.140787759266	119
178.5 80 -0.0285052631579 0.145715450734	114
-180 79.5 -0.0093676056338 0.134412046329	142
-178.5 79.5 0.0282061643836 0.132180812596	73
-177 79.5 0.000286956521739 0.135945651491	46
-175.5 79.5 0.00686086956522 0.154557980819	46
-174 79.5 0.018641954023 0.138851441626	87
-172.5 79.5 0.0123916666667 0.127804383139	144
-171 79.5 -0.0419820987654 0.133406415538	81
-169.5 79.5 -0.0603844262295 0.128333370414	61
-168 79.5 -0.0295691489362 0.119849424802	47
-166.5 79.5 0.0048 0.141843555759	30
-165 79.5 -0.00694482758621 0.148586309518	58
-163.5 79.5 0.049975 0.112100701322	20
-162 79.5 0.0448602564103 0.126956962859	39
-160.5 79.5 0.0145444444444 0.181857297186	36
-159 79.5 0.09863 0.0749036685053	10
-157.5 79.5 0.11975 0.0791228299685	10
-156 79.5 0.055565 0.13544803441	40
-154.5 79.5 0.0684178571429 0.156997051631	56
-153 79.5 0.0891181818182 0.159139924614	22
-151.5 79.5 0.104462903226 0.142772057822	31
-150 79.5 0.048402173913 0.116319133381	23
-148.5 79.5 0.0165318181818 0.128227632109	11
-147 79.5 -0.08286 0.149042778721	10
-145.5 79.5 0.0809951612903 0.16443726836	31
-144 79.5 0.00237361111111 0.107898060254	72
-142.5 79.5 0.0695970588235 0.128870313565	34
-141 79.5 0.124395945946 0.111354565327	37
-139.5 79.5 0.0803662393162 0.073700663167	117
-138 79.5 0.0843464285714 0.0836472310345	56
-136.5 79.5 0.0586289473684 0.124654346891	19
-135 79.5 0.0536115384615 0.121592050068	39
-133.5 79.5 0.0904868421053 0.1097725669	38
-132 79.5 0.0977131578947 0.104983968144	19
-130.5 79.5 0.045734375 0.0989615080249	32
-129 79.5 0.0564818181818 0.128977168116	66
-127.5 79.5 0.104116666667 0.107545301973	114
-126 79.5 0.120747787611 0.103491285492	226
-124.5 79.5 0.0987322033898 0.0894168014493	118
-123 79.5 0.102618235294 0.102950936317	85
-121.5 79.5 0.153385 0.101477990224	100
-120 79.5 0.171521428571 0.0929693193572	154
-118.5 79.5 0.186041860465 0.111720069676	172
-117 79.5 0.217493902439 0.0921225513571	82
-115.5 79.5 0.0310318181818 0.0760114178026	11
-114 79.5 0.160320588235 0.129272438353	51
-112.5 79.5 0.0856617647059 0.154882081763	34
-111 79.5 0.10175 0.102573276943	15
-109.5 79.5 0.124731666667 0.167156506884	60
-108 79.5 0.18195 NaN	1
-106.5 79.5 0.201527777778 0.18553288602	27
-105 79.5 0.371054347826 0.295983204357	115
-103.5 79.5 0.237153333333 0.177701263231	30
-102 79.5 0.224485238095 0.107487194211	105
-100.5 79.5 0.125516176471 0.145833816288	68
-99 79.5 0.102163333333 0.190987144498	45
-97.5 79.5 0.183134146341 0.142550390891	82
-96 79.5 0.06105 NaN	1
-75 79.5 2.1746 0.150260191002	2
-73.5 79.5 0.339716666667 0.726164288115	3
-72 79.5 -0.00892373737374 0.139891398538	99
-70.5 79.5 0.112390495868 0.0713160758079	242
-69 79.5 0.118395454545 0.306276166954	44
-67.5 79.5 -0.07645 NaN	1
-66 79.5 0.15075 0.532734248946	2
-18 79.5 -0.04295 NaN	1
-15 79.5 0.0169771186441 0.125333751447	59
-13.5 79.5 -0.0330851955307 0.128746729167	179
-12 79.5 -0.0562925531915 0.124440559433	188
-10.5 79.5 -0.0561136363636 0.141638560164	99
-9 79.5 -0.0549308219178 0.14668807103	73
-7.5 79.5 -0.0417434065934 0.130119015437	91
-6 79.5 -0.0351225 0.167460213396	40
-4.5 79.5 0.0674357142857 0.198058549452	14
-3 79.5 0.00786208791209 0.108667792259	91
-1.5 79.5 0.07125 0.144181659406	12
0 79.5 0.15371 0.0833253846324	30
1.5 79.5 -0.00795 NaN	1
100.5 79.5 0.32515 0.602950484424	4
102 79.5 -0.0833479104478 0.071254160684	335
103.5 79.5 -0.0445913881748 0.0693658993966	389
105 79.5 -0.00234219512195 0.0545606366213	410
106.5 79.5 0.0088678125 0.0658682052695	320
108 79.5 -0.00122874015748 0.0687003467895	254
109.5 79.5 0.0168663265306 0.070142083026	49
111 79.5 0.112915116279 0.0795076940223	258
112.5 79.5 0.0448110859729 0.0658019710032	221
114 79.5 0.0639772727273 0.21354912358	11
115.5 79.5 0.02005 0.272372942856	4
117 79.5 0.105175925926 0.144930425198	27
118.5 79.5 0.239864285714 0.101314435111	7
120 79.5 0.219844736842 0.155487607486	19
121.5 79.5 0.137115384615 0.12307735435	26
123 79.5 0.20323 0.0882539129039	15
124.5 79.5 -0.100726 0.152187837009	25
126 79.5 -0.0368571428571 0.130437618468	56
127.5 79.5 -0.0319032258065 0.154910557713	62
129 79.5 0.158989285714 0.155417698452	28
130.5 79.5 0.0750719178082 0.140431038084	73
132 79.5 0.0884709302326 0.14907034223	43
133.5 79.5 0.0920159574468 0.123787953823	47
135 79.5 -0.0251919354839 0.165789066335	31
136.5 79.5 -0.0615040229885 0.0847071573877	87
138 79.5 -0.0183761682243 0.0935238213388	107
139.5 79.5 -0.0660437888199 0.0819142704978	161
141 79.5 0.0392489130435 0.122491524259	92
142.5 79.5 0.00386317829457 0.102703004292	129
144 79.5 0.00584738562092 0.0817313385651	153
145.5 79.5 -0.00756136363636 0.145172925299	44
147 79.5 0.0722983870968 0.143068680907	62
148.5 79.5 0.0429766666667 0.168213890815	75
150 79.5 0.0872763157895 0.131243513457	19
151.5 79.5 0.0771333333333 0.147392049419	24
153 79.5 0.0868119047619 0.16606757503	21
154.5 79.5 0.0216214285714 0.155819508277	35
156 79.5 0.05215 0.160095169613	7
157.5 79.5 0.0239888888889 0.164469396899	18
159 79.5 0.11569 0.0275786692935	5
160.5 79.5 0.0697048387097 0.134330961531	31
162 79.5 0.0505928571429 0.0978841127242	7
163.5 79.5 -0.021808974359 0.157905950886	39
165 79.5 0.00035 0.147893937047	66
166.5 79.5 -0.0249783333333 0.142994826375	60
168 79.5 -0.0204537037037 0.162928584845	54
169.5 79.5 -0.061343877551 0.112794217878	49
171 79.5 -0.0616619565217 0.118183795065	92
172.5 79.5 -0.005125 0.116699113562	100
174 79.5 -0.0547807692308 0.131472228288	104
175.5 79.5 -0.057657079646 0.104781959615	226
177 79.5 0.0238413043478 0.138840316381	69
178.5 79.5 -0.0228123376623 0.166400246741	77
-180 79 -0.106126923077 0.149042977662	39
-178.5 79 0.0519666666667 0.142832122825	60
-177 79 0.00298571428571 0.111624846786	84
-175.5 79 -0.0469212328767 0.11247376173	73
-174 79 -0.0207806122449 0.163084064728	49
-172.5 79 -0.000788271604938 0.120061345328	81
-171 79 -0.0321617647059 0.142172668671	85
-169.5 79 -0.0360857142857 0.102207056415	28
-168 79 -0.0964181818182 0.131956697033	22
-166.5 79 -0.10231 0.135742551964	30
-165 79 -0.0379438461538 0.112901891698	65
-163.5 79 0.06317 0.162184737774	25
-162 79 0.0735574074074 0.125877733492	27
-160.5 79 0.0258566666667 0.216383955923	15
-157.5 79 0.105377777778 0.135484476235	18
-156 79 0.0463166666667 0.191804256838	18
-154.5 79 0.10475 0.139450825481	12
-153 79 0.113292857143 0.17909613779	21
-151.5 79 -0.015778 0.134124784933	25
-150 79 0.043265 0.162328935952	20
-148.5 79 0.0421772727273 0.118607138468	33
-147 79 0.106455263158 0.170132018914	19
-145.5 79 -0.0225765306122 0.162290756021	49
-144 79 0.0851818181818 0.162942217004	22
-142.5 79 -0.09665 0.113102814583	16
-141 79 0.00553 0.159715241997	20
-139.5 79 0.0932 0.148733673774	8
-138 79 0.0772625 0.0935386684746	16
-136.5 79 0.0308448717949 0.145753353214	39
-135 79 -0.01712 0.185437199186	20
-133.5 79 0.123968181818 0.197644457641	11
-132 79 -0.0411772727273 0.145478184088	33
-130.5 79 -0.0129976190476 0.123756436677	21
-129 79 0.100481372549 0.112610671768	51
-127.5 79 0.0675173076923 0.120028339245	104
-126 79 0.0990444444444 0.088998309114	54
-124.5 79 0.0982479166667 0.0990116122686	96
-123 79 0.0674987179487 0.0790425297639	39
-121.5 79 0.0897397435897 0.114815136988	39
-120 79 0.129519047619 0.118812659031	84
-118.5 79 0.104321052632 0.16626439691	38
-117 79 0.155976262626 0.0984476039922	99
-115.5 79 0.1984046875 0.105107033776	64
-114 79 0.09434 0.144491318078	10
-112.5 79 0.116502173913 0.101633002288	23
-111 79 0.1760375 0.0657217171652	8
-109.5 79 0.104885483871 0.169885943206	31
-108 79 0.159073809524 0.179575812932	42
-106.5 79 0.155107692308 0.0765785514257	26
-105 79 0.117027777778 0.139019070434	9
-102 79 0.428326744186 0.192632743146	43
-100.5 79 0.0947870967742 0.13752567359	62
-99 79 0.114819387755 0.126659820326	49
-97.5 79 0.0975628205128 0.104748386665	78
-96 79 0.379742753623 0.39233092237	138
-94.5 79 -0.124316666667 0.0932477768035	12
-93 79 -0.22045 NaN	1
-87 79 0.580664285714 0.253536168381	28
-84 79 -0.2476 0.0433754654154	6
-75 79 0.101608064516 0.326828181949	31
-73.5 79 -0.0986851190476 0.114593688524	336
-72 79 -0.0466525641026 0.17945329914	39
-70.5 79 -0.04177 0.240481341992	105
-69 79 0.0326333333333 0.241409173967	24
-67.5 79 0.28815 NaN	1
-19.5 79 -0.0266166666667 0.0995139119253	6
-18 79 0.158583333333 0.0899295205517	6
-16.5 79 -0.0454535294118 0.153924453111	170
-15 79 0.00365111111111 0.160258907442	90
-13.5 79 0.0237257281553 0.134342359303	103
-12 79 -0.0534011111111 0.155851712325	90
-10.5 79 -0.0258615384615 0.173363240226	26
-9 79 -0.0442413043478 0.170148058138	69
-7.5 79 0.0242198113208 0.138920510731	53
-6 79 0.0348657894737 0.207603114759	38
-4.5 79 -0.0690222222222 0.117052072619	54
-3 79 -0.0470112676056 0.0736533223515	142
-1.5 79 0.21525 NaN	1
0 79 0.0449142857143 0.0977035438074	14
90 79 -0.00235 0.0994046276589	7
99 79 0.00489615384615 0.0546764109926	39
100.5 79 -0.0241051282051 0.09802079922	312
105 79 -0.00565625 0.0781363054278	416
106.5 79 0.0104230769231 0.0769828554141	598
108 79 -0.00207738853503 0.0992540702592	157
109.5 79 0.0136019685039 0.0834931019396	127
111 79 0.0307962555066 0.0582135337851	454
112.5 79 -0.0108435483871 0.146724965045	62
114 79 0.0715878787879 0.128534265728	66
115.5 79 -0.0802 0.0619657182488	22
117 79 -0.13387 0.143337458468	5
118.5 79 -0.0931833333333 0.259703240899	3
120 79 -0.2088 0.12027886348	2
121.5 79 0.0521833333333 0.191727250715	6
123 79 0.193631818182 0.0759174659506	11
124.5 79 0.215766666667 0.0858503994863	30
126 79 0.042318 0.209429993713	25
127.5 79 -0.00230625 0.139212207169	16
129 79 0.2515875 0.0927771052038	8
130.5 79 0.27145 0.0310285352539	3
132 79 -0.0883833333333 0.115528778521	6
133.5 79 0.0269803030303 0.163168385964	33
135 79 0.00542834645669 0.0671394764063	254
136.5 79 0.0204268 0.0653546446711	250
138 79 -0.00441571428571 0.105942743472	70
139.5 79 0.0155240740741 0.0649332828761	27
141 79 0.0487861445783 0.104356025897	83
142.5 79 -0.03853625 0.0805823688097	80
144 79 -0.0159923208191 0.0713032967023	293
145.5 79 0.019878343949 0.0843699550898	314
147 79 -0.0457378787879 0.11838352334	33
148.5 79 0.01685 0.142970622857	21
150 79 -0.0392184210526 0.129756811222	19
153 79 0.138907142857 0.145277278235	21
154.5 79 -0.0437125 0.122816561722	16
156 79 0.05845 0.162129495569	10
157.5 79 0.0444078947368 0.121453847274	19
159 79 0.109664285714 0.0945166727544	7
160.5 79 0.113858333333 0.0742583507191	12
162 79 0.00740185185185 0.153276081657	27
163.5 79 0.0416272727273 0.108881709216	22
165 79 0.01876 0.152343255807	40
166.5 79 0.0391196428571 0.115099503071	56
168 79 0.00161823529412 0.1286795431	85
169.5 79 0.00538333333333 0.139140915571	39
171 79 -0.0624028301887 0.126205451552	53
172.5 79 -0.0276914893617 0.135160004272	94
174 79 -0.0675788288288 0.116278266857	111
175.5 79 -0.0391795857988 0.113000276866	169
177 79 -0.0140494791667 0.107245390434	192
178.5 79 -0.0276846534653 0.119057609111	101
-180 78.5 -0.03495 0.170675514354	26
-178.5 78.5 0.005138 0.188980411948	25
-177 78.5 -0.0461134615385 0.0983573676753	52
-175.5 78.5 -0.0700205882353 0.127493770565	34
-174 78.5 -0.097 0.0999717669447	44
-172.5 78.5 -0.09393 0.212221056919	5
-171 78.5 -0.0474833333333 0.088882044681	51
-169.5 78.5 -0.0370666666667 0.134851701771	18
-168 78.5 0.0752879310345 0.185991152658	29
-166.5 78.5 0.008175 0.154316656713	52
-165 78.5 -0.13165 0.124504671934	4
-163.5 78.5 0.050025 0.0891454149129	8
-162 78.5 -0.0105136363636 0.168540121471	11
-160.5 78.5 0.0407785714286 0.204961119872	14
-159 78.5 -0.01165 0.198465557836	18
-157.5 78.5 0.026 0.240965779728	6
-156 78.5 0.111835 0.183920704524	20
-154.5 78.5 0.07425 0.158989605149	23
-153 78.5 0.0595181818182 0.106040730658	22
-151.5 78.5 0.0341357142857 0.15788392813	7
-150 78.5 0.0762846153846 0.118520260342	52
-148.5 78.5 0.0791434782609 0.185746993279	46
-147 78.5 0.05059 0.181144039372	5
-145.5 78.5 -0.05753 0.133994596906	5
-144 78.5 -0.00644428571429 0.129476711381	35
-142.5 78.5 -0.11103 0.153029966564	10
-141 78.5 0.0537566666667 0.08406384875	15
-139.5 78.5 0.0118964285714 0.11907370363	56
-138 78.5 -0.07595 0.160997119539	9
-136.5 78.5 0.02508125 0.0737862292369	16
-135 78.5 -0.04527 0.147935885512	10
-133.5 78.5 -0.00520490196078 0.0888198115596	51
-132 78.5 0.0658982758621 0.134367432334	29
-130.5 78.5 0.0150642857143 0.225784834364	7
-129 78.5 0.0134964285714 0.133433102901	28
-127.5 78.5 0.0869390243902 0.0912320335854	82
-126 78.5 0.054867721519 0.127520879899	79
-124.5 78.5 0.08215 0.138579068027	43
-123 78.5 0.0701075757576 0.123143191274	66
-121.5 78.5 0.119247297297 0.12970353479	37
-120 78.5 0.115109259259 0.0899248757372	27
-118.5 78.5 0.142336813187 0.0838980415727	91
-117 78.5 0.148188095238 0.114261610639	168
-115.5 78.5 0.129343220339 0.124353431887	118
-114 78.5 0.121055479452 0.139780270912	73
-112.5 78.5 0.152713380282 0.100531171057	71
-109.5 78.5 0.00871 0.0892039673416	20
-108 78.5 0.0114928571429 0.101324131004	7
-106.5 78.5 0.13128 0.148816740357	20
-105 78.5 -0.078174 0.113465825545	25
-99 78.5 0.230858547009 0.142528799943	468
-97.5 78.5 0.00399285714286 0.0742455802757	7
-96 78.5 0.459627586207 0.445923617109	58
-94.5 78.5 0.1001 0.117702721577	16
-93 78.5 0.227172222222 0.167007423419	18
-90 78.5 0.72725 NaN	1
-88.5 78.5 0.621875 0.161291571808	12
-87 78.5 0.278375 0.295645000269	20
-73.5 78.5 0.039475 0.0529828589581	84
-72 78.5 0.308266666667 0.625962610438	6
-21 78.5 0.33395 NaN	1
-19.5 78.5 0.16481 0.401038966935	5
-18 78.5 0.197530769231 0.154542187791	78
-16.5 78.5 -0.0169406666667 0.107140246385	150
-15 78.5 -0.0377813432836 0.117146148305	201
-13.5 78.5 0.0395939506173 0.119849376567	405
-12 78.5 0.00371473214286 0.119406848535	224
-10.5 78.5 0.0333915384615 0.152672060152	130
-9 78.5 -0.0566014285714 0.104423226432	35
-7.5 78.5 0.0330982142857 0.172753401746	56
-6 78.5 0.0417316666667 0.2532748594	60
-4.5 78.5 0.092955 0.158614944126	20
-3 78.5 0.13063 0.0951506542279	5
15 78.5 0.34907 0.110912744985	5
87 78.5 -0.17235 NaN	1
88.5 78.5 0.0152 0.0426026156139	8
90 78.5 0.16335 NaN	1
96 78.5 -0.125866666667 0.124941096788	6
99 78.5 -0.0235166666667 0.0458615948518	18
100.5 78.5 0.89255 NaN	1
105 78.5 -0.00146162790698 0.0868357000972	172
106.5 78.5 0.101407692308 0.0990849085687	624
108 78.5 -0.0100899408284 0.0615295892921	338
109.5 78.5 -0.0635807952623 0.056257205633	591
111 78.5 -0.0474072 0.0687823168891	250
112.5 78.5 -0.0188375 0.13861211027	56
114 78.5 0.0352583333333 0.115725984143	24
115.5 78.5 -0.000263114754098 0.129139276849	61
117 78.5 -0.0421351851852 0.141838558563	27
118.5 78.5 -0.162192857143 0.0873594653743	7
120 78.5 -0.0648607142857 0.0900963538331	56
121.5 78.5 0.1018875 0.18552709419	8
123 78.5 -0.06453125 0.142409598079	16
124.5 78.5 0.29385 0.0479418397644	2
126 78.5 0.0203 0.352492730421	2
127.5 78.5 -0.13085 NaN	1
129 78.5 -0.02725 0.109087380877	7
130.5 78.5 -0.0306386363636 0.10313291315	44
132 78.5 -0.0276242857143 0.115825498419	35
133.5 78.5 0.0227033333333 0.110846360911	45
135 78.5 0.0046793877551 0.0685596960299	245
136.5 78.5 0.0465245819398 0.0625363584667	299
138 78.5 0.0857092982456 0.0694965205295	285
139.5 78.5 0.10025 0.127559241139	10
142.5 78.5 -0.07951 0.245432145409	5
144 78.5 0.01811 0.0767766056587	35
145.5 78.5 0.0332432642487 0.0390450875354	193
150 78.5 -0.19765 NaN	1
151.5 78.5 0.0303426829268 0.168060495641	41
153 78.5 0.28755 NaN	1
156 78.5 -0.20015 NaN	1
157.5 78.5 0.0246 0.112825950029	6
159 78.5 0.0866605263158 0.181890778872	19
160.5 78.5 0.0742166666667 0.138722818359	21
162 78.5 0.05395 0.00580430874437	3
163.5 78.5 -0.0604 0.144273619012	8
165 78.5 -0.04625 0.184500401576	12
166.5 78.5 0.053785 0.164123642494	40
168 78.5 -0.0147240740741 0.137489405445	27
169.5 78.5 -0.0433375 0.110161104967	64
171 78.5 -0.0266416666667 0.131321120575	60
172.5 78.5 -0.0682411764706 0.165855204042	34
174 78.5 -0.0774531914894 0.119867946564	94
175.5 78.5 -0.0464135714286 0.112777041907	140
177 78.5 -0.0501002793296 0.092710175662	179
178.5 78.5 -0.0211460784314 0.152819342965	51
-180 78 -0.00997394366197 0.143446703358	71
-178.5 78 -0.023475 0.0988101673244	4
-177 78 0.0282 0.184746961442	22
-175.5 78 -0.01695 NaN	1
-174 78 -0.108958 0.15685443071	25
-172.5 78 -0.118723333333 0.162495619575	15
-171 78 -0.113533333333 0.149587657756	18
-169.5 78 -0.157283333333 0.0946305377067	6
-168 78 0.0273916666667 0.175781638602	12
-166.5 78 0.02811 0.152061907992	30
-165 78 0.0420738095238 0.11531914804	21
-163.5 78 0.08443 0.1019041931	15
-162 78 0.0138833333333 0.147382716083	9
-160.5 78 0.011125 0.126555452273	4
-159 78 0.0969875 0.106719779095	8
-157.5 78 -0.0307277777778 0.179523875695	9
-156 78 -0.09475 0.210196764961	5
-154.5 78 0.0610876470588 0.100858126401	85
-153 78 0.022764084507 0.132196884873	71
-151.5 78 -0.00575 0.0699350055409	5
-150 78 0.132772222222 0.0955562239964	9
-148.5 78 0.192463043478 0.101142389748	23
-147 78 0.0846574074074 0.141794960109	27
-145.5 78 -0.0484375 0.143932915301	8
-144 78 0.0659088235294 0.104759868621	17
-142.5 78 0.1053625 0.16606975675	8
-141 78 0.0210375 0.159608604091	16
-139.5 78 0.00507972972973 0.117491138826	37
-136.5 78 0.0494462264151 0.104837205232	53
-135 78 0.00248191489362 0.144973029135	47
-133.5 78 0.0141833333333 0.130216916661	27
-132 78 0.0346833333333 0.13008844107	9
-130.5 78 -0.130583333333 0.110580121782	3
-129 78 0.0750583333333 0.174559624918	12
-127.5 78 0.0850363636364 0.177689041642	22
-126 78 -0.0349970588235 0.0974820824411	17
-124.5 78 0.1287 0.0415071680557	2
-123 78 0.101418181818 0.118158708388	22
-121.5 78 0.0307881578947 0.134019740802	76
-120 78 0.0862563492063 0.0940008216728	63
-118.5 78 0.177058333333 0.135177113823	24
-117 78 0.10595 0.068048365153	8
-115.5 78 0.132931355932 0.0969582126033	59
-114 78 0.0680022123894 0.0747175181426	113
-112.5 78 0.0875359649123 0.0884941451627	57
-111 78 0.02456875 0.100445913929	16
-109.5 78 0.0170802325581 0.166138040045	43
-108 78 0.0124083333333 0.178025072077	12
-106.5 78 0.120633333333 0.238571275863	6
-105 78 -0.0262811320755 0.112092512271	106
-103.5 78 -0.00147222222222 0.144181445957	72
-102 78 0.00835327868852 0.097102225574	244
-100.5 78 -0.0227693370166 0.130225862816	181
-99 78 0.132874375 0.101614964323	160
-97.5 78 0.0359391447368 0.12433115148	304
-94.5 78 -0.209459090909 0.0631780730087	11
-93 78 0.149820731707 0.127092026193	41
-91.5 78 0.0215811538462 0.079866144234	260
-90 78 -0.0703851724138 0.0877930296758	290
-88.5 78 0.309282432432 0.279958223127	37
-72 78 -0.132447979798 0.0674349391361	99
-21 78 -0.0494166666667 0.251957959456	3
-19.5 78 -0.24365 NaN	1
-18 78 0.10025 NaN	1
-16.5 78 -0.0686417460317 0.0808838157569	315
-15 78 -0.001788 0.0753373383197	500
-13.5 78 0.0398945205479 0.114136710414	292
-12 78 0.0351815789474 0.169691727543	95
-10.5 78 0.055344017094 0.132481760157	117
-9 78 0.0208805555556 0.166577060365	36
-7.5 78 0.0237946428571 0.18791657619	56
-6 78 0.0962368852459 0.104175124151	61
-4.5 78 0.179687142857 0.0456967872028	245
88.5 78 0.01319 0.0923215792759	15
91.5 78 -0.165425 0.152600161096	4
93 78 0.00542261904762 0.0673272449752	84
100.5 78 -0.0922409090909 0.114349791907	11
103.5 78 -0.165343992933 0.139429172642	283
105 78 -0.0986297520661 0.0762691670451	484
106.5 78 0.0189352272727 0.120096939331	88
108 78 -0.0301157084189 0.0608443192741	487
109.5 78 -0.0581843868521 0.0968486856114	791
111 78 -0.0895080286169 0.0828516177298	629
112.5 78 -0.0867723376623 0.0738573080179	385
114 78 -0.00520538922156 0.100006977013	334
115.5 78 -0.00175147783251 0.104454279864	203
117 78 -0.0222278481013 0.099540724709	158
118.5 78 0.0128189361702 0.0673664853407	235
120 78 -0.0160989130435 0.106674102128	92
121.5 78 0.0572203703704 0.19564727448	27
123 78 -0.0281738636364 0.0973329833811	88
124.5 78 -0.0109973684211 0.113985439462	19
126 78 0.0165 0.249495064079	6
130.5 78 -0.0203303030303 0.106437907099	66
132 78 0.00852380073801 0.0710438634456	271
133.5 78 0.00503039215686 0.0633719572709	255
135 78 0.0121357142857 0.0826213004359	21
139.5 78 0.170603225806 0.0460658677304	62
141 78 -0.2152 0.0611929462166	4
142.5 78 -0.02745 0.0797616449178	2
147 78 -0.0177128205128 0.0644817705216	78
148.5 78 -0.0130784210526 0.113429550414	95
150 78 0.0996914634146 0.0865098737692	82
151.5 78 -0.0528289473684 0.0554541038804	95
153 78 -0.0835117647059 0.0760623827494	34
154.5 78 -0.0870045454545 0.184355452122	11
156 78 -0.0313166666667 0.198542304476	6
157.5 78 -0.09875 0.0516793575811	6
162 78 -0.07455 0.0974393144475	2
163.5 78 0.0233214285714 0.132984607058	7
165 78 0.05465 0.139637448927	8
166.5 78 -0.0115944444444 0.166557168197	9
168 78 -0.0100418367347 0.137689148442	49
169.5 78 0.0211604651163 0.142555588356	86
171 78 -0.01445 0.13273530453	132
172.5 78 -0.0307671428571 0.14578909322	70
174 78 -0.0863918604651 0.101334355178	43
175.5 78 -0.0350315384615 0.164689679675	65
177 78 -0.077126 0.132616933559	25
178.5 78 -0.050895 0.165074198548	20
-180 77.5 0.02063 0.203488444389	5
-178.5 77.5 -0.0779722222222 0.0966564167196	54
-177 77.5 -0.0951071428571 0.162643852811	7
-175.5 77.5 0.0421589285714 0.129568795734	56
-174 77.5 -0.09466 0.178386997845	10
-172.5 77.5 -0.13855 0.0793373808491	2
-171 77.5 -0.176158333333 0.121124312238	12
-169.5 77.5 -0.105625 0.107436995693	24
-168 77.5 -0.057325 0.134183169684	20
-166.5 77.5 0.0361681818182 0.131815912893	22
-165 77.5 0.0632571428571 0.17504624648	14
-163.5 77.5 -0.03305 0.160420883927	4
-162 77.5 -0.0279333333333 0.134562482389	6
-160.5 77.5 -0.01311 0.201118156813	5
-159 77.5 0.0732409090909 0.156898460506	11
-156 77.5 0.0913 0.0672492852277	12
-154.5 77.5 -0.0495192307692 0.130396021058	13
-153 77.5 0.0665547619048 0.168627125565	21
-151.5 77.5 0.0231166666667 0.125661670378	30
-150 77.5 0.0845590909091 0.113224788484	33
-147 77.5 0.000303846153846 0.149939646833	13
-145.5 77.5 0.12 0.0764700137309	6
-144 77.5 0.12905 0.0885584176312	31
-142.5 77.5 0.0930075757576 0.0576362951528	33
-141 77.5 0.09965 0.106251211758	7
-139.5 77.5 -0.0124625 0.154351075474	16
-138 77.5 -0.0277055555556 0.183203930847	9
-136.5 77.5 -0.0121347826087 0.0985911917801	46
-135 77.5 0.104578571429 0.0826414083916	7
-133.5 77.5 0.0879205882353 0.172894157524	17
-132 77.5 0.0578291666667 0.0827451980961	24
-130.5 77.5 -0.208216666667 0.0830808241012	3
-129 77.5 0.0204428571429 0.138278539768	14
-127.5 77.5 0.0164384615385 0.100502319682	26
-126 77.5 0.04525 0.0983094908948	11
-124.5 77.5 0.069046969697 0.117788742259	33
-123 77.5 0.0928757142857 0.108155357603	35
-121.5 77.5 0.0908722222222 0.113330591662	18
-120 77.5 0.0882714285714 0.117564574398	28
-118.5 77.5 0.209022222222 0.350856015056	18
-117 77.5 -0.0343375 0.140293500771	24
-115.5 77.5 0.27005 0.0514773736704	2
-114 77.5 0.109689130435 0.0944067005114	46
-112.5 77.5 -0.03527 0.111516414337	10
-111 77.5 0.0150590909091 0.115322705601	44
-109.5 77.5 0.066686036036 0.0827028523118	111
-108 77.5 0.0495448717949 0.116113084508	39
-106.5 77.5 0.0656916666667 0.111163342815	36
-105 77.5 0.022326119403 0.0969978679702	67
-103.5 77.5 0.0265969135802 0.135641963535	81
-102 77.5 -0.0466582474227 0.154415391254	97
-100.5 77.5 -0.0422260162602 0.0870473770969	492
-99 77.5 0.0255604651163 0.0759590044496	258
-97.5 77.5 -0.131452608696 0.0797130164599	115
-96 77.5 -0.201441666667 0.0409247975923	24
-94.5 77.5 -0.02599375 0.105816570654	16
-93 77.5 0.129033108108 0.24346490378	148
-91.5 77.5 0.0904695121951 0.0956714754747	82
-90 77.5 -0.0303930769231 0.11292065656	65
-72 77.5 -0.188032758621 0.0505407054403	29
-70.5 77.5 -0.23325212766 0.0374235655202	47
-66 77.5 0.551316666667 0.26471415401	3
-16.5 77.5 -0.107019026549 0.104662353444	113
-15 77.5 -0.0103781468531 0.119453782523	572
-13.5 77.5 0.0494192307692 0.126275193624	52
-12 77.5 0.128438235294 0.168970926782	119
-10.5 77.5 0.0415112903226 0.111906853107	217
-9 77.5 0.0754142857143 0.145362846683	28
-7.5 77.5 0.0626305970149 0.10967078999	134
-6 77.5 0.0952429824561 0.0695125730139	57
-4.5 77.5 -0.04247 0.0566855978181	5
-3 77.5 0.0178402439024 0.0919427648182	82
90 77.5 0.0167286206897 0.0571600472191	145
91.5 77.5 0.023094600939 0.191400294827	213
93 77.5 -0.00594745762712 0.0730994480808	118
99 77.5 -0.0789695652174 0.090775553781	46
100.5 77.5 0.20315 0.057315181235	3
102 77.5 0.0669406077348 0.0857574666018	181
103.5 77.5 -0.0488471962617 0.043738956467	107
105 77.5 -0.170210869565 0.0815386341175	23
106.5 77.5 0.0598916666667 0.131349509547	60
108 77.5 0.28156 0.0709293772393	10
109.5 77.5 0.0395623809524 0.0912191388226	105
111 77.5 0.0941893939394 0.0623786868661	99
112.5 77.5 -0.0128522801303 0.127960305942	307
114 77.5 -0.00279152046784 0.0640008942656	684
115.5 77.5 0.0066 0.0462757513315	32
117 77.5 -0.12715 NaN	1
118.5 77.5 -0.0211549230769 0.0667231929831	325
120 77.5 -0.00902256637168 0.0428065504162	113
121.5 77.5 -0.0458704819277 0.0850068358213	83
123 77.5 -0.0472613636364 0.137483382871	44
124.5 77.5 -0.0243666666667 0.128568479226	30
126 77.5 -0.000251052631579 0.0644509173213	95
127.5 77.5 -0.00718684210526 0.097529156138	57
130.5 77.5 -0.043880952381 0.117877821179	42
132 77.5 0.0374404761905 0.0531372200557	147
142.5 77.5 0.03895 NaN	1
144 77.5 -0.08225 0.260755805305	3
147 77.5 -0.26045 NaN	1
148.5 77.5 -0.29895 NaN	1
150 77.5 -0.0132859375 0.0676152640022	64
153 77.5 -0.08494375 0.147241092402	16
154.5 77.5 -0.0707590909091 0.124327410128	11
156 77.5 0.03115 NaN	1
159 77.5 -0.2226 0.0886004796827	2
160.5 77.5 -0.165016666667 0.133075367117	3
163.5 77.5 0.29075 0.019091883092	2
165 77.5 0.14855 0.0836220465348	4
166.5 77.5 0.089025 0.206368683602	8
168 77.5 -0.150421428571 0.148386389738	14
169.5 77.5 -0.0623681818182 0.174171810682	11
171 77.5 0.0174447368421 0.145604094736	38
172.5 77.5 -0.0673865384615 0.132621306703	52
174 77.5 -0.0613246478873 0.154022342274	71
175.5 77.5 -0.00516333333333 0.116332818091	60
177 77.5 -0.04407 0.0729909801242	40
178.5 77.5 -0.0258642857143 0.106260354117	14
-178.5 77 0.10135 NaN	1
-177 77 -0.0628142857143 0.128934607781	42
-175.5 77 -0.0054201754386 0.140767678368	57
-174 77 -0.0866954545455 0.187410199102	11
-172.5 77 -0.10285 0.131400481988	7
-171 77 -0.140216666667 0.159665598465	3
-169.5 77 -0.0646120253165 0.133730171599	79
-168 77 0.0126105633803 0.122951965625	71
-166.5 77 -0.0846125 0.113316067445	24
-165 77 -0.27055 NaN	1
-163.5 77 -0.1792 0.149270241508	2
-162 77 0.000678571428571 0.149361627315	7
-160.5 77 -0.04968125 0.16229633686	16
-159 77 -0.111125 0.134944529344	16
-157.5 77 0.00495 0.125496010181	8
-156 77 0.0343166666667 0.108925678026	3
-153 77 0.0715 0.17401897885	2
-151.5 77 0.0565547619048 0.137683923911	42
-150 77 0.0619366666667 0.112589646303	45
-148.5 77 0.195816666667 0.112896123346	6
-144 77 0.116722727273 0.0996936416318	11
-142.5 77 0.0406107142857 0.127687881438	28
-141 77 0.042525 0.12303544393	28
-136.5 77 0.06085 NaN	1
-135 77 -0.0266166666667 0.120898028658	3
-133.5 77 0.0346357142857 0.101985304263	21
-132 77 0.0189966666667 0.111573726154	30
-130.5 77 -0.13415 0.0717006276123	2
-127.5 77 -0.0352214285714 0.154716598057	7
-126 77 0.0363240740741 0.133250205924	27
-124.5 77 -0.0358833333333 0.142861203038	3
-123 77 -0.10755 NaN	1
-115.5 77 0.0410222972973 0.0900989628403	148
-114 77 0.0634510416667 0.110587794601	96
-112.5 77 -0.04055 NaN	1
-111 77 0.0180730769231 0.123307243582	52
-109.5 77 0.00852678571429 0.122605641263	56
-108 77 0.0403205882353 0.100937825942	17
-106.5 77 0.0619269230769 0.0925954267022	26
-105 77 -0.18695 0.122753737214	2
-103.5 77 0.1855 0.0849235244205	2
-102 77 0.0592375 0.108223256127	16
-100.5 77 -0.0255092592593 0.146120825292	27
-99 77 0.0305592307692 0.138011792661	65
-97.5 77 0.0769351851852 0.170620610856	27
-96 77 -0.075265 0.12383307217	20
-93 77 -0.0429986486486 0.12695097615	37
-91.5 77 -0.0154912162162 0.13050507949	148
-90 77 -0.0895083333333 0.193285288244	12
-88.5 77 -0.10795 NaN	1
-15 77 -0.0313887850467 0.0769610323881	428
-13.5 77 0.0446642857143 0.100199192996	462
-12 77 -0.0104677664975 0.0720535220505	197
-10.5 77 0.1206 0.175583198557	14
-9 77 0.12985 0.171261262403	2
-7.5 77 0.14819375 0.159059137718	16
-6 77 0.144770689655 0.148828293631	29
-4.5 77 -0.0110921052632 0.139807897233	19
85.5 77 0.0522009803922 0.0866710433133	51
87 77 0.045295 0.094791060246	40
90 77 0.0473758064516 0.325021458746	31
91.5 77 0.0506878238342 0.0875467016406	193
94.5 77 0.49535 NaN	1
97.5 77 -0.0335770491803 0.0917142778766	122
99 77 -0.0576752336449 0.117515569497	107
100.5 77 0.00230180722892 0.0938951976245	83
106.5 77 -0.03185 0.197341294884	4
108 77 0.0262805263158 0.0897287942833	190
109.5 77 0.170541666667 0.0491516545492	24
111 77 -0.154580322581 0.0762942376458	155
112.5 77 0.156856666667 0.347752869191	240
114 77 0.197507961783 0.15751680583	157
115.5 77 0.226919230769 0.0455811773209	65
120 77 -0.0449625 0.126278868945	32
121.5 77 0.0138977477477 0.0545633723412	222
126 77 0.09223 0.140905454117	5
127.5 77 -0.1628 0.0670596962202	8
129 77 0.0169830508475 0.0903658651376	118
153 77 -0.0101413043478 0.0639977337173	23
154.5 77 -0.055483 0.0688374548261	200
156 77 -0.020771875 0.0833646507215	32
157.5 77 -0.20065 0.100979007719	3
159 77 -0.00925 0.0608662650589	10
163.5 77 -0.10695 0.0631085572644	3
166.5 77 -0.0275282608696 0.115198117711	23
168 77 -0.19995 NaN	1
169.5 77 -0.0460396551724 0.171627560526	29
171 77 0.0094 0.151117029704	4
172.5 77 0.00745 0.0910753534168	2
174 77 0.0108676470588 0.172658739408	17
175.5 77 -0.0636840425532 0.135100658571	47
177 77 -0.0163988372093 0.154156774517	43
178.5 77 -0.110461111111 0.190798227484	9
-178.5 76.5 -0.04299 0.137680492445	5
-177 76.5 -0.112116666667 0.0799217534009	6
-175.5 76.5 -0.120503333333 0.132337772473	30
-174 76.5 -0.0404915584416 0.110673186919	77
-172.5 76.5 -0.0203282608696 0.144918337024	46
-171 76.5 -0.03565 0.0754372837779	38
-169.5 76.5 -0.06496875 0.122993252995	32
-168 76.5 -0.0434147058824 0.159778189771	17
-166.5 76.5 -0.163686363636 0.113906244541	11
-165 76.5 0.0044 0.249962247149	2
-162 76.5 -0.14625 NaN	1
-160.5 76.5 -0.16745 NaN	1
-159 76.5 -0.0227833333333 0.0956225008388	6
-156 76.5 0.0686205882353 0.156294280784	17
-154.5 76.5 -0.109121428571 0.165021147274	7
-153 76.5 -0.0589233333333 0.161345018369	15
-151.5 76.5 0.02015 0.148241167145	12
-150 76.5 0.101071428571 0.121453005654	14
-148.5 76.5 0.109283333333 0.0314248097316	6
-147 76.5 0.20025 NaN	1
-145.5 76.5 -0.0316642857143 0.0701444088666	7
-144 76.5 0.2403 0.0813099194441	6
-142.5 76.5 0.03885 0.144215648712	4
-141 76.5 0.07927 0.132734101789	10
-138 76.5 0.06975 NaN	1
-136.5 76.5 -0.031675 0.134766356018	8
-135 76.5 0.0770357142857 0.102155747285	14
-133.5 76.5 0.069154 0.10172841491	25
-132 76.5 0.0417961538462 0.116247464819	39
-130.5 76.5 0.0813333333333 0.157953559535	12
-129 76.5 0.104985714286 0.0702337482668	14
-127.5 76.5 0.103996341463 0.0895245827266	82
-126 76.5 0.0886182539683 0.121716562376	63
-124.5 76.5 0.0979666666667 0.114691715772	6
-123 76.5 0.0163810344828 0.0785787644135	29
-118.5 76.5 -0.10040483871 0.10775583461	31
-117 76.5 -0.130083333333 0.0865714878005	9
-115.5 76.5 0.0196554545455 0.104968540998	55
-114 76.5 -0.0736642857143 0.12570921793	14
-112.5 76.5 0.0301202702703 0.0843602455902	37
-111 76.5 -0.0720346153846 0.11237844582	78
-109.5 76.5 0.15714 0.0910631215757	10
-108 76.5 0.124522727273 0.16605338353	11
-106.5 76.5 0.137818292683 0.0778921159009	41
-105 76.5 -0.22775 NaN	1
-99 76.5 0.28585 0.4429053473	10
-97.5 76.5 -0.0581042857143 0.0737513914105	70
-96 76.5 -0.0700559322034 0.0852099280885	118
-93 76.5 0.0979944444444 0.21364547385	18
-91.5 76.5 0.0122666666667 0.0694519314356	48
-90 76.5 0.0310879310345 0.115537490557	29
-88.5 76.5 0.0582363636364 0.174446592442	22
-87 76.5 -0.223967910448 0.0379523861404	67
-84 76.5 -0.185925 0.133533545812	8
-18 76.5 0.01601 0.0958995203325	5
-16.5 76.5 -0.24405 NaN	1
-15 76.5 0.0118055555556 0.0514246673325	27
-13.5 76.5 0.0815439759036 0.0709600735374	83
-12 76.5 0.00960517241379 0.0726136491355	319
-9 76.5 0.140748550725 0.0768265875638	69
-7.5 76.5 0.229473529412 0.0965590527178	17
-6 76.5 0.145083333333 0.00410649891432	3
85.5 76.5 0.0515833333333 0.048117598998	3
87 76.5 0.0155709876543 0.077335696344	81
88.5 76.5 -0.014575 0.141607566274	24
90 76.5 0.118116666667 0.110428744192	39
91.5 76.5 1.44165 NaN	1
93 76.5 -0.25075 NaN	1
94.5 76.5 -0.12373125 0.133303029317	16
96 76.5 0.0176576923077 0.145339897376	13
97.5 76.5 -0.00323474576271 0.0974151900501	118
99 76.5 0.00639545454545 0.139333839132	11
111 76.5 -0.25165 NaN	1
112.5 76.5 -0.196212 0.054738368031	50
118.5 76.5 0.243032352941 0.027273275273	17
150 76.5 0.00989615384615 0.0768737002142	26
151.5 76.5 -0.04485 0.233032122249	3
154.5 76.5 0.00335989010989 0.0725686204835	91
156 76.5 -0.0341261904762 0.0820744915614	462
157.5 76.5 -0.0779587378641 0.0883284169258	103
159 76.5 -0.08665 0.197870065591	8
162 76.5 -0.00195 0.243244732728	2
163.5 76.5 -0.0497029411765 0.120238508378	17
165 76.5 -0.11805 0.0804473989635	6
166.5 76.5 -0.0148833333333 0.141217345488	6
168 76.5 -0.12115 0.193949383431	7
169.5 76.5 -0.115554545455 0.105024712384	44
171 76.5 -0.16683 0.10873814024	15
172.5 76.5 0.0535428571429 0.19636944171	14
174 76.5 0.21895 NaN	1
178.5 76.5 0.0492785714286 0.0471852630343	7
-180 76 -0.00353181818182 0.14962192237	22
-178.5 76 -0.0260136363636 0.175163188329	11
-177 76 -0.26295 NaN	1
-175.5 76 -0.06315 0.177699224212	15
-174 76 -0.0697533333333 0.122501840896	30
-172.5 76 -0.03708125 0.160516093512	96
-171 76 -0.0457023809524 0.17424803633	42
-169.5 76 -0.1327 0.130602622485	2
-165 76 -0.0173730769231 0.132132724649	13
-163.5 76 0.01375 0.143876800202	23
-162 76 -0.0647333333333 0.145379577887	6
-160.5 76 -0.21265 0.0514767908868	4
-159 76 -0.23535 NaN	1
-157.5 76 0.05061 0.141107629135	5
-156 76 -0.05075 0.136580349978	6
-154.5 76 0.0250045454545 0.137531002786	11
-153 76 0.05545 NaN	1
-151.5 76 -0.18665 NaN	1
-147 76 -0.04365 0.0898025612107	2
-145.5 76 0.0522642857143 0.0712205594982	7
-141 76 0.0705 0.083459391323	4
-139.5 76 0.0388444444444 0.0919948622109	18
-138 76 0.0943357142857 0.0752466262493	7
-132 76 0.0582071428571 0.160813886809	7
-130.5 76 0.0713125 0.0832085802867	16
-129 76 0.0318327586207 0.0987704954101	29
-127.5 76 0.0816681818182 0.0976725019459	11
-126 76 0.0685333333333 0.0968197793153	6
-123 76 0.0442553571429 0.0663365343454	56
-121.5 76 -0.161498837209 0.055801806474	43
-120 76 -0.0424048387097 0.0985967969717	93
-118.5 76 -0.0599911764706 0.148565814788	17
-117 76 -0.058175 0.158224882909	8
-112.5 76 0.186688235294 0.321792088924	34
-111 76 -0.03008125 0.0946991409704	48
-108 76 0.0521966666667 0.112605555982	15
-106.5 76 0.157026923077 0.0915162581516	39
-105 76 -0.0492757142857 0.181762932775	35
-103.5 76 -0.17988220339 0.0710308661433	59
-102 76 -0.061 0.201981211998	4
-97.5 76 0.473378571429 0.892212150994	7
-96 76 0.0869306026365 0.0999852918448	531
-94.5 76 0.0464828301887 0.138175741528	265
-93 76 0.0584214285714 0.102634071775	35
-90 76 -0.05655 0.115965512115	2
-88.5 76 -0.0807328042328 0.0874633661581	378
-87 76 -0.167725395034 0.0766895823452	443
-84 76 -0.15505 0.0390322943215	2
-60 76 -0.277583333333 0.0309267413953	3
-18 76 0.105796 0.205778086545	50
-16.5 76 -0.0913447368421 0.0452018712084	38
-12 76 0.20337 0.0906999558986	5
-10.5 76 0.0480632352941 0.0485313810551	204
-9 76 0.0559785714286 0.110663337048	49
84 76 -0.0290935897436 0.0623145864597	78
87 76 0.0761306451613 0.07828225583	93
88.5 76 0.0979821428571 0.152542343978	28
90 76 0.153339411765 0.145661714275	85
91.5 76 0.058035 0.137582575297	60
93 76 0.0912342105263 0.166111830682	19
94.5 76 0.17635 0.117621724184	3
97.5 76 0.08315 0.0239002092041	2
118.5 76 0.26183 0.0404149760078	15
141 76 -0.15475 NaN	1
148.5 76 -0.0531546511628 0.0510154689588	43
150 76 -0.00574090909091 0.0545148574507	44
151.5 76 -0.0870916666667 0.112373407226	12
154.5 76 -0.0705411111111 0.064477963226	180
156 76 -0.0294485714286 0.0603338477798	280
157.5 76 -0.02636184573 0.0653822250809	363
159 76 -0.0924166666667 0.152788448516	9
162 76 -0.03415 0.134402380931	3
163.5 76 -0.119225 0.218234583812	8
169.5 76 0.0888 0.0656902199722	2
171 76 -0.018782 0.173861785911	25
172.5 76 0.0254 0.215077823125	4
177 76 -0.0802 0.0543765114732	2
178.5 76 -0.0672 0.177281176256	12
-180 75.5 -0.0592758823529 0.135970316397	85
-178.5 75.5 0.0222884615385 0.160026083066	26
-177 75.5 -0.224216666667 0.126177903507	3
-175.5 75.5 -0.0514595890411 0.135726644363	73
-174 75.5 0.0492985 0.0633005195605	200
-172.5 75.5 -0.06515 0.113211668063	57
-171 75.5 -0.0980166666667 0.128200469318	21
-169.5 75.5 -0.02101 0.172100662404	5
-168 75.5 -0.0384 0.169776338163	2
-166.5 75.5 0.0414055555556 0.0929649680136	9
-165 75.5 -0.0109222222222 0.142446757052	18
-163.5 75.5 -0.100177272727 0.131513588586	22
-162 75.5 -0.0968807692308 0.129395919466	13
-160.5 75.5 0.04795 NaN	1
-159 75.5 -0.30025 NaN	1
-156 75.5 -0.10545 0.134564953337	4
-154.5 75.5 0.03215 0.0692127267088	14
-153 75.5 0.113168181818 0.0910181610249	11
-151.5 75.5 0.12 0.0349611621252	8
-150 75.5 0.017575 0.156449265472	16
-148.5 75.5 -0.17145 NaN	1
-147 75.5 0.023 0.0577706240229	2
-139.5 75.5 0.0365717391304 0.0697111831156	23
-138 75.5 0.0251833333333 0.0633482701684	3
-136.5 75.5 -0.13275 NaN	1
-130.5 75.5 -0.04191 0.096816219945	10
-129 75.5 0.01135 NaN	1
-127.5 75.5 0.0858666666667 0.0519307006179	6
-124.5 75.5 0.11105 0.0101823376491	2
-121.5 75.5 -0.114021428571 0.117430287324	7
-120 75.5 -0.0123068627451 0.118951651306	102
-118.5 75.5 -0.016093373494 0.0731728144786	83
-117 75.5 -0.0272849206349 0.062214794835	63
-105 75.5 0.0844403225806 0.126366803011	31
-103.5 75.5 -0.0581086538462 0.105724771473	104
-102 75.5 -0.030872972973 0.0758275048321	148
-97.5 75.5 -0.0672158914729 0.0763185485892	129
-96 75.5 0.142239655172 0.103970302576	29
-94.5 75.5 0.0874267790262 0.126376768054	267
-93 75.5 0.0121402439024 0.0762213439823	164
-87 75.5 -0.0323320512821 0.0632171731823	39
-79.5 75.5 1.62898333333 0.175022922308	3
-18 75.5 -0.12755 NaN	1
82.5 75.5 -0.0312803030303 0.0943809237578	132
84 75.5 -0.0541177419355 0.0819580515201	93
87 75.5 0.153053703704 0.12342160851	27
90 75.5 -0.062481372549 0.0470947661219	51
91.5 75.5 0.3501 0.00459619407772	2
115.5 75.5 0.24961 0.0412898655847	5
142.5 75.5 -0.0240833333333 0.0629893580755	27
153 75.5 0.111770238095 0.0616523249262	168
154.5 75.5 0.032573880597 0.0689925755548	67
156 75.5 -0.0201799065421 0.0890876107424	214
157.5 75.5 0.00634478672986 0.0663117185746	211
159 75.5 -0.0825692307692 0.12984427294	26
160.5 75.5 0.155216666667 0.208302096325	3
162 75.5 -0.00213 0.258826210033	5
163.5 75.5 -0.0468236842105 0.176031644384	19
165 75.5 -0.16835 0.0749533188058	2
171 75.5 0.07605 0.0415484055049	3
172.5 75.5 -0.1237 0.13073888098	6
178.5 75.5 -0.0375055555556 0.120413781363	54
-180 75 -0.0420423611111 0.0868610111381	144
-178.5 75 0.014956 0.0785659276273	250
-177 75 0.0220957142857 0.0898160931149	105
-175.5 75 -0.0228694805195 0.109276220554	77
-174 75 -0.0623207317073 0.117825305525	41
-172.5 75 -0.10037173913 0.122493272381	23
-171 75 -0.0107655844156 0.0851073417798	154
-169.5 75 -0.0393236401674 0.107421579838	239
-168 75 -0.0684156862745 0.147274862915	102
-166.5 75 -0.00795869565217 0.137885766004	23
-165 75 0.005325 0.0884619833601	4
-163.5 75 -0.0162195121951 0.0636464282144	82
-162 75 0.0641444444444 0.0921758010105	162
-160.5 75 -0.0368126865672 0.100164450894	67
-159 75 -0.023172972973 0.127374984692	74
-157.5 75 -0.05023125 0.141509600234	16
-156 75 -0.12975 0.0528890978054	7
-154.5 75 -0.0433133333333 0.0767560240625	30
-150 75 0.0781382352941 0.0987176376268	34
-148.5 75 0.040612962963 0.127812031901	27
-147 75 -0.0278166666667 0.0963028729236	3
-142.5 75 0.05835 0.090676375093	9
-141 75 0.0986928571429 0.0916003306295	21
-136.5 75 0.0933833333333 0.07893581781	3
-135 75 -0.00405 NaN	1
-127.5 75 -0.05095 NaN	1
-124.5 75 0.11672 0.111973935955	10
-123 75 0.33195 0.0178190908859	2
-120 75 0.07975 0.151886536599	2
-118.5 75 0.245225 0.0372781772623	4
-117 75 0.02307 0.23004573893	5
-115.5 75 -0.0162670984456 0.120861657605	193
-114 75 0.121665819209 0.104714151376	177
-106.5 75 -0.0777266233766 0.0660019993639	77
-105 75 -0.0351121621622 0.0765026373959	37
-103.5 75 -0.0361800578035 0.0871122546214	173
-102 75 -0.0425481595092 0.0917117703665	163
-100.5 75 -0.000915581395349 0.0613231499221	215
-99 75 -0.164230379747 0.039081820849	158
-97.5 75 0.019514 0.147614678713	50
-93 75 0.0897483372922 0.0721678191182	421
-91.5 75 -0.0839833333333 0.1519237923	6
84 75 -0.0428050724638 0.0630053184875	69
85.5 75 -0.101989215686 0.128128952354	51
87 75 0.0445275 0.119946461321	40
138 75 0.0720746478873 0.0802857796216	142
142.5 75 -0.15388880597 0.0739329568436	67
144 75 -0.102123913043 0.0809106308949	69
145.5 75 -0.0745514492754 0.054131733054	138
150 75 -0.30385 NaN	1
151.5 75 -0.032525 0.212766074598	4
153 75 0.134011988304 0.0804734454896	171
154.5 75 0.0483378787879 0.0736877551766	330
156 75 0.00709813084112 0.086414276616	214
157.5 75 0.000803642384106 0.0571005034324	453
159 75 -0.0053995412844 0.0977745970079	218
160.5 75 -0.0738635135135 0.152080609404	37
162 75 0.04511 0.213778771163	5
163.5 75 0.0193666666667 0.156294560579	6
165 75 -0.0555038461538 0.160600698501	13
166.5 75 0.22801 0.0944876341116	5
172.5 75 -0.0403166666667 0.0661658774092	3
175.5 75 -0.00273461538462 0.0485456872837	26
177 75 -0.0220859550562 0.127317595234	89
178.5 75 0.0194595505618 0.106021210802	178
-180 74.5 0.00254830028329 0.0521253559671	706
-178.5 74.5 -0.00747955465587 0.0520218199754	494
-177 74.5 0.00998406113537 0.10667601217	458
-175.5 74.5 -0.00529967032967 0.102193890149	455
-174 74.5 -0.018252745098 0.0912230753736	255
-172.5 74.5 -0.0163606382979 0.125710478679	47
-171 74.5 -0.000170454545455 0.148077444508	44
-169.5 74.5 0.00210490196078 0.0883322853545	204
-168 74.5 -0.00228488372093 0.136701741522	43
-166.5 74.5 -0.074365625 0.141205451118	32
-165 74.5 -0.0401220720721 0.0925327580041	111
-163.5 74.5 -0.051142 0.144308972919	75
-162 74.5 -0.00949075829384 0.138510462893	211
-160.5 74.5 -0.03472 0.10424114625	120
-159 74.5 -0.04675 0.143475441181	55
-157.5 74.5 -0.0934818181818 0.146622977431	22
-156 74.5 -0.11965 0.14729793908	8
-154.5 74.5 0.02225 NaN	1
-153 74.5 -0.23945 NaN	1
-151.5 74.5 -0.040325 0.235762805012	12
-150 74.5 0.0224642857143 0.113109613923	7
-148.5 74.5 -0.05055 0.109015289448	4
-147 74.5 0.0144951612903 0.12998209066	31
-145.5 74.5 2.14285714286e-05 0.0991111112891	7
-144 74.5 0.06695 0.0189504617358	2
-136.5 74.5 0.10319 0.0392398776757	5
-135 74.5 0.0145772727273 0.082641624995	11
-127.5 74.5 0.18245 NaN	1
-124.5 74.5 -0.0389 0.223375032177	2
-121.5 74.5 0.19895 NaN	1
-118.5 74.5 0.07395 NaN	1
-117 74.5 -0.094965 0.139033223122	20
-115.5 74.5 0.128843370166 0.0953385031245	181
-112.5 74.5 -0.23215 NaN	1
-109.5 74.5 -0.162447206704 0.0430080844636	179
-108 74.5 -0.119035245902 0.0403090595113	61
-106.5 74.5 -0.000850923076923 0.0416375472218	325
-105 74.5 -0.00631363636364 0.061421235241	22
-103.5 74.5 -0.09242 0.165840526142	10
-102 74.5 -0.0162285714286 0.122084306208	42
-100.5 74.5 0.0612798507463 0.152103322155	67
-99 74.5 -0.127699444444 0.0606099107787	180
-97.5 74.5 -0.0389738095238 0.0884949145701	21
-93 74.5 0.0592324 0.158684780895	125
-91.5 74.5 0.152967142857 0.0958787453773	35
-90 74.5 -0.24441 0.0766713684549	55
-85.5 74.5 -0.130932312925 0.0521147123821	147
112.5 74.5 0.264844871795 0.149627270152	39
120 74.5 -0.0731019083969 0.0860707753056	131
121.5 74.5 -0.0540617647059 0.109083265937	85
136.5 74.5 0.0308558823529 0.0622303241164	340
138 74.5 -0.00918611111111 0.115761664095	252
144 74.5 -0.0359808270677 0.106310650554	133
145.5 74.5 -0.0114372340426 0.0635831588894	47
147 74.5 0.10345 0.0243244732728	2
148.5 74.5 0.0214117241379 0.0655545211461	290
150 74.5 -0.0514277777778 0.101044051999	171
151.5 74.5 -0.0174322222222 0.158477228489	45
153 74.5 0.136042857143 0.107988172175	14
154.5 74.5 0.0206465174129 0.0681628809383	201
156 74.5 0.0274675438596 0.0871373043423	171
157.5 74.5 0.00910964912281 0.111939367821	171
159 74.5 -0.0540253424658 0.13124083966	73
160.5 74.5 -0.0802142857143 0.110475626976	56
166.5 74.5 0.06429 0.0324813484942	5
169.5 74.5 -0.02315 NaN	1
175.5 74.5 0.019803164557 0.0959105029347	79
177 74.5 0.00438571428571 0.135124942793	14
178.5 74.5 -0.0689913533835 0.0773231541705	133
-180 74 -0.0521265217391 0.0877430692324	115
-178.5 74 -0.0227305263158 0.076230567763	380
-177 74 -0.0153319354839 0.0683391208644	620
-175.5 74 0.00865920074349 0.0541657715563	1076
-174 74 -0.0337731457801 0.0836575268983	782
-172.5 74 -0.024571021021 0.104591198357	333
-171 74 0.00711956521739 0.159024671558	46
-169.5 74 -0.0238901384083 0.0499453129542	289
-168 74 -0.0211585 0.103761944292	200
-166.5 74 -0.0731371382637 0.0823882497994	311
-165 74 -0.074408 0.0791443287614	250
-163.5 74 0.0125963636364 0.0881089095446	330
-162 74 -0.0202363979849 0.0886256319741	397
-160.5 74 -0.0579873626374 0.131243471498	91
-159 74 -0.0301646464646 0.105688708403	198
-157.5 74 -0.0200507092199 0.115766886764	141
-156 74 -0.0111052380952 0.103849800915	105
-154.5 74 -0.0394257575758 0.105971664934	33
-153 74 -0.15665 0.195824487743	3
-151.5 74 -0.06775 0.0649344724648	8
-150 74 -0.0839875 0.161267119505	16
-148.5 74 -0.1368 0.118506117986	8
-147 74 -0.0551261904762 0.143013044527	21
-145.5 74 -0.0517428571429 0.12343780411	14
-144 74 -0.0179375 0.146196271572	8
-142.5 74 -0.07895 NaN	1
-141 74 -0.118283333333 0.128931855386	3
-135 74 0.02903 0.0964418322099	5
-133.5 74 0.09915 0.0469518902708	2
-127.5 74 0.045475 0.0992660188584	4
-126 74 0.22725 0.0989949493661	2
-124.5 74 0.114825 0.435814596474	4
-117 74 -0.208911904762 0.0458771697383	147
-115.5 74 -0.117354666667 0.143914188328	150
-114 74 0.0330773584906 0.0930154135031	106
-112.5 74 0.0247131578947 0.154324132953	19
-106.5 74 0.409025 0.550896598737	4
-105 74 0.18415 0.0718464160554	17
-103.5 74 -0.130883333333 0.0808922946475	3
-102 74 -0.0777742424242 0.129569354089	33
-100.5 74 -0.02428 0.0804998005519	10
-97.5 74 0.16555 NaN	1
-94.5 74 0.008 0.132909561088	8
-91.5 74 0.22313 0.342102751946	10
-90 74 -0.00112083333333 0.14998031314	24
-88.5 74 0.01287 0.144156224285	5
-87 74 0.874683333333 0.696510179394	9
-85.5 74 -0.11974 0.126276587519	10
-84 74 -0.200424251497 0.0703790340187	167
112.5 74 0.219037755102 0.145363344521	49
114 74 0.26394047619 0.0576709736189	63
120 74 -0.0250121468927 0.0754450588924	177
121.5 74 -0.0205214285714 0.13293003613	14
123 74 -0.0242944444444 0.0615626938801	9
130.5 74 0.137515384615 0.0411913596587	104
135 74 0.0155166666667 0.0515497355774	15
136.5 74 -0.0778216763006 0.0583529433313	173
138 74 -0.0756703125 0.0369674510617	64
141 74 0.3079 0.400206834025	4
142.5 74 0.0603370967742 0.0712964222662	31
144 74 -0.120617142857 0.0417642094935	70
147 74 -0.220375 0.102700352969	4
148.5 74 -0.0232220588235 0.0509687757592	136
150 74 -0.0907893442623 0.101535916927	61
151.5 74 -0.0337196428571 0.0861576354863	56
153 74 -0.0296214285714 0.160926521353	14
154.5 74 0.0387666666667 0.117973183871	72
156 74 0.00665118110236 0.0733624633329	254
157.5 74 0.00871555555556 0.0696134714832	360
159 74 -0.0298188022284 0.0971188442983	359
160.5 74 -0.0465115384615 0.11575985657	91
162 74 -0.0669318181818 0.169727274285	11
165 74 0.1687 0.090370736414	4
168 74 0.133121428571 0.0366738650943	7
175.5 74 -0.00663636363636 0.149167398121	22
-180 73.5 -0.022724556213 0.0442035013017	169
-178.5 73.5 -0.0161670568562 0.0886458189547	299
-177 73.5 0.0343167226891 0.0603997572451	595
-175.5 73.5 0.0467911646586 0.0787602079376	498
-174 73.5 -0.00918920265781 0.107073892992	602
-172.5 73.5 -0.00398212669683 0.108179751548	221
-171 73.5 -0.00208384615385 0.140902543089	65
-169.5 73.5 0.0943574074074 0.101611931181	27
-168 73.5 0.00257 0.166489364358	10
-166.5 73.5 -0.0576055555556 0.11594078838	27
-165 73.5 -0.0382005928854 0.0780845225912	253
-163.5 73.5 -0.0387723404255 0.123842586656	94
-162 73.5 0.0214064220183 0.0868349436981	218
-160.5 73.5 -0.0272207264957 0.0709477488005	468
-159 73.5 -0.0257331932773 0.071532199677	476
-157.5 73.5 -0.0674090909091 0.0835332217551	110
-156 73.5 -0.0946740343348 0.0943131258784	233
-154.5 73.5 -0.0348679271709 0.088705091269	357
-153 73.5 -0.0638282608696 0.113314951339	69
-151.5 73.5 -0.0516293103448 0.120229636651	58
-150 73.5 -0.0261313559322 0.126957640879	59
-148.5 73.5 0.0199416967509 0.106004755685	277
-147 73.5 -0.00935709219858 0.10121819052	141
-145.5 73.5 -0.0170642857143 0.161702351713	14
-144 73.5 -0.0977458333333 0.141508501755	24
-142.5 73.5 -0.0187 0.198956706346	6
-129 73.5 0.0751666666667 0.145454465956	6
-124.5 73.5 -0.053796031746 0.125836500199	63
-115.5 73.5 -0.0533568181818 0.155184348584	44
-114 73.5 -0.03655 NaN	1
-112.5 73.5 -0.05 0.142764859122	2
-109.5 73.5 0.07395 0.0907925107044	2
-108 73.5 0.000110294117647 0.100260163276	68
-103.5 73.5 0.136444117647 0.300139310301	17
-102 73.5 0.15265 0.0809793800915	4
-97.5 73.5 -0.00935306122449 0.088846582068	98
-96 73.5 -0.100777647059 0.0531626340964	340
-90 73.5 -0.129867391304 0.0840939429827	46
-88.5 73.5 0.390729245283 0.527749429311	53
76.5 73.5 -0.0775901709402 0.0571641738236	117
123 73.5 0.0237433333333 0.148754947604	30
130.5 73.5 0.0411417874396 0.0465230851997	207
132 73.5 0.0144017647059 0.0721876269107	85
133.5 73.5 -0.0297772151899 0.061166365647	158
135 73.5 -0.0849682926829 0.0773830320617	164
136.5 73.5 -0.15605 NaN	1
139.5 73.5 0.128383333333 0.0444027073124	33
141 73.5 0.0480191489362 0.0619047569291	94
145.5 73.5 -0.12503 0.137381483468	5
147 73.5 -0.06051 0.0690262486305	5
148.5 73.5 0.0545653005464 0.08188516608	183
150 73.5 -0.00495394736842 0.110758149065	76
151.5 73.5 -0.0288282608696 0.111508397387	23
153 73.5 -0.03165 0.154248723658	17
154.5 73.5 0.0815544117647 0.0520496876095	68
156 73.5 0.100343582888 0.0843962425087	374
157.5 73.5 0.0351427927928 0.0971164247055	111
159 73.5 0.0156705882353 0.109638533452	136
160.5 73.5 -0.011855988024 0.0878514440916	167
162 73.5 0.0175772727273 0.147996649609	33
163.5 73.5 -0.08081 0.130496528689	15
165 73.5 -0.104407142857 0.152078497901	7
166.5 73.5 -0.19285 NaN	1
168 73.5 0.02035 0.151854173469	3
177 73.5 0.14225 0.0293090429731	4
178.5 73.5 0.07345 NaN	1
-180 73 0.0599115384615 0.130434214188	13
-178.5 73 0.0322672576832 0.0967657620801	423
-177 73 -0.00210907692308 0.0925966183042	325
-175.5 73 0.0227003896104 0.0900519442997	770
-174 73 -0.0169022157996 0.0643104276921	519
-172.5 73 -0.00440550847458 0.123203261611	236
-171 73 0.0592305555556 0.120255855383	36
-169.5 73 0.056625 0.116364777547	44
-168 73 0.03785 0.109514252171	8
-165 73 -0.0177244680851 0.150489263618	47
-163.5 73 -0.00236770833333 0.0858772269241	96
-162 73 -0.0425510204082 0.095563135139	294
-160.5 73 0.0476914802065 0.0927969872646	581
-159 73 -0.0647486622074 0.0875285426019	299
-157.5 73 -0.0664662995595 0.0740034955231	454
-156 73 -0.0156401015228 0.103581447239	394
-154.5 73 -0.0354427325581 0.0844813480515	344
-153 73 0.00540369127517 0.118057562416	149
-151.5 73 0.00874439252336 0.126542113828	107
-150 73 0.0364051470588 0.0931917566947	272
-148.5 73 0.0643833333333 0.087081455288	93
-147 73 -0.0333553571429 0.133040146258	56
-145.5 73 0.00939228187919 0.0824307089697	149
-144 73 -0.00987105263158 0.151093839032	38
-142.5 73 -0.0512428571429 0.156786549974	14
-141 73 -0.24965 NaN	1
-139.5 73 0.0108 0.279943574672	2
-126 73 -0.09439 0.136149727454	15
-124.5 73 0.0272681818182 0.2002653231	11
-115.5 73 -0.12548030303 0.0415867954167	33
-114 73 0.0917728346457 0.0616277962294	127
-112.5 73 0.00775833333333 0.0759554359323	108
-111 73 0.10534 0.295369879041	10
-109.5 73 -0.0286193430657 0.0582484354272	137
-108 73 2.71805 NaN	1
-105 73 0.0615017730496 0.0975195479326	141
-103.5 73 0.0534342105263 0.22999174928	19
-100.5 73 0.61853 0.907283380207	5
-97.5 73 -0.10115 NaN	1
-96 73 -0.182607608696 0.0695399912355	92
-91.5 73 -0.254325 0.0268994888427	4
-90 73 -0.01095 0.0965907863101	2
-88.5 73 -0.21595 NaN	1
70.5 73 0.323433333333 0.0906645785139	24
72 73 0.0907009259259 0.0621289471495	108
76.5 73 -0.0544166666667 0.0616838328745	15
129 73 -0.0247380952381 0.192950209933	42
130.5 73 0.00191788321168 0.101723197029	137
132 73 0.016405952381 0.0913121288468	168
133.5 73 -0.01785 NaN	1
136.5 73 -0.0409192307692 0.0844914925167	13
138 73 -0.0120277777778 0.119864368953	9
139.5 73 0.0369178414097 0.0899435013232	227
141 73 -0.29665 0.0119653666889	3
142.5 73 -0.174676315789 0.0565245555499	19
148.5 73 0.0681833333333 0.0810634936331	9
153 73 -0.0267746153846 0.0768192593963	130
154.5 73 -0.00204016393443 0.122846748302	61
156 73 0.135168867925 0.0906890822379	53
157.5 73 -0.0126808411215 0.145858904044	107
159 73 -0.0610706730769 0.0878647511696	208
160.5 73 -0.0160735690236 0.0896034147933	297
162 73 0.0122287878788 0.144451444605	33
163.5 73 -0.0021 0.182383290204	12
165 73 -0.05095 0.171622661026	10
166.5 73 -0.0974166666667 0.138323599199	15
168 73 0.0523590909091 0.120369609574	11
169.5 73 0.11005 0.0544261885493	3
177 73 0.01985 0.0261252113229	4
178.5 73 -0.0493166666667 0.144418918272	60
-180 72.5 0.0572412280702 0.103100724469	57
-178.5 72.5 0.0133467032967 0.117562204292	91
-177 72.5 0.0590124 0.107214123059	625
-175.5 72.5 0.00344876160991 0.0712999459789	323
-174 72.5 0.0171618764846 0.0631959575376	421
-172.5 72.5 0.00292647058824 0.112784798008	17
-171 72.5 0.0485507575758 0.109193877227	132
-169.5 72.5 -0.00686454545455 0.152860817132	55
-168 72.5 0.0204411538462 0.045672836467	260
-166.5 72.5 0.0321863636364 0.127816119952	22
-165 72.5 -0.0416672413793 0.134826351465	29
-163.5 72.5 -0.00850714285714 0.149443704305	35
-162 72.5 0.0929326086957 0.100444392812	23
-160.5 72.5 0.0528252941176 0.113896339573	85
-159 72.5 0.00387338709677 0.106946353125	248
-157.5 72.5 0.0124266129032 0.104547353233	496
-156 72.5 0.06631125 0.0669237727226	480
-154.5 72.5 -0.0241467320261 0.114380847229	153
-153 72.5 -0.00973166666667 0.101702036531	60
-151.5 72.5 0.0241326086957 0.121709788348	46
-150 72.5 -0.0020564516129 0.126136441828	31
-148.5 72.5 0.0548633333333 0.0951389049658	15
-147 72.5 -0.0525033333333 0.136364397046	30
-145.5 72.5 -0.0241625 0.14397082517	16
-141 72.5 0.10145 0.202118370159	10
-139.5 72.5 -0.0623366666667 0.151378918454	15
-138 72.5 -0.06818 0.104171892865	20
-136.5 72.5 -0.08195 0.173135250599	5
-129 72.5 -0.0543846153846 0.0580566960294	26
-127.5 72.5 -0.0537903846154 0.0935981570533	52
-126 72.5 -0.0520944444444 0.126609722222	54
-114 72.5 -0.04326875 0.0557423352474	48
-105 72.5 0.130196875 0.187619396797	32
-103.5 72.5 -0.0721319444444 0.0672326851431	216
-102 72.5 0.02789 0.0534999813084	30
-96 72.5 0.0390549019608 0.136890472499	102
-93 72.5 -0.282063793103 0.0266324147843	29
-91.5 72.5 -0.0889645348837 0.0539250678757	172
-90 72.5 -0.165175210084 0.0539253222152	119
76.5 72.5 -0.185020949721 0.0499981881098	179
130.5 72.5 -0.0525871757925 0.0483091253372	347
132 72.5 -0.00509166666667 0.137793716164	36
133.5 72.5 0.0427323529412 0.14761939281	34
135 72.5 -0.23253 0.0347972987457	5
136.5 72.5 -0.139102941176 0.107322068546	17
138 72.5 -0.102942857143 0.121482222228	28
139.5 72.5 -0.1665 0.0282132947385	4
150 72.5 -0.065887037037 0.0905992662058	27
151.5 72.5 -0.02067 0.038015220636	5
154.5 72.5 -0.0343176136364 0.114724375923	176
156 72.5 -0.0376988372093 0.132382063601	86
157.5 72.5 -0.0338554878049 0.113353133086	492
159 72.5 -0.0144969635628 0.10261133583	247
160.5 72.5 0.0243966666667 0.0815873359833	225
162 72.5 -0.0218874501992 0.0799812169942	251
163.5 72.5 -0.0203124161074 0.0992616093534	149
165 72.5 -0.027562 0.0926905439262	25
166.5 72.5 0.03065 0.149610043112	5
171 72.5 -0.01819 0.151990008444	10
178.5 72.5 -0.00603235294118 0.114673341689	17
-180 72 0.0259399563319 0.0947017768779	916
-178.5 72 0.0324736891386 0.133041855816	1068
-177 72 0.153363003096 0.187352537337	323
-175.5 72 -0.0530209677419 0.0769505235703	62
-174 72 -0.00218737373737 0.0966659729359	99
-172.5 72 0.0592576923077 0.0889045223966	13
-171 72 -0.0914566666667 0.129026602965	45
-168 72 0.0494772727273 0.0372093329539	22
-166.5 72 0.0779367313916 0.0398746597754	309
-165 72 -0.0126747058824 0.102886140149	85
-163.5 72 -0.0454117021277 0.118115666511	47
-162 72 -0.032705 0.170281495966	20
-160.5 72 -0.0252338709677 0.157227249752	31
-159 72 -0.011614516129 0.0990858624603	186
-157.5 72 0.0289119909502 0.107215684078	221
-156 72 -0.0128633956386 0.073091251024	321
-154.5 72 -0.0362208333333 0.146758167414	144
-153 72 -0.0348670940171 0.131106199576	117
-151.5 72 -0.0391603448276 0.155272845903	29
-150 72 -0.00882857142857 0.0776853483654	56
-148.5 72 0.0049962295082 0.101450453265	305
-147 72 0.00109137931034 0.102961007452	116
-145.5 72 -0.05846875 0.146876099721	32
-144 72 0.00206428571429 0.180777491488	7
-141 72 0.04389 0.0791182265839	10
-139.5 72 -0.0523269230769 0.0955295168508	13
-138 72 -0.0193909090909 0.141189612435	44
-136.5 72 0.11665 NaN	1
-130.5 72 0.15775 0.0746704760933	2
-129 72 -0.0366263157895 0.115820755617	76
-127.5 72 -0.0354089595376 0.0640928212134	346
-126 72 -0.0133658415842 0.0691876245517	404
-124.5 72 0.166548333333 0.315226696738	60
-108 72 -0.30005 NaN	1
-103.5 72 -0.0944432038835 0.0913070053275	206
-102 72 0.0332013274336 0.0634649215752	113
-100.5 72 0.101760810811 0.100552218517	74
-96 72 0.0882982758621 0.187322519737	58
-94.5 72 -0.164837719298 0.0533543714576	57
-93 72 -0.184312704918 0.0666073029095	244
-90 72 -0.0786931818182 0.0790753296643	220
76.5 72 -0.107781372549 0.0839019558537	51
130.5 72 -0.0223852941176 0.117500925737	85
132 72 -0.0141217948718 0.150652405694	39
133.5 72 -0.0432487179487 0.101820572378	78
135 72 -0.1226 0.26311443328	2
136.5 72 0.076325 0.0636329373382	8
138 72 -0.013396875 0.132765287912	96
139.5 72 -0.193922661871 0.0932729552161	139
150 72 -0.0554073333333 0.0889070029974	75
151.5 72 0.341683333333 0.0377064963457	51
153 72 0.192531889764 0.136289508711	254
154.5 72 0.0286361702128 0.125965588919	94
156 72 -0.0300138095238 0.121324870717	105
157.5 72 -0.00186677018634 0.122499139913	161
159 72 -0.03645 0.127261290265	51
160.5 72 0.0496931137725 0.124447835145	167
162 72 0.00559910179641 0.0752885124346	167
163.5 72 -0.0279370588235 0.0942658944031	255
165 72 -0.0331888059701 0.102591856779	67
166.5 72 -0.02907 0.126573555287	50
169.5 72 0.0377388888889 0.136704662948	27
171 72 -0.00786111111111 0.159207281904	9
172.5 72 -0.0424875 0.132668302842	96
174 72 -0.0505194444444 0.0994254686172	180
175.5 72 -0.038195890411 0.0951707134949	146
177 72 -0.0855966666667 0.116518152275	15
178.5 72 0.0660547058824 0.0467306998763	85
-180 71.5 -0.0112189655172 0.15264854261	232
-178.5 71.5 -0.0815942804428 0.120766710961	271
-177 71.5 0.0340403914591 0.194638513147	281
-175.5 71.5 -0.0706594017094 0.09785813534	117
-165 71.5 -0.0171043209877 0.0919955623023	243
-163.5 71.5 -0.0486234567901 0.0840202007603	162
-162 71.5 0.0709186131387 0.0829916790496	274
-160.5 71.5 -0.0253798642534 0.0961169501393	221
-159 71.5 0.0176431677019 0.0844448793032	161
-157.5 71.5 0.0225315384615 0.0481458230675	65
-156 71.5 -0.136949371069 0.0702288758247	159
-154.5 71.5 0.0259777777778 0.163087518207	18
-153 71.5 -0.0310409090909 0.127808923941	99
-151.5 71.5 0.00609615384615 0.133801241342	26
-150 71.5 -0.0319043165468 0.0757170652526	278
-148.5 71.5 0.0341396341463 0.102554913986	164
-147 71.5 -0.0221806122449 0.111703759771	147
-145.5 71.5 0.0395541666667 0.0751846834918	192
-144 71.5 -0.020345 0.0858454662572	40
-142.5 71.5 -0.0189275862069 0.0810628498707	58
-141 71.5 -0.02278 0.0457837945497	250
-139.5 71.5 0.0054 0.0704060405358	240
-138 71.5 0.0209424623116 0.114246930836	199
-136.5 71.5 0.00190897435897 0.0654630729415	156
-135 71.5 -0.10035 NaN	1
-133.5 71.5 -0.0326131578947 0.177438240306	19
-132 71.5 -0.0578147058824 0.176256176988	17
-130.5 71.5 -0.00797 0.120684205749	30
-129 71.5 -0.0438768518519 0.0759991510116	108
-127.5 71.5 -0.0143728723404 0.10139847196	188
-126 71.5 0.00417442159383 0.0409858568137	389
-124.5 71.5 -0.0737391304348 0.0635324420659	138
-118.5 71.5 -0.20575 0.0559282352663	9
-103.5 71.5 -0.0308195945946 0.0878682065166	296
-102 71.5 -0.101286842105 0.0885288352932	19
-100.5 71.5 -0.194013636364 0.114766687438	11
-99 71.5 -0.10439 0.0640751156413	10
-97.5 71.5 -0.0660740740741 0.0413814348874	108
-93 71.5 -0.134618141593 0.0681454225817	113
-91.5 71.5 0.04135 0.154913509919	10
-90 71.5 -0.133073529412 0.126268612331	34
130.5 71.5 -0.0598240384615 0.0881327165542	104
132 71.5 0.0463179856115 0.0764502246002	278
135 71.5 0.35195 NaN	1
136.5 71.5 -0.0806666666667 0.0909509241628	12
153 71.5 0.081051369863 0.178733103657	146
154.5 71.5 -0.0463847826087 0.091498184824	23
157.5 71.5 -0.0318 0.110895388643	10
159 71.5 -0.0342948717949 0.1068671121	78
160.5 71.5 0.033593258427 0.113311789667	178
162 71.5 -0.00157638888889 0.152746571841	72
163.5 71.5 0.009726 0.121894272083	25
165 71.5 -0.0519672839506 0.0791487820344	81
166.5 71.5 -0.030746875 0.113927544842	32
168 71.5 -0.07020625 0.120950816278	16
169.5 71.5 -0.0406227272727 0.150163045298	22
171 71.5 -0.0108083333333 0.181929682825	24
172.5 71.5 -0.0442873737374 0.0905902420589	99
174 71.5 -0.0279241935484 0.1283928398	31
175.5 71.5 -0.0211040084388 0.102198619113	237
177 71.5 -0.0621160676533 0.0692316525522	946
178.5 71.5 -0.0871685714286 0.0776883054647	350
-178.5 71 -0.0880525641026 0.175489636052	39
-177 71 0.041414 0.0412575536518	25
-163.5 71 -0.0603137931034 0.0650666343964	58
-162 71 -0.0172683823529 0.0510788935206	136
-160.5 71 -0.0177564935065 0.12666913733	77
-159 71 -0.0508350746269 0.0517996966798	201
-153 71 -0.24945 NaN	1
-151.5 71 -0.10675 0.0183847763109	2
-150 71 -0.117755232558 0.0948697039771	172
-148.5 71 -0.0186581632653 0.0700285036719	245
-147 71 -0.0301574074074 0.136606312293	27
-145.5 71 -0.0711269230769 0.120184567464	13
-142.5 71 -0.0447261904762 0.124308877015	21
-141 71 0.00398692307692 0.0526330701457	195
-139.5 71 0.00197898550725 0.0613010246087	69
-138 71 -0.0539692307692 0.103352116647	26
-136.5 71 -0.0262768292683 0.0790988717505	41
-135 71 -0.0507125 0.175787761133	8
-133.5 71 -0.0137180851064 0.148828093284	47
-132 71 0.0268441176471 0.136030513445	17
-130.5 71 -0.0193280821918 0.117586415323	73
-129 71 -0.00864256198347 0.0975204714462	242
-127.5 71 -0.0305013157895 0.0646467704708	380
-126 71 -0.0417614014252 0.0869849254219	421
-124.5 71 -0.145626616915 0.0533142682637	201
-105 71 -0.131584883721 0.0468354611467	43
-103.5 71 -0.20432248062 0.0581697092679	258
-102 71 -0.0179760162602 0.0533997157808	123
-99 71 -0.07312 0.180618517877	10
-97.5 71 -0.0952951219512 0.0427754837839	82
-91.5 71 -0.165864285714 0.102907959339	7
-90 71 -0.0919840206186 0.228340281929	97
25.5 71 -0.0589333333333 0.0656732949277	6
130.5 71 0.0744456521739 0.0602987109603	161
132 71 0.0738293103448 0.047655680064	29
153 71 0.0268069767442 0.0566694721027	86
160.5 71 -0.06015 NaN	1
162 71 -0.0499412280702 0.127453319972	114
163.5 71 0.0206513071895 0.107046840453	153
165 71 -0.0674 0.322935666968	2
166.5 71 0.0556644927536 0.101515881509	69
168 71 -0.0504900630915 0.101960091181	317
169.5 71 -0.0332100671141 0.102581764954	298
171 71 -0.0277402439024 0.125378476513	82
172.5 71 0.00011 0.17695205377	10
175.5 71 0.0331141791045 0.0988721597335	134
177 71 -0.0925648648649 0.131838010486	74
178.5 71 -0.0647976190476 0.149304929816	42
-180 70.5 0.189618181818 0.0996385008125	22
-178.5 70.5 0.000299180327869 0.130315191776	61
-150 70.5 -0.123933561644 0.0831976094048	146
-148.5 70.5 0.0193848837209 0.045259408557	86
-147 70.5 -0.0291581081081 0.102890706249	37
-145.5 70.5 0.08545 NaN	1
-141 70.5 -0.01038125 0.139418753969	16
-138 70.5 -0.117638888889 0.0860219800153	18
-136.5 70.5 0.26855 NaN	1
-135 70.5 -0.0108919203747 0.0667952371658	427
-133.5 70.5 -0.00871413043478 0.10028039823	184
-132 70.5 -0.0231189320388 0.118649159892	103
-130.5 70.5 -0.0686838235294 0.100800679907	136
-129 70.5 0.01425 0.0741662322085	3
-127.5 70.5 -0.0769538461538 0.0829346671434	104
-126 70.5 0.0192729645094 0.0691754171785	479
-102 70.5 -0.0279388235294 0.0948941580673	170
-100.5 70.5 0.0674 0.344431713116	2
-99 70.5 -0.0941982352941 0.117840327413	85
-97.5 70.5 -0.186616666667 0.0106978190924	3
-91.5 70.5 0.107725 0.166526941192	8
-88.5 70.5 -0.183443333333 0.0987182248072	45
67.5 70.5 -0.214048181818 0.0585015799705	110
162 70.5 0.0137048192771 0.0895341462252	166
163.5 70.5 -0.0160005208333 0.079887644267	192
166.5 70.5 -0.00980433789954 0.0453343027555	219
168 70.5 -0.0605857142857 0.0690228535652	126
169.5 70.5 -0.0756069868996 0.0701932970835	458
171 70.5 0.0145456521739 0.150041020083	23
172.5 70.5 0.0219919047619 0.0720011976142	105
174 70.5 0.15485 NaN	1
175.5 70.5 0.0150833333333 0.116565232095	3
177 70.5 -0.171895 0.114612553161	20
178.5 70.5 0.04453125 0.112458965665	16
-178.5 70 0.0512909090909 0.0890848320107	22
-135 70 -0.0277642857143 0.112691571494	21
-132 70 -0.00521031746032 0.0681768349167	63
-126 70 0.02527 0.100609971238	65
-102 70 0.0472924242424 0.209511509276	33
-100.5 70 0.11207 0.125446968875	5
-91.5 70 0.0103166666667 0.15931244354	6
162 70 0.0296241071429 0.0758977747131	112
163.5 70 0.0223604347826 0.0820900386866	115
169.5 70 -0.0672084269663 0.0648257914234	178
172.5 70 0.134864285714 0.0621445566418	112
175.5 70 0.0355 0.0886984780027	8
177 70 -0.0571542553191 0.0907196365448	94
178.5 70 -0.00821666666667 0.0198860084817	3
-180 69.5 -0.0369833333333 0.186969525146	3
-178.5 69.5 -0.03321875 0.056311451988	16
-124.5 69.5 -0.223842307692 0.0577518464573	13
-100.5 69.5 -0.085420437018 0.0811761564522	389
-78 69.5 0.0101055555556 0.172090979653	9
-51 69.5 0.320191025641 0.0922860305274	39
57 69.5 -0.0101596774194 0.0493718303591	155
67.5 69.5 -0.20295 0.0630529142863	13
178.5 69.5 -0.122883333333 0.0829230899122	24
-178.5 69 0.0102908163265 0.163229248194	49
-108 69 -0.182251298701 0.0452116731943	77
-105 69 -0.224113870968 0.060366267225	155
-102 69 0.062075 0.0275950694354	8
-100.5 69 -0.178937878788 0.0916442782127	99
-81 69 -0.02753875 0.0732868723497	160
-79.5 69 0.95375 1.49439947136	2
-78 69 0.133659090909 0.126922285593	22
67.5 69 0.27245 NaN	1
69 69 -0.0384357142857 0.0938963156638	7
-178.5 68.5 0.0932225274725 0.166248713322	91
-112.5 68.5 -0.233828195489 0.0562015964649	133
-108 68.5 -0.182660810811 0.04641454384	37
-105 68.5 -0.16767345679 0.0627211174	81
-102 68.5 -0.0331353333333 0.0727373481027	75
-100.5 68.5 -0.0860133333333 0.0699724353774	30
-99 68.5 -0.02385 0.0968770720902	32
-87 68.5 -0.10265 0.145711735972	3
-81 68.5 0.0273472222222 0.0454157146252	36
-79.5 68.5 0.103405428571 0.0816885468816	175
-78 68.5 0.0452755072464 0.103616158774	345
-76.5 68.5 -0.092175 0.178239714523	4
-112.5 68 -0.250087037037 0.0438212729175	27
-105 68 1.00753 0.817004422877	5
-100.5 68 -0.137583333333 0.193840303687	3
-99 68 0.03751 0.115607733305	5
-88.5 68 -0.28325 NaN	1
-79.5 68 -0.10375 0.0809276466975	21
-78 68 -0.0814331168831 0.066641000898	77
-76.5 68 -0.103716666667 0.131631467869	3
-81 67.5 -0.165068181818 0.0697017908929	22
-79.5 67.5 -0.00740263157895 0.143646511999	19
-75 67.5 0.112418715084 0.362768990356	179
-82.5 67 0.11575 0.0671751442127	2
-81 67 0.00611666666667 0.129650813084	3
-79.5 67 -0.0322966666667 0.170526557909	15
-78 67 0.0709277777778 0.148416457563	135
-76.5 67 0.159809836066 0.0825012142759	122
-75 67 0.260277433628 0.266820261281	113
33 67 -0.25275 NaN	1
-82.5 66.5 0.082024 0.114820674399	50
-79.5 66.5 -0.0174373239437 0.158526394314	71
-78 66.5 0.230794444444 0.0836533642568	99
-76.5 66.5 0.281074632353 0.25327510636	272
-75 66.5 0.392361111111 0.0664968429327	288
-73.5 66.5 0.209816666667 0.0843050611371	3
-84 66 -0.00462142857143 0.101825957959	7
-82.5 66 0.0516333333333 0.0988707957004	12
-79.5 66 0.0137953333333 0.0772472762593	150
-78 66 -0.0164403614458 0.132531185115	83
-76.5 66 -0.0247255555556 0.0526706734834	90
-82.5 65.5 -0.103613636364 0.0851745688085	55
-76.5 65.5 -0.0397155555556 0.0666168954715	180
22.5 65.5 -0.196298387097 0.0613386874708	31
-82.5 65 -0.116770212766 0.082061734668	94
-81 65 -0.265 0.0301934595567	2
10.5 65 -0.0554035714286 0.154091046877	28
12 65 -0.219176315789 0.0469232409911	57
22.5 65 -0.223464835165 0.0550908265591	182
10.5 64.5 0.118705102041 0.549664841109	98
21 64.5 -0.3064 0.00388908729652	2
22.5 64.5 -0.0567139344262 0.0727051397376	61
-163.5 64 0.37495 0.0298099312311	6
-64.5 64 0.29625 NaN	1
21 64 0.04765 NaN	1
36 64 0.11298 0.0837991728306	80
-163.5 63.5 0.34232972973 0.0456290642167	74
7.5 63.5 0.194183333333 0.173049395646	3
21 63 -0.114769480519 0.0655034612162	77
-166.5 62 -0.04964 0.0734049718268	10
-66 62 -0.132251086957 0.077065870918	92
-165 61.5 -0.0353 0.211495638253	2
-78 61.5 0.06605 0.0830969614366	5
4.5 61.5 -0.168235714286 0.0828522799066	21
21 61 -0.184216666667 0.0825277569468	6
18 60.5 -0.0237313559322 0.0906524063902	59
21 60.5 -0.04803 0.136692845128	45
-148.5 60 0.09195 0.0466941823643	4
18 60 0.21205 0.0808930157677	2
19.5 60 -0.0718769121813 0.140160618236	353
21 60 0.00105680628272 0.128667499703	191
22.5 60 -0.0303822834646 0.0948868991592	127
