lon, lat, freeboard (m), standard deviation, count
-180 81.5 0.144311764706 0.141122389006	204
-178.5 81.5 0.120971568627 0.1345339356	204
-177 81.5 0.0836237804878 0.165769408496	164
-175.5 81.5 0.109535858586 0.138258677965	198
-174 81.5 0.029047 0.182922097154	100
-172.5 81.5 0.0613613095238 0.170439803912	168
-171 81.5 0.106080630631 0.157735075618	222
-169.5 81.5 0.105672926829 0.136574127725	205
-168 81.5 0.128893726236 0.121498026987	263
-166.5 81.5 0.142419406393 0.126674907275	219
-165 81.5 0.110427738516 0.122788619176	283
-163.5 81.5 0.145448815166 0.122628004278	422
-162 81.5 0.124460313901 0.121525554279	446
-160.5 81.5 0.124556680585 0.11409491038	479
-159 81.5 0.101042087912 0.11529791952	455
-157.5 81.5 0.12497261236 0.0950865358032	712
-156 81.5 0.127304881266 0.0897417049219	758
-154.5 81.5 0.133482694764 0.102809746713	783
-153 81.5 0.143985110081 0.0960084372873	863
-151.5 81.5 0.176181489362 0.118175210715	705
-150 81.5 0.159625163399 0.11632177138	918
-148.5 81.5 0.143092612245 0.0944403584472	1225
-147 81.5 0.120481672598 0.116207696508	562
-145.5 81.5 0.160798609432 0.115756504719	827
-144 81.5 0.155654279279 0.116041959249	888
-142.5 81.5 0.190593452958 0.105995145856	1031
-141 81.5 0.179989437897 0.116054224272	1103
-139.5 81.5 0.168714213198 0.10985595704	788
-138 81.5 0.211296943574 0.102859790341	1276
-136.5 81.5 0.217572441315 0.0993192026578	1065
-135 81.5 0.181492090395 0.10576013303	1062
-133.5 81.5 0.211467803468 0.106199608997	865
-132 81.5 0.266690340909 0.104554379622	1232
-130.5 81.5 0.226946136364 0.103861592107	880
-129 81.5 0.202724412172 0.126141773538	723
-127.5 81.5 0.233165958668 0.131487952371	871
-126 81.5 0.241239367089 0.119323245731	790
-124.5 81.5 0.239904438861 0.115138568987	597
-123 81.5 0.22079760274 0.112184767012	584
-121.5 81.5 0.251359881423 0.120440061051	759
-120 81.5 0.236488369565 0.124104873758	920
-118.5 81.5 0.277496426496 0.086176873417	1721
-117 81.5 0.234685186656 0.102218281553	1259
-115.5 81.5 0.287085057471 0.102205069009	1566
-114 81.5 0.299864064436 0.100480048791	1614
-112.5 81.5 0.269374328594 0.0967243315839	1899
-111 81.5 0.261037009804 0.0990951480436	1632
-109.5 81.5 0.27346516035 0.104729988295	1372
-108 81.5 0.282801697531 0.106300324594	1296
-106.5 81.5 0.241520118846 0.106534863154	1178
-105 81.5 0.234910600707 0.116545428895	1132
-103.5 81.5 0.274447812098 0.134742740209	777
-102 81.5 0.318178417969 0.127799743165	1024
-100.5 81.5 0.312842022117 0.113120821376	1266
-99 81.5 0.3190395 0.150360794842	800
-97.5 81.5 0.290872051282 0.195887997026	390
-96 81.5 0.421233650794 0.202631700726	630
-94.5 81.5 0.361365432099 0.172384390863	324
-93 81.5 0.303496428571 0.135397792238	168
-91.5 81.5 0.365575365854 0.100251471264	205
-90 81.5 0.627518421053 0.511055636737	38
-67.5 81.5 2.51295 NaN	1
-64.5 81.5 0.154041666667 0.269952344139	12
-63 81.5 -0.0384125 0.101342656898	8
-22.5 81.5 0.512616666667 0.157969691186	3
-12 81.5 0.148562903226 0.124642167149	93
-10.5 81.5 0.0582339506173 0.135021090293	243
-9 81.5 0.0376340336134 0.183074485816	357
-7.5 81.5 0.0543473214286 0.203570615262	112
-6 81.5 0.0554572916667 0.188353177356	96
-4.5 81.5 0.1843 0.131517597485	30
-3 81.5 0.104996666667 0.163705275086	45
-1.5 81.5 0.202024285714 0.107238295242	35
0 81.5 0.00905 0.226562485862	7
1.5 81.5 0.10439 0.0703014407493	15
55.5 81.5 -0.187357142857 0.0651155713894	14
57 81.5 -0.171778571429 0.0646197522508	7
90 81.5 0.0791672131148 0.133929555645	244
91.5 81.5 -0.0116513793103 0.0768972751127	435
93 81.5 -0.0116875854214 0.0733382226967	439
94.5 81.5 0.026552027027 0.084999958899	296
96 81.5 0.106273489933 0.0508762241891	149
97.5 81.5 0.181202910053 0.119208239284	189
99 81.5 0.187196254072 0.123020962973	307
100.5 81.5 0.00803893617021 0.104364459829	235
102 81.5 -0.00702719298246 0.161820752926	57
103.5 81.5 -0.01195 0.159099025767	2
105 81.5 0.1102225 0.112071007682	40
106.5 81.5 0.102741525424 0.0689196490878	59
108 81.5 -0.0359461538462 0.164116854663	26
109.5 81.5 -0.0443418367347 0.150172099657	49
111 81.5 0.0244663934426 0.1545848399	61
112.5 81.5 -0.0229581081081 0.152936145677	37
114 81.5 -0.0226068965517 0.146337799691	58
115.5 81.5 -0.00273192771084 0.102164241447	83
117 81.5 0.0302359375 0.127941860391	64
118.5 81.5 0.0690674698795 0.114541479038	166
120 81.5 0.0502791666667 0.118625951499	120
121.5 81.5 0.0757976793249 0.102434684672	237
123 81.5 0.06815 0.134410650125	287
124.5 81.5 0.0341755707763 0.133747966748	219
126 81.5 0.0646703703704 0.111183119776	108
127.5 81.5 -0.0160914285714 0.123714548127	70
129 81.5 0.108163445378 0.103480061065	119
130.5 81.5 0.0828455555556 0.162778323824	45
132 81.5 0.0527582191781 0.115954837657	73
133.5 81.5 0.0406556818182 0.110564569326	88
135 81.5 0.033164479638 0.0862099238557	221
136.5 81.5 0.0247045098039 0.110374125982	255
138 81.5 0.050741416309 0.0908384237883	233
139.5 81.5 0.0965986928105 0.0835341336825	306
141 81.5 0.117828461538 0.122042762091	65
142.5 81.5 0.130234462151 0.120905685051	251
144 81.5 0.0930161087866 0.117177640328	239
145.5 81.5 0.102951351351 0.12706859896	148
147 81.5 0.180541118421 0.11657956427	304
148.5 81.5 0.176942479109 0.107934910161	359
150 81.5 0.18270817757 0.105182679287	428
151.5 81.5 0.148035655738 0.104420497838	488
153 81.5 0.0970197674419 0.130935474883	301
154.5 81.5 0.0862976363636 0.123198539633	275
156 81.5 0.15743987069 0.108025217262	464
157.5 81.5 0.172598302872 0.124837377109	383
159 81.5 0.19354471831 0.113444168992	568
160.5 81.5 0.145194108761 0.12667126837	331
162 81.5 0.147617975831 0.120881804287	331
163.5 81.5 0.118405747126 0.161570455457	174
165 81.5 0.17074 0.137348293246	150
166.5 81.5 0.161268326693 0.111642444181	251
168 81.5 0.139655574913 0.125270240343	287
169.5 81.5 0.102146969697 0.14689436823	165
171 81.5 0.104894047619 0.140728263529	168
172.5 81.5 0.170746742671 0.141481566234	307
174 81.5 0.145655855856 0.151147349257	222
175.5 81.5 0.0982135964912 0.140577150935	228
177 81.5 0.128085220126 0.110714053372	477
178.5 81.5 0.130731595092 0.167831163044	163
-180 81 0.112096564885 0.132099493618	262
-178.5 81 0.0753590322581 0.162431837999	155
-177 81 0.06190875 0.132784602102	80
-175.5 81 0.105299295775 0.156127756179	71
-174 81 0.0949179487179 0.138846126475	156
-172.5 81 0.0872163716814 0.127645625247	113
-171 81 -0.0146547169811 0.159825984765	106
-169.5 81 0.0752657024793 0.139277508957	121
-168 81 0.111721903323 0.111150630919	331
-166.5 81 0.0863341409692 0.145154161914	227
-165 81 0.159770338983 0.125316299383	295
-163.5 81 0.147563333333 0.122009610548	390
-162 81 0.139876797386 0.115025974856	459
-160.5 81 0.103052477477 0.104441268528	444
-159 81 0.145725910693 0.0960609439897	851
-157.5 81 0.158121902655 0.0871789698645	904
-156 81 0.152034507042 0.0970544864956	639
-154.5 81 0.135492595205 0.0941145795668	709
-153 81 0.135037453184 0.114080645794	534
-151.5 81 0.102966224189 0.123085431206	339
-150 81 0.0893486842105 0.137747520259	228
-148.5 81 0.165492168675 0.104835684083	415
-147 81 0.135202186589 0.118127415546	343
-145.5 81 0.165327192982 0.11260113246	399
-144 81 0.182739607843 0.101704038773	510
-142.5 81 0.176963179572 0.101158807236	607
-141 81 0.178048616352 0.107778353166	795
-139.5 81 0.184327917716 0.10016680747	1191
-138 81 0.17875572973 0.10598037074	925
-136.5 81 0.165243722944 0.106625292281	462
-135 81 0.177405334539 0.112168048639	553
-133.5 81 0.197713905325 0.0954982666454	676
-132 81 0.249781390977 0.145915211725	532
-130.5 81 0.214426036866 0.130247912758	434
-129 81 0.220082091691 0.143857293797	349
-127.5 81 0.236726522843 0.125087581291	788
-126 81 0.239292262895 0.121709176637	601
-124.5 81 0.253187014925 0.117300801234	670
-123 81 0.25661836403 0.0969658051644	923
-121.5 81 0.251233478261 0.105045349549	1035
-120 81 0.28829170008 0.103231920992	1247
-118.5 81 0.286242851064 0.0983046407092	1175
-117 81 0.242765870968 0.115983468454	775
-115.5 81 0.29144033579 0.103402666381	1221
-114 81 0.299994074074 0.0927068371857	1620
-112.5 81 0.25104862259 0.108534123416	1452
-111 81 0.249735962264 0.110077867245	1325
-109.5 81 0.292873655914 0.115942638525	1023
-108 81 0.29901146789 0.124570088474	981
-106.5 81 0.298217876588 0.109105350695	1102
-105 81 0.248623351648 0.132654517326	728
-103.5 81 0.287187982196 0.119630653384	1011
-102 81 0.315748342541 0.127289991662	905
-100.5 81 0.350546267838 0.162681010689	911
-99 81 0.378858084359 0.14348684954	569
-97.5 81 0.492575796426 0.174008424528	1287
-96 81 0.552401501669 0.185353843109	899
-94.5 81 0.380746153846 0.200999206925	26
-91.5 81 0.530090972222 0.20355171416	144
-90 81 0.277367777778 0.233493876004	45
-88.5 81 0.1689125 0.307512522103	8
-87 81 0.37835 NaN	1
-67.5 81 0.03789375 0.135792090927	16
-64.5 81 0.19165 NaN	1
-13.5 81 -0.0438346153846 0.143214537509	26
-12 81 -0.0729120155039 0.117028422298	258
-10.5 81 -0.058878 0.121790470608	250
-9 81 0.0707124434389 0.155206945403	221
-7.5 81 0.0221303030303 0.201289048344	132
-6 81 0.0369307017544 0.201107064981	57
-4.5 81 0.0755988372093 0.162998872874	43
-3 81 0.182597826087 0.118246110332	23
-1.5 81 -0.0197863636364 0.171271458642	11
0 81 0.14253125 0.139309043587	16
58.5 81 -0.229939473684 0.0513027069886	57
60 81 -0.248469117647 0.0381793577788	68
61.5 81 -0.231836363636 0.0488346153598	66
63 81 -0.204073076923 0.0674467052782	65
90 81 0.059072 0.0515521661296	50
91.5 81 0.0285489761092 0.100002428219	293
93 81 -0.0689324902724 0.108602919419	257
94.5 81 -0.107902 0.252411515864	75
96 81 0.10355862069 0.255206128099	58
97.5 81 0.123817355372 0.137918622529	242
99 81 0.0367133333333 0.145927224831	120
100.5 81 0.0415947916667 0.0829968729239	192
102 81 -0.0228778074866 0.0809214551943	187
103.5 81 0.0772916666667 0.0827968543539	144
105 81 0.10955990099 0.0706014488385	202
106.5 81 0.0672516806723 0.0567045913054	119
108 81 0.105778571429 0.143673944046	14
109.5 81 -0.207378571429 0.109032987582	7
111 81 0.0868192307692 0.182225736312	13
112.5 81 0.0176909090909 0.1747902734	22
114 81 0.1627375 0.159714919578	8
115.5 81 0.0714153846154 0.171056205833	26
117 81 -0.00468846153846 0.104570496975	91
118.5 81 0.0433521164021 0.127191259885	189
120 81 0.0396223577236 0.110685531603	246
121.5 81 0.0246521505376 0.13436032992	93
123 81 0.0786803867403 0.117869378807	181
124.5 81 0.12395 0.120592769269	81
126 81 0.0196833333333 0.141392287159	54
127.5 81 0.0253730769231 0.167855507643	26
129 81 0.046940625 0.15524846965	32
130.5 81 0.0238436170213 0.103849492692	47
132 81 0.0861868421053 0.114637250154	19
133.5 81 0.0586159090909 0.139304853825	44
135 81 0.0463404191617 0.0959193845966	167
136.5 81 0.0602676895307 0.0960849703844	277
138 81 0.0794076086957 0.12856154402	92
139.5 81 0.100589705882 0.147693920374	136
141 81 0.0922324817518 0.137214557675	137
142.5 81 0.133193654822 0.0981720409034	197
144 81 0.154050970874 0.0911086525401	103
145.5 81 0.100447326203 0.116666339523	187
147 81 0.081558974359 0.125423228991	156
148.5 81 0.113642460317 0.116520464418	252
150 81 0.144549234694 0.099922987094	392
151.5 81 0.169119981917 0.113132756614	553
153 81 0.0735640186916 0.136960658104	214
154.5 81 0.0881863934426 0.109970778506	305
156 81 0.103748148148 0.123013962797	324
157.5 81 0.118136068111 0.112315978235	323
159 81 0.145871428571 0.103723165417	308
160.5 81 0.118591438356 0.110460657869	292
162 81 0.135509148936 0.111951979705	235
163.5 81 0.0961084677419 0.106342211755	248
165 81 0.10851372549 0.133537692167	204
166.5 81 0.143378426396 0.110097674187	197
168 81 0.150075625 0.131849928583	320
169.5 81 0.163505144033 0.10408431299	486
171 81 0.137813309353 0.117875970516	278
172.5 81 0.103934246575 0.142490992184	146
174 81 0.170031203008 0.129554203794	266
175.5 81 0.149095652174 0.13132857343	276
177 81 0.17863115016 0.112102725309	313
178.5 81 0.179043867925 0.125191839968	424
-180 80.5 0.110082278481 0.111608760625	158
-178.5 80.5 0.12715965251 0.0831419335114	259
-177 80.5 0.144311578947 0.104845715561	190
-175.5 80.5 0.107801072961 0.136298604779	233
-174 80.5 0.0885507142857 0.133304541524	140
-172.5 80.5 0.0336985714286 0.132510361071	105
-171 80.5 0.0189613636364 0.167884837627	44
-169.5 80.5 0.0786779661017 0.136293072787	118
-168 80.5 0.0580822222222 0.16716643582	90
-166.5 80.5 0.0812038461538 0.172235124816	52
-165 80.5 0.168924074074 0.104632260832	162
-163.5 80.5 0.138197794118 0.132744989704	136
-162 80.5 0.0994737804878 0.140817219938	164
-160.5 80.5 0.0929529411765 0.111308388097	272
-159 80.5 0.061814 0.118251196134	125
-157.5 80.5 0.135317355372 0.0942954365006	242
-156 80.5 0.138896333333 0.108433425562	300
-154.5 80.5 0.140884708738 0.0921417557224	412
-153 80.5 0.124116666667 0.0842494458723	453
-151.5 80.5 0.0534916666667 0.121635330451	96
-150 80.5 0.134948064516 0.106016517012	155
-148.5 80.5 0.101838888889 0.123021649865	162
-147 80.5 0.116867840376 0.12654989232	213
-145.5 80.5 0.141122222222 0.11143804199	342
-144 80.5 0.148074193548 0.131304864592	186
-142.5 80.5 0.131090555556 0.121163020382	180
-141 80.5 0.147897094801 0.113698929137	327
-139.5 80.5 0.125874595469 0.10792072146	309
-138 80.5 0.167044880546 0.128273119392	293
-136.5 80.5 0.173394915254 0.11216832424	354
-135 80.5 0.167526666667 0.106583599636	210
-133.5 80.5 0.174075367647 0.119622318861	272
-132 80.5 0.161379473684 0.107748474713	95
-130.5 80.5 0.171499038462 0.141780604477	208
-129 80.5 0.150940265487 0.119894861653	113
-127.5 80.5 0.187571967963 0.131326961613	437
-126 80.5 0.218539409722 0.109249352961	576
-124.5 80.5 0.181464439655 0.109901225172	464
-123 80.5 0.201513304721 0.117147998872	466
-121.5 80.5 0.233110065466 0.120903744709	611
-120 80.5 0.285553187251 0.0982197972107	1004
-118.5 80.5 0.266616746699 0.107312553755	833
-117 80.5 0.25587601432 0.0948271200218	838
-115.5 80.5 0.253576590331 0.105768346524	786
-114 80.5 0.272793679599 0.0968132736605	799
-112.5 80.5 0.27736987513 0.0969754399233	961
-111 80.5 0.239514933495 0.104696425233	827
-109.5 80.5 0.262447916667 0.113538060866	576
-108 80.5 0.308467063492 0.122416251839	504
-106.5 80.5 0.305350912409 0.130942690686	548
-105 80.5 0.29658768997 0.129842595172	658
-103.5 80.5 0.338060120482 0.118940412125	415
-102 80.5 0.295415879828 0.140783929675	466
-100.5 80.5 0.345327022059 0.115893517384	544
-99 80.5 0.318951567398 0.171619723226	319
-97.5 80.5 0.238821008403 0.167361947256	476
-96 80.5 0.252412878788 0.156204193239	132
-91.5 80.5 0.91135 NaN	1
-88.5 80.5 -0.09745 NaN	1
-87 80.5 0.06585 NaN	1
-85.5 80.5 -0.0686375 0.113486442708	8
-84 80.5 -0.0998214285714 0.144403782433	7
-69 80.5 -0.24895 NaN	1
-15 80.5 0.00275303030303 0.14581521707	66
-13.5 80.5 0.0187675609756 0.138207748867	205
-12 80.5 -0.0922102941176 0.135817861303	136
-10.5 80.5 -0.03875 0.138062459881	199
-9 80.5 -0.0238594339623 0.145711294782	212
-7.5 80.5 0.0999536363636 0.184762734702	55
-6 80.5 0.110452631579 0.183380607727	38
-4.5 80.5 0.183473529412 0.126063791042	17
-3 80.5 0.248433333333 0.102420767751	6
-1.5 80.5 0.158394444444 0.0830169126009	9
0 80.5 0.31895 NaN	1
90 80.5 0.10565 0.00820243866176	2
91.5 80.5 0.2222625 0.277947335239	16
93 80.5 -0.24965 NaN	1
97.5 80.5 0.0922007352941 0.0900732039706	136
99 80.5 0.0815162337662 0.115744946019	77
100.5 80.5 0.0551557692308 0.0393002490311	52
102 80.5 0.0936090909091 0.0728441710073	88
103.5 80.5 0.0325976190476 0.16039633917	21
105 80.5 0.00174913043478 0.0840044680613	230
106.5 80.5 -0.0416641230068 0.0754761245088	439
108 80.5 -0.0289682098765 0.0538557206404	324
109.5 80.5 0.0772931818182 0.130071617836	44
111 80.5 0.064025 0.0838057824178	4
112.5 80.5 -0.262 0.0562149891043	2
114 80.5 0.000423333333333 0.124029474991	15
115.5 80.5 0.130264285714 0.101157096119	7
117 80.5 -0.0193722222222 0.086561160138	9
118.5 80.5 0.0136833333333 0.0626310891917	3
120 80.5 -0.0895166666667 0.268278685947	3
121.5 80.5 0.0591267857143 0.170999199351	56
123 80.5 -0.00607868217054 0.109276572994	129
124.5 80.5 0.119083333333 0.0860149405627	9
126 80.5 0.0270166666667 0.194683620148	30
127.5 80.5 0.0650944444444 0.20313752799	9
129 80.5 0.15988 0.0715613342215	10
130.5 80.5 0.162116666667 0.123023504529	6
132 80.5 -0.0102877777778 0.113778657166	90
133.5 80.5 -0.0316455128205 0.0574574505604	156
135 80.5 -0.0643802158273 0.0857998544429	139
136.5 80.5 0.0554682320442 0.0773671818823	181
138 80.5 -0.0736366666667 0.152184013928	15
139.5 80.5 -0.00941 0.108887134226	30
141 80.5 0.0539119047619 0.216198453917	21
142.5 80.5 0.0154730769231 0.177134478828	13
144 80.5 0.111945 0.0750934433144	60
145.5 80.5 0.100335294118 0.10907766988	170
147 80.5 0.101374264706 0.120173101382	136
148.5 80.5 0.124790977444 0.0984024977315	266
150 80.5 0.142654316547 0.115332088167	139
151.5 80.5 0.14211803653 0.107112970715	438
153 80.5 0.10837437276 0.0999625432415	279
154.5 80.5 0.0648217171717 0.113857132439	198
156 80.5 0.0693560465116 0.106549918584	215
157.5 80.5 0.0954651079137 0.0986170700702	139
159 80.5 0.122684810127 0.0972923677967	158
160.5 80.5 0.101244782609 0.102412088911	230
162 80.5 0.118624193548 0.102334824874	279
163.5 80.5 0.08043375 0.119252188854	240
165 80.5 0.07465 0.142312046473	99
166.5 80.5 0.111572 0.12698299039	150
168 80.5 0.134766605166 0.112675891392	271
169.5 80.5 0.101353314917 0.135986612454	181
171 80.5 0.126973529412 0.158073238176	136
172.5 80.5 0.0781855029586 0.137648358642	169
174 80.5 0.0608120915033 0.112257948966	153
175.5 80.5 0.0605537634409 0.148778779498	186
177 80.5 0.0955651041667 0.135951071546	192
178.5 80.5 0.117758333333 0.138471404335	180
-180 80 0.181745804196 0.11543872399	143
-178.5 80 0.142507225434 0.119075621943	173
-177 80 0.116804935622 0.0859562653637	233
-175.5 80 0.127345145631 0.109928886441	103
-174 80 0.125149363057 0.122759630411	157
-172.5 80 0.0547987804878 0.154395851064	82
-171 80 0.0666229411765 0.143006919903	85
-169.5 80 0.0805083333333 0.127854646582	84
-168 80 0.118735106383 0.155139379551	94
-166.5 80 0.143687671233 0.0970245727478	292
-165 80 0.107270930233 0.134061006212	129
-163.5 80 0.106862408759 0.115635060736	137
-162 80 0.0684844827586 0.12421549025	116
-160.5 80 0.113337784679 0.0880252754857	483
-159 80 0.10142537155 0.104487417896	471
-157.5 80 0.127690588235 0.0961585244623	510
-156 80 0.124861066398 0.106008430024	497
-154.5 80 0.111606 0.112535099572	225
-153 80 0.0988885454545 0.102927904245	275
-151.5 80 0.0471778481013 0.134115511767	79
-150 80 0.08121 0.130058516153	235
-148.5 80 0.00818695652174 0.153126328905	46
-147 80 0.0977990797546 0.125897266255	163
-145.5 80 0.139643674699 0.0989924074222	332
-144 80 0.107892857143 0.126133073762	182
-142.5 80 0.13905 0.130578704546	199
-141 80 0.154479498525 0.0970995698474	339
-139.5 80 0.131603448276 0.117132811682	232
-138 80 0.173585535714 0.0966385055577	560
-136.5 80 0.130209375 0.111641838042	224
-135 80 0.151482320442 0.09434582246	362
-133.5 80 0.168022870662 0.100031452438	317
-132 80 0.183932334385 0.110733475795	317
-130.5 80 0.148164556962 0.116837804079	158
-129 80 0.228430745342 0.146168022544	161
-127.5 80 0.162775443787 0.126895882063	169
-126 80 0.229907915058 0.104896833616	259
-124.5 80 0.214386363636 0.106640857957	451
-123 80 0.196755522682 0.117712328587	507
-121.5 80 0.223924428274 0.128780164229	481
-120 80 0.245517097967 0.119023121582	541
-118.5 80 0.220066016427 0.0952995510708	487
-117 80 0.236359156627 0.123172296798	415
-115.5 80 0.269894094488 0.107445299805	508
-114 80 0.261818768328 0.107572800912	682
-112.5 80 0.303641554054 0.102466105412	888
-111 80 0.284368656716 0.114521273256	670
-109.5 80 0.283552072539 0.10277305715	579
-108 80 0.23786372549 0.120259807967	357
-106.5 80 0.295769075145 0.142466884167	346
-105 80 0.325597368421 0.154167788119	247
-103.5 80 0.30182122905 0.139533001966	358
-102 80 0.236024025974 0.16835022863	385
-100.5 80 0.275356521739 0.137371449539	184
-99 80 0.302273511905 0.228500400236	336
-97.5 80 0.122943531469 0.148627305761	572
-96 80 0.47215 NaN	1
-87 80 0.604025 0.470465332587	4
-67.5 80 -0.15985 0.0906919786971	5
-66 80 -0.0154878378378 0.132826039849	37
-64.5 80 -0.14535 0.0301227488785	2
-16.5 80 -0.0599435251799 0.111037078419	139
-15 80 0.0263127906977 0.180962174452	43
-13.5 80 -0.0942 0.19067951804	26
-12 80 -0.044108974359 0.12720928092	78
-10.5 80 -0.0423846153846 0.138798169668	78
-9 80 0.0223929487179 0.139742350988	156
-7.5 80 0.157715116279 0.13405802561	43
-6 80 0.016005 0.169773829348	20
-3 80 0.116783333333 0.0130798827722	3
-1.5 80 -0.126975 0.197519456848	4
90 80 0.009964 0.187275594158	50
93 80 -0.19725 0.0934795164729	2
97.5 80 0.6579375 0.226656438617	16
99 80 0.297938 0.141240826605	25
100.5 80 0.00989285714286 0.130353789088	14
102 80 0.0124132432432 0.0799925590987	185
103.5 80 0.0300690697674 0.0767755964141	215
105 80 0.067051980198 0.0713111816746	303
106.5 80 -0.00195037453184 0.0669948272597	267
112.5 80 0.0412806451613 0.114207735073	62
114 80 0.00506595092025 0.11936477546	163
115.5 80 0.0228104651163 0.126019095566	43
117 80 0.0388770833333 0.163935472178	48
118.5 80 0.11108 0.118063570917	10
120 80 0.142683333333 0.135222939375	3
123 80 0.12315 NaN	1
124.5 80 -0.0508515384615 0.122919637737	65
127.5 80 0.09515 0.0841519062965	7
129 80 0.009075 0.203688608338	4
130.5 80 0.0645453488372 0.116426132219	43
132 80 0.0177166666667 0.172675085059	9
139.5 80 0.0646625 0.209232047788	8
141 80 0.0700456521739 0.14143594592	23
142.5 80 0.0532351851852 0.0852961794784	27
144 80 -0.0150181818182 0.168873086712	22
145.5 80 0.111785227273 0.111016955358	88
147 80 0.0584795774648 0.142735620136	71
148.5 80 0.144706321839 0.101486275508	87
150 80 0.129432911392 0.106379973466	316
151.5 80 0.100684337349 0.132849641467	166
153 80 0.0931857723577 0.111801212896	246
154.5 80 0.0419678807947 0.0992468357757	151
156 80 0.0697588607595 0.128296225888	158
157.5 80 0.0650962686567 0.113790299583	134
159 80 0.110687229437 0.117052995427	231
160.5 80 0.106706097561 0.0854364121192	123
162 80 0.0471278688525 0.08508899426	122
163.5 80 0.0441037815126 0.12310467352	119
165 80 0.0587176767677 0.121396131657	99
166.5 80 0.0874441176471 0.139313970666	119
168 80 0.0952646853147 0.117831599195	143
169.5 80 0.0965472222222 0.109456745571	108
171 80 -0.00858255813953 0.155664473913	43
172.5 80 0.0263050724638 0.13844801481	69
174 80 0.0566708333333 0.125253707774	144
175.5 80 0.0796971698113 0.108253943975	53
177 80 0.136601869159 0.112295949414	214
178.5 80 0.150709 0.124851416894	200
-180 79.5 0.0879852941176 0.167264495924	85
-178.5 79.5 0.0374788888889 0.128545081625	45
-177 79.5 0.138602272727 0.128064708839	88
-175.5 79.5 0.0345441176471 0.132083647156	85
-174 79.5 0.0873055555556 0.118859080414	108
-172.5 79.5 -0.0576880952381 0.164180450956	21
-171 79.5 0.0584714285714 0.15006286156	112
-169.5 79.5 0.105448373984 0.117024286385	123
-168 79.5 0.087664893617 0.196747376071	47
-166.5 79.5 0.0852175675676 0.13809497239	74
-165 79.5 0.0870387096774 0.14734309235	124
-163.5 79.5 0.0994704651163 0.136732969688	215
-162 79.5 0.0760862416107 0.104753576935	298
-160.5 79.5 0.126094315992 0.0944200609853	519
-159 79.5 0.0830840425532 0.116762875964	329
-157.5 79.5 0.0896561371841 0.103509377499	277
-156 79.5 0.0509814516129 0.0936659297777	124
-154.5 79.5 0.0910137362637 0.143348029879	91
-153 79.5 0.111181182796 0.125454847679	186
-151.5 79.5 0.0761958333333 0.129898328278	192
-150 79.5 0.118175748503 0.115854454789	167
-148.5 79.5 0.0279459183673 0.142744926879	49
-147 79.5 0.0663875 0.0966808674635	104
-145.5 79.5 0.125761009174 0.113033355739	218
-144 79.5 0.0838226457399 0.110671697415	223
-142.5 79.5 0.06053125 0.144938557054	112
-141 79.5 0.12145052356 0.0936566880167	191
-139.5 79.5 0.128374712644 0.0949333372582	348
-138 79.5 0.153516031746 0.12436612794	315
-136.5 79.5 0.147047413793 0.126307916182	232
-135 79.5 0.1538625 0.120265488016	256
-133.5 79.5 0.149884730539 0.105835605032	167
-132 79.5 0.133073699422 0.102931102856	173
-130.5 79.5 0.12103655914 0.0913819195671	186
-129 79.5 0.152410465116 0.138788589464	129
-127.5 79.5 0.208904358974 0.119667308229	195
-126 79.5 0.225438888889 0.110484548242	459
-124.5 79.5 0.209919467787 0.106950409557	357
-123 79.5 0.176562342569 0.108652536606	397
-121.5 79.5 0.206694250871 0.131090841668	287
-120 79.5 0.220875961538 0.111737930928	312
-118.5 79.5 0.228712608696 0.100712752478	460
-117 79.5 0.225975813953 0.0976835278666	430
-115.5 79.5 0.223701434879 0.105516620043	453
-114 79.5 0.275305555556 0.114308768334	378
-112.5 79.5 0.282135074627 0.113764456291	536
-111 79.5 0.294640883191 0.11201809689	351
-109.5 79.5 0.251124940898 0.12763219886	423
-108 79.5 0.177153636364 0.159086444093	165
-106.5 79.5 0.2602625 0.160518090586	120
-105 79.5 0.346497222222 0.120015241572	360
-103.5 79.5 0.306469219219 0.216082470987	333
-102 79.5 0.244506956522 0.125106086404	230
-100.5 79.5 0.163668378378 0.137803083702	185
-99 79.5 0.372541269841 0.160601141641	252
-97.5 79.5 0.316590939597 0.306020445796	149
-96 79.5 0.473253030303 0.272482953004	33
-93 79.5 -0.0744955696203 0.0956145397127	79
-85.5 79.5 0.762783333333 0.099412792604	3
-75 79.5 -0.14925 0.108487902551	5
-73.5 79.5 0.28035 0.109467830354	18
-72 79.5 0.135683333333 0.23979519797	12
-70.5 79.5 0.0532986111111 0.0786379079161	72
-69 79.5 0.00300584415584 0.102133675942	77
-67.5 79.5 0.0370269230769 0.116549725824	13
-66 79.5 0.159863043478 0.144310748369	23
-19.5 79.5 0.13485 NaN	1
-18 79.5 -0.09455 0.225425641842	2
-16.5 79.5 0.0999766666667 0.139110053976	75
-15 79.5 -0.0100028301887 0.164922298259	53
-13.5 79.5 0.0657131578947 0.126011543609	19
-12 79.5 0.00657924528302 0.147693625595	106
-10.5 79.5 -0.00520384615385 0.147467464156	26
-9 79.5 -0.0591240740741 0.12234786972	27
-7.5 79.5 0.0469352941176 0.146018500555	34
-6 79.5 0.174761538462 0.253136515465	26
-4.5 79.5 0.0182115384615 0.131316516722	13
-1.5 79.5 0.146058 0.0687859658651	25
90 79.5 -0.0389673913043 0.0670178175235	23
91.5 79.5 0.0193223076923 0.0890201601248	65
93 79.5 0.101277272727 0.328959192274	11
100.5 79.5 -0.0806365384615 0.0787813397642	156
102 79.5 -0.0713196969697 0.0943621894777	33
105 79.5 0.1477 0.0403967339164	10
108 79.5 0.0686863636364 0.0396315653554	44
109.5 79.5 0.0532547169811 0.0441498930714	212
111 79.5 0.0513200787402 0.0732107149272	127
112.5 79.5 0.103039320388 0.103556572502	103
114 79.5 0.05095 NaN	1
115.5 79.5 -0.152103846154 0.104692897048	13
117 79.5 0.00589311926606 0.0881356523554	109
118.5 79.5 0.00561647230321 0.064116831512	343
120 79.5 0.00946019607843 0.0930908588738	255
121.5 79.5 0.11639 0.127386203683	10
123 79.5 -0.03555 0.122753737214	2
144 79.5 0.0494730769231 0.130778214892	65
145.5 79.5 -0.05594 0.147273166071	10
147 79.5 0.0837814285714 0.132491705557	70
148.5 79.5 0.0669035714286 0.136484870468	84
150 79.5 0.0736033742331 0.116402299563	163
151.5 79.5 0.111047254902 0.102349167841	255
153 79.5 0.044402739726 0.103031594883	146
154.5 79.5 0.102153921569 0.0828214791598	102
156 79.5 0.102343401015 0.0913470937571	197
157.5 79.5 0.0786997536946 0.121882127514	203
159 79.5 0.139483333333 0.0957903768169	267
160.5 79.5 0.0175586666667 0.152064337733	150
162 79.5 0.0479525641026 0.104855325175	117
163.5 79.5 0.0844166666667 0.0981977246293	159
165 79.5 0.0989006896552 0.10124459753	290
166.5 79.5 0.0831841346154 0.103222153083	208
168 79.5 0.0899796610169 0.135013398708	118
169.5 79.5 0.0648902298851 0.147644720851	87
171 79.5 0.0793033333333 0.121054919471	90
172.5 79.5 0.0574480769231 0.0961109194368	156
174 79.5 0.046025308642 0.151195756828	81
175.5 79.5 0.02435 0.141363545212	48
177 79.5 0.0731036585366 0.160583332101	41
178.5 79.5 0.0411545454545 0.190983782601	22
-180 79 0.0867016129032 0.128143844306	62
-178.5 79 0.0598227272727 0.155558387898	33
-177 79 0.0101611111111 0.152618973297	45
-175.5 79 -0.001409375 0.149884878101	32
-174 79 0.0902283783784 0.136390959979	37
-172.5 79 0.12818908046 0.135714083309	87
-171 79 0.0946236842105 0.11703648362	76
-169.5 79 0.0532669811321 0.0985704219827	106
-168 79 0.108136144578 0.10260354587	166
-166.5 79 0.0615046296296 0.131371837538	108
-165 79 0.109233636364 0.0916841631209	165
-163.5 79 0.0587804568528 0.131572364609	197
-162 79 0.0880232101617 0.105301993945	433
-160.5 79 0.0823011299435 0.114751499766	354
-159 79 0.10471402439 0.121597342432	328
-157.5 79 0.0420598360656 0.122212876839	183
-156 79 0.0415976744186 0.115641661918	172
-154.5 79 0.0850404494382 0.14815050703	178
-153 79 0.0575481818182 0.0933932732208	110
-151.5 79 0.0171073643411 0.130480092336	129
-150 79 0.0689365284974 0.129646340757	193
-148.5 79 0.103784306569 0.12492174282	137
-147 79 0.0593262295082 0.112574308281	122
-145.5 79 0.06560625 0.142095093215	64
-144 79 0.0557225925926 0.126850125709	135
-142.5 79 0.0745788973384 0.0809110938991	263
-141 79 0.103312732919 0.0983191447658	161
-139.5 79 0.123027386935 0.121621868636	199
-138 79 0.14879214876 0.122689069845	363
-136.5 79 0.108455676856 0.127435304237	229
-135 79 0.115571192053 0.100806501998	302
-133.5 79 0.134597395833 0.151039539546	192
-132 79 0.198812698413 0.106998183873	252
-130.5 79 0.176430582524 0.0855900540309	309
-129 79 0.137589726027 0.125012543635	146
-127.5 79 0.142722254335 0.113504070894	173
-126 79 0.174717986799 0.106682959461	303
-124.5 79 0.201443679458 0.107282786784	443
-123 79 0.208777911275 0.120224107311	541
-121.5 79 0.204765384615 0.105035351499	299
-120 79 0.208937704918 0.125305409339	244
-118.5 79 0.177261552347 0.112045594094	277
-117 79 0.215836206897 0.122199781351	232
-115.5 79 0.265607734807 0.104027070887	362
-114 79 0.287458188586 0.110629052788	403
-112.5 79 0.31478203125 0.111069102577	512
-111 79 0.310576347305 0.173318620028	334
-109.5 79 0.220818965517 0.127248191409	29
-108 79 0.188342513369 0.154785936983	187
-106.5 79 0.244725675676 0.191683174536	74
-105 79 0.342532511211 0.440855561635	223
-103.5 79 0.237201923077 0.190407333738	52
-102 79 0.369794370861 0.120157659519	302
-100.5 79 0.192571025641 0.107851773213	585
-99 79 0.184778465347 0.111751908213	404
-97.5 79 0.194498128342 0.150046869861	187
-96 79 0.101933561644 0.173105285892	73
-94.5 79 0.38655 0.24237753707	22
-87 79 -0.23015 NaN	1
-85.5 79 0.48775 0.0859841845923	2
-75 79 0.3688 0.0327390439689	2
-73.5 79 -0.0275222222222 0.139325162651	18
-72 79 -0.025366 0.212256463434	50
-70.5 79 -0.0561944444444 0.148871428495	72
-69 79 -0.0704611111111 0.0781013435818	18
-67.5 79 -0.0571125 0.202601360435	8
-66 79 -0.1681 0.0809637264459	2
-19.5 79 -0.1617 0.0127986327395	2
-18 79 -0.01523125 0.14891758445	16
-16.5 79 0.0119570707071 0.143417538173	99
-15 79 -0.00585814814815 0.138427514108	270
-13.5 79 -0.0388691489362 0.116474153556	94
-12 79 0.147529120879 0.127629443239	91
-10.5 79 0.057305 0.131707744547	20
-9 79 -0.0355071428571 0.171578241211	7
-7.5 79 0.0393071428571 0.169508454628	7
-6 79 0.0225611111111 0.16175560612	9
-4.5 79 0.11115 NaN	1
91.5 79 0.0376769230769 0.0871945207347	26
93 79 -0.0331377192982 0.110449584605	57
94.5 79 0.00824166666667 0.0745168859245	12
96 79 0.0313017857143 0.10762142232	56
97.5 79 -0.00585 0.0997020561473	2
99 79 0.17815 0.142269884375	2
100.5 79 -0.03069 0.126264955634	95
103.5 79 0.11865 0.231955944093	3
105 79 0.000349107142857 0.0846202822103	112
106.5 79 0.0883712903226 0.05998027813	155
108 79 0.138607823129 0.0480450458227	147
114 79 0.00550641025641 0.069417861585	156
115.5 79 0.00174081632653 0.0793553161638	98
117 79 0.0506651685393 0.073111521851	178
118.5 79 0.0122394736842 0.0383647568592	95
147 79 0.0515913793103 0.0859981624274	29
148.5 79 0.0943083333333 0.093800092522	36
150 79 0.0585177419355 0.0972534828475	62
151.5 79 0.110377941176 0.107526418615	68
153 79 0.07870125 0.0796891984704	80
154.5 79 0.0568792307692 0.114846776624	65
156 79 0.0391569767442 0.105003468616	86
157.5 79 0.0724557471264 0.122888933932	87
159 79 0.0667625 0.107126236671	136
160.5 79 0.0611793103448 0.111793459448	174
162 79 0.07415 0.101703443597	183
163.5 79 0.0954817073171 0.104033581622	164
165 79 0.0562146464646 0.118389644915	99
166.5 79 0.0723728 0.107296475875	250
168 79 0.0643647783251 0.136093015579	203
169.5 79 0.0616833333333 0.116304566814	57
171 79 0.033697826087 0.117566542367	46
172.5 79 0.0564274193548 0.0990646647723	31
174 79 0.044022972973 0.153987484189	74
175.5 79 0.041934057971 0.143666618399	69
177 79 0.037840625 0.150649146672	32
178.5 79 0.115407731959 0.0968993268757	97
-180 78.5 0.00704705882353 0.190881044165	34
-178.5 78.5 0.00741 0.161296119675	10
-177 78.5 0.0550729166667 0.137486770334	48
-175.5 78.5 0.0959273809524 0.112780566718	84
-174 78.5 0.05137421875 0.136623267721	128
-172.5 78.5 0.045842920354 0.148100717248	113
-171 78.5 0.029769 0.158673917389	100
-169.5 78.5 0.0291037634409 0.12796940069	93
-168 78.5 0.0626886454183 0.105280467992	251
-166.5 78.5 0.0738095918367 0.117779818367	245
-165 78.5 0.0529371794872 0.120202612412	195
-163.5 78.5 0.0888160194175 0.112908798122	206
-162 78.5 0.0802564516129 0.102787587316	217
-160.5 78.5 0.104772169811 0.129964117647	212
-159 78.5 0.0862458333333 0.112740688504	312
-157.5 78.5 0.0575803664921 0.130588540318	191
-156 78.5 0.0736481132075 0.104657070029	265
-154.5 78.5 0.0845839130435 0.13551912721	115
-153 78.5 0.0291239884393 0.0982355833836	173
-151.5 78.5 0.0546881625442 0.105399795239	283
-150 78.5 0.055302866242 0.123677440557	157
-148.5 78.5 0.102374596774 0.108244462415	248
-147 78.5 0.0730748962656 0.10317597085	241
-145.5 78.5 0.00979869565217 0.126506378291	115
-144 78.5 0.0137111842105 0.105156857954	152
-142.5 78.5 0.0934690217391 0.104673754505	184
-141 78.5 0.154425961538 0.132766065157	104
-139.5 78.5 0.175597798742 0.0938113243966	318
-138 78.5 0.15784005102 0.083683973648	392
-136.5 78.5 0.05325 0.13293290259	89
-135 78.5 0.0261993975904 0.141806864856	83
-133.5 78.5 0.199590086207 0.0964909954123	232
-132 78.5 0.158096367521 0.0988996699646	468
-130.5 78.5 0.160623591549 0.116290703607	284
-129 78.5 0.147785365854 0.108598964927	164
-127.5 78.5 0.156219426752 0.0938314614175	314
-126 78.5 0.142857843137 0.0980050327312	204
-124.5 78.5 0.153026092545 0.100111922517	389
-123 78.5 0.155496666667 0.113223456444	285
-121.5 78.5 0.172143693694 0.11309083987	333
-120 78.5 0.162567857143 0.119564228384	168
-118.5 78.5 0.195533712121 0.129010985472	264
-117 78.5 0.232797863248 0.0794478782581	351
-115.5 78.5 0.327037455197 0.105548960383	558
-114 78.5 0.18764874477 0.14866300669	478
-112.5 78.5 0.177190935673 0.120012686853	342
-111 78.5 0.277535943775 0.214615900157	249
-109.5 78.5 0.251348550725 0.322405757545	69
-108 78.5 0.18863 0.133119912515	140
-106.5 78.5 0.21447962963 0.141583979554	189
-105 78.5 0.287066666667 0.115749457899	174
-103.5 78.5 0.129310126582 0.154419129347	158
-102 78.5 -0.0536928571429 0.171132070969	14
-100.5 78.5 0.7306375 0.446784202757	16
-99 78.5 0.334324021352 0.182188608889	1124
-97.5 78.5 -0.0870928571429 0.0922685366587	7
-96 78.5 0.137638888889 0.319600105099	27
-94.5 78.5 0.0217591503268 0.134060612941	153
-93 78.5 0.0502637931034 0.135908025463	58
-88.5 78.5 0.586044444444 0.172426784026	18
-87 78.5 0.845581818182 0.269134161904	44
-75 78.5 -0.166177272727 0.111951383117	11
-73.5 78.5 -0.0557362745098 0.121462289335	102
-72 78.5 -0.1103 0.0731169321651	14
-70.5 78.5 -0.00664230769231 0.143536171176	13
-21 78.5 0.552933333333 0.499174155648	6
-19.5 78.5 0.265482 0.128328064025	50
-18 78.5 0.0276455555556 0.167161414855	45
-16.5 78.5 -0.043426635514 0.133331186871	107
-15 78.5 0.0355196969697 0.130278906305	33
-13.5 78.5 0.203804545455 0.0863853964931	11
-12 78.5 -0.0583285714286 0.174409161627	14
-10.5 78.5 0.0436318181818 0.161188912883	11
-9 78.5 0.06095 0.135129526011	26
-7.5 78.5 -0.09 0.158470524073	6
90 78.5 -0.0564 0.00700035713375	2
91.5 78.5 0.0673654929577 0.186229552395	71
93 78.5 -0.05752 0.0968658546108	20
94.5 78.5 0.0638214285714 0.0976634990548	7
96 78.5 0.8314 1.06978184926	2
97.5 78.5 -0.00219 0.165473086884	30
99 78.5 -0.0187463190184 0.0888669527722	163
100.5 78.5 0.01985 NaN	1
105 78.5 -0.141293137255 0.112916770812	102
106.5 78.5 -0.0850950757576 0.0926662081633	264
111 78.5 -0.00878333333333 0.0347023534264	3
114 78.5 -0.0667642857143 0.130265030209	7
150 78.5 0.0411585106383 0.123192840754	47
151.5 78.5 0.1299 0.110190974466	42
153 78.5 0.121881182796 0.112577766338	93
154.5 78.5 0.00379050632911 0.151179414145	79
156 78.5 -0.0571546153846 0.130394947456	65
157.5 78.5 0.0447761261261 0.0994833606112	111
159 78.5 0.0634512820513 0.121774443925	78
160.5 78.5 0.110625 0.0957367370245	88
162 78.5 0.0650279661017 0.104976815622	118
163.5 78.5 0.0749360759494 0.0900164585716	237
165 78.5 0.0579673228346 0.135472630103	127
166.5 78.5 0.108618376068 0.109822949711	234
168 78.5 0.0380578014184 0.132077584922	141
169.5 78.5 0.0596371794872 0.106357648541	117
171 78.5 0.0504801724138 0.127762652378	116
172.5 78.5 0.0918569767442 0.159813080392	43
174 78.5 0.014 0.225732161137	8
175.5 78.5 0.094669 0.140433235652	100
177 78.5 0.0909441176471 0.102008451169	153
178.5 78.5 0.0659986486486 0.0972988043447	74
-180 78 -0.0022649122807 0.114629122026	114
-178.5 78 0.0513643835616 0.144773596845	146
-177 78 0.077246969697 0.150057735732	33
-175.5 78 -0.0385706896552 0.148470149116	58
-174 78 -0.0322347222222 0.14840821383	72
-172.5 78 0.00462943262411 0.121454939626	141
-171 78 0.0281994623656 0.120687627278	186
-169.5 78 0.0857969635628 0.105870975993	247
-168 78 0.113677667984 0.0863018384896	253
-166.5 78 0.0719542253521 0.127778861432	142
-165 78 0.0209669642857 0.106507436519	112
-163.5 78 0.0356519607843 0.133001413462	153
-162 78 0.0427176100629 0.109584598442	318
-160.5 78 0.103544871795 0.111643226277	273
-159 78 0.0594044342508 0.114235196395	327
-157.5 78 0.0647847962382 0.120349209964	319
-156 78 0.0376783185841 0.113734647684	113
-154.5 78 0.110393831169 0.107082163624	308
-153 78 0.0508560869565 0.105853096513	230
-151.5 78 0.0458688481675 0.0991140961919	191
-150 78 0.024358 0.125988758553	50
-148.5 78 0.0486271929825 0.102107588597	57
-147 78 0.07385 0.14740661893	24
-145.5 78 0.0853722972973 0.107812627093	148
-144 78 0.0622391566265 0.126131131871	166
-142.5 78 0.098610591133 0.133022090117	203
-141 78 0.0626318181818 0.140568673201	55
-139.5 78 0.0910444444444 0.12016458904	54
-138 78 0.121975641026 0.151532792146	117
-136.5 78 0.118526639344 0.0972360962978	244
-135 78 0.103046428571 0.166603640052	84
-133.5 78 0.125044117647 0.120861682774	187
-132 78 0.0695235294118 0.131831176864	102
-130.5 78 0.144844615385 0.115331573436	130
-129 78 0.177626801802 0.11181504471	444
-127.5 78 0.174759738717 0.109555664804	421
-126 78 0.131942640693 0.113511049021	231
-124.5 78 0.188743333333 0.104327619757	285
-123 78 0.117510629921 0.10390647905	254
-121.5 78 0.11427 0.161411113188	90
-120 78 0.177903191489 0.103945724424	188
-118.5 78 0.22577990991 0.0821882601995	555
-117 78 0.160549753086 0.099310055651	405
-115.5 78 0.1042 0.123810284944	194
-114 78 0.0769091240876 0.0931599040824	137
-112.5 78 0.16116763285 0.191578128894	414
-111 78 0.197408695652 0.13027771606	414
-109.5 78 0.146611083744 0.142236570867	203
-108 78 0.182648333333 0.121020283725	120
-106.5 78 0.0977071428571 0.224373212765	42
-105 78 0.203057142857 0.157165857832	14
-103.5 78 0.00682765567766 0.136907996341	273
-102 78 0.125722670807 0.1828395514	322
-100.5 78 0.0402189922481 0.126587790559	129
-99 78 0.271835714286 0.163945701704	161
-97.5 78 0.232180054645 0.179536508649	183
-96 78 -0.0711916666667 0.280627094714	12
-94.5 78 0.0132007352941 0.165797558395	136
-93 78 0.129378125 0.167567999167	32
-91.5 78 0.0304307017544 0.175422404945	57
-90 78 -0.0579970588235 0.161462639323	17
-85.5 78 -0.1087 0.138097954366	2
-75 78 -0.100580612245 0.124873463502	245
-73.5 78 -0.0458615566038 0.137573471738	424
-19.5 78 -0.0631513157895 0.25325357753	76
-18 78 0.136432474227 0.12452388577	97
-16.5 78 0.0537396341463 0.108636419352	164
-15 78 0.164227981651 0.107562408549	109
-13.5 78 -0.0637833333333 0.274461442344	3
-12 78 -0.16695 NaN	1
-10.5 78 0.101425 0.104517187582	4
-7.5 78 -0.02015 NaN	1
90 78 0.0488363636364 0.101972822222	22
91.5 78 -0.00117142857143 0.135028920997	14
93 78 0.0284992307692 0.116139112602	65
94.5 78 0.06085 0.111549525623	25
96 78 0.00545 NaN	1
100.5 78 0.02395 0.178745321617	13
102 78 -0.0461357142857 0.107574618493	105
103.5 78 -0.0108205882353 0.120369174016	85
106.5 78 -0.101273076923 0.0390923512094	13
108 78 -0.221827419355 0.0519015780728	31
109.5 78 -0.119061111111 0.0716262266203	18
111 78 -0.0879648514851 0.0620296548211	101
153 78 -0.017584375 0.0976586966855	32
154.5 78 0.0562391472868 0.119186568062	129
156 78 0.134534 0.104579359186	100
157.5 78 0.0852505434783 0.115921673903	184
159 78 0.0359076470588 0.109365176159	85
160.5 78 0.0393681034483 0.0917686491879	116
162 78 0.00744545454545 0.113344994975	44
163.5 78 0.0968605263158 0.0866475810413	171
165 78 0.12285625 0.0907799895438	160
166.5 78 0.127912857143 0.104963977635	175
168 78 0.0550178571429 0.130407559886	56
169.5 78 0.0551981132075 0.106440832866	106
171 78 -0.0499954545455 0.13414096588	11
172.5 78 0.0934314102564 0.124994959281	156
174 78 0.0737885826772 0.0903940158569	127
175.5 78 0.0482847826087 0.118156579168	115
177 78 0.0495647058824 0.125814040361	102
178.5 78 0.0127137681159 0.130308261183	69
-180 77.5 0.0424098214286 0.104837151674	112
-178.5 77.5 0.0737173202614 0.100797226642	153
-177 77.5 0.0877384393064 0.0975863951416	173
-175.5 77.5 0.0381018518519 0.120295857829	135
-174 77.5 0.0414906451613 0.123768891617	155
-172.5 77.5 0.0511804545455 0.105428982913	220
-171 77.5 0.0456154676259 0.121271081366	139
-169.5 77.5 0.0632948051948 0.10485150785	154
-168 77.5 0.0552479899497 0.115524114392	199
-166.5 77.5 0.0640295774648 0.122273131382	142
-165 77.5 0.0399295918367 0.122000157985	98
-163.5 77.5 0.0766467479675 0.114148394241	246
-162 77.5 0.00994690721649 0.123929809144	97
-160.5 77.5 0.0822179558011 0.0995124556617	362
-159 77.5 0.0479511428571 0.113693172992	175
-157.5 77.5 0.0598914634146 0.117017201385	82
-156 77.5 0.0356714559387 0.110699080669	261
-154.5 77.5 0.0829108040201 0.131442827651	199
-153 77.5 0.0539568965517 0.107606809119	145
-151.5 77.5 0.0215017241379 0.13373494583	116
-150 77.5 0.0400713675214 0.124767437334	117
-148.5 77.5 0.0600166666667 0.110146074148	123
-147 77.5 0.0897672727273 0.0893374510361	110
-145.5 77.5 0.109622093023 0.135622585878	86
-144 77.5 0.0774291044776 0.125121447108	67
-142.5 77.5 0.0943476377953 0.101512335996	127
-141 77.5 0.0943760869565 0.18509507684	23
-139.5 77.5 0.0857136363636 0.121756470226	66
-138 77.5 0.145281666667 0.106580743829	120
-136.5 77.5 0.0682403846154 0.147417497378	52
-135 77.5 0.156869548872 0.0918814831027	266
-133.5 77.5 0.156322661871 0.12851629672	139
-132 77.5 0.14631344086 0.115617931168	186
-130.5 77.5 0.0980142857143 0.146686317436	168
-129 77.5 0.122582222222 0.110342967444	180
-127.5 77.5 0.143255474453 0.107160611405	274
-126 77.5 0.162506650246 0.122431435621	203
-124.5 77.5 0.0867111650485 0.123246143982	103
-123 77.5 0.156471938776 0.0915078574646	196
-121.5 77.5 0.204825757576 0.106129258848	231
-120 77.5 0.148398898678 0.113321805211	227
-118.5 77.5 0.152898051948 0.101370113437	154
-117 77.5 0.0909589494163 0.100243839224	257
-115.5 77.5 0.0963768229167 0.115741520718	384
-114 77.5 0.100085858586 0.106917350045	594
-112.5 77.5 0.0695063451777 0.079682644276	197
-111 77.5 -0.002309375 0.0831658268039	32
-109.5 77.5 0.171564728682 0.111654573421	129
-108 77.5 0.169805223881 0.138437162513	67
-106.5 77.5 0.121120212766 0.145112120411	94
-105 77.5 0.149223913043 0.195054113785	46
-103.5 77.5 0.0862423076923 0.169394015504	52
-102 77.5 0.0121468181818 0.136341023682	220
-100.5 77.5 -0.0305388157895 0.154983658267	304
-99 77.5 0.069339380531 0.198984479995	113
-97.5 77.5 0.0644125441696 0.12995932974	283
-96 77.5 -0.0366413043478 0.115351304403	138
-94.5 77.5 0.40255 NaN	1
-93 77.5 0.070634375 0.229525229252	64
-91.5 77.5 -0.0177272727273 0.170824243778	44
-90 77.5 -0.0797071428571 0.137292426338	14
-88.5 77.5 0.120736363636 0.0691427730536	44
-78 77.5 0.5168 0.612587189342	12
-76.5 77.5 -0.169066666667 0.0809673617371	6
-75 77.5 -0.255338235294 0.0412006584756	51
-67.5 77.5 0.35194 0.295961260415	10
-18 77.5 0.50655 0.10634885989	2
-16.5 77.5 0.059152617801 0.0944814002495	191
-15 77.5 0.00678939393939 0.0769688936332	33
-13.5 77.5 -0.0493198630137 0.0770690737891	73
-12 77.5 0.0756568181818 0.0671177174743	88
-10.5 77.5 0.160382142857 0.17476140148	28
90 77.5 -0.00075 0.0742342688161	52
91.5 77.5 0.107489148936 0.133029846915	235
93 77.5 0.00909552238806 0.10584653781	134
94.5 77.5 -0.0216136363636 0.149264217231	11
96 77.5 -0.204283333333 0.0750442758199	3
97.5 77.5 0.0299817757009 0.0689509678098	107
99 77.5 -0.0412454545455 0.118566680198	44
100.5 77.5 -0.0309693548387 0.106821400538	31
102 77.5 0.0183557142857 0.0822310945298	35
103.5 77.5 0.0421055555556 0.135496716852	9
106.5 77.5 0.0173769230769 0.158089823209	52
151.5 77.5 -0.0598 0.321097189337	2
153 77.5 -0.02735 NaN	1
154.5 77.5 0.0994298657718 0.148271411097	149
156 77.5 0.107988793103 0.08097389034	116
157.5 77.5 0.0791092592593 0.096261540578	81
159 77.5 0.0559394736842 0.134961664265	76
160.5 77.5 0.0444658730159 0.130857652538	63
162 77.5 0.0822713483146 0.114222328529	89
163.5 77.5 0.0477614285714 0.118758806501	175
165 77.5 0.040034375 0.137511806201	32
166.5 77.5 0.173623529412 0.0891099442467	102
168 77.5 0.124923043478 0.0917540403257	115
169.5 77.5 0.115108426966 0.0983320890112	89
171 77.5 0.108872881356 0.115984794473	118
172.5 77.5 0.0252375 0.101691559014	64
174 77.5 0.0327647058824 0.116232414192	68
175.5 77.5 0.0548286127168 0.100682824303	173
177 77.5 0.0592275 0.0758839119638	80
178.5 77.5 0.0420184615385 0.127217786794	130
-180 77 -0.012529245283 0.143342771488	53
-178.5 77 -0.0185128571429 0.134766041467	35
-177 77 -0.0419033333333 0.162534523219	15
-175.5 77 0.0314994047619 0.110265467907	168
-174 77 0.0366385964912 0.12258244815	114
-172.5 77 -0.00781 0.143107929165	60
-171 77 0.0258104166667 0.173066117902	48
-169.5 77 -0.045165 0.169880807364	20
-168 77 0.0987121621622 0.0958753251519	37
-166.5 77 0.044065625 0.12465151577	128
-165 77 0.0946481481481 0.128701631315	108
-163.5 77 0.044747005988 0.154990588298	167
-162 77 0.0457553097345 0.120868520539	113
-160.5 77 -0.00467962962963 0.15818621163	27
-159 77 0.0762342767296 0.121135175323	159
-157.5 77 0.0675984162896 0.110319018635	221
-156 77 0.0213014563107 0.121467291542	103
-154.5 77 0.0561638888889 0.123617261981	180
-153 77 -0.0016152173913 0.117547490926	92
-151.5 77 0.0157916666667 0.103615200218	48
-150 77 0.0207657142857 0.108166823775	140
-148.5 77 0.0746473214286 0.113825734132	224
-147 77 0.0415 0.121183357186	86
-145.5 77 0.0226913333333 0.151749134281	75
-144 77 0.00121170212766 0.0871870616478	47
-142.5 77 0.0707038461538 0.139972540824	26
-141 77 0.0990595238095 0.0933770896195	210
-139.5 77 0.0892480769231 0.148281713191	52
-138 77 0.0798142857143 0.163440223758	42
-136.5 77 -0.0109888888889 0.186170153477	18
-135 77 0.00739130434783 0.122586795693	46
-133.5 77 0.0304964285714 0.170298227481	28
-132 77 0.191780396476 0.128295886929	227
-130.5 77 0.177801408451 0.120346760063	142
-129 77 0.118776829268 0.129328497153	123
-127.5 77 0.078156557377 0.147887848125	61
-126 77 0.11730326087 0.0979563621739	92
-124.5 77 0.121811445783 0.130988109876	166
-123 77 0.109862307692 0.106076125959	130
-121.5 77 0.0584945454545 0.10108746652	110
-120 77 -0.028508974359 0.123799686927	39
-115.5 77 0.0797401856764 0.104813481003	754
-114 77 0.141108053097 0.102368523149	565
-112.5 77 0.0252604100946 0.0933320795591	317
-111 77 0.0497684397163 0.0893125383957	141
-109.5 77 0.168051785714 0.0872270255588	224
-108 77 0.039728125 0.126722911659	64
-106.5 77 0.15842972028 0.138179428953	143
-105 77 0.027822972973 0.10056319256	74
-103.5 77 0.0734030701754 0.103949363578	456
-102 77 0.158790243902 0.107895136389	164
-100.5 77 0.0812218213058 0.118879599029	291
-99 77 0.219710869565 0.159601264399	299
-97.5 77 0.169774342105 0.150972189885	152
-96 77 0.0573775862069 0.127890220492	29
-94.5 77 -0.0471125 0.171372751151	24
-93 77 0.0681625 0.141677054717	16
-91.5 77 0.081118852459 0.128640438793	122
-90 77 -0.0554202970297 0.162367981785	101
-88.5 77 0.48045 NaN	1
-78 77 -0.04625 NaN	1
-16.5 77 -0.001705 0.109813173762	20
-15 77 0.0440028985507 0.0547195293232	138
-13.5 77 0.095938 0.0890505898732	75
90 77 0.28981 0.0497964155337	5
91.5 77 0.079112716763 0.0825554192262	346
93 77 0.0288726415094 0.0759110401455	53
94.5 77 -0.0499775 0.18122469123	40
96 77 -0.0391872781065 0.0749334520293	169
97.5 77 -0.0501156 0.118625685425	125
99 77 -0.0134712903226 0.0932077633096	155
100.5 77 0.0355342975207 0.0956120276676	121
106.5 77 -0.13375 NaN	1
108 77 0.245494117647 0.0463472609839	34
153 77 0.074430952381 0.171575684813	21
154.5 77 0.0423155172414 0.155196157205	58
156 77 0.0569398876404 0.124137151099	89
157.5 77 0.0856045454545 0.0664176663767	22
159 77 0.129421794872 0.126075111173	39
160.5 77 0.115974742268 0.103516691519	97
162 77 0.0899025 0.116717885535	80
163.5 77 0.0467545454545 0.093924163477	88
165 77 0.0455555555556 0.100993766698	54
166.5 77 -0.0777833333333 0.0780040939097	6
168 77 0.121003448276 0.0832035745173	58
169.5 77 0.0744509345794 0.131371285378	107
171 77 0.0954718390805 0.108061279369	87
172.5 77 0.0301346153846 0.116454076195	39
174 77 0.0154267857143 0.112864261918	112
175.5 77 0.0361869230769 0.109588331254	130
177 77 0.0742224489796 0.114091476032	98
178.5 77 0.0595022123894 0.12109225239	113
-180 76.5 0.0070820754717 0.116342663273	53
-178.5 76.5 -0.00164402985075 0.109250491824	67
-177 76.5 0.0148282051282 0.127215934279	78
-175.5 76.5 0.0378106060606 0.119478336195	99
-174 76.5 0.0278357142857 0.134392248864	35
-172.5 76.5 0.0462826530612 0.182563616067	49
-171 76.5 0.0167685185185 0.166670017231	27
-169.5 76.5 0.01371 0.148893251843	10
-168 76.5 -0.05225 0.169502738424	13
-166.5 76.5 -0.00156428571429 0.150817041756	35
-165 76.5 0.0137792682927 0.152959993534	41
-163.5 76.5 -0.0351456521739 0.164753047918	23
-162 76.5 0.0262179487179 0.142773115347	78
-160.5 76.5 0.0548808333333 0.123730622145	120
-159 76.5 0.0199063218391 0.130340501925	87
-157.5 76.5 0.0161116 0.132498719278	125
-156 76.5 0.0293780193237 0.110159842327	207
-154.5 76.5 0.0555356353591 0.0910172835434	181
-153 76.5 0.0277955882353 0.138682628818	136
-151.5 76.5 0.0526177165354 0.104095381995	127
-150 76.5 0.0241296875 0.109382171409	64
-148.5 76.5 0.0653343137255 0.113516780933	102
-147 76.5 0.0714763157895 0.105089474755	95
-145.5 76.5 0.0284063492063 0.126345199827	126
-144 76.5 0.0242115384615 0.0997923182357	65
-142.5 76.5 0.067093877551 0.0992152456134	98
-141 76.5 0.124399056604 0.142517835082	53
-139.5 76.5 0.012806097561 0.134198353285	41
-138 76.5 -0.000622093023256 0.142891299554	43
-136.5 76.5 0.0700722222222 0.103251777216	63
-135 76.5 0.109619387755 0.109663978249	98
-133.5 76.5 0.109429710145 0.14971320581	69
-132 76.5 0.156084166667 0.156125578359	120
-130.5 76.5 0.122268085106 0.155796590548	94
-129 76.5 0.116085064935 0.133124960851	77
-127.5 76.5 0.102044736842 0.127807256286	95
-126 76.5 0.0714252808989 0.168855069836	89
-124.5 76.5 0.0762066371681 0.151617501508	113
-123 76.5 0.066084082397 0.0723232665652	267
-121.5 76.5 -0.0101014285714 0.422887320215	105
-118.5 76.5 0.301416666667 0.154919833032	6
-117 76.5 -0.0934446236559 0.0865550394956	93
-115.5 76.5 0.00677790697674 0.102952548351	86
-114 76.5 0.150730254777 0.0827935604144	157
-112.5 76.5 0.0957737244898 0.0700379252279	392
-111 76.5 0.0778394009217 0.0829527531594	651
-109.5 76.5 0.756727777778 0.67436002273	27
-108 76.5 0.0988735294118 0.0910358107935	102
-106.5 76.5 0.151593037975 0.123553621958	158
-105 76.5 0.101898214286 0.13621663882	168
-103.5 76.5 0.106288095238 0.110871615245	168
-102 76.5 0.119440497738 0.0836219982488	221
-100.5 76.5 0.0732033333333 0.0571227983842	15
-99 76.5 0.0732205882353 0.117209696072	68
-97.5 76.5 0.139296268657 0.18498242211	134
-96 76.5 -0.0423966101695 0.175854107016	118
-94.5 76.5 -0.125 0.142906280478	2
-93 76.5 0.01985 0.0680907849859	5
-91.5 76.5 -0.1629 0.133254549641	6
-90 76.5 0.0519735294118 0.226057400148	17
-87 76.5 -0.0642172727273 0.271976097543	110
-85.5 76.5 -0.25375 0.0111722871427	2
-15 76.5 0.0253131578947 0.101435108856	38
-13.5 76.5 0.0521642857143 0.131348468913	21
91.5 76.5 -0.10361 0.0358692486679	5
93 76.5 0.103402 0.128028219936	25
94.5 76.5 0.00897857142857 0.151610561575	7
96 76.5 -0.147136956522 0.110731125231	23
97.5 76.5 -0.0482707207207 0.0529366724872	111
99 76.5 0.014108974359 0.0804575818872	39
100.5 76.5 0.170703333333 0.112946816088	30
150 76.5 0.00917719665272 0.0909671298383	239
151.5 76.5 0.124316666667 0.193410814934	3
153 76.5 -0.0366605263158 0.119305668505	152
154.5 76.5 -0.007005 0.131289961593	100
156 76.5 0.0252482352941 0.13473302441	170
157.5 76.5 0.020029245283 0.161495521811	106
159 76.5 0.0503297297297 0.133444111722	74
160.5 76.5 0.0914841463415 0.110922185714	123
162 76.5 0.0273732323232 0.135107739192	99
163.5 76.5 0.0915805555556 0.0709282153255	72
165 76.5 0.0395092592593 0.119653211276	27
166.5 76.5 0.0907612676056 0.114847910049	71
168 76.5 0.0865710526316 0.108187990713	57
169.5 76.5 0.08141875 0.128744248697	32
171 76.5 0.0611938461538 0.105717548948	130
172.5 76.5 0.0730978873239 0.124236673743	71
174 76.5 0.0745318181818 0.133184628873	22
175.5 76.5 0.109794285714 0.116628110361	70
177 76.5 0.0403598591549 0.118397641331	71
178.5 76.5 0.0536905555556 0.107449508837	180
-180 76 0.0538782407407 0.0744056439409	432
-178.5 76 -0.01544375 0.106400355051	144
-177 76 0.0255225373134 0.0926954372871	335
-175.5 76 0.0886826975477 0.107229309309	367
-174 76 -0.064603968254 0.1190989294	126
-172.5 76 0.0212529411765 0.121843447705	34
-171 76 -0.0149136363636 0.14619312958	33
-169.5 76 0.102445522388 0.139570692887	67
-168 76 0.0117540540541 0.149884532214	74
-166.5 76 -0.01095 0.112328925245	95
-165 76 -0.00548333333333 0.138272737081	75
-163.5 76 -0.02901 0.235884176851	10
-162 76 0.095901497006 0.13717590934	167
-160.5 76 0.0122338095238 0.106169172988	105
-159 76 0.0107783783784 0.116489600359	74
-157.5 76 0.0186935483871 0.141534674684	62
-156 76 0.0414172413793 0.114782027427	58
-154.5 76 0.0656576923077 0.0850981851713	247
-153 76 0.0757445 0.111899292572	200
-151.5 76 0.0340108695652 0.117323140009	69
-150 76 0.0669544117647 0.124710627961	68
-148.5 76 -0.000516666666667 0.109097204364	27
-147 76 0.00495909090909 0.0961984996868	22
-145.5 76 0.076718503937 0.125100030262	127
-144 76 0.0881927586207 0.10074889491	145
-142.5 76 0.0564214285714 0.145640546595	84
-141 76 -0.00740660377358 0.133552630809	53
-139.5 76 -0.0495693548387 0.155352775792	31
-138 76 -0.02775 0.114138051332	43
-136.5 76 0.153869047619 0.124673166153	189
-135 76 0.161861956522 0.106522348522	92
-133.5 76 0.199550806452 0.114681477935	124
-132 76 0.0570913043478 0.135531173294	92
-130.5 76 0.109957954545 0.128160009741	88
-129 76 0.108568987342 0.118250731093	79
-127.5 76 0.134333673469 0.121801037124	49
-126 76 0.0856583333333 0.123210771833	72
-124.5 76 0.102633333333 0.140162684009	30
-123 76 0.124304166667 0.347371147183	24
-121.5 76 -0.1043 0.107692362775	2
-120 76 0.0497083333333 0.206755408672	12
-118.5 76 -0.0801130769231 0.0843997270605	65
-117 76 -0.0798214285714 0.165675540208	56
-112.5 76 0.175286111111 0.178468079011	108
-111 76 0.062576289181 0.087857446741	989
-109.5 76 0.189795512821 0.23638179941	312
-108 76 0.107473529412 0.0887749839375	85
-106.5 76 0.322763125 0.114272955318	160
-105 76 0.219769760479 0.106789474933	167
-97.5 76 -0.0296863636364 0.135191858695	66
-96 76 0.06992125 0.0955022311225	160
-94.5 76 0.156190306122 0.110397290952	392
-93 76 0.105303947368 0.100849366155	228
-91.5 76 -0.10715 NaN	1
-88.5 76 -0.1165125 0.122045742424	248
-87 76 -0.182980653266 0.0598167134432	199
-85.5 76 -0.297192857143 0.0128396335803	7
-84 76 0.77975 0.0605283404696	2
-63 76 0.106045238095 0.0646619322027	21
147 76 0.0665 0.016834587412	4
148.5 76 0.0597269230769 0.18953709781	26
151.5 76 -0.155827777778 0.141995138806	9
153 76 0.0194332460733 0.106931255496	191
154.5 76 0.0325642045455 0.0911745652029	176
156 76 0.0353854591837 0.0788292745082	392
157.5 76 0.035426816609 0.0828095114696	289
159 76 0.0493862204724 0.116625272704	127
160.5 76 0.01335 0.0926131075621	27
162 76 0.0875515873016 0.109318471556	63
163.5 76 0.0687023255814 0.108580517944	86
165 76 -0.0052875 0.12272830667	32
166.5 76 0.0659632075472 0.136386260076	53
168 76 0.0762595238095 0.10866053044	63
169.5 76 -0.0450487234043 0.0970363666434	235
171 76 -0.0693413580247 0.0641016206633	405
172.5 76 0.00110590778098 0.0805491587845	347
174 76 -0.0260283333333 0.0764193161073	180
175.5 76 -0.08765 NaN	1
177 76 0.0774166666667 0.0995473505423	9
178.5 76 0.006575 0.113359015749	32
-180 75.5 0.106996153846 0.0657459202205	13
-178.5 75.5 0.0920231861199 0.0641156969979	317
-177 75.5 0.0368789308176 0.0725453425889	318
-175.5 75.5 -0.00259109589041 0.133335869596	73
-174 75.5 -0.019430952381 0.136483872429	42
-172.5 75.5 0.000513636363636 0.157199983477	22
-171 75.5 -0.04669 0.164047258435	5
-169.5 75.5 0.08313 0.127705650395	15
-168 75.5 0.004995 0.131946390529	20
-166.5 75.5 -0.010797826087 0.134850056217	46
-165 75.5 -0.018405 0.150425625119	40
-163.5 75.5 0.052504 0.0950050508002	50
-162 75.5 0.13592654321 0.114341834286	81
-160.5 75.5 0.016153875969 0.124205442465	129
-159 75.5 0.00888333333333 0.158523005234	24
-157.5 75.5 0.07665 0.180636070595	3
-156 75.5 0.0821880952381 0.0998514208317	84
-154.5 75.5 0.0611768292683 0.111202999836	82
-153 75.5 0.0507214285714 0.127313708569	133
-151.5 75.5 0.0618565217391 0.112611077809	46
-150 75.5 0.0392576923077 0.123541954354	78
-148.5 75.5 0.00878513513514 0.0984554801546	111
-147 75.5 0.00534104477612 0.116347242458	67
-145.5 75.5 0.0392047826087 0.133406843931	115
-144 75.5 0.0298040229885 0.116070633873	87
-142.5 75.5 0.0519191176471 0.115584915167	68
-141 75.5 0.0154153846154 0.111819805823	52
-139.5 75.5 0.0380075342466 0.103812864379	73
-138 75.5 0.0917465811966 0.119472178215	117
-136.5 75.5 0.0819142857143 0.123068569647	98
-135 75.5 0.0682947916667 0.132071478151	96
-133.5 75.5 0.0786600719424 0.106679712491	139
-132 75.5 0.0287977272727 0.102603425956	44
-130.5 75.5 0.0454136363636 0.147645774762	22
-129 75.5 0.0334068181818 0.142753419537	44
-127.5 75.5 0.143406390977 0.111805192698	133
-126 75.5 0.118026119403 0.139454326279	67
-124.5 75.5 0.107981967213 0.127288577108	122
-123 75.5 0.0807959459459 0.152924435942	37
-121.5 75.5 0.0346828767123 0.113218397669	73
-120 75.5 0.0569646341463 0.148636931079	41
-118.5 75.5 0.00818148148148 0.0600033642925	270
-117 75.5 -0.0282235294118 0.184445866755	34
-111 75.5 0.126719230769 0.0605167862282	26
-109.5 75.5 0.112229268293 0.146511352827	246
-105 75.5 0.119051724138 0.0681819173727	58
-103.5 75.5 0.0782033898305 0.0951648131143	118
-102 75.5 0.0259365724382 0.0594708173555	283
-100.5 75.5 0.0058125 0.0568054090734	16
-97.5 75.5 -0.095025 0.170287626777	4
-96 75.5 0.0795833333333 0.181219328239	24
-94.5 75.5 0.0297796296296 0.0921680737702	54
-93 75.5 -0.0365666666667 0.16037667151	18
-88.5 75.5 1.1098 1.16488524328	4
-87 75.5 0.165402173913 0.648751839282	23
-85.5 75.5 0.425919230769 0.0511057789396	13
142.5 75.5 0.062 0.0789605612828	22
147 75.5 -0.01365 0.15304433635	10
148.5 75.5 0.25095 NaN	1
150 75.5 -0.0330378787879 0.0780614411761	33
151.5 75.5 -0.177126530612 0.104746193176	196
153 75.5 -0.0767130769231 0.101224879539	260
154.5 75.5 -0.0323693103448 0.0909658533574	290
156 75.5 0.0168972340426 0.118792828816	235
157.5 75.5 0.0132854700855 0.111446442334	234
159 75.5 -0.01616171875 0.123976401373	256
160.5 75.5 0.00166228070175 0.128337902305	57
162 75.5 0.0393157142857 0.110151093938	35
163.5 75.5 0.0783252941176 0.0912714709324	85
165 75.5 0.0932873271889 0.0893802154047	217
166.5 75.5 0.116574358974 0.104712154375	156
168 75.5 0.063470754717 0.103884781155	106
169.5 75.5 -0.0261586419753 0.0830106035246	162
171 75.5 -0.0245797385621 0.0779574103856	306
172.5 75.5 -0.0106449790795 0.0578682173797	478
174 75.5 -0.0386324267782 0.0509661143892	239
175.5 75.5 -0.0545081081081 0.139416433463	74
177 75.5 -0.0920833333333 0.098474965285	12
178.5 75.5 0.02495 0.0991761178558	18
-180 75 0.0797333333333 0.0402689164717	72
-177 75 0.0185564935065 0.0662997605332	77
-175.5 75 -0.0096525 0.0780490427264	40
-172.5 75 0.080835 0.0747514074854	20
-171 75 -0.0210626126126 0.0998332046394	111
-168 75 -0.04257 0.131533587237	15
-165 75 0.0419166666667 0.20679347991	3
-163.5 75 -0.0276097609562 0.0661252945123	251
-162 75 0.0123987179487 0.176387770897	39
-160.5 75 0.0093125 0.155988469125	16
-159 75 0.111347297297 0.116954809617	37
-157.5 75 0.0155328571429 0.130585623219	35
-156 75 0.0635079545455 0.127726474741	88
-154.5 75 0.0732188311688 0.106759238796	77
-153 75 0.0735663636364 0.13572888249	55
-151.5 75 0.0533033333333 0.0808729500915	60
-150 75 0.039418852459 0.110539450787	61
-148.5 75 0.0731933333333 0.130380997584	60
-147 75 0.001295 0.121967641478	60
-145.5 75 0.0305826923077 0.0900073258917	52
-144 75 0.039066 0.10719281572	125
-142.5 75 0.0304717821782 0.0937138758178	101
-141 75 0.0245169902913 0.081397225453	103
-139.5 75 0.0858286324786 0.0908995474639	117
-138 75 0.0578859375 0.115766142715	64
-136.5 75 0.0232588607595 0.100833704415	79
-135 75 0.0588396103896 0.122306571935	154
-133.5 75 0.108935549133 0.125293117117	173
-132 75 0.01689375 0.120558527226	96
-130.5 75 0.0832676470588 0.113754305179	85
-129 75 0.033977826087 0.112659517744	115
-127.5 75 0.0786332116788 0.0787292312196	137
-126 75 -0.0563158291457 0.124328400821	199
-124.5 75 0.0629798319328 0.125276562545	238
-123 75 -0.0574591428571 0.081416830324	350
-121.5 75 -0.00861590909091 0.116430229299	132
-120 75 -0.0194685714286 0.135595999784	70
-118.5 75 -0.028322985782 0.0971759282367	211
-117 75 -0.0948348484848 0.108748584065	66
-114 75 -0.0620783687943 0.133002869639	141
-109.5 75 -0.0677692307692 0.0979495929557	52
-108 75 -0.00996739130435 0.0835084345576	115
-106.5 75 0.192907142857 0.0582006259171	7
-105 75 -0.0161547945205 0.0862546121363	146
-103.5 75 0.0289558823529 0.119329750155	102
-102 75 -0.0324616788321 0.0918146206684	137
-100.5 75 -0.0590311440678 0.0641785828213	472
-99 75 0.0176905405405 0.0767903330847	37
-97.5 75 -0.125831528662 0.100477004527	157
-96 75 -0.094775 0.178105996602	40
-93 75 -0.141031818182 0.107855178996	11
145.5 75 0.0876970198675 0.044256333344	151
147 75 -0.31055 NaN	1
150 75 0.0682713114754 0.0509286825366	61
153 75 0.0339520942408 0.0617559755968	191
154.5 75 0.0135710762332 0.0825005610043	446
156 75 0.0396021276596 0.121777252788	94
157.5 75 -0.0560276470588 0.132551705434	85
159 75 0.0648325242718 0.143857239574	103
160.5 75 0.0682924581006 0.11381645231	179
162 75 0.0845064102564 0.0975655937728	78
163.5 75 0.04458 0.120583852187	50
165 75 0.0218410891089 0.107536280482	101
166.5 75 0.0771480263158 0.118297778089	152
168 75 0.109394444444 0.104227134633	117
169.5 75 0.0780023809524 0.192324802402	21
171 75 0.144664285714 0.152108409648	21
172.5 75 -0.0495538461538 0.0913799780292	26
174 75 -0.0238855932203 0.0619299514265	59
175.5 75 -0.0130551020408 0.0711288860828	196
-180 74.5 0.0974130434783 0.0388396438861	46
-178.5 74.5 0.0696404761905 0.0984742931644	84
-171 74.5 -0.0083703125 0.062304959791	192
-169.5 74.5 -0.0326466386555 0.045056913036	119
-165 74.5 -0.041075 0.0603364209715	24
-163.5 74.5 -0.0203308823529 0.0594963695302	68
-162 74.5 0.0247033333333 0.0660298727489	15
-160.5 74.5 -0.06795 0.0256964978159	5
-159 74.5 0.143675 0.181694310588	4
-157.5 74.5 0.00346724137931 0.185428879452	29
-156 74.5 0.0730043859649 0.139361619883	57
-154.5 74.5 0.0377380733945 0.109247176186	109
-153 74.5 0.0526365853659 0.129518412593	82
-151.5 74.5 0.095262 0.109985556825	50
-150 74.5 0.0301928571429 0.106383825754	84
-148.5 74.5 0.0502440594059 0.0982670207361	101
-147 74.5 0.0151665137615 0.10321966285	109
-145.5 74.5 0.04365 0.123406735261	53
-144 74.5 -0.0295363636364 0.092903728312	66
-142.5 74.5 0.0443276978417 0.0768449813955	139
-141 74.5 0.0404558201058 0.096697381194	189
-139.5 74.5 0.044184351145 0.0967400241496	131
-138 74.5 -0.00651875 0.11939136537	80
-136.5 74.5 0.0363948717949 0.0971630650357	78
-135 74.5 0.0176393617021 0.0840316561314	47
-133.5 74.5 0.157700273224 0.0921952609413	183
-132 74.5 0.0662037634409 0.101828881996	93
-130.5 74.5 0.0894785714286 0.102046035514	63
-129 74.5 0.0600670212766 0.121010375623	47
-127.5 74.5 0.0540012195122 0.0984080614634	41
-126 74.5 -0.0599182539683 0.110608628295	63
-124.5 74.5 -0.00131363636364 0.152014382169	33
-123 74.5 0.0188988888889 0.115036377222	270
-121.5 74.5 -0.104929069767 0.110467581019	43
-120 74.5 -0.1752625 0.0672687040784	32
-118.5 74.5 0.211016666667 0.00931897705402	3
-117 74.5 0.036965 0.155780255733	60
-115.5 74.5 0.0562123655914 0.106248060499	186
-114 74.5 0.0176606666667 0.0848365050399	75
-112.5 74.5 -0.252175454545 0.0479251276324	55
-109.5 74.5 -0.00938640552995 0.0942801259053	217
-108 74.5 -0.0338626760563 0.0444961344375	71
-106.5 74.5 0.0259090909091 0.105439221824	264
-105 74.5 0.0105789017341 0.112703021975	346
-103.5 74.5 -0.00679850299401 0.111463585742	167
-102 74.5 -0.0268193548387 0.0980964283346	310
-100.5 74.5 -0.115981103679 0.0613084138859	299
-99 74.5 -0.09297 0.0577154300484	135
-97.5 74.5 -0.118833333333 0.0756916091583	12
-96 74.5 -0.0897820945946 0.0500640960391	296
-94.5 74.5 -0.0668811367381 0.0888880508283	607
-93 74.5 -0.0126085858586 0.0936513486507	99
-91.5 74.5 -0.125884545455 0.146397655634	330
-90 74.5 0.0904785714286 0.0125243382108	7
-88.5 74.5 0.106173529412 0.272964270389	255
-87 74.5 -0.244746078431 0.0483291959825	51
114 74.5 -0.14325 0.085842763236	2
148.5 74.5 -0.0226857142857 0.182806457583	14
150 74.5 0.0541056521739 0.0801379522269	230
151.5 74.5 -0.0742374251497 0.0793328060643	167
153 74.5 -0.0145834661355 0.0877018074816	251
154.5 74.5 0.0418477464789 0.0649636873405	355
156 74.5 -0.023982034632 0.07685838482	231
157.5 74.5 -0.0625366666667 0.183328782723	30
159 74.5 0.0904060606061 0.120348914704	66
160.5 74.5 0.0642394409938 0.110646222034	161
162 74.5 0.0857539370079 0.111330490698	127
163.5 74.5 0.10075 0.114445546105	87
165 74.5 0.113993243243 0.0609058268538	37
166.5 74.5 0.0579537037037 0.0964570585129	54
168 74.5 0.100925609756 0.0922791737313	164
169.5 74.5 0.0471064814815 0.124160938124	108
171 74.5 0.0604462962963 0.124567158461	54
172.5 74.5 0.05967 0.121021672566	40
174 74.5 0.1222375 0.140008983768	8
-178.5 74 0.0460017241379 0.072086716184	174
-177 74 0.10078877551 0.0569243666139	196
-175.5 74 0.0393357142857 0.106551820958	14
-172.5 74 -0.0555025423729 0.0641230964789	59
-171 74 -0.0243125 0.0280627326589	8
-169.5 74 0.0137610344828 0.0376689363572	145
-168 74 0.0370313953488 0.042363484586	86
-165 74 -0.0410394736842 0.0497901334324	57
-162 74 0.0215941176471 0.0443753684289	272
-156 74 -0.08193 0.0570058505769	5
-154.5 74 0.0693904255319 0.119625638265	47
-153 74 -0.0480166666667 0.14126515984	27
-150 74 0.0458598214286 0.0923659407996	112
-148.5 74 0.0198872093023 0.119595999665	129
-147 74 0.0339991891892 0.101456143405	185
-145.5 74 0.0575395652174 0.109809331063	115
-144 74 0.0160753521127 0.0767269364478	71
-142.5 74 0.0445282178218 0.0716272819587	101
-141 74 0.039443877551 0.0978904939097	147
-139.5 74 0.0817208074534 0.0883746376511	161
-138 74 0.070096969697 0.0980756022663	66
-136.5 74 -0.00211875 0.0990763226084	32
-135 74 0.0644548387097 0.0820204121484	62
-133.5 74 0.0724490196078 0.10096616284	102
-132 74 0.100200980392 0.0994865988413	51
-130.5 74 -0.00288076923077 0.0805956220368	39
-129 74 0.0546648148148 0.134428352961	27
-127.5 74 -0.0181113636364 0.127476750668	44
-126 74 0.0333285123967 0.0756057147356	242
-124.5 74 0.00726636363636 0.0789569230218	110
-117 74 -0.012078 0.0947433485792	25
-115.5 74 0.0112634831461 0.111125616054	89
-114 74 -0.155249428571 0.169738517461	175
-112.5 74 -0.243683333333 0.082845649193	219
-111 74 -0.0608530612245 0.0792023565906	98
-109.5 74 -0.0404491689751 0.0779532739272	361
-108 74 0.0143292397661 0.0967335979959	342
-106.5 74 -0.0506926559356 0.109312429344	497
-105 74 0.0450098930481 0.121144616085	187
-103.5 74 -0.0645026315789 0.0850696851568	266
-102 74 -0.0269045454545 0.112346185012	66
-99 74 -0.0593527777778 0.107399564576	72
-97.5 74 -0.0996 0.114265475976	6
-96 74 0.0041625 0.128543563777	40
-94.5 74 0.0584815789474 0.0571122292083	19
-91.5 74 -0.0271960606061 0.0758247944333	165
-88.5 74 -0.209496551724 0.0530302085453	232
-87 74 -0.115480769231 0.0653378088472	91
-85.5 74 -0.0080110619469 0.146679404558	226
78 74 -0.0827953020134 0.0787762376455	298
120 74 -0.0720428571429 0.0542191364917	28
144 74 -0.272292222222 0.0295374299437	45
148.5 74 -0.07315 0.320036529165	2
150 74 -0.013058 0.176418127659	25
151.5 74 0.024828 0.115862225374	100
153 74 -0.0376026315789 0.111026258004	95
154.5 74 0.00770580110497 0.0738337722488	181
156 74 -0.024424151436 0.10109059793	383
157.5 74 -0.0139898148148 0.128376371992	108
159 74 0.0452768292683 0.139138422128	41
160.5 74 0.0385762295082 0.121985306358	61
162 74 0.0425890243902 0.0904901023789	123
163.5 74 0.112410377358 0.102454193028	53
165 74 0.0787120689655 0.138166073502	29
166.5 74 0.050679787234 0.118601337911	47
168 74 0.125685233161 0.0749616290878	193
169.5 74 0.10422745098 0.114114254806	102
171 74 0.122283971292 0.106753201826	209
172.5 74 0.0444833333333 0.150168567506	6
174 74 0.10595 NaN	1
175.5 74 0.005825 0.122450190554	4
-177 73.5 0.0698743333333 0.0879381314206	300
-175.5 73.5 0.0499714953271 0.0821767251491	107
-174 73.5 0.0425227272727 0.110836791991	22
-172.5 73.5 -0.0221744604317 0.0873353364427	139
-171 73.5 -0.14255 0.142128463018	2
-168 73.5 0.01919 0.147411288577	5
-166.5 73.5 -0.015975 0.124382029115	4
-163.5 73.5 0.0142611111111 0.103037947433	9
-154.5 73.5 -0.0996166666667 0.0593386439571	6
-153 73.5 0.0168993670886 0.0797566456895	79
-151.5 73.5 -0.0821388888889 0.1443411882	9
-150 73.5 -0.0716166666667 0.167751690593	12
-148.5 73.5 0.0429921568627 0.078060500066	102
-147 73.5 0.0503322033898 0.106459400898	118
-145.5 73.5 0.0121328947368 0.105057531398	76
-144 73.5 -0.0372266666667 0.161540110709	30
-142.5 73.5 0.0335981818182 0.12190854049	110
-141 73.5 0.063225177305 0.0887545348186	141
-139.5 73.5 0.0984805555556 0.0732693901103	216
-138 73.5 0.146691509434 0.0833304538945	106
-136.5 73.5 0.076246 0.107381949563	75
-135 73.5 0.0396779411765 0.0942276678409	68
-133.5 73.5 0.0504670731707 0.0880607060568	41
-132 73.5 0.0425528985507 0.1101626511	69
-130.5 73.5 -0.0131289473684 0.12567416505	38
-129 73.5 0.0331607142857 0.111780988266	56
-127.5 73.5 -0.00333904109589 0.110135404744	73
-126 73.5 0.00287959183673 0.0686323502203	294
-124.5 73.5 0.0438785714286 0.0557307702262	49
-115.5 73.5 0.0209414691943 0.0583783401061	211
-114 73.5 -0.0107416666667 0.0757688641096	168
-112.5 73.5 0.00357395833333 0.0618974413444	192
-111 73.5 -0.0982785714286 0.147085347649	63
-109.5 73.5 -0.0111225146199 0.0776177307222	171
-108 73.5 -0.0155810231023 0.0851076091022	303
-106.5 73.5 -0.1123375 0.0805512869011	8
-105 73.5 0.164933333333 0.406855504371	30
-103.5 73.5 -0.0884307228916 0.103640885764	166
-102 73.5 -0.0547241935484 0.114979229915	31
-100.5 73.5 0.0388857142857 0.114316902656	28
-97.5 73.5 -0.037232 0.103815821393	50
-96 73.5 -0.01635 0.17399714557	13
-90 73.5 -0.0358833333333 0.0832663997861	3
-88.5 73.5 -0.08325 0.0408172757543	7
76.5 73.5 -0.185036324786 0.0462474526903	117
118.5 73.5 0.0576136363636 0.137572899022	11
145.5 73.5 -0.041625 0.0431507182696	40
148.5 73.5 -0.026458 0.112827552486	25
150 73.5 0.111561111111 0.120910316248	18
151.5 73.5 0.0373373239437 0.108244387422	71
153 73.5 -0.0856882978723 0.127458212339	47
154.5 73.5 0.0106369109948 0.117906737839	191
156 73.5 0.0031125 0.0990204901272	144
157.5 73.5 -0.010977638191 0.0990655445201	199
159 73.5 -0.00323051948052 0.0982429226579	77
160.5 73.5 0.00958103448276 0.141979926775	87
162 73.5 0.0201243119266 0.13374078674	109
163.5 73.5 0.0381516393443 0.13835758682	61
165 73.5 0.0567013513514 0.151641779316	37
166.5 73.5 0.0744219512195 0.122963877336	82
168 73.5 0.0858644329897 0.0748403648186	97
169.5 73.5 0.067418 0.109498233813	100
171 73.5 0.136210606061 0.0795490750878	66
172.5 73.5 -0.072 0.0131241507662	4
-175.5 73 -0.30445 NaN	1
-174 73 0.1399 0.0870375589425	4
-172.5 73 -0.160164285714 0.135788271813	7
-166.5 73 -0.00115 0.0702897147526	6
-165 73 0.0866 0.0933765673675	4
-151.5 73 -0.25915 NaN	1
-150 73 0.0385 0.137815111653	2
-148.5 73 0.00966304347826 0.16965422403	23
-147 73 0.115978358209 0.0978635039008	67
-145.5 73 -0.02567 0.17690171565	5
-144 73 0.0627295698925 0.130056821311	186
-142.5 73 0.0679662921348 0.135753998656	178
-141 73 -0.0132711428571 0.0767125059778	175
-139.5 73 0.0673989795918 0.11708011168	49
-138 73 0.0643367256637 0.106626308822	113
-136.5 73 0.107428625954 0.110536944056	131
-135 73 0.0568368421053 0.104881906088	76
-133.5 73 0.0844863636364 0.115671976125	55
-132 73 0.100762903226 0.106025767799	62
-130.5 73 0.0234757142857 0.132782578461	35
-129 73 0.0917987804878 0.114502275353	41
-127.5 73 0.0931375 0.0873733283102	16
-126 73 0.135598648649 0.133516080225	37
-124.5 73 -0.147466666667 0.10123148555	6
-118.5 73 -0.05415 0.117662568389	2
-115.5 73 0.00198684210526 0.0911160751268	38
-114 73 -0.0212373015873 0.117554712714	63
-112.5 73 0.0303754098361 0.0869023879459	244
-111 73 -0.10011 0.174374770024	20
-109.5 73 -0.0246664556962 0.0915387033605	79
-105 73 -0.02649 0.0243047937658	5
-103.5 73 -0.103485897436 0.112539064836	117
-102 73 -0.0614951612903 0.0984126019476	62
-100.5 73 -0.109016666667 0.12271500859	3
-99 73 0.045525 0.0753242933367	4
-97.5 73 0.110043055556 0.114916408447	144
-96 73 -0.10543 0.10081223636	5
-91.5 73 -0.257283333333 0.0433891472057	78
-90 73 -0.0624405511811 0.12242969504	127
72 73 0.571698780488 0.0708011684835	164
75 73 -0.175332 0.0484292621482	150
76.5 73 -0.21123452381 0.0581604189799	84
142.5 73 -0.0981021912351 0.136355374317	251
145.5 73 0.09714 0.116997229622	300
147 73 0.288226811594 0.0473949399909	69
148.5 73 -0.114727586207 0.134139818444	58
150 73 -0.073294137931 0.040178701302	145
153 73 0.0196234939759 0.133721322054	83
154.5 73 -0.0431316901408 0.10991662205	71
156 73 -0.053243258427 0.0887185619311	178
157.5 73 -0.0170208108108 0.0709133232664	370
159 73 -0.0497329787234 0.118643626166	94
160.5 73 -0.00917558139535 0.0920501546878	215
162 73 0.0118847222222 0.141734831366	144
163.5 73 -0.00690268817204 0.108812865479	93
165 73 0.0619204081633 0.127804565049	98
166.5 73 0.109438372093 0.131976780442	43
168 73 0.104044230769 0.0937359462166	52
169.5 73 0.0555676470588 0.152193685132	17
171 73 0.0933599009901 0.0770624571435	101
172.5 73 0.12785125 0.0852926199098	80
174 73 0.033925 0.105708232389	20
175.5 73 0.0317166666667 0.08793396765	6
177 73 -0.0882166666667 0.286898873008	3
-166.5 72.5 -0.0945398550725 0.0940011938988	69
-165 72.5 -0.0244506896552 0.0981200784353	435
-145.5 72.5 0.0145642857143 0.154938379456	7
-144 72.5 0.121073809524 0.159686198229	21
-142.5 72.5 0.135023255814 0.188376666736	86
-141 72.5 -0.045025 0.107750263727	16
-139.5 72.5 0.0730972222222 0.0990455522506	36
-138 72.5 0.18042027027 0.052848740471	37
-136.5 72.5 0.0360456521739 0.193211510287	23
-135 72.5 0.08031 0.160205816308	20
-133.5 72.5 -0.00698846153846 0.126042923281	130
-132 72.5 -0.00284032258065 0.133466536249	62
-130.5 72.5 0.0970633333333 0.0439974815297	15
-129 72.5 -0.00226942446043 0.043897175436	139
-127.5 72.5 -0.0415680722892 0.100171501892	83
-126 72.5 -0.0228238095238 0.11711270971	84
-118.5 72.5 -0.121133061889 0.0518792039614	307
-111 72.5 0.0885735294118 0.0699044842036	17
-103.5 72.5 0.0260725108225 0.0812296921228	231
-102 72.5 0.0799136363636 0.030002155666	44
-96 72.5 -0.0365333333333 0.141854130156	12
-91.5 72.5 -0.0506394736842 0.0970309223197	38
-90 72.5 -0.26153057554 0.0500965876904	139
147 72.5 0.419892708333 0.0936212287496	96
151.5 72.5 -0.094377027027 0.069034185094	74
157.5 72.5 -0.00589242424242 0.0746506668381	99
159 72.5 -0.15745 0.0910753534168	2
162 72.5 -0.111423863636 0.079039106419	88
163.5 72.5 0.0209197478992 0.108975660624	238
165 72.5 0.000938125 0.117963622669	160
166.5 72.5 0.0304914285714 0.156766281768	70
168 72.5 0.07763125 0.165781441171	48
169.5 72.5 -0.00472857142857 0.154776594228	14
171 72.5 -0.126357692308 0.163810507709	13
172.5 72.5 0.0559 0.199100742028	22
174 72.5 0.0315221854305 0.046089507351	151
177 72.5 0.132007142857 0.20196618411	7
178.5 72.5 -0.0275269230769 0.0678088154015	26
-165 72 0.0356912903226 0.104204217445	155
-163.5 72 0.10005 NaN	1
-144 72 0.044026433121 0.0556740158746	157
-142.5 72 0.14186 0.174332392923	10
-141 72 -0.01745 0.175635326743	6
-139.5 72 -0.00360517241379 0.12220148639	29
-138 72 -0.150583333333 0.136822524949	3
-136.5 72 0.112626923077 0.11375093954	26
-135 72 0.0775884615385 0.106153619333	13
-133.5 72 0.0139730769231 0.0745063813736	65
-132 72 -0.00347807017544 0.126916207952	57
-130.5 72 -0.123510714286 0.100863601846	28
-129 72 0.0143418181818 0.0568571251888	110
-127.5 72 -0.0130256554307 0.0677303524611	534
-126 72 0.0087200729927 0.0442071234028	137
-120 72 -0.04085 0.0974877941078	11
-108 72 0.116583333333 0.15191028383	21
-103.5 72 -0.0726348484848 0.137583836081	33
-102 72 0.0581437037037 0.127571594001	270
-100.5 72 0.0631773972603 0.0945094940743	292
-96 72 -0.125512068966 0.0674063658174	29
73.5 72 0.326475 0.0424406609679	60
151.5 72 -0.0825596774194 0.0402758803226	93
163.5 72 -0.03955 NaN	1
165 72 -0.0202637931034 0.119155854722	87
166.5 72 -0.0229194444444 0.127794593814	72
168 72 -0.0761291666667 0.129586875272	24
169.5 72 -0.0736662790698 0.141210666551	43
171 72 -0.0560944444444 0.142628004886	9
172.5 72 0.0180605263158 0.120912446321	95
174 72 0.00328333333333 0.0227206403959	9
175.5 72 0.0620459349593 0.106635752477	369
177 72 -0.0452682389937 0.0407347018039	159
178.5 72 0.0111626811594 0.0397788251399	276
-163.5 71.5 -0.0145083333333 0.127314313806	36
-141 71.5 0.0325657894737 0.0676737087833	190
-139.5 71.5 0.01350875 0.102890092145	80
-138 71.5 -0.0339928571429 0.152534486343	7
-136.5 71.5 0.0821954545455 0.105984449566	22
-135 71.5 0.0402777777778 0.176858254329	18
-133.5 71.5 -0.0312318181818 0.093931143059	11
-130.5 71.5 -0.0681403225806 0.0922593603375	31
-129 71.5 0.1053 0.303950889674	4
-127.5 71.5 -0.020170212766 0.0764308044353	94
-120 71.5 -0.03535 NaN	1
-118.5 71.5 0.25785 NaN	1
-105 71.5 0.359072222222 0.253015025904	27
-103.5 71.5 -0.10153 0.185509331302	5
-102 71.5 -0.0809642180095 0.0940494722232	211
-100.5 71.5 0.00379710327456 0.0631991850648	397
-99 71.5 -0.0713653846154 0.0653751825537	39
166.5 71.5 -0.0435695530726 0.102008170018	179
168 71.5 0.0123037313433 0.152143750136	67
169.5 71.5 0.0129636842105 0.138548200853	95
171 71.5 0.0334634615385 0.117263032687	52
175.5 71.5 -0.02184 0.0709691008861	140
178.5 71.5 0.035530239521 0.0390786297862	167
-163.5 71 -0.0766446969697 0.0710838536271	132
-162 71 -0.0116207070707 0.0381139303167	99
-156 71 0.79065 NaN	1
-141 71 0.0414981481481 0.0884915404564	54
-139.5 71 0.0738221854305 0.0887685985689	453
-138 71 -0.00914166666667 0.0926562207746	48
-136.5 71 -0.079425 0.104973398039	72
-135 71 0.0592863636364 0.177717569603	11
-133.5 71 0.123827777778 0.0950574007873	9
-132 71 -0.0325775362319 0.111895954671	69
-130.5 71 -0.00164230769231 0.0681824606366	26
-129 71 -0.1057 0.0474217524844	24
-127.5 71 -0.0494421875 0.0968041359222	64
-103.5 71 0.117616666667 0.176244044817	3
-102 71 -0.130175714286 0.0833057491938	35
-100.5 71 -0.123748979592 0.0836925429864	98
-99 71 -0.104261242604 0.0458219541268	169
-90 71 -0.01895 0.119750637736	43
66 71 -0.27255 NaN	1
166.5 71 -0.0542585714286 0.0680490685513	175
171 71 -0.0160642857143 0.130803927588	14
174 71 -0.05028 0.166015568547	10
175.5 71 0.0370092592593 0.146211641279	27
-162 70.5 -0.0106142857143 0.0380364076495	28
-141 70.5 0.0619119047619 0.0454013708625	21
-139.5 70.5 0.109900724638 0.0527147223079	69
-136.5 70.5 -0.0118863636364 0.0755238806303	11
-130.5 70.5 -0.0903289915966 0.0754674952806	357
-129 70.5 0.262983333333 0.0363579885766	3
-127.5 70.5 0.284635714286 0.195547728566	63
-123 70.5 -0.03761 0.0579740401674	10
-112.5 70.5 0.404074731183 0.0546413318157	93
-102 70.5 0.04775 0.265872149726	2
-100.5 70.5 -0.0174879310345 0.257912324167	58
-90 70.5 0.201565277778 0.103988965639	72
159 70.5 1.43285 0.0939072237193	4
172.5 70.5 -0.0820642857143 0.0715813528371	252
-136.5 70 -0.0795783333333 0.0334361728999	60
-135 70 -0.111131506849 0.0413869228112	146
-130.5 70 -0.205983333333 0.0369391752299	6
-129 70 0.36601640625 0.084084989136	128
-102 70 -0.197321875 0.0852604595206	32
-100.5 70 0.0505357142857 0.0320679947255	21
-99 70 -0.11244 0.0516746112172	10
-90 70 0.304157843137 0.0504284758273	357
-87 70 -0.0859972727273 0.0521630132002	55
-85.5 70 0.26405 NaN	1
-78 70 0.0438693548387 0.076014794259	31
160.5 70 0.0151386363636 0.0653123009498	396
-102 69.5 -0.167491436464 0.0785851597252	181
-100.5 69.5 -0.0430508426966 0.0514098929962	356
-90 69.5 -0.0471434210526 0.078007997273	152
-88.5 69.5 0.132452941176 0.0435848700833	34
-87 69.5 0.101564285714 0.157747712098	35
-85.5 69.5 0.272216666667 0.0115036226178	3
166.5 69.5 0.20325 0.138827338806	3
171 69.5 0.0031719047619 0.0983770249337	105
-108 69 -0.1322375 0.0405851363214	88
-100.5 69 -0.107527027027 0.0583273087367	74
-99 69 -0.212863888889 0.0913444506181	36
-90 69 -0.0238311023622 0.0550930320433	127
-88.5 69 0.0418197802198 0.0945959965452	182
-87 69 0.147469230769 0.0606672631275	26
-81 69 0.170515 0.0888977903639	20
-78 69 -0.113816666667 0.072611110261	3
-109.5 68.5 -0.207530612245 0.0717229185332	98
-108 68.5 -0.157331428571 0.046436153122	70
-99 68.5 -0.220203017241 0.0561475421044	232
-87 68.5 0.83285 NaN	1
-76.5 68.5 0.179801428571 0.0696397679298	35
-109.5 68 -0.249938 0.0356008581357	25
-105 68 0.127 0.776492594942	4
-99 68 -0.122227777778 0.0720774544809	9
-76.5 68 0.07255 0.10651884549	10
-73.5 67.5 0.278307894737 0.0804493927592	19
-162 67 0.168382608696 0.213110736374	92
12 66.5 -0.14716 0.062559772681	20
12 66 -0.0719653846154 0.168195782974	13
34.5 66 0.09615 NaN	1
34.5 65.5 -0.233889495798 0.0470770036676	119
36 65.5 -0.14888986014 0.061179985151	143
10.5 65 -0.117533333333 0.0500660769266	18
12 65 -0.104629439252 0.0640646353131	107
36 65 -0.00529117647059 0.207191082039	119
10.5 64.5 0.0370125 0.331189395982	48
21 64.5 -0.28415 NaN	1
22.5 64.5 -0.262272222222 0.0307636464751	9
24 64 0.469528571429 0.16122657339	14
21 63.5 0.15385 0.0660437733628	2
6 62.5 -0.11788 0.143991597363	10
6 62 0.437483333333 0.033459278733	3
-165 61 -0.148534615385 0.0616341424853	117
21 61 -0.0894852941176 0.0574244741528	34
-165 60.5 0.0535045454545 0.0714908324943	275
4.5 60.5 0.047925 0.0427023320987	4
18 60.5 -0.104105882353 0.0857348597507	34
19.5 60.5 0.23265 NaN	1
21 60.5 -0.066455 0.143821506609	20
27 60.5 -0.143226666667 0.0676324890471	30
19.5 60 -0.11562628866 0.116238608558	97
22.5 60 0.0771785714286 0.138295162906	49
24 60 0.03065 NaN	1
27 60 -0.0861215686275 0.0518277145508	204
