lon, lat, freeboard (m), standard deviation, count
-180 81.5 0.183668181818 0.164153332894	55
-178.5 81.5 0.0135071428571 0.226251156272	14
-177 81.5 0.173835714286 0.134441512509	21
-175.5 81.5 0.156254761905 0.205984114621	21
-174 81.5 0.135564285714 0.214861563404	7
-172.5 81.5 0.0616673913043 0.174811416967	23
-171 81.5 0.0446666666667 0.21313362788	12
-169.5 81.5 0.258088461538 0.166970379302	13
-168 81.5 0.0833552631579 0.184221546796	19
-166.5 81.5 0.0590078947368 0.178852522474	19
-165 81.5 0.117083333333 0.206319634342	12
-163.5 81.5 0.133246296296 0.173337553039	27
-162 81.5 0.1669 0.186082946175	8
-160.5 81.5 0.130930487805 0.149151624563	41
-159 81.5 0.19695 0.211045171573	10
-157.5 81.5 0.0706681818182 0.176770369302	22
-156 81.5 0.16315 NaN	1
-154.5 81.5 0.149 0.115263885642	4
-151.5 81.5 0.1959375 0.222952400029	8
-150 81.5 0.44045 NaN	1
-148.5 81.5 0.153616666667 0.144476817056	6
-147 81.5 0.0849 0.146351891382	10
-145.5 81.5 0.106966666667 0.21192789733	6
-144 81.5 -0.011225 0.153221126387	8
-142.5 81.5 0.0146 0.204082638491	4
-141 81.5 0.11323 0.0602147158093	5
-139.5 81.5 0.296025 0.120956641681	4
-138 81.5 -0.07445 0.0509765632423	3
-136.5 81.5 0.365516666667 0.145237885324	3
-133.5 81.5 0.0867 0.333400847329	2
-130.5 81.5 0.20855 NaN	1
-129 81.5 0.180625 0.194449550931	8
-126 81.5 0.20495 0.179604574923	7
-124.5 81.5 0.208216666667 0.316604174536	3
-123 81.5 0.05565 0.0164048773235	2
-121.5 81.5 0.1383 0.13059492716	6
-120 81.5 0.233507142857 0.096079374428	7
-118.5 81.5 0.1684 0.198929827777	30
-117 81.5 0.176277586207 0.123119265339	29
-115.5 81.5 0.18295 0.159579791954	9
-114 81.5 0.0640961538462 0.208378248287	13
-112.5 81.5 0.168664285714 0.152157127433	7
-111 81.5 0.132573076923 0.134661570575	13
-109.5 81.5 0.02183 0.229051821647	5
-108 81.5 0.26929 0.217871861423	5
-106.5 81.5 0.237236363636 0.116078853722	22
-105 81.5 0.2439 0.0974535530394	6
-103.5 81.5 0.295801315789 0.143322245301	76
-102 81.5 0.342932142857 0.117888671355	84
-100.5 81.5 0.244985294118 0.117284323021	17
-99 81.5 0.15571 0.207538372356	10
-97.5 81.5 0.361164285714 0.113157241565	14
-96 81.5 0.244086363636 0.190650068307	11
-94.5 81.5 0.44148 0.119605147139	10
-93 81.5 0.315162727273 0.163514623597	110
-91.5 81.5 0.204926415094 0.128696521248	106
-90 81.5 -0.031575 0.199785791537	4
-64.5 81.5 -0.13655 NaN	1
-63 81.5 -0.06614375 0.134534092179	16
-12 81.5 -0.122809259259 0.0956832404715	27
-10.5 81.5 -0.0904793075684 0.130992186092	621
-9 81.5 -0.109607666667 0.146894011712	300
-7.5 81.5 -0.000373015873016 0.19452357067	126
-6 81.5 -0.06665234375 0.145590834522	128
-4.5 81.5 -0.0144911764706 0.197719717626	34
-3 81.5 -0.0184965116279 0.197956474712	43
-1.5 81.5 0.015925 0.134510140882	16
0 81.5 -0.0555722222222 0.18483791398	9
1.5 81.5 0.15495 0.128834855532	2
3 81.5 -0.155783333333 0.12764173821	3
4.5 81.5 -0.27695 0.0458205194209	2
6 81.5 -0.0553208333333 0.134773715278	24
7.5 81.5 -0.00064125 0.0518656350552	80
9 81.5 0.09905 0.0550129075763	2
12 81.5 0.09095 0.0165462986798	2
13.5 81.5 0.0043 0.0914289068074	2
15 81.5 -0.0203175555556 0.062391051941	225
16.5 81.5 0.0100270629371 0.125125309984	715
18 81.5 0.0579956009913 0.124080167803	807
19.5 81.5 0.038921890971 0.128394893909	587
21 81.5 0.0698484662577 0.112859024781	326
22.5 81.5 -0.000816666666667 0.079592464778	90
24 81.5 0.0953111764706 0.0700618894674	85
25.5 81.5 0.09675 NaN	1
27 81.5 -0.18505 NaN	1
28.5 81.5 0.0122444444444 0.0606693557183	54
30 81.5 -0.15775 0.102456657503	4
31.5 81.5 -0.133727272727 0.132795972873	22
33 81.5 -0.143421428571 0.0902630916504	7
34.5 81.5 -0.0548973684211 0.13453734867	19
36 81.5 -0.0905944444444 0.156419331671	18
37.5 81.5 -0.0312055555556 0.153478387005	9
39 81.5 0.0425679487179 0.107234756914	39
40.5 81.5 0.0352265957447 0.145127768614	47
42 81.5 0.0699662162162 0.105952901176	74
43.5 81.5 0.0851919047619 0.126550051501	105
45 81.5 0.125103370787 0.116872148093	178
46.5 81.5 0.0641875 0.150808279503	16
48 81.5 0.172496987952 0.151873089941	83
49.5 81.5 0.11891797153 0.126467719932	281
51 81.5 0.0265956692913 0.0878114058591	508
52.5 81.5 0.0546294520548 0.0863051330377	146
54 81.5 0.0400880952381 0.163505328587	21
55.5 81.5 -0.0280763888889 0.055185308805	72
57 81.5 0.058465942029 0.137170243754	69
58.5 81.5 0.0730977386935 0.122794823462	199
60 81.5 -0.0184978927203 0.0900804803596	522
61.5 81.5 -0.0207486486486 0.1477485149	444
63 81.5 0.170603424658 0.136668096403	146
64.5 81.5 -0.0677423497268 0.0823508957055	366
66 81.5 0.0541046468401 0.0964852147573	269
67.5 81.5 0.117046736597 0.0812860406828	429
69 81.5 0.0556650259067 0.111313456939	386
70.5 81.5 -0.00589604904632 0.10964612766	367
72 81.5 0.0778893939394 0.121070975928	33
73.5 81.5 0.0560348888889 0.0584227431185	225
75 81.5 0.1110340625 0.0766989708382	320
76.5 81.5 -0.00381885245902 0.115686158728	183
78 81.5 -0.0563192307692 0.149873104017	13
79.5 81.5 -0.0211642857143 0.236784806865	7
81 81.5 0.25545 0.0736673187116	14
82.5 81.5 0.226135714286 0.0879797254367	14
84 81.5 0.102875 0.253428416915	4
85.5 81.5 0.181583333333 0.129329050616	3
87 81.5 0.090275 0.257339430519	4
90 81.5 -0.111778571429 0.103148671109	14
91.5 81.5 0.00418333333333 0.163177582202	3
93 81.5 0.14113 0.239446138292	15
94.5 81.5 0.0241653846154 0.149525966787	13
96 81.5 0.1078 0.0777110352524	2
97.5 81.5 0.184920967742 0.12553757789	31
99 81.5 0.22615 0.117570336395	6
100.5 81.5 0.26865 0.0893422072707	7
102 81.5 0.1209125 0.0734700121041	8
103.5 81.5 0.33025 0.0188090403796	2
105 81.5 0.0933611111111 0.146848833394	18
106.5 81.5 0.0883911764706 0.17705010964	17
108 81.5 0.0240423076923 0.2158069636	26
109.5 81.5 0.118231818182 0.170202766242	11
111 81.5 0.188929487179 0.141593142451	39
112.5 81.5 0.169496153846 0.130042529039	13
114 81.5 0.0821818181818 0.123128068775	22
115.5 81.5 -0.0487772727273 0.180856997394	22
117 81.5 -0.003215625 0.180049689574	32
118.5 81.5 0.0050798245614 0.198054936431	57
120 81.5 -0.024503030303 0.199834097514	66
121.5 81.5 -0.0433668478261 0.141566538407	184
123 81.5 -0.0257687772926 0.135579439219	229
124.5 81.5 0.00932638190955 0.148098588836	199
126 81.5 -0.0267702702703 0.135075321433	74
127.5 81.5 -0.0429175 0.14214836126	40
129 81.5 0.0158712765957 0.174173647655	47
130.5 81.5 0.00218428571429 0.18942966558	35
132 81.5 0.15826025641 0.149497658483	39
133.5 81.5 0.020898 0.177049550785	25
135 81.5 0.0385388888889 0.22674743904	9
136.5 81.5 -0.1327 0.12932591001	6
138 81.5 0.12291 0.143412537806	10
139.5 81.5 0.199607894737 0.154840836976	19
141 81.5 0.242673529412 0.111357630685	17
142.5 81.5 0.0924196969697 0.188112919022	33
144 81.5 0.204519565217 0.127080942119	23
145.5 81.5 0.162 0.203342362325	20
147 81.5 0.0921119047619 0.159472372141	21
148.5 81.5 0.15885 0.12947463072	3
150 81.5 0.06363 0.185686293397	10
151.5 81.5 0.23733 0.0889737995142	5
153 81.5 0.145628571429 0.220180342791	14
154.5 81.5 0.125842307692 0.217605083663	13
156 81.5 0.14209137931 0.159857060073	29
157.5 81.5 0.00253666666667 0.164833779367	105
159 81.5 0.0120987179487 0.182279750565	78
160.5 81.5 0.0120708955224 0.182647285969	67
162 81.5 0.065240625 0.184183231506	64
163.5 81.5 0.118994642857 0.190538481839	56
165 81.5 0.0281263157895 0.212739303011	38
166.5 81.5 0.0942313953488 0.204057517867	43
168 81.5 0.104647674419 0.190653904195	43
169.5 81.5 0.076375 0.178708236879	36
171 81.5 0.182123913043 0.14740951918	92
172.5 81.5 0.0460958333333 0.176940706451	48
174 81.5 0.0926 0.179632016875	38
175.5 81.5 0.0800657894737 0.198814280348	19
177 81.5 0.0176987804878 0.169035437293	41
178.5 81.5 0.12942037037 0.143685417164	54
-180 81 0.1386625 0.169760556373	16
-178.5 81 0.276564285714 0.279854568982	14
-177 81 0.167426190476 0.15721234336	21
-175.5 81 0.109222222222 0.204787484698	18
-174 81 0.115075 0.144263642021	12
-172.5 81 0.15435 0.192127669142	17
-171 81 0.105163043478 0.186325368654	23
-169.5 81 -0.07005 0.183826113488	5
-168 81 -0.07555 0.260666760443	3
-166.5 81 0.112033333333 0.161228352552	6
-165 81 0.295616666667 0.104656019894	9
-163.5 81 0.146944117647 0.244515333033	17
-162 81 0.1559 0.189519232838	14
-160.5 81 0.166766666667 0.21431827578	12
-159 81 0.220592553191 0.0970790550658	47
-157.5 81 0.247522222222 0.111036611903	18
-156 81 0.11135 0.157666581459	12
-154.5 81 0.05229 0.113533488452	5
-153 81 0.08685 NaN	1
-151.5 81 0.0547833333333 0.184796895266	9
-150 81 0.20173 0.0990212637097	10
-148.5 81 0.175392857143 0.150743279089	7
-147 81 -0.01295 0.102412141207	4
-145.5 81 0.144783333333 0.172946735538	3
-144 81 0.26215 0.152687360315	3
-142.5 81 0.1843 0.109467947037	8
-139.5 81 0.249392857143 0.153322751705	7
-138 81 0.00288333333333 0.214401523626	3
-136.5 81 -0.23145 NaN	1
-133.5 81 0.39685 NaN	1
-132 81 -0.05375 NaN	1
-126 81 0.35 0.0559428225959	26
-124.5 81 0.235055555556 0.100157132266	18
-123 81 0.19167 0.15309793271	5
-121.5 81 0.19885 0.173040586119	10
-120 81 0.21955 0.0980395498426	7
-118.5 81 0.27725 0.148566464203	15
-117 81 0.278892307692 0.107937352842	26
-115.5 81 0.361177272727 0.0619065762405	11
-114 81 0.246583333333 0.116657732991	6
-112.5 81 0.26635 NaN	1
-111 81 0.157572222222 0.119709032317	18
-109.5 81 0.0026125 0.230005005769	8
-108 81 -0.0083875 0.145071164187	8
-106.5 81 0.266076666667 0.1274425885	45
-105 81 0.211144117647 0.124591113601	17
-103.5 81 0.130819230769 0.176239810035	13
-102 81 -0.18365 NaN	1
-100.5 81 0.16725 0.072768399735	3
-99 81 0.364975 0.294822574432	20
-97.5 81 0.167707142857 0.198680588358	7
-96 81 0.641208823529 0.0817624536296	17
-91.5 81 0.2674 0.351885860756	6
-90 81 0.097 0.0581948880917	2
-88.5 81 -0.090125 0.198645502928	4
-66 81 0.0574810344828 0.119001841659	58
-64.5 81 -0.113533950617 0.129008907112	81
-63 81 -0.0344611111111 0.0600848242996	9
-15 81 -0.23015 NaN	1
-13.5 81 -0.222893939394 0.073524209294	132
-12 81 -0.126032352941 0.0914706783372	391
-10.5 81 -0.0900194444444 0.143822617496	360
-9 81 -0.0201375 0.196058385111	152
-7.5 81 -0.0262304878049 0.169440486026	123
-6 81 -0.0343531746032 0.187454087792	126
-4.5 81 -0.0146707792208 0.208915792869	77
-3 81 -0.0238376923077 0.157228495656	65
-1.5 81 0.0411611111111 0.149219062492	9
0 81 -0.00689 0.12589880063	5
1.5 81 -0.104630952381 0.179472643094	21
3 81 -0.149583333333 0.148176595093	3
4.5 81 -0.00131 0.136699572055	5
6 81 0.0128173469388 0.114805133986	147
7.5 81 0.00269748201439 0.0589642488622	417
9 81 -0.00713958333333 0.0718607849123	144
10.5 81 0.08605 0.066750880144	2
12 81 0.06599375 0.0664584560142	160
13.5 81 0.0466278290993 0.121191515937	433
15 81 0.0546186170213 0.0979110150637	188
16.5 81 0.00790291262136 0.075883094422	618
18 81 0.0742883703704 0.0710709431188	675
19.5 81 0.0692721757322 0.0543263431955	239
21 81 -0.000568831168831 0.102387674637	154
22.5 81 -0.10685 0.160321583076	3
24 81 -0.2254 0.00883883476483	2
31.5 81 -0.0379590909091 0.0692482014482	44
33 81 -0.0546431034483 0.0557296794304	116
36 81 0.0330381355932 0.0506441033254	59
37.5 81 0.0430738709677 0.0434715447816	155
39 81 0.030625 0.0498618660082	12
40.5 81 0.00355 0.0999182478329	17
42 81 0.0320413043478 0.0946291306478	46
46.5 81 0.0720341772152 0.052659800501	158
48 81 0.0457822580645 0.053376696038	155
49.5 81 -0.104875 0.148878347989	4
51 81 0.225964457831 0.0770674049801	83
52.5 81 0.147072985075 0.0921498891746	335
54 81 0.123987878788 0.134297270949	198
55.5 81 -0.0375083333333 0.0920102179885	36
58.5 81 -0.000192068965517 0.127147911826	145
60 81 -0.0491227722772 0.116098198705	202
61.5 81 0.00169387351779 0.101701421909	253
63 81 0.0946358560794 0.107481492904	403
64.5 81 0.0844794117647 0.417828096372	51
66 81 0.0860929487179 0.0739471659693	468
67.5 81 0.0434520231214 0.0986059931239	346
69 81 0.0568280952381 0.0825179331765	315
70.5 81 0.0884556074766 0.0803296437585	107
72 81 0.0586697452229 0.121683169116	157
73.5 81 0.0771339393939 0.101886123985	660
75 81 0.059890376569 0.0763133893741	478
76.5 81 0.00222784090909 0.0930547391464	176
78 81 -0.0460753521127 0.124005489185	71
79.5 81 -0.154287209302 0.118404737725	43
81 81 -0.0277214285714 0.175153683852	14
82.5 81 0.14635 0.207822295884	7
84 81 0.3111 0.05697265008	8
88.5 81 0.20445 NaN	1
90 81 -0.000853448275862 0.113508110103	29
91.5 81 -0.130764765101 0.0857029891432	149
93 81 -0.172787254902 0.0840583035774	102
94.5 81 -0.0862013513514 0.143246800665	37
96 81 -0.018275 0.243542773451	4
97.5 81 -0.0212264957265 0.0813296028206	234
99 81 0.015318 0.0803628009279	75
100.5 81 0.00616176470588 0.0968217188066	68
102 81 0.33925 NaN	1
103.5 81 0.2149 0.0830850467894	2
105 81 0.206975 0.156348546067	8
106.5 81 -0.0832928571429 0.137064295344	28
108 81 -0.07125 0.0902116400472	5
109.5 81 0.45783 0.267930909005	5
111 81 0.152115384615 0.154604553471	26
112.5 81 0.258097826087 0.109629897505	23
114 81 0.06638125 0.174399070023	16
115.5 81 0.175381578947 0.196777728676	19
117 81 0.224011904762 0.153407374256	21
118.5 81 -0.0180076923077 0.162924711872	26
120 81 0.0420905797101 0.174730319365	69
121.5 81 -0.0319777777778 0.165767211816	72
123 81 -0.0302152173913 0.150766795957	46
124.5 81 0.0497534482759 0.143068100538	58
126 81 0.0240557692308 0.12747237519	52
127.5 81 -0.0420953333333 0.153839695694	75
129 81 -0.0397666666667 0.191724151178	24
130.5 81 0.112775 0.22281678412	8
132 81 0.0953875 0.222171077851	16
133.5 81 -0.0194625 0.0962871876212	16
135 81 0.0691131578947 0.193931884407	19
136.5 81 0.20996 0.179972795897	20
138 81 0.164103846154 0.183571219673	13
139.5 81 -0.03763 0.163881655471	5
141 81 0.00439 0.0965455488358	5
142.5 81 0.10647 0.176429399163	10
144 81 0.158016666667 0.0240225588423	3
145.5 81 0.23485 0.197697597355	6
147 81 0.29607 0.108340698724	5
148.5 81 0.235275 0.149315663947	12
150 81 0.109066666667 0.214889324227	6
151.5 81 0.29595 0.0484368661249	3
153 81 0.0686214285714 0.273289319917	7
154.5 81 0.0409277777778 0.239816428637	9
156 81 0.1909 0.0830850467894	2
157.5 81 0.25145 0.100264905376	17
159 81 0.192326923077 0.153222932106	13
160.5 81 0.0583411764706 0.183651452432	34
162 81 0.0586611111111 0.151530305916	9
163.5 81 0.0842071428571 0.221581888715	14
165 81 0.200272222222 0.1455110085	18
166.5 81 0.176888461538 0.125438328396	13
168 81 0.128225 0.186911153455	8
169.5 81 0.0711285714286 0.183836169449	14
171 81 0.3626625 0.103505354416	8
172.5 81 0.216828947368 0.204827544206	19
174 81 0.1101 0.149701421017	12
175.5 81 0.0707607142857 0.238031537499	28
177 81 -0.00415 0.204858289231	16
178.5 81 0.218878205128 0.122271109358	39
-180 80.5 0.225683333333 0.131396736569	15
-178.5 80.5 0.17695 0.226571662229	33
-177 80.5 0.239333333333 0.0612153384918	6
-175.5 80.5 0.27799 0.102977356734	10
-174 80.5 0.260264285714 0.118596324122	7
-172.5 80.5 0.26663 0.10910108259	10
-171 80.5 0.14575 0.195621454174	7
-169.5 80.5 0.1647125 0.115106656712	32
-168 80.5 0.111778571429 0.18985908559	7
-166.5 80.5 0.0348071428571 0.174353557053	7
-165 80.5 0.14215 0.202656803488	2
-163.5 80.5 0.2593125 0.108671798648	8
-162 80.5 0.0913785714286 0.14792306237	7
-159 80.5 0.3026 0.0284964032818	2
-157.5 80.5 0.28225 0.0915935041365	7
-156 80.5 0.205764285714 0.123687800886	14
-154.5 80.5 0.31085 0.0298399061661	2
-153 80.5 -0.04445 0.168871045476	3
-151.5 80.5 0.048225 0.135898972455	8
-148.5 80.5 -0.160902631579 0.0997334523641	19
-147 80.5 0.017775 0.135432550863	4
-144 80.5 -0.12373 0.126634462134	5
-136.5 80.5 0.14955 0.130505989645	13
-133.5 80.5 0.146335714286 0.0503458845909	7
-132 80.5 -0.10015 0.24805305884	2
-130.5 80.5 0.10565 NaN	1
-124.5 80.5 0.40675 0.0152735064736	2
-123 80.5 0.44425 NaN	1
-120 80.5 0.3596 0.138380797078	2
-118.5 80.5 0.09755 0.218256256115	4
-115.5 80.5 0.05615 NaN	1
-114 80.5 0.2613375 0.115714419863	8
-112.5 80.5 0.1825 0.244729656969	2
-111 80.5 0.141883333333 0.142807924617	3
-109.5 80.5 0.279381428571 0.0983959939746	35
-108 80.5 0.318160869565 0.0909030282548	46
-106.5 80.5 0.230905555556 0.101108631075	9
-105 80.5 0.375357894737 0.152935189208	38
-103.5 80.5 0.296692222222 0.121489138102	45
-102 80.5 0.322091176471 0.122403298867	17
-100.5 80.5 0.199483333333 0.185658927876	9
-99 80.5 0.449672916667 0.0857404228002	48
-97.5 80.5 0.236534615385 0.301861005792	52
-96 80.5 0.304287037037 0.101100158252	54
-90 80.5 0.357777906977 0.253004193759	43
-69 80.5 -0.0793666666667 0.23920195284	12
-67.5 80.5 -0.153444736842 0.123931713864	38
-15 80.5 0.046675 0.10233615767	4
-13.5 80.5 -0.0985490932642 0.0846893112586	772
-12 80.5 -0.145424525547 0.0729770678578	1370
-10.5 80.5 -0.0926815010571 0.115382304667	473
-9 80.5 -0.0269541666667 0.186775188771	96
-7.5 80.5 -0.00512898550725 0.172138397661	138
-6 80.5 -0.0131666666667 0.138916099106	102
-4.5 80.5 -0.0780149484536 0.129549307731	97
-3 80.5 0.0153172727273 0.187728643856	55
-1.5 80.5 -0.0616598765432 0.166557177573	81
0 80.5 -0.0784409090909 0.162453196057	11
1.5 80.5 -0.101962820513 0.0991674903741	39
3 80.5 0.0451666666667 0.185249369197	12
4.5 80.5 0.0469276785714 0.0734674252638	336
6 80.5 0.0628882978723 0.0669380366401	235
7.5 80.5 -0.0102154545455 0.0718652829431	220
9 80.5 0.0935455555556 0.0812647775528	45
10.5 80.5 0.142681746032 0.0605901536379	63
12 80.5 0.0937348684211 0.0871300867736	152
13.5 80.5 0.0913525316456 0.0736902416423	158
15 80.5 0.0986732142857 0.0609676163852	280
16.5 80.5 0.10895 0.0552330398915	47
18 80.5 -0.0581215189873 0.0858298673327	158
19.5 80.5 -0.065070441989 0.0776701020115	181
21 80.5 0.0646921686747 0.359559297705	83
22.5 80.5 -0.0425755208333 0.0862107840871	192
24 80.5 -0.0330128078818 0.0612719372335	406
25.5 80.5 -0.30135 NaN	1
34.5 80.5 0.0749763157895 0.172112846838	19
36 80.5 0.0207569767442 0.0791629915799	43
48 80.5 -0.09861875 0.0549606613103	16
54 80.5 0.181541071429 0.129256153399	56
55.5 80.5 0.240743220339 0.246530500221	59
57 80.5 -0.213916666667 0.0533339479131	9
58.5 80.5 -0.06885 0.0832470031257	18
67.5 80.5 0.0812402097902 0.0444691827374	143
69 80.5 0.116987724551 0.0454762477614	167
70.5 80.5 0.129702238806 0.0971671792048	67
73.5 80.5 0.041451369863 0.0509810079395	146
75 80.5 0.0538484615385 0.0471963023384	325
76.5 80.5 0.034661662531 0.0637901186843	403
78 80.5 0.0710292792793 0.10219853772	111
79.5 80.5 0.0191612676056 0.129943076053	71
81 80.5 0.0400059670782 0.124942706189	243
82.5 80.5 0.18325 NaN	1
87 80.5 0.241 0.0447598592491	2
88.5 80.5 0.13125 NaN	1
90 80.5 -0.0778115384615 0.0745901528182	13
91.5 80.5 -0.0778805555556 0.0954251504479	108
93 80.5 0.0852064102564 0.180333182565	39
97.5 80.5 0.144216666667 0.204313052283	3
99 80.5 0.200425 0.212932764036	16
100.5 80.5 0.0523166666667 0.202277194299	3
102 80.5 -0.03695 0.248335901553	2
103.5 80.5 0.313725 0.108255173087	4
105 80.5 0.31325 NaN	1
111 80.5 -0.12455 0.136410434596	4
112.5 80.5 -0.0949 0.0676696633162	4
114 80.5 -0.20571 0.104429583931	5
115.5 80.5 0.297341666667 0.254163950159	12
117 80.5 -0.03495 0.111274809968	7
118.5 80.5 0.1171625 0.203145808232	24
120 80.5 0.094525 0.317052545217	8
121.5 80.5 -0.00485833333333 0.178622301239	36
123 80.5 -0.0204341269841 0.16065065104	63
124.5 80.5 0.0565846153846 0.195102410398	52
126 80.5 -0.0534916666667 0.190290641142	12
127.5 80.5 0.0465333333333 0.150207997946	18
129 80.5 0.00157 0.265057129691	5
130.5 80.5 0.202925 0.22092491129	8
132 80.5 -0.1238 0.18191436172	6
133.5 80.5 0.0909863636364 0.193916261684	11
135 80.5 0.14781 0.174447077935	5
136.5 80.5 0.0472166666667 0.191044441918	12
138 80.5 0.0665071428571 0.148584095403	14
139.5 80.5 -0.158683333333 0.0649804842498	3
141 80.5 0.19575 0.0813172798365	2
142.5 80.5 0.103216666667 0.218004503012	3
144 80.5 0.12573 0.148356064925	5
145.5 80.5 0.184225 0.10060610071	12
147 80.5 0.2464 0.115470537368	2
148.5 80.5 0.3942 0.143330544547	2
153 80.5 0.06685 0.087705682066	4
154.5 80.5 0.08775 0.174163275884	4
156 80.5 0.37855 NaN	1
157.5 80.5 0.32125 NaN	1
160.5 80.5 -0.0372166666667 0.20576570009	3
162 80.5 0.2828 0.0243951839509	2
163.5 80.5 0.09425 0.0742593563129	6
165 80.5 0.1632 0.185423247074	10
166.5 80.5 0.14235 0.131448091236	30
168 80.5 0.29725 0.0967171649709	7
169.5 80.5 0.12281875 0.174074343194	16
171 80.5 0.16598 0.203888521011	10
172.5 80.5 0.154892857143 0.135136287467	7
174 80.5 0.12865 0.178940054208	21
175.5 80.5 0.0725681818182 0.178181623862	22
177 80.5 0.18501969697 0.118800328891	66
178.5 80.5 0.296083333333 0.0852164440313	21
-180 80 0.312871428571 0.0596571251605	14
-178.5 80 0.33425 NaN	1
-177 80 0.2197625 0.0887362665431	32
-175.5 80 0.172196153846 0.157096763126	26
-174 80 0.0681038461538 0.154861764247	13
-172.5 80 0.10165 0.172039374318	20
-171 80 0.186625 0.160090026012	8
-169.5 80 0.26099375 0.0747586870649	16
-168 80 0.0946261904762 0.140213269361	21
-166.5 80 0.17106 0.118869648543	30
-165 80 0.177164285714 0.118597082996	7
-163.5 80 0.25585 NaN	1
-162 80 0.0242 0.134270573843	6
-160.5 80 0.134821428571 0.175007225701	7
-159 80 0.0152710526316 0.134727414429	19
-157.5 80 0.185097058824 0.116395645954	17
-156 80 0.177007142857 0.0917121895622	14
-153 80 0.0818666666667 0.209925533622	6
-151.5 80 0.0544166666667 0.149263570014	3
-150 80 0.21795 0.10214780957	5
-148.5 80 0.0772388888889 0.104557393862	9
-147 80 -0.20075 NaN	1
-141 80 0.20175 0.085842763236	2
-139.5 80 0.27365 NaN	1
-136.5 80 0.0656 0.00162634559673	2
-135 80 0.2226875 0.125555223337	8
-133.5 80 -0.1498 0.113914902449	2
-132 80 0.17732 0.163680899763	20
-130.5 80 0.343614285714 0.100010565651	14
-126 80 0.34515 NaN	1
-124.5 80 0.31175 NaN	1
-123 80 0.20533 0.140365868358	5
-117 80 0.25105 0.0466690475583	2
-115.5 80 0.287043333333 0.0821840310059	15
-114 80 0.11135 0.0774682515615	3
-109.5 80 0.207616666667 0.0571928608598	3
-108 80 0.109402941176 0.127760195863	17
-106.5 80 0.34985 0.122186091146	47
-105 80 0.377172222222 0.0951678750653	9
-103.5 80 0.27355 0.0684479364189	2
-102 80 0.239731818182 0.0786335528662	11
-100.5 80 0.286701724138 0.105119870159	58
-99 80 0.375663888889 0.140137112761	36
-97.5 80 0.369194578313 0.123148306996	166
-96 80 0.184618181818 0.208904649898	22
-70.5 80 -0.120457042254 0.114498646684	71
-13.5 80 -0.0897269230769 0.113552800889	13
-12 80 -0.0444164516129 0.148429524261	155
-10.5 80 -0.0649333333333 0.135146282072	246
-9 80 -0.0137655963303 0.150107304276	218
-7.5 80 -0.0273751428571 0.138970794694	175
-6 80 0.0567005494505 0.207505930887	182
-4.5 80 -0.0143793478261 0.165462462486	92
-3 80 -0.0824083333333 0.131045212631	24
-1.5 80 0.0186989361702 0.176695544926	47
0 80 0.38929 0.0717450207331	5
1.5 80 -0.12535 0.0876812408671	2
3 80 -0.02175 0.166751916985	12
4.5 80 0.0166024390244 0.0745154691818	164
6 80 0.0388879464286 0.0504809624221	224
7.5 80 -0.00196452991453 0.0513695234792	234
27 80 -0.30295 NaN	1
75 80 0.0824215517241 0.043098457162	116
76.5 80 0.0608217391304 0.0469182274992	92
79.5 80 -0.0647916666667 0.110564148047	156
81 80 0.0134 0.0832484394248	16
84 80 -0.03795 NaN	1
87 80 -0.05875 NaN	1
88.5 80 0.20835 NaN	1
90 80 -0.169532926829 0.0833704447807	82
91.5 80 -0.118424576271 0.0736672518672	59
97.5 80 0.08955 0.143150724762	3
99 80 0.280722 0.0417844714834	50
100.5 80 0.0913278947368 0.179526611065	95
102 80 -0.088685 0.096525222123	340
103.5 80 -0.0455007936508 0.102028656432	63
105 80 0.09845 NaN	1
106.5 80 0.249633333333 0.0630447909558	6
108 80 -0.00711666666667 0.149462213731	12
109.5 80 0.1468 0.152522932702	2
111 80 0.24751 0.109136634037	10
114 80 0.19265 0.0480002083329	5
115.5 80 0.05237 0.248861983838	5
117 80 0.0241083333333 0.184905314631	12
118.5 80 0.146342307692 0.186610304563	13
120 80 0.169307142857 0.221402746574	7
121.5 80 -0.157407142857 0.11874302586	7
123 80 -0.0809892857143 0.196046348147	28
124.5 80 -0.00332272727273 0.208668282645	11
126 80 -0.0135574074074 0.183626363797	27
127.5 80 0.0337730769231 0.157404684321	26
129 80 0.1607 0.0284964032818	2
130.5 80 0.08835 NaN	1
132 80 0.0457166666667 0.22974249353	3
133.5 80 -0.00801 0.22103158824	5
135 80 0.15275 0.164726348833	9
136.5 80 0.07535 0.178742925268	4
138 80 0.174896666667 0.0773172487378	15
139.5 80 0.214766666667 0.0819814226924	6
141 80 -0.0302166666667 0.247226816237	6
142.5 80 -0.00205 NaN	1
144 80 -0.00219285714286 0.234593185871	7
145.5 80 -0.027925 0.181659817149	4
147 80 -0.22655 NaN	1
148.5 80 0.355925 0.0700635128532	4
150 80 0.39115 NaN	1
151.5 80 0.4199 0.298328350983	2
153 80 0.25635 0.0995976907363	4
157.5 80 0.29825 0.146936789131	2
160.5 80 0.266583333333 0.0445567428492	3
162 80 0.04125 NaN	1
163.5 80 0.140425 0.176932818162	8
165 80 0.140734615385 0.150559151422	13
166.5 80 0.0679214285714 0.140703325171	7
168 80 0.203627777778 0.159049206428	18
169.5 80 0.19829 0.249424704069	5
171 80 0.210533333333 0.223832010195	12
172.5 80 0.122814285714 0.19702684162	14
174 80 0.138635714286 0.205464834206	7
175.5 80 0.147165384615 0.235691913474	13
177 80 0.10675 0.190901614451	26
178.5 80 0.058469047619 0.174221490118	21
-180 79.5 0.25515 0.077555151592	14
-178.5 79.5 0.0946629032258 0.156513764553	31
-177 79.5 0.18505 0.0459448582542	3
-175.5 79.5 0.34775 0.124179789016	5
-174 79.5 0.0045 0.0540936687608	2
-172.5 79.5 0.193716666667 0.0667660342789	3
-171 79.5 0.12285 0.165985357256	18
-169.5 79.5 0.20356 0.203127417319	10
-168 79.5 0.21065 NaN	1
-166.5 79.5 0.3414 0.029769195488	2
-165 79.5 0.1358 0.127356025153	8
-163.5 79.5 0.055174 0.183762809712	25
-162 79.5 0.142820833333 0.119809039474	48
-160.5 79.5 0.11795 0.105111788112	6
-159 79.5 0.08505 0.144730710413	42
-157.5 79.5 0.120874 0.14884508244	25
-156 79.5 0.24445 NaN	1
-154.5 79.5 0.173125 0.093444649392	4
-153 79.5 0.066875 0.211867370069	4
-151.5 79.5 0.166372222222 0.112470641531	36
-150 79.5 0.1435625 0.129108386775	8
-145.5 79.5 0.2982 0.0191625937702	2
-144 79.5 0.243484615385 0.0599956394569	26
-142.5 79.5 -0.146716666667 0.25277468887	3
-138 79.5 0.0445166666667 0.378213832816	3
-135 79.5 0.18925 NaN	1
-129 79.5 0.30995 NaN	1
-127.5 79.5 0.127813636364 0.197261720933	11
-120 79.5 0.07085 0.286943931806	2
-118.5 79.5 0.28718125 0.120806869113	16
-117 79.5 0.281013636364 0.0840863279342	11
-115.5 79.5 0.21205 NaN	1
-112.5 79.5 0.201716666667 0.105899219572	18
-111 79.5 0.23165 0.226487851035	7
-109.5 79.5 0.245234615385 0.179161211604	13
-108 79.5 0.27215 0.0697772742374	6
-105 79.5 0.404428666667 0.427166058695	75
-103.5 79.5 0.202637179487 0.125874168625	78
-102 79.5 0.114976666667 0.0989488213073	15
-100.5 79.5 0.0153551282051 0.0867609721522	39
-99 79.5 0.318465441176 0.120496037666	136
-97.5 79.5 0.190904597701 0.156994323584	174
-96 79.5 0.151851369863 0.0889989146206	73
-73.5 79.5 -0.2872 0.0142128463018	2
-70.5 79.5 -0.02665 NaN	1
-13.5 79.5 0.00650925925926 0.141605324614	189
-12 79.5 -0.0714481012658 0.123372807951	158
-10.5 79.5 -0.0471107758621 0.141977157986	232
-9 79.5 0.0129951807229 0.171995387027	166
-7.5 79.5 0.0576268361582 0.173923628012	177
-6 79.5 0.0556180297398 0.166972394325	269
-4.5 79.5 0.0164710526316 0.160331407601	57
-3 79.5 -0.105181818182 0.163668300084	44
-1.5 79.5 -0.0916706896552 0.137335393366	29
0 79.5 0.0837725806452 0.113173176179	31
1.5 79.5 0.105201428571 0.176896703456	70
3 79.5 0.001221875 0.165005877186	32
4.5 79.5 -0.03175 NaN	1
6 79.5 0.028934 0.0507628446799	25
78 79.5 -0.0247496240602 0.0779688551745	266
79.5 79.5 -0.0665342465753 0.108391893505	146
81 79.5 -0.0266366666667 0.152727900648	45
85.5 79.5 -0.02585 NaN	1
87 79.5 1.90805 NaN	1
88.5 79.5 0.34135 NaN	1
90 79.5 2.28865 NaN	1
91.5 79.5 -0.0986611111111 0.185007117731	9
93 79.5 0.0751833333333 0.167662528113	3
100.5 79.5 -0.0746416666667 0.0693098147421	144
102 79.5 -0.118468421053 0.117711148649	38
103.5 79.5 -0.0539971428571 0.0989917281297	70
105 79.5 -0.047311025641 0.0871287683932	390
106.5 79.5 -0.0197057951482 0.077070416995	371
108 79.5 -0.038726344086 0.0651390175565	93
111 79.5 0.250408333333 0.0706055555158	12
112.5 79.5 0.288228947368 0.0983785521959	19
114 79.5 0.1151 0.182119572443	16
115.5 79.5 0.14135 0.245100771113	11
118.5 79.5 0.0255 0.0444770165366	2
120 79.5 0.0488833333333 0.30343741804	6
121.5 79.5 0.06214375 0.217661714498	16
123 79.5 0.0951071428571 0.153432241909	7
124.5 79.5 0.04035 0.168997603533	3
126 79.5 0.264161764706 0.10321217759	17
127.5 79.5 0.0927 0.153183125703	4
129 79.5 0.0778055555556 0.274979995232	9
130.5 79.5 0.238180769231 0.152355408965	13
132 79.5 0.08151 0.166228466275	5
133.5 79.5 0.175904545455 0.14248798801	11
138 79.5 -0.01925 0.132561212276	17
139.5 79.5 0.175723684211 0.139347143822	19
142.5 79.5 0.02375 NaN	1
144 79.5 -0.18405 NaN	1
145.5 79.5 0.3188 0.101611244457	2
147 79.5 -0.07199 0.126777237705	5
148.5 79.5 0.24945 NaN	1
154.5 79.5 0.15725 NaN	1
156 79.5 -0.11655 NaN	1
157.5 79.5 0.13185 NaN	1
159 79.5 0.219233333333 0.094148253657	6
162 79.5 0.215422727273 0.13340560776	11
163.5 79.5 -0.113716666667 0.24620474948	6
165 79.5 0.15946 0.248811230285	20
166.5 79.5 0.13375 0.102881254366	9
168 79.5 -0.30645 NaN	1
169.5 79.5 0.075 0.132762415615	6
171 79.5 0.0495233333333 0.160416402201	15
172.5 79.5 0.22145 0.0804310056301	4
174 79.5 0.178425 0.145204365834	8
177 79.5 0.15775 0.0926309883354	2
178.5 79.5 0.16915 0.136895872838	2
-180 79 0.172583333333 0.129811414496	3
-178.5 79 0.22995 0.0684016374073	6
-177 79 0.10845 0.140744058489	3
-175.5 79 0.15361 0.0673645529934	5
-174 79 0.114122727273 0.221272095353	11
-172.5 79 0.0803576923077 0.225021945084	13
-168 79 0.166031818182 0.156062492728	11
-166.5 79 0.12944375 0.167790665091	16
-165 79 0.218286363636 0.147422883385	11
-163.5 79 -0.00937 0.234427338423	5
-162 79 0.03654 0.160011940179	10
-160.5 79 0.148330769231 0.163107866197	26
-159 79 0.181555263158 0.0984910513345	19
-157.5 79 0.0640766666667 0.154055177808	15
-156 79 -0.07472 0.129776766025	10
-154.5 79 0.27627 0.0280433057966	5
-150 79 -0.06405 NaN	1
-148.5 79 0.156494444444 0.183053264865	9
-147 79 -0.18945 NaN	1
-145.5 79 0.245033333333 0.0500065362394	6
-144 79 0.24035 NaN	1
-142.5 79 0.203620731707 0.0988533642419	41
-141 79 0.18895 NaN	1
-135 79 -0.00275 0.399656752727	2
-132 79 -0.0259 0.128481302142	2
-130.5 79 0.190592857143 0.105985294439	14
-129 79 0.19985 NaN	1
-127.5 79 0.188566666667 0.0879691858929	6
-126 79 0.2676 0.0758941587563	4
-124.5 79 0.23795 NaN	1
-123 79 -0.08105 NaN	1
-118.5 79 0.15155 NaN	1
-114 79 0.45245 NaN	1
-111 79 0.88515 NaN	1
-109.5 79 -0.0675693548387 0.0570046279955	31
-106.5 79 0.071775 0.294470625304	4
-105 79 0.22771875 0.0938252409883	80
-102 79 0.183316666667 0.0929241122133	75
-100.5 79 0.0487105263158 0.1210070928	38
-99 79 0.0669891304348 0.0886358830729	46
-97.5 79 -0.03747 0.0725926442555	5
-96 79 -0.0617082938389 0.126959066013	211
-94.5 79 -0.144805555556 0.0612324329884	18
-75 79 -0.0922364864865 0.0707368996987	37
-73.5 79 -0.208 0.107146146299	4
-72 79 -0.243283333333 0.0444011110972	6
-70.5 79 0.47795 0.83367332531	4
-19.5 79 2.44195 NaN	1
-18 79 0.007125 0.248178005673	4
-15 79 -0.0132166666667 0.0586989210577	3
-13.5 79 -0.0294903846154 0.121409405691	104
-12 79 0.0218022123894 0.142971695472	226
-10.5 79 -0.00141090909091 0.151961902577	220
-9 79 -0.0854362453532 0.130347108629	269
-7.5 79 -0.0217242857143 0.164944056995	70
-6 79 0.0775623076923 0.152502902763	130
-4.5 79 -0.0114990196078 0.177571822509	51
-3 79 -0.029425 0.124294369633	32
-1.5 79 0.0336679104478 0.147973333926	67
0 79 -0.00405408163265 0.134503020349	49
1.5 79 0.131092352941 0.171508692947	85
3 79 0.25255 0.0785851767193	3
4.5 79 0.36725 0.0141184276745	3
75 79 0.131885172414 0.0799392282465	145
76.5 79 0.129533944954 0.0882770386199	218
78 79 0.0541673076923 0.103125318245	52
79.5 79 0.0592337696335 0.071829926313	191
81 79 0.20465 NaN	1
82.5 79 -0.11755 NaN	1
84 79 0.13995 NaN	1
85.5 79 0.4125 0.734330392262	2
87 79 0.142416666667 0.0950385886539	3
90 79 0.292616666667 0.0323521766398	3
94.5 79 2.09715 0.209020764519	2
96 79 0.5404 1.20172797463	2
100.5 79 -0.0192777777778 0.1467805477	18
103.5 79 -0.1177 0.0855489976563	6
105 79 -0.0241676954733 0.0857324228162	243
106.5 79 -0.0516649090909 0.0795615679714	275
108 79 -0.0511834134615 0.0837802018991	416
109.5 79 -0.0354067164179 0.193569005959	67
111 79 0.0129673913043 0.231490166004	23
112.5 79 -0.000477272727273 0.229187220808	11
114 79 -0.0634205882353 0.131547637591	17
115.5 79 -0.03991 0.156480512393	30
117 79 -0.0664413043478 0.13853825597	46
118.5 79 -0.120290384615 0.123621795558	52
120 79 0.141175 0.184954519086	24
121.5 79 0.00201 0.179190661029	5
123 79 0.00749 0.105569304251	5
124.5 79 0.09105 0.159833125478	6
126 79 0.1825 0.0699811641325	4
127.5 79 0.119935714286 0.197097230055	7
129 79 0.12017 0.176901842032	15
130.5 79 0.176261111111 0.0602721835602	9
132 79 0.16861 0.101671643048	5
133.5 79 0.112516666667 0.139034186443	9
135 79 0.109364285714 0.218100492347	7
136.5 79 0.181466666667 0.105792200406	6
138 79 0.16695 0.112538038014	3
139.5 79 0.00255 0.265401497735	5
141 79 0.04835 0.162317728545	5
142.5 79 0.0308166666667 0.172667143661	9
144 79 0.101316666667 0.110150911632	3
148.5 79 -0.05835 NaN	1
154.5 79 0.22055 NaN	1
156 79 0.23185 NaN	1
157.5 79 0.22585 NaN	1
159 79 0.24315 0.091782460198	2
160.5 79 0.231716666667 0.0958879206852	3
162 79 0.193435714286 0.116036595213	7
165 79 0.06545 NaN	1
166.5 79 0.0198071428571 0.184886991224	7
168 79 0.247083333333 0.0869648204736	9
169.5 79 0.277073076923 0.130716730336	13
171 79 0.19405 NaN	1
172.5 79 0.01867 0.224778840196	5
175.5 79 0.23349 0.0883776140585	10
177 79 0.26065 NaN	1
-180 78.5 -0.1906 0.0953887047821	2
-175.5 78.5 0.17455 NaN	1
-174 78.5 0.15725 NaN	1
-172.5 78.5 0.07803 0.207471858333	5
-171 78.5 0.3199 0.0365574205873	2
-168 78.5 0.076 0.331279526986	2
-166.5 78.5 0.0682 0.0300464640183	4
-162 78.5 0.00885 0.050063160108	2
-160.5 78.5 0.27305 0.0855268145087	6
-159 78.5 0.190707142857 0.0802306021653	7
-157.5 78.5 0.106656060606 0.13370698827	33
-156 78.5 0.18232 0.0707535637108	10
-154.5 78.5 0.30671 0.0895262419629	5
-153 78.5 0.09615 0.262902301245	2
-151.5 78.5 0.1559375 0.118675912033	32
-150 78.5 0.21315 0.0547300648638	2
-148.5 78.5 0.29365 0.00296984848099	2
-145.5 78.5 -0.30475 NaN	1
-142.5 78.5 0.104175 0.168993583122	12
-136.5 78.5 0.18815 NaN	1
-133.5 78.5 0.19643 0.154161334322	5
-132 78.5 -0.00415 0.0610940258945	2
-124.5 78.5 0.16025 NaN	1
-114 78.5 -0.16675 NaN	1
-112.5 78.5 0.0807357142857 0.288634361714	7
-109.5 78.5 0.120392105263 0.127258779727	19
-108 78.5 -0.18285 0.0809043880145	4
-106.5 78.5 -0.05215 0.104463199262	4
-105 78.5 0.109724545455 0.0897364974227	55
-99 78.5 0.180745180723 0.152398952827	332
-97.5 78.5 0.1624 0.0358503138062	2
-94.5 78.5 -0.0339744186047 0.0892999439247	86
-93 78.5 0.00405 0.0513960698887	6
-73.5 78.5 -0.0350831753555 0.0538428289328	211
-72 78.5 -0.000846 0.0648684413066	50
-19.5 78.5 0.27265 0.0207889393669	2
-18 78.5 -0.26025 NaN	1
-16.5 78.5 -0.0794537037037 0.048420644687	27
-15 78.5 0.0341722222222 0.13675318806	9
-13.5 78.5 0.107794019139 0.132698773888	209
-12 78.5 0.0913671102662 0.139757039083	263
-10.5 78.5 0.123269512195 0.152966158983	205
-9 78.5 0.0422656521739 0.127032125079	230
-7.5 78.5 0.0047109375 0.150686033961	64
-6 78.5 0.101 0.207357799123	36
-4.5 78.5 0.106738888889 0.194637185133	54
-3 78.5 -4.28992427167e-18 0.176173816139	74
-1.5 78.5 0.03860703125 0.128593518581	128
0 78.5 0.0701807116105 0.137819795551	267
1.5 78.5 0.00625689655172 0.112379381119	87
73.5 78.5 0.142763392857 0.0576751417189	224
75 78.5 0.133638644689 0.0483062981066	273
76.5 78.5 0.0523089928058 0.0947145481173	139
78 78.5 0.1333 0.120031320667	18
79.5 78.5 0.0918233333333 0.131857028978	45
81 78.5 -0.0500375 0.145090360392	8
82.5 78.5 -0.0555794117647 0.156074420409	17
84 78.5 0.16075 NaN	1
85.5 78.5 0.01235 NaN	1
87 78.5 -0.12945 NaN	1
88.5 78.5 0.22625 NaN	1
94.5 78.5 0.0461833333333 0.117505823969	6
96 78.5 0.63645 NaN	1
105 78.5 0.156975555556 0.30381499085	90
106.5 78.5 -0.0284968421053 0.0992224598241	380
108 78.5 -0.0793275036284 0.0811918111966	689
109.5 78.5 -0.101860899654 0.0745625818747	578
111 78.5 -0.0383286885246 0.124694310368	61
112.5 78.5 -0.0837747368421 0.0874886167573	190
114 78.5 -0.0733403225806 0.082010007499	310
115.5 78.5 -0.0424658536585 0.10012473689	164
117 78.5 -0.0398296992481 0.101208805881	133
118.5 78.5 -0.0759111940299 0.0832215210124	268
120 78.5 -0.0528049019608 0.139362959661	51
121.5 78.5 -0.0616357142857 0.140175775708	7
123 78.5 0.11995 0.193791141868	4
124.5 78.5 -0.09455 0.145381154212	2
126 78.5 -0.04711 0.17324168218	10
127.5 78.5 0.00298636363636 0.140390849223	11
129 78.5 0.01775 0.215971212073	19
130.5 78.5 -0.0206895833333 0.093162698543	48
132 78.5 0.0330919047619 0.0349641403687	105
133.5 78.5 0.0615 0.176254281272	10
135 78.5 0.05335 0.244314810576	4
136.5 78.5 -0.0204693548387 0.128537616853	31
138 78.5 -0.14857 0.150662493674	5
139.5 78.5 -0.0162961538462 0.0775287932617	26
141 78.5 -0.101275 0.186306259959	4
142.5 78.5 -0.12695 NaN	1
144 78.5 0.00929 0.2180362424	5
145.5 78.5 0.22573 0.0795385252566	5
147 78.5 0.17855 NaN	1
157.5 78.5 0.13085 NaN	1
160.5 78.5 0.26615 0.12289515857	2
162 78.5 0.21295 0.0882469262921	2
163.5 78.5 0.34945 0.0673432500948	7
166.5 78.5 0.171577272727 0.165141564065	11
168 78.5 0.3525 0.14128965638	6
169.5 78.5 0.293433333333 0.149130592658	6
-177 78 0.0488 0.100904137675	2
-172.5 78 0.328283333333 0.0475527426479	3
-171 78 0.311075 0.0573679570841	4
-169.5 78 0.26765 NaN	1
-162 78 0.144244117647 0.0841733055351	51
-160.5 78 0.14235 0.155398360758	20
-159 78 0.0773 0.0798858623287	6
-157.5 78 0.14555 0.178615172928	2
-156 78 0.109216666667 0.0676950022774	3
-153 78 0.16385 0.209445028587	2
-150 78 0.30005 NaN	1
-145.5 78 0.0880666666667 0.0570717939675	6
-139.5 78 0.28625 0.0257386868352	2
-136.5 78 0.1336 0.0679290356835	10
-135 78 0.25125 0.0684743121803	8
-129 78 0.24555 NaN	1
-114 78 -0.10125 NaN	1
-112.5 78 -0.11515 0.131684983958	5
-111 78 -0.08235 0.0345068109219	2
-106.5 78 0.0427166666667 0.0582526680362	3
-105 78 0.047954 0.0860616614217	25
-103.5 78 0.0951749070632 0.0924932079621	269
-102 78 0.06425 0.119603940152	9
-97.5 78 0.0842678217822 0.0969510158751	101
-96 78 -0.0359527027027 0.0886110899959	37
-94.5 78 -0.132469433198 0.132291939832	247
-93 78 0.157328571429 0.0601811263357	14
-78 78 0.257816666667 0.137711548777	6
-76.5 78 -0.119755882353 0.115808983116	34
-75 78 -0.114427297297 0.0534197104077	185
-73.5 78 -0.103674347826 0.0793485930974	115
-72 78 -0.0491657894737 0.075484043416	114
-21 78 0.2064 0.051830927061	2
-19.5 78 0.19455 NaN	1
-16.5 78 -0.117570879121 0.145872176329	182
-15 78 -0.050668469218 0.0879807314605	601
-13.5 78 -0.00113787878788 0.112065364948	429
-12 78 0.0769365771812 0.166552342092	149
-10.5 78 0.0163149350649 0.174096599597	77
-9 78 0.0900566666667 0.143821735764	30
-7.5 78 0.0185625 0.131228907983	32
-6 78 0.0701519607843 0.167869238981	51
-4.5 78 0.0210269230769 0.14801466497	26
-3 78 0.00872346938776 0.16462411576	49
0 78 -0.0937868421053 0.0957181601032	38
72 78 0.08675 NaN	1
73.5 78 -0.0661214285714 0.130077819199	7
78 78 0.0916092857143 0.0803619866974	140
79.5 78 0.0539046428571 0.0904273941341	560
81 78 0.0303042944785 0.0902039120589	326
82.5 78 -0.0498676470588 0.117801874111	17
84 78 0.0831921455939 0.0492692873752	261
85.5 78 0.0124587719298 0.0537587255212	171
87 78 0.000760622710623 0.172550664546	273
88.5 78 0.63945 1.21565797822	2
91.5 78 0.08351 0.371742986484	5
108 78 -0.0401324242424 0.0659793786627	165
109.5 78 -0.066225831202 0.0828521881868	782
111 78 -0.077462160414 0.0603133712661	773
112.5 78 -0.0415421135647 0.0585974143433	634
114 78 -0.0580928333333 0.082637741231	600
115.5 78 0.000807885615251 0.058807736503	577
117 78 0.0149705298013 0.0942960886495	302
118.5 78 -0.0420379518072 0.0752159070254	747
120 78 -0.0501570652174 0.104657212535	184
121.5 78 -0.0210019607843 0.066511932571	102
123 78 -0.00275 0.183840993796	21
124.5 78 0.07845 0.144815468787	2
126 78 0.1533 0.0869034234078	2
127.5 78 -0.07115 0.108960015602	5
129 78 -0.0312646245059 0.0724675383235	253
130.5 78 0.00461475409836 0.127627239976	122
132 78 0.0405097285068 0.0633693068658	221
133.5 78 0.0140575949367 0.0587408449433	79
135 78 -0.00196238938053 0.0659907733442	113
136.5 78 -0.13645 0.0820243866176	2
138 78 0.01785 0.112285932136	37
139.5 78 0.06707 0.26965897352	5
141 78 -0.0217 0.165807368152	4
142.5 78 0.00370610687023 0.0582717522317	262
144 78 -0.0210282608696 0.106077573549	92
145.5 78 -0.006428 0.30118261549	50
147 78 0.0345318181818 0.158089460864	11
148.5 78 -0.0317866666667 0.0724636578751	30
150 78 0.20335 NaN	1
157.5 78 0.11575 0.0622205218022	4
162 78 0.3322 0.0286378246381	2
163.5 78 0.272416666667 0.109817591183	3
165 78 0.252578571429 0.10563835658	7
166.5 78 0.3695 0.0191625937702	2
174 78 0.38945 NaN	1
-177 77.5 0.03855 0.167879480581	6
-175.5 77.5 -0.03101 0.110522839269	5
-172.5 77.5 0.3462 0.020859650045	2
-162 77.5 0.223816666667 0.021704914958	3
-156 77.5 0.276716666667 0.0551656898202	3
-154.5 77.5 0.30195 0.0393061318372	6
-153 77.5 0.28375 NaN	1
-151.5 77.5 0.33385 0.00410121933089	2
-133.5 77.5 0.29815 NaN	1
-129 77.5 0.21755 NaN	1
-117 77.5 2.03505 0.0946108873228	2
-111 77.5 0.09115 NaN	1
-106.5 77.5 -0.13165 0.120915259583	2
-102 77.5 -0.0834272151899 0.0832437584468	79
-100.5 77.5 0.103580769231 0.111775896397	26
-97.5 77.5 -0.0108240458015 0.0935817598827	131
-94.5 77.5 -0.0998852941176 0.0881392502037	17
-93 77.5 0.180814705882 0.117847731448	34
-91.5 77.5 0.294985087719 0.0526230750962	57
-78 77.5 1.02175 0.0202232539419	2
-76.5 77.5 0.130390540541 0.0450667311357	37
-75 77.5 0.0993338235294 0.0352988250208	68
-73.5 77.5 -0.00612866666667 0.0471870581585	75
-72 77.5 -0.0684563492063 0.0444740099313	126
-70.5 77.5 -0.107192528736 0.0436763829328	87
-19.5 77.5 0.37235 NaN	1
-16.5 77.5 -0.180550699301 0.109787727743	429
-15 77.5 -0.0177986419753 0.152115150915	405
-13.5 77.5 0.0700621621622 0.145491508008	296
-12 77.5 0.00333495297806 0.111651422518	319
-10.5 77.5 0.0667660583942 0.127575527361	137
-9 77.5 0.0672071428571 0.108441210988	210
-7.5 77.5 0.0800947761194 0.147679653595	67
-6 77.5 0.125469444444 0.166949151916	36
-4.5 77.5 0.147722727273 0.17635701317	55
-3 77.5 0.11595 NaN	1
-1.5 77.5 0.022182173913 0.050691907053	230
0 77.5 0.0337847222222 0.0371212901963	72
75 77.5 0.03618 0.141488853507	10
76.5 77.5 0.0998348484848 0.130654090352	33
78 77.5 0.112252857143 0.122053466734	105
79.5 77.5 0.00786111111111 0.136639855674	36
81 77.5 0.0625829113924 0.0939626831568	79
82.5 77.5 0.0183284313725 0.113397790655	51
85.5 77.5 0.0261443396226 0.22221454858	159
87 77.5 1.1796 0.866156450456	4
93 77.5 1.41105 NaN	1
94.5 77.5 0.20505 0.590372094898	24
96 77.5 0.0836166666667 0.148824471554	3
106.5 77.5 -0.00835396039604 0.0525310782695	101
108 77.5 -0.0725508902077 0.0909003842148	337
109.5 77.5 -0.0155300675676 0.0820760281113	592
111 77.5 -0.0955189054726 0.0773390392094	402
112.5 77.5 -0.0329787128713 0.0655141029011	202
114 77.5 -0.00372096774194 0.0782005282081	186
115.5 77.5 -0.0552529850746 0.0680442590821	134
117 77.5 -0.0427385057471 0.0919139518746	174
118.5 77.5 0.0128053133515 0.110018028666	367
120 77.5 -0.028233081571 0.104707003402	331
121.5 77.5 -0.0240152705061 0.0632715025901	573
123 77.5 -0.0496257575758 0.0944264595807	33
124.5 77.5 -0.0511115384615 0.0916881575873	78
126 77.5 -0.0131286476868 0.0843153022014	281
127.5 77.5 0.00597654028436 0.0907895056704	211
129 77.5 -0.0215865079365 0.0802180893347	126
130.5 77.5 -0.0117475609756 0.0970453823935	41
132 77.5 0.285023732719 0.133520634074	217
133.5 77.5 -0.00705 NaN	1
135 77.5 -0.01595 NaN	1
139.5 77.5 -0.00134583333333 0.136486790185	24
141 77.5 -0.0141172897196 0.0593641270493	107
142.5 77.5 -0.0228833333333 0.0691123090655	30
144 77.5 -0.0573974747475 0.0946509121569	99
145.5 77.5 -0.0099332460733 0.0541551157319	191
147 77.5 -0.014312345679 0.0438813405858	162
148.5 77.5 0.0033775862069 0.161350847098	232
150 77.5 -0.0711214285714 0.0759662801135	7
163.5 77.5 0.3338 0.060174787079	2
166.5 77.5 0.269316666667 0.0283507201555	3
168 77.5 0.3613 0.0167584307141	2
169.5 77.5 -0.16815 0.180595071915	2
-175.5 77 0.09405 NaN	1
-160.5 77 0.29625 NaN	1
-111 77 0.41645 NaN	1
-100.5 77 0.1008 0.0276478751444	2
-99 77 0.2777 0.0549421968982	2
-97.5 77 -0.036408974359 0.0670109210186	39
-96 77 0.140183333333 0.0436258333254	3
-94.5 77 -0.0425611111111 0.078216565452	9
-93 77 0.167666129032 0.162159872736	62
-91.5 77 0.167597567568 0.118919771124	185
-90 77 0.38745 0.0291327993849	2
-78 77 -0.0489194444444 0.172770377453	36
-72 77 0.160275 0.0556632590592	12
-16.5 77 -0.121362844037 0.148556316856	109
-15 77 0.00392450980392 0.159643625199	102
-13.5 77 0.086044972067 0.144314615063	179
-12 77 0.112309055118 0.0947374578995	127
-10.5 77 0.0269877840909 0.0927595253166	352
-9 77 0.0953686379928 0.131873802536	279
-7.5 77 0.165356493506 0.130557682692	77
-6 77 0.3121125 0.0985006879961	8
-4.5 77 0.0386625 0.129149468317	16
-3 77 -0.00129310344828 0.0857293642749	58
-1.5 77 0.0194987804878 0.155853014283	41
76.5 77 0.0468071428571 0.130282383922	14
78 77 0.0583833333333 0.0437066367687	240
81 77 0.047954 0.0667794296568	175
82.5 77 0.0298725806452 0.0600405120591	62
85.5 77 2.27585 NaN	1
88.5 77 0.602816666667 0.9528913964	3
90 77 -0.12195 0.118228253814	2
93 77 0.9595 0.787090356948	4
94.5 77 0.08302 0.138148916981	20
96 77 -0.00775 NaN	1
108 77 0.093566875 0.102872900284	160
109.5 77 0.166734913793 0.0879286373025	464
111 77 -0.0128036585366 0.0685839690962	287
112.5 77 -0.16965 NaN	1
114 77 0.0754733532934 0.0572755282654	167
115.5 77 0.0540521390374 0.180450246791	561
117 77 -0.1741 0.0307629484933	6
118.5 77 -0.0509674418605 0.0399695183619	86
121.5 77 -0.032697008547 0.039610993776	234
123 77 -0.0284130218688 0.0592500265135	503
124.5 77 -0.049933 0.121620205371	100
126 77 -0.0691357142857 0.0975932481442	49
127.5 77 0.0533118257261 0.0958747796346	241
129 77 0.569663333333 0.0588937016135	105
130.5 77 0.07295 0.0408242574948	4
132 77 0.0202245098039 0.0727844374661	51
138 77 -0.00658565217391 0.0420463574393	115
141 77 -0.0317081818182 0.0988178868675	165
142.5 77 -0.0500776923077 0.0513004736445	65
145.5 77 -0.00334154929577 0.0666222286939	71
147 77 0.0018375 0.191006667329	8
148.5 77 -0.0186327493261 0.144544116987	371
150 77 -0.0330777777778 0.126820613492	18
156 77 -0.20395 NaN	1
169.5 77 0.36665 NaN	1
-172.5 76.5 -0.01915 NaN	1
-97.5 76.5 -0.00839360902256 0.0537036655165	133
-96 76.5 -0.116444444444 0.129245586896	18
-93 76.5 0.109815 0.11604200816	20
-91.5 76.5 -0.11905 0.0795369662484	21
-90 76.5 -0.0176875 0.217922030208	8
-84 76.5 -0.08645 NaN	1
-63 76.5 -0.18955 0.164473037304	2
-16.5 76.5 0.00433888888889 0.210017739991	9
-15 76.5 0.044743877551 0.0953018568553	49
-13.5 76.5 0.105210096154 0.102949438807	208
-12 76.5 0.0476936525612 0.0770345676178	449
-10.5 76.5 0.03290625 0.121141575151	64
-9 76.5 0.192190217391 0.128385221695	184
-7.5 76.5 0.0434135294118 0.115393733682	85
-6 76.5 0.0986484848485 0.155425634449	66
-3 76.5 0.09215 NaN	1
73.5 76.5 0.2237 0.0330164100613	4
78 76.5 0.0325663157895 0.0455043886904	380
79.5 76.5 0.0357054913295 0.0671519384161	173
81 76.5 0.0156 0.0289206673505	2
91.5 76.5 1.9565 0.835729504684	2
93 76.5 0.04775 NaN	1
97.5 76.5 0.09825 NaN	1
109.5 76.5 0.351413157895 0.155034928719	19
112.5 76.5 0.3271 0.481893271379	2
118.5 76.5 -0.0386214285714 0.0421216806815	70
120 76.5 0.0392857142857 0.0503674132618	14
121.5 76.5 -0.0373065517241 0.0707349010329	145
123 76.5 -0.0354833333333 0.11293127799	63
124.5 76.5 0.00788097345133 0.0878419096198	113
126 76.5 -0.0528463636364 0.120847568454	55
127.5 76.5 -0.11555 NaN	1
129 76.5 0.310749328859 0.303767866803	298
130.5 76.5 0.035317191601 0.0496188451014	381
132 76.5 0.020127 0.065660868618	100
135 76.5 -0.0984615384615 0.100691828177	26
136.5 76.5 -0.114400672646 0.0487494854396	223
138 76.5 0.0194930379747 0.0955219249172	237
141 76.5 -0.05675 0.0477927757278	35
142.5 76.5 -0.0598307017544 0.0493378492734	57
145.5 76.5 -0.0182586092715 0.0860744961408	453
147 76.5 -0.102856451613 0.0965256509448	31
150 76.5 -0.157625 0.174725277221	4
153 76.5 -0.18465 0.0567147687997	5
154.5 76.5 0.0295666666667 0.191069216952	6
162 76.5 0.05905 NaN	1
-180 76 0.09245 0.342946788875	2
-175.5 76 -0.25155 NaN	1
-96 76 -9.70967741935e-05 0.0710383945685	310
-94.5 76 -0.0304020930233 0.100991375049	215
-90 76 -0.217352702703 0.0639926622811	37
-88.5 76 0.00387307692308 0.147043407162	13
-87 76 -0.0661 0.0246717787495	4
-81 76 -0.09645 0.0608702308193	9
-79.5 76 0.126128787879 0.0802447574517	33
-70.5 76 0.0940763157895 0.0563174814196	19
-66 76 -0.23875 NaN	1
-64.5 76 -0.22245 NaN	1
-15 76 0.0385115560641 0.105643594766	437
-13.5 76 -0.00522745098039 0.100212244965	102
-12 76 0.277925 0.0886727729727	16
-10.5 76 0.191709090909 0.225807232705	22
-6 76 0.095 0.0389149928262	4
67.5 76 0.0360269230769 0.0536550891318	13
69 76 0.0436361660079 0.0474444278755	253
72 76 0.0401746153846 0.10551839003	65
73.5 76 0.149757142857 0.0906391277734	14
75 76 0.17605 0.114481483219	3
78 76 0.00323073394495 0.0570194029306	109
79.5 76 -0.0296333333333 0.166002950868	12
82.5 76 -0.0232370967742 0.122755020921	31
84 76 -0.021485862069 0.134200493498	145
88.5 76 0.08667 0.0659567054969	5
90 76 1.81505 NaN	1
91.5 76 2.62865 NaN	1
114 76 -0.01595 0.0999848988598	2
115.5 76 -0.0241942307692 0.10797609106	52
120 76 0.0833166666667 0.0419874945307	12
121.5 76 -0.00836 0.0437707779232	10
123 76 -0.0220805882353 0.0529251263546	170
124.5 76 -0.02254625 0.080912924667	80
129 76 -0.0655207920792 0.0405811267601	202
130.5 76 0.0094685 0.0546159824175	200
132 76 -0.036075 0.0745529720105	60
136.5 76 -0.122316412214 0.0423430888207	131
138 76 -0.0867023364486 0.0812018093322	107
139.5 76 -0.09385 0.169988470197	2
144 76 -0.0259754385965 0.0432027445281	114
145.5 76 -0.13684078341 0.115144215563	217
147 76 -0.087947826087 0.0876723047694	460
148.5 76 0.0193620547945 0.0947484008818	365
151.5 76 -0.124498101266 0.0523401268791	158
153 76 -0.0784381818182 0.0424450183628	110
154.5 76 0.0254833333333 0.104033760546	3
178.5 76 0.07045 0.0373352380466	2
-180 75.5 -0.13155 NaN	1
-141 75.5 0.18195 NaN	1
-121.5 75.5 0.07805 0.445738869743	5
-120 75.5 0.1922 0.205838784003	2
-103.5 75.5 1.53685 NaN	1
-96 75.5 0.0992846153846 0.0510751990094	26
-94.5 75.5 0.09725 NaN	1
-93 75.5 1.18055 NaN	1
-88.5 75.5 1.0867 0.321238610693	2
-87 75.5 1.45811666667 0.7677514854	3
-79.5 75.5 0.282399230769 0.107506413904	130
-70.5 75.5 0.14308030303 0.0416708717575	33
-69 75.5 -0.05165 0.265502090387	3
-60 75.5 -0.0496981481481 0.0909036764533	54
-16.5 75.5 -0.0303563492063 0.112788073999	63
-15 75.5 0.0285425925926 0.113307621457	378
-13.5 75.5 0.172257142857 0.0710965049913	14
-12 75.5 0.0659906542056 0.0979160217054	214
67.5 75.5 -0.03185625 0.0668801621463	32
70.5 75.5 -0.0499571428571 0.0331500890888	14
72 75.5 0.00655625 0.116930948115	64
73.5 75.5 0.174828571429 0.0662127710035	14
76.5 75.5 -0.11945 NaN	1
78 75.5 -0.1228 0.12733688913	4
79.5 75.5 -0.011175 0.046015660614	116
81 75.5 -0.004938 0.0668450741314	175
82.5 75.5 -0.0624580808081 0.0877394259886	99
84 75.5 -0.0201071428571 0.193893870087	7
85.5 75.5 -0.00825714285714 0.186916243728	28
87 75.5 0.00361666666667 0.159537316306	18
88.5 75.5 -0.0634545454545 0.127107095742	22
114 75.5 -0.100467834395 0.085018698172	157
115.5 75.5 -0.053775 0.066580819198	68
120 75.5 0.0349627753304 0.0771950360913	227
121.5 75.5 -0.0187229166667 0.0490171986639	144
130.5 75.5 -0.17895 NaN	1
132 75.5 -0.0529905405405 0.118024009938	37
133.5 75.5 -0.0314590909091 0.0944279566284	66
142.5 75.5 0.0973 0.144461915396	2
144 75.5 0.29725 NaN	1
145.5 75.5 -0.11235 NaN	1
147 75.5 0.02482 0.142771811531	150
148.5 75.5 0.0077537037037 0.124594560533	54
150 75.5 -0.181098910412 0.104544267021	413
151.5 75.5 -0.0941954545455 0.134114556023	99
153 75.5 -0.102136666667 0.0749958883164	30
156 75.5 -0.02695 NaN	1
-169.5 75 -0.2235 0.0848888881617	4
-168 75 -0.078225 0.118428830346	8
-166.5 75 -0.20485 NaN	1
-121.5 75 2.28285 NaN	1
-105 75 1.6996 0.107975205487	2
-97.5 75 0.13555 0.0652905374899	8
-93 75 0.12997 0.158795505289	25
-79.5 75 0.533908163265 0.175710023491	98
-78 75 0.556487931034 0.0390914259305	29
-64.5 75 -0.0633 0.0443933761874	74
-58.5 75 -0.04905 0.144391204718	2
-18 75 0.087675 0.0402792256445	28
-16.5 75 0.0252945783133 0.131835729517	249
-15 75 0.034820292887 0.146123397535	239
-12 75 0.0802 0.0311834090503	2
64.5 75 0.15965 0.273794679763	4
66 75 -0.0281861111111 0.149474842896	36
70.5 75 -0.00117222222222 0.161039830304	9
72 75 0.068884137931 0.0864926728908	290
73.5 75 -0.0429437984496 0.0750265825307	129
76.5 75 -0.00224428571429 0.0893681052039	70
78 75 -0.0120642857143 0.0812559529153	112
79.5 75 -0.0471425213675 0.0897164186109	468
81 75 -0.120508518519 0.0743827910957	270
82.5 75 0.05545 NaN	1
84 75 0.0130642011834 0.0991858748679	169
85.5 75 -0.0112170454545 0.102844040749	88
114 75 -0.0426523460411 0.0554898729002	341
115.5 75 -0.0138978599222 0.0654823330576	257
117 75 -0.0224722222222 0.138962901997	45
118.5 75 -0.0265928571429 0.0837625785863	21
132 75 -0.0313123430962 0.0426538008536	239
133.5 75 -0.0126280952381 0.0540386903991	315
135 75 0.00578287671233 0.0776747868695	73
136.5 75 0.0672879310345 0.0460110582726	58
138 75 -0.16955 0.0875178267555	3
141 75 -0.0147192307692 0.100964848542	13
142.5 75 0.05645 0.026937037699	6
150 75 0.0103686813187 0.153869533416	91
151.5 75 0.0415927184466 0.102473469165	103
156 75 0.06125 0.129400540957	2
157.5 75 -0.1979625 0.0657361269992	8
166.5 75 0.62845 NaN	1
174 75 0.38955 NaN	1
-180 74.5 0.0119833333333 0.121008856425	3
-178.5 74.5 -0.0568611111111 0.117207417048	9
-177 74.5 -0.00675 0.166311514935	2
-175.5 74.5 -0.0113075757576 0.0948336472142	33
-174 74.5 -0.033318 0.143292805472	25
-172.5 74.5 -0.13603 0.226192743031	5
-171 74.5 -0.21515 NaN	1
-169.5 74.5 -0.141095454545 0.0696444881327	11
-168 74.5 0.000441071428571 0.0725204153746	56
-124.5 74.5 0.01485 NaN	1
-106.5 74.5 0.42345 NaN	1
-99 74.5 -0.22205 NaN	1
-93 74.5 0.0846732876712 0.137855018972	73
-91.5 74.5 -0.105792857143 0.0830843196748	14
-90 74.5 0.0614448717949 0.163327720193	39
-88.5 74.5 0.224580909091 0.162683228748	55
-87 74.5 -0.23398 0.0493047889208	20
-85.5 74.5 0.138254878049 0.0559366765127	123
-81 74.5 0.44885 NaN	1
-78 74.5 0.190241428571 0.229231386001	245
-64.5 74.5 -0.00585545454545 0.0456656453216	110
-58.5 74.5 0.0745841463415 0.309685822961	82
-57 74.5 0.0568292857143 0.0691033513294	140
-18 74.5 0.0562038461538 0.113404908167	117
-16.5 74.5 0.00216176470588 0.14427111556	68
-15 74.5 0.32085 0.0164048773235	2
63 74.5 -0.0313852941176 0.0482846758969	17
64.5 74.5 -0.0382314345992 0.087103726368	474
66 74.5 -0.00194090909091 0.129415018097	11
69 74.5 0.0732205882353 0.182172561616	17
72 74.5 0.100681422018 0.0853014988147	436
73.5 74.5 -0.0110326086957 0.111014683656	207
75 74.5 -0.020125 0.100371137879	48
76.5 74.5 0.190867391304 0.124193670795	23
78 74.5 -0.0292713114754 0.0663933127878	366
79.5 74.5 -0.00496658163265 0.0745535839881	392
81 74.5 0.00810428571429 0.15589445212	35
82.5 74.5 0.0375768456376 0.0515201717625	298
84 74.5 -0.00320140186916 0.0760899587222	321
109.5 74.5 0.63465 NaN	1
114 74.5 -0.0496552083333 0.100015204109	288
115.5 74.5 0.0329893393393 0.125860950415	333
117 74.5 0.0189702247191 0.0949675083096	267
118.5 74.5 -0.00639003944773 0.0544613932447	507
121.5 74.5 -0.0864987804878 0.0613385487355	41
123 74.5 -0.0397538461538 0.0645908934319	52
130.5 74.5 -0.030026993865 0.0591533183269	326
132 74.5 -0.0595491071429 0.0717930223553	336
133.5 74.5 -0.00977631578947 0.0991457067137	114
135 74.5 -0.05695 0.0437527250852	22
136.5 74.5 -0.0524735294118 0.101792647406	34
138 74.5 0.1688 0.0301934595567	2
139.5 74.5 -0.0821821276596 0.0917322467021	470
141 74.5 0.043028021978 0.129260819708	91
142.5 74.5 0.103733760684 0.0760286424671	117
147 74.5 0.0346833333333 0.125977437133	6
148.5 74.5 -0.0276038461538 0.160891498716	13
156 74.5 -0.19195 NaN	1
157.5 74.5 0.033895 0.186747807639	20
-178.5 74 -0.0614722222222 0.137884170391	9
-177 74 0.0116310810811 0.117192373715	111
-175.5 74 0.0226313953488 0.0905054324177	215
-174 74 0.00939 0.142460623799	10
-172.5 74 -0.146523684211 0.12625165276	19
-171 74 0.019197826087 0.173635940646	46
-169.5 74 -0.0529676470588 0.186291949086	17
-168 74 -0.0124 0.144706386636	10
-166.5 74 0.12725 NaN	1
-159 74 -0.04665 0.226813104658	10
-154.5 74 -0.06075 NaN	1
-141 74 -0.10795 NaN	1
-124.5 74 -0.0379887387387 0.0793279753144	111
-111 74 0.10645 0.105358910397	2
-109.5 74 0.08545 NaN	1
-102 74 0.21755 NaN	1
-90 74 0.00266545454545 0.0489525255627	110
-88.5 74 0.0206884615385 0.0447702424094	78
-87 74 0.575742857143 0.219018015374	28
-85.5 74 -0.06825 0.081637220882	25
-84 74 -0.0335632596685 0.167224778005	181
-76.5 74 0.110625925926 0.0964564774964	54
-66 74 -0.132842857143 0.0881088353579	14
-57 74 0.001314 0.0689037667088	25
-19.5 74 0.0386097402597 0.120200231922	154
-18 74 -0.0485819327731 0.112077677311	119
-16.5 74 0.0266220496894 0.0780124751331	161
-15 74 0.010794 0.0758560686542	150
-13.5 74 0.11555 0.0325846589671	3
58.5 74 -0.11395 0.122051191446	4
60 74 -0.00805238095238 0.0596161374938	84
63 74 0.160626333333 0.0487327680536	300
64.5 74 0.100469480519 0.0477882033422	77
67.5 74 -0.0351004587156 0.0942909500624	109
69 74 0.0798796969697 0.0925328179517	330
70.5 74 0.0524079937304 0.0998878232	319
72 74 0.100238135593 0.10425424849	295
73.5 74 -0.00385 0.0864934458974	132
75 74 0.00463108108108 0.0785941424922	296
76.5 74 -0.0257795918367 0.0764289382826	196
78 74 -0.00835935828877 0.0950312599488	748
79.5 74 0.0311427083333 0.0606034122466	384
81 74 0.0185137873754 0.0856245968415	301
82.5 74 -0.0148087002096 0.0772755007595	477
84 74 -0.0912675 0.138277664868	80
85.5 74 0.0787 0.0607011532016	4
109.5 74 -0.110742857143 0.144661506571	14
111 74 0.473072727273 0.262255890908	22
114 74 0.0285941441441 0.147893658281	333
115.5 74 0.103061715481 0.0966825201063	239
117 74 0.0744777202073 0.0756454843829	386
118.5 74 -0.00845763636364 0.0747212985682	275
120 74 -0.057588 0.116998934044	50
121.5 74 -0.00397352941176 0.148757464222	17
127.5 74 -0.0623552631579 0.0946961604497	114
129 74 -0.0716546511628 0.0584461053425	172
130.5 74 -0.00809117647059 0.074415340832	119
132 74 -0.0176423913043 0.0561961975527	184
133.5 74 -0.0466191176471 0.0863052648621	136
135 74 0.56855 0.728412196493	6
136.5 74 -0.0950712121212 0.0933763177871	33
138 74 -0.000289285714286 0.116312726638	224
139.5 74 -0.0516918837675 0.07723848239	499
141 74 0.0866101449275 0.0476711232427	138
142.5 74 -0.0962669014085 0.0617767107896	71
144 74 -0.2144 0.112076424818	2
147 74 0.0868333333333 0.0306876793953	6
156 74 0.0445 0.0668215908221	2
157.5 74 0.03183 0.169987156679	40
159 74 0.08025 NaN	1
-178.5 73.5 -0.01433 0.0979986371787	10
-177 73.5 -0.07765 NaN	1
-175.5 73.5 0.0334552631579 0.189005974255	19
-174 73.5 -0.0696452380952 0.165525422447	21
-172.5 73.5 -0.0103034883721 0.164791340933	86
-171 73.5 -0.214107142857 0.0614453376898	7
-169.5 73.5 -0.089785 0.116039291644	40
-168 73.5 -0.0628863636364 0.130042149111	11
-166.5 73.5 -0.0684 0.323077088324	2
-160.5 73.5 -0.03685 0.0579544270074	42
-159 73.5 -0.222383333333 0.0671625143464	3
-154.5 73.5 -0.00768333333333 0.159865485122	3
-151.5 73.5 -0.0846166666667 0.161887285892	12
-150 73.5 0.08735 NaN	1
-124.5 73.5 -0.174540909091 0.11715292958	11
-111 73.5 0.16605 NaN	1
-106.5 73.5 -0.22185 NaN	1
-97.5 73.5 -0.00679567901235 0.131179017996	81
-90 73.5 -0.0619961805556 0.0522801604531	288
-88.5 73.5 0.031075 0.0362142421339	16
-84 73.5 0.145063186813 0.0802076017578	91
-81 73.5 -0.0514851351351 0.116514286716	37
-76.5 73.5 0.108207861635 0.0532376596311	159
-75 73.5 0.107725555556 0.0543842535685	90
-73.5 73.5 0.163905555556 0.209895414355	18
-67.5 73.5 -0.00410459459459 0.0452121399743	185
-66 73.5 0.0693275 0.0419668702516	40
-64.5 73.5 0.0776763157895 0.0451975432856	304
-63 73.5 0.0546338095238 0.0533051854777	210
-19.5 73.5 -0.0642941860465 0.0996714079064	86
-18 73.5 -0.0141270053476 0.071487297583	187
-16.5 73.5 -0.0786026315789 0.0851862910454	38
58.5 73.5 0.054375 0.146103525718	12
61.5 73.5 0.110659375 0.0898675633448	32
63 73.5 0.111767647059 0.149728822493	34
64.5 73.5 0.0371346153846 0.0841879627793	13
67.5 73.5 -0.0317633333333 0.131597035717	15
69 73.5 0.0145651162791 0.0990603985943	344
70.5 73.5 0.0143794573643 0.135131763477	129
72 73.5 0.0114757731959 0.116234654254	97
73.5 73.5 0.068407826087 0.124973120619	230
75 73.5 -0.00689052287582 0.112050552372	306
76.5 73.5 -0.0710430232558 0.0998586598686	86
78 73.5 -0.0433213592233 0.0674809423011	618
79.5 73.5 -0.0245487473904 0.0824293654671	479
81 73.5 -0.02715625 0.0543938685775	48
82.5 73.5 0.07198875 0.115251982046	80
106.5 73.5 -0.181095454545 0.0950559242092	11
114 73.5 -0.249463636364 0.038324822189	88
115.5 73.5 0.0801466101695 0.0746417604435	59
117 73.5 -0.10265 0.192346666205	3
120 73.5 0.0141120853081 0.0875883618243	211
121.5 73.5 -0.13205 0.243527575441	2
123 73.5 0.01479 0.127714732901	5
129 73.5 0.0669888758782 0.0592972573501	427
130.5 73.5 0.0228090909091 0.132209698726	22
132 73.5 -0.00959 0.0755697428061	145
133.5 73.5 0.07227 0.134604372143	5
138 73.5 -0.0150757142857 0.0966324152498	70
139.5 73.5 0.0499158536585 0.162610863121	41
141 73.5 -0.0955510638298 0.112470822496	94
142.5 73.5 -0.0931523809524 0.0513106742839	84
144 73.5 -0.0171516574586 0.0953596557339	181
145.5 73.5 -0.0760081395349 0.0668339090848	86
156 73.5 0.0528785714286 0.16013402244	21
157.5 73.5 -0.0703263636364 0.103852901605	55
159 73.5 -0.0363661290323 0.100445813242	31
160.5 73.5 -0.16425 NaN	1
-178.5 73 -0.059426 0.152085056465	25
-177 73 0.0961166666667 0.187396753796	3
-175.5 73 -0.0676611111111 0.108585656842	27
-174 73 0.0165117647059 0.154683514655	34
-172.5 73 0.0296261904762 0.120577028927	21
-171 73 -0.00520833333333 0.144985607175	12
-168 73 -0.01783 0.18050594727	5
-165 73 0.0398833333333 0.0652025561871	3
-163.5 73 0.00565 NaN	1
-159 73 0.0774833333333 0.19561713456	3
-157.5 73 0.11995 NaN	1
-156 73 -0.175266666667 0.116104735763	6
-153 73 0.39465 0.0067882250994	2
-151.5 73 -0.14415 0.148120035782	5
-127.5 73 -0.0148 0.159876843226	2
-126 73 -0.0692970833333 0.0525366235263	240
-117 73 -0.275383333333 0.0160069776452	3
-114 73 0.37985 NaN	1
-96 73 -0.10665 NaN	1
-91.5 73 -0.0685 0.0349159815734	14
-90 73 -0.0572965116279 0.0402864289382	43
-81 73 0.081482 0.153742524805	25
-79.5 73 -0.206166666667 0.0592903581658	36
-73.5 73 -0.00405343137255 0.0496570458738	204
-72 73 0.0765938596491 0.0525230222227	57
-69 73 0.0961115384615 0.0743976765689	65
-67.5 73 0.0120064417178 0.0433345028857	163
-66 73 0.1053 0.0796849734894	6
-64.5 73 0.086625 0.140796228643	16
-63 73 0.15965 0.125160520932	6
-61.5 73 0.131692580645 0.0361370712064	155
-21 73 -0.0347315789474 0.0922646746704	38
-19.5 73 0.0457294871795 0.147257867593	39
-18 73 -0.0700441176471 0.11755038	17
57 73 -0.0421181528662 0.0597671003726	157
58.5 73 -0.0747668539326 0.0977717869651	89
60 73 -0.0380780373832 0.103546876445	107
61.5 73 0.0882711886305 0.109852917992	387
63 73 -0.00756263157895 0.0941475187636	190
67.5 73 0.126076829268 0.153436809509	41
69 73 0.0671855987055 0.129558715421	309
70.5 73 0.114548809524 0.0950656418672	84
73.5 73 0.136938461538 0.128624913077	338
75 73 -0.00321451612903 0.0675547015309	31
76.5 73 -0.17445 NaN	1
78 73 -0.107985714286 0.104984061846	14
79.5 73 -0.0386182352941 0.0664243110468	85
81 73 -0.108683333333 0.0847687075639	105
106.5 73 -0.159395454545 0.0832660838954	11
120 73 -0.136 0.133713892322	2
129 73 -0.0465455223881 0.134801621365	134
130.5 73 -0.0293496428571 0.0912086538128	280
132 73 -0.012185483871 0.072139207631	62
133.5 73 0.28415 NaN	1
141 73 -0.0671833333333 0.204765581418	3
144 73 0.0175767857143 0.124661519164	56
145.5 73 -0.10295 0.0734757102722	3
147 73 0.123934615385 0.198334724839	13
156 73 0.0244055555556 0.150724036828	9
157.5 73 0.0733071428571 0.117912423111	7
159 73 -0.014375 0.167099138238	16
-180 72.5 -0.116926470588 0.137722726562	17
-175.5 72.5 -0.0445091603053 0.0828463645943	262
-174 72.5 -0.0538923076923 0.084729471487	26
-172.5 72.5 0.04415 0.145300799111	10
-171 72.5 0.01585 NaN	1
-168 72.5 -0.103976996198 0.0590387606644	263
-166.5 72.5 -0.20625 NaN	1
-163.5 72.5 0.0999235849057 0.0915959006172	106
-157.5 72.5 0.105796666667 0.131885133283	15
-156 72.5 -0.11325 0.109601049265	3
-154.5 72.5 0.0262166666667 0.119723236397	3
-151.5 72.5 0.04665 NaN	1
-150 72.5 -0.0384833333333 0.1592658574	3
-148.5 72.5 -0.0725833333333 0.134286273808	3
-127.5 72.5 -0.01931 0.181226034081	15
-126 72.5 -0.0877487012987 0.0636078849248	77
-111 72.5 0.43895 NaN	1
-103.5 72.5 -0.22205 NaN	1
-91.5 72.5 -0.0449395899054 0.0774860746094	317
-79.5 72.5 -0.13305 NaN	1
-73.5 72.5 -0.00912328244275 0.0570407234074	131
-72 72.5 0.0755865384615 0.0494629749779	52
-69 72.5 0.0287404109589 0.163177732145	73
-66 72.5 0.0552236842105 0.171249975968	19
-64.5 72.5 -0.000785294117647 0.152966830315	17
-61.5 72.5 0.123118904594 0.0586082355201	283
-21 72.5 0.0140294029851 0.0695468228068	335
-19.5 72.5 0.00301970588235 0.111540322986	340
-18 72.5 0.0738166666667 0.12433009826	3
57 72.5 -0.108325 0.202868633603	4
58.5 72.5 -0.0424080188679 0.0802048489974	212
60 72.5 0.002958 0.128542593405	100
61.5 72.5 0.0273043209877 0.107741402266	81
63 72.5 -0.15895 NaN	1
67.5 72.5 -0.01227 0.0859222658262	35
69 72.5 0.062381147541 0.100534540567	61
73.5 72.5 -0.0516413580247 0.0846904690587	81
75 72.5 -0.0798085714286 0.0927864578851	490
79.5 72.5 -0.021938 0.0812137785541	75
81 72.5 -0.0258185185185 0.0523658207125	54
129 72.5 0.09965 0.0852513245254	13
130.5 72.5 0.0153862068966 0.0953283107569	174
132 72.5 -0.225475 0.0694317590636	4
136.5 72.5 0.23055 NaN	1
147 72.5 -0.06865 NaN	1
148.5 72.5 0.06365 NaN	1
156 72.5 -0.0482921052632 0.134189411388	19
159 72.5 -0.05285 0.129070337413	6
160.5 72.5 -0.06899 0.13840255778	5
-180 72 -0.104576829268 0.127888895386	246
-178.5 72 -0.0516817460317 0.142749832863	63
-175.5 72 -0.0167714285714 0.101547331071	210
-174 72 0.0536350299401 0.0720376041513	334
-172.5 72 0.00315 0.0816787896632	48
-171 72 0.0609239130435 0.103058430988	23
-169.5 72 -0.0261692546584 0.0692270399804	161
-168 72 -0.091735472973 0.0500707055169	296
-166.5 72 0.04155 0.0298399061661	2
-165 72 0.00995300429185 0.0464431914713	233
-163.5 72 0.0556938596491 0.063019767795	285
-157.5 72 -0.0568166666667 0.110458397146	9
-156 72 0.0212653846154 0.129900679022	13
-154.5 72 -0.0826365384615 0.113148455369	52
-151.5 72 -0.23455 0.0481650288072	3
-150 72 -0.0887 0.0970857610569	2
-127.5 72 -0.01035 0.100845008376	29
-126 72 -0.11445 0.0991973285931	5
-124.5 72 -0.0578833333333 0.159228337093	3
-120 72 -0.0837307692308 0.083347830298	26
-94.5 72 -0.254182142857 0.0317513610507	28
-93 72 -0.266978125 0.0265726907397	32
-91.5 72 -0.146562658228 0.0577554623171	79
-72 72 0.0931515384615 0.115326077781	65
-69 72 0.0682394736842 0.0897899270194	19
-67.5 72 -0.0605936363636 0.0974198336404	55
-66 72 0.00991785714286 0.126856517527	56
-64.5 72 -0.0143954545455 0.167464505873	11
-60 72 -0.0677333333333 0.0342156932805	6
-21 72 0.0485415492958 0.118175582136	71
-19.5 72 0.04863 0.108172388652	85
-18 72 -0.03775 0.125802166118	5
55.5 72 -0.0529597560976 0.116911305708	41
57 72 -0.0622480392157 0.0881985203735	51
58.5 72 -0.0252386075949 0.0994158025247	79
60 72 -0.0152896276596 0.0629946384924	376
61.5 72 -0.0405932098765 0.0511885470895	324
66 72 -0.0837385714286 0.101814762949	70
67.5 72 0.0581510582011 0.0632570406387	189
69 72 0.0181258241758 0.116213360621	91
73.5 72 0.100492307692 0.139088888698	52
81 72 -0.0763162337662 0.0474254972795	77
130.5 72 -0.0797147058824 0.149569076605	17
133.5 72 -0.18685 NaN	1
136.5 72 0.19305 NaN	1
138 72 0.477028947368 0.742995248661	19
139.5 72 0.825364285714 0.157162160719	7
151.5 72 0.0425040540541 0.0521414614007	37
153 72 0.05855 0.052552945336	64
154.5 72 0.0514016339869 0.0558453151507	153
156 72 0.02825375 0.0492056484045	160
159 72 0.102760526316 0.124220989883	19
160.5 72 0.21875 NaN	1
162 72 -0.1251 0.0424971175493	2
169.5 72 -0.179716666667 0.169473606598	3
174 72 0.06659 0.121791823754	25
175.5 72 0.0427166666667 0.124638570809	3
177 72 -0.0753756097561 0.0451024863429	82
178.5 72 -0.00533064516129 0.0677645806776	310
-180 71.5 -0.0283608333333 0.204803047639	360
-178.5 71.5 -0.058684751773 0.0744585982618	141
-177 71.5 0.0038 0.125859138193	16
-175.5 71.5 -0.023191509434 0.0677618324438	53
-174 71.5 0.0142957865169 0.0537872172803	356
-171 71.5 -0.0153592592593 0.113689504782	54
-169.5 71.5 -0.09255 0.134076117252	24
-168 71.5 -0.00549797507788 0.0472923421782	321
-166.5 71.5 -0.0495050724638 0.0583460279817	69
-165 71.5 -0.18875 NaN	1
-163.5 71.5 0.0360477941176 0.0587140433286	136
-162 71.5 0.20955 0.10634885989	2
-157.5 71.5 0.017188671875 0.103926986194	256
-156 71.5 -0.0819758064516 0.0795308073128	31
-154.5 71.5 0.0270121052632 0.115962473918	95
-153 71.5 -0.0184714285714 0.143764236371	14
-151.5 71.5 -0.106792857143 0.134868777902	14
-150 71.5 -0.05817 0.147248722311	10
-148.5 71.5 0.0578 0.00954594154602	2
-145.5 71.5 -0.0485272727273 0.0942457675281	22
-144 71.5 0.0441433333333 0.159545109907	15
-142.5 71.5 -0.2654 0.0598919443665	2
-139.5 71.5 0.0138966666667 0.14370941882	30
-127.5 71.5 -0.049393877551 0.0677621295359	98
-126 71.5 -0.0503031034483 0.0668064181622	145
-124.5 71.5 0.00250986394558 0.113755761755	294
-121.5 71.5 -0.0564702380952 0.0547106359118	84
-120 71.5 -0.0544210280374 0.0812619489145	107
-67.5 71.5 0.0288476190476 0.0921573485227	252
-66 71.5 -0.040978 0.151701860898	25
-64.5 71.5 0.0409 0.17551552258	16
-63 71.5 -0.0135416666667 0.0788340519929	24
-21 71.5 0.0289928571429 0.161865627978	63
57 71.5 -0.0836843915344 0.0808453799538	189
60 71.5 -0.0163102209945 0.0623361841412	181
61.5 71.5 -0.0305535714286 0.0815359237058	84
66 71.5 -0.0359648648649 0.0660952760201	444
67.5 71.5 0.007202 0.0977729555393	150
73.5 71.5 -0.0631745901639 0.0954885763774	61
130.5 71.5 0.14695 NaN	1
132 71.5 0.1214 0.159876843226	2
135 71.5 -0.05045 NaN	1
136.5 71.5 -0.16828 0.0719228606834	10
150 71.5 -0.0479909638554 0.0941759303775	83
151.5 71.5 0.06491 0.0581995827182	50
153 71.5 0.00388333333333 0.103277748491	3
154.5 71.5 -0.0255975409836 0.0882684704119	61
156 71.5 -0.0168204225352 0.0485106726412	142
157.5 71.5 -0.0238847826087 0.106245788603	69
159 71.5 0.20075 0.0253144227665	2
175.5 71.5 0.03165 NaN	1
177 71.5 0.08485 NaN	1
178.5 71.5 -0.0247182692308 0.0754284487409	520
-180 71 -0.09025 0.210758519005	7
-178.5 71 -0.06605 0.133468104804	5
-177 71 0.001 0.0309005663379	2
-174 71 -0.014874375 0.0811253240804	160
-172.5 71 0.0104077777778 0.0876508971299	45
-171 71 -0.0291596153846 0.157794442184	52
-169.5 71 -0.0332783333333 0.128912857298	60
-168 71 -0.0162720264317 0.0401955314883	227
-166.5 71 -0.0298075471698 0.0447915679737	106
-163.5 71 -0.0230323529412 0.117984730131	17
-159 71 0.0350833333333 0.0427374932973	3
-157.5 71 0.353776984127 0.186715484098	63
-156 71 -0.125991666667 0.0767564353153	24
-154.5 71 -0.0400452380952 0.13417876686	21
-153 71 0.0461009803922 0.108889002884	51
-151.5 71 0.0645483870968 0.0658790757396	62
-150 71 0.0995547619048 0.112606677774	42
-148.5 71 -0.0163384615385 0.0598029530842	52
-147 71 -0.0436336065574 0.0918408645073	61
-145.5 71 0.0243151282051 0.0483194419298	195
-144 71 0.119751041667 0.0553197493478	288
-142.5 71 0.0782303278689 0.0916498496447	61
-141 71 0.00467634408602 0.0799780226878	186
-139.5 71 0.0155851351351 0.143358924432	74
-130.5 71 -0.07435 NaN	1
-129 71 -0.20795 NaN	1
-127.5 71 0.0462166666667 0.121332872959	12
-126 71 0.119450512821 0.116307610931	195
-124.5 71 0.00685230769231 0.161476735819	260
-123 71 0.0707 0.171908396149	4
-121.5 71 -0.0142918604651 0.0417631543723	43
-120 71 0.036375 0.048954597613	256
-118.5 71 -0.0914107142857 0.155473368779	28
-69 71 0.22735 0.22052022583	3
-67.5 71 -0.083986 0.100554284179	25
-66 71 0.0715740963855 0.134355559935	83
-63 71 0.00227005571031 0.0560944244732	359
-21 71 0.111573529412 0.0995456530206	51
-19.5 71 0.22667 0.0403113135484	5
57 71 0.0148416666667 0.167936814191	12
60 71 0.05395 0.078698589568	6
61.5 71 -0.00573085106383 0.0876669381111	188
63 71 0.00155 0.0405879292401	2
66 71 -0.123536666667 0.106198983494	15
73.5 71 -0.171878571429 0.147473418105	7
130.5 71 0.457545238095 0.0555662950673	42
151.5 71 0.06025 0.259205459047	3
154.5 71 -0.151761111111 0.0964314840242	9
157.5 71 -0.05569 0.161897384167	5
160.5 71 0.04815 0.121339523652	2
162 71 0.0878375 0.183799607816	16
163.5 71 0.0742227272727 0.206418192468	11
165 71 0.101156666667 0.142840042738	15
166.5 71 -0.29925 NaN	1
168 71 -0.0524571428571 0.110768493606	14
169.5 71 0.00200753424658 0.138608592524	73
171 71 -0.0142441176471 0.194985558666	17
172.5 71 -0.1496 0.156199887964	2
174 71 0.45925 NaN	1
178.5 71 -0.0214321705426 0.1020227963	258
-177 70.5 0.0701038461538 0.110609151335	13
-174 70.5 0.0114327586207 0.0844758306243	319
-172.5 70.5 0.09417 0.172951386233	5
-171 70.5 0.0816 0.204356930394	6
-168 70.5 -0.00923979591837 0.0793540006589	98
-166.5 70.5 -0.0259014084507 0.0463793970765	142
-165 70.5 -0.0263008928571 0.0396185892203	112
-150 70.5 0.354438297872 0.189830268758	94
-148.5 70.5 0.0538277777778 0.147231625799	90
-147 70.5 -0.106814583333 0.107170403727	240
-145.5 70.5 -0.00738729508197 0.105921442484	244
-144 70.5 -0.010378030303 0.122142772641	396
-142.5 70.5 0.00867467105263 0.0696114185127	304
-141 70.5 0.0246546153846 0.0869884058552	520
-139.5 70.5 0.0194379746835 0.118841641867	158
-138 70.5 -0.14561875 0.170128887293	16
-136.5 70.5 0.05645 0.154273748037	31
-132 70.5 -0.0619014285714 0.076108210058	140
-130.5 70.5 -0.0500847107438 0.120730470271	121
-129 70.5 -0.09089 0.147376264587	45
-127.5 70.5 0.0426327586207 0.140881751502	29
-126 70.5 0.0190945747801 0.069402065202	341
-124.5 70.5 0.0187040816327 0.0644647784731	98
-123 70.5 -0.025737628866 0.116081437162	97
-120 70.5 0.00404215686275 0.05047788016	153
-118.5 70.5 -0.0497704930663 0.044464059516	649
-117 70.5 0.00956538461538 0.064738798376	143
-115.5 70.5 -0.0482369565217 0.151352347203	23
-99 70.5 0.08415 NaN	1
-67.5 70.5 0.0308833333333 0.0649185900442	3
-66 70.5 -0.00222631578947 0.160096336596	38
-64.5 70.5 0.0276394117647 0.117480038363	170
-22.5 70.5 0.160783333333 0.14691963336	6
-21 70.5 -0.0273931034483 0.0832413234761	58
58.5 70.5 0.0106429078014 0.0995521626696	141
60 70.5 -0.029065 0.0744306195835	20
61.5 70.5 0.135125 0.120738184377	4
63 70.5 0.00153125 0.0960639037886	64
66 70.5 0.02545 0.146308625649	34
67.5 70.5 -0.126008536585 0.187368711162	123
73.5 70.5 -0.06449 0.15706654004	5
160.5 70.5 0.006075 0.150511914573	8
162 70.5 -0.0284954545455 0.113248129023	11
163.5 70.5 -0.0997543859649 0.109139587807	114
165 70.5 -0.11070625 0.12315212187	32
168 70.5 -0.09609 0.114974393422	15
169.5 70.5 -0.0230422018349 0.0951128341983	218
171 70.5 -0.04845 0.0855082907645	96
172.5 70.5 -0.0557353300733 0.0941968208528	409
174 70.5 -0.148011538462 0.119802827195	65
-177 70 0.127183333333 0.0923362780022	18
-174 70 0.113633333333 0.0224440651533	12
-168 70 -0.00542647058824 0.0399142368557	68
-166.5 70 0.00448217726397 0.0500142630745	519
-165 70 -0.0309388888889 0.0447087084483	9
-162 70 -0.2927 0.0159376341349	12
-147 70 -0.145975 0.0579020653057	4
-145.5 70 0.130431609195 0.115347531025	87
-144 70 -0.0370446428571 0.0977678817304	56
-142.5 70 -0.0239515384615 0.0973021809428	130
-141 70 -0.0995948979592 0.0922649515012	49
-139.5 70 -0.0874596774194 0.0920344281798	62
-138 70 -0.0137794117647 0.125728721133	51
-136.5 70 -0.115294444444 0.105985631676	63
-135 70 0.115190909091 0.103891255689	22
-132 70 -0.112321341463 0.0765703915639	328
-130.5 70 -0.17125 0.0332849315256	4
-126 70 0.041434375 0.0866675762866	288
-124.5 70 0.00339631578947 0.124337578245	95
-123 70 0.00455074626866 0.0974079827952	134
-121.5 70 -0.01945 0.186285962971	6
-120 70 -0.02423 0.063036037312	5
-118.5 70 -0.0784913705584 0.0689234707742	394
-117 70 0.00902866666667 0.0366162358514	75
-100.5 70 2.10855 NaN	1
-99 70 0.87595 NaN	1
-78 70 -0.107322727273 0.145155096989	11
-67.5 70 -0.0011125 0.151715560342	8
-66 70 0.128121428571 0.120443944374	14
-64.5 70 0.156463157895 0.0977813340145	38
-21 70 0.16255 NaN	1
-19.5 70 0.191869672131 0.278658235428	122
18 70 -0.0760928571429 0.0803094817387	7
63 70 0.00351329113924 0.120776649315	79
66 70 0.0112825 0.113172970379	40
67.5 70 -0.0322166666667 0.113093887987	9
160.5 70 -0.00995 NaN	1
162 70 -0.00464393939394 0.160375564963	33
163.5 70 -0.0143554545455 0.130875879025	55
165 70 -0.00913865979381 0.0682387987374	194
166.5 70 -0.116167040359 0.0975637434329	223
169.5 70 0.0631738993711 0.0506024621144	159
172.5 70 -0.0734148648649 0.0865883008163	259
174 70 -0.123748837209 0.115707909621	258
175.5 70 0.0124987804878 0.0538420738125	123
177 70 0.0346413043478 0.174567881855	23
178.5 70 0.01175 0.00890954544295	2
-180 69.5 -0.06145 0.162068874248	2
-175.5 69.5 -0.0338602040816 0.107851976579	49
-174 69.5 0.000283333333333 0.0324503210051	3
-166.5 69.5 0.00245827586207 0.073503431178	290
-165 69.5 -0.1789 0.0773071148084	4
-139.5 69.5 0.000566216216216 0.13696983957	37
-138 69.5 -0.0885538461538 0.123147198038	26
-136.5 69.5 -0.208834121622 0.0477661278247	296
-133.5 69.5 -0.222656896552 0.0528299761434	29
-126 69.5 0.0109171052632 0.0818463770539	76
-120 69.5 -0.05215 0.167800253278	17
-118.5 69.5 0.0330553571429 0.0643855981063	56
-103.5 69.5 -0.17385 NaN	1
-102 69.5 0.288338888889 0.175783877628	18
-91.5 69.5 0.17135 NaN	1
-79.5 69.5 -0.038559375 0.14291520043	64
-78 69.5 -0.134957692308 0.098162963667	13
-66 69.5 0.127802777778 0.127195999331	72
-64.5 69.5 0.0974210743802 0.0989113007009	121
-63 69.5 0.173191176471 0.0997839169081	17
-60 69.5 -0.00203888888889 0.0964003966692	54
-22.5 69.5 -0.0466833333333 0.332954896845	3
-21 69.5 0.250716028708 0.169475846203	209
-19.5 69.5 0.0694799145299 0.108114282817	117
60 69.5 -0.0365208333333 0.0950574027334	120
63 69.5 -0.05705 0.0448305699272	2
66 69.5 -0.001312 0.101534076262	100
67.5 69.5 0.0363 0.261982092263	4
73.5 69.5 -0.232685714286 0.0340238741326	14
162 69.5 -0.00407608695652 0.0906927840687	46
165 69.5 0.120083333333 0.157699408158	3
166.5 69.5 -0.04989 0.0971767101728	5
169.5 69.5 -0.0510531578947 0.0607586157792	285
171 69.5 -0.0417782051282 0.0345158617139	39
178.5 69.5 0.00311428571429 0.11361572405	28
-177 69 -0.0870388888889 0.073105701632	9
-175.5 69 -0.0450326589595 0.0543501006213	346
-174 69 -0.0562186567164 0.0428234331524	67
-166.5 69 -0.0619025252525 0.0402520283262	99
-165 69 -0.143995454545 0.0805730148826	11
-136.5 69 -0.238741139241 0.0460156110352	79
-118.5 69 0.00532222222222 0.0517154636739	18
-117 69 -0.1112 0.0697914393031	2
-105 69 -0.17770942029 0.0839187077209	69
-102 69 0.0392717391304 0.268125652288	23
-100.5 69 0.0627625 0.107254030061	8
-94.5 69 -0.134975 0.104260261104	12
-79.5 69 -0.0785113636364 0.125775316867	44
-78 69 -0.17774 0.0572068265157	10
-76.5 69 0.20685 0.54297540153	4
-63 69 -0.00701764705882 0.0913412029457	68
-60 69 0.0039475 0.138618579225	40
-22.5 69 0.0175 0.183504386869	8
-21 69 0.431678571429 0.0873386352798	42
58.5 69 0.145214 0.147497097529	50
60 69 0.0895369565217 0.0986650822657	23
66 69 1.1225 0.19282801923	2
69 69 -0.18055 0.130661566652	5
73.5 69 -0.184384615385 0.0860331514815	26
76.5 69 0.193625 0.203770680724	32
171 69 -0.0617433333333 0.0480015396578	15
-177 68.5 -0.0640642857143 0.138497285516	7
-175.5 68.5 -0.0374862318841 0.0873514924129	69
-174 68.5 -0.0519675757576 0.0729920242482	165
-114 68.5 -0.0578573333333 0.106268259447	150
-105 68.5 -0.0284360759494 0.155248945951	158
-103.5 68.5 -0.247464285714 0.033169433824	98
-102 68.5 -0.122640322581 0.124881878948	186
-100.5 68.5 -0.162787055838 0.081614602019	197
-90 68.5 0.609930620155 0.127352860611	129
-87 68.5 1.5583 0.48896433919	2
-76.5 68.5 0.199528740157 0.136458990659	127
-64.5 68.5 0.050575 0.196644779149	4
-63 68.5 -0.00927794117647 0.0688406723011	68
-61.5 68.5 0.06065 0.0984550455792	11
73.5 68.5 -0.150878 0.0761968258307	25
-175.5 68 -0.0956893442623 0.0758010592802	122
-174 68 -0.0328112546125 0.0512484595314	271
-114 68 -0.09593 0.207316900742	10
-111 68 -0.0544138888889 0.168330398159	36
-105 68 0.15265 0.0372349015674	20
-103.5 68 0.00879675324675 0.111174664125	77
-102 68 0.17995 NaN	1
-100.5 68 -0.263054166667 0.0270090722144	24
-82.5 68 0.060425 0.0600863828522	48
-79.5 68 0.10845 NaN	1
-64.5 68 0.14575 NaN	1
-61.5 68 0.0710722222222 0.0779871147235	54
-27 68 0.0974916666667 0.0557002231518	72
-25.5 68 0.03208 0.150072108964	10
73.5 68 -0.0527507352941 0.129512270545	136
-175.5 67.5 0.0250023809524 0.128655126672	21
-174 67.5 -0.00552466666667 0.0572429745325	75
-172.5 67.5 -0.00141046511628 0.0486056071426	258
-102 67.5 0.01335 0.00424264068712	2
-81 67.5 -0.0527818584071 0.0959009526855	113
-73.5 67.5 -0.127009090909 0.0478704766267	22
-60 67.5 0.06295 NaN	1
-31.5 67.5 0.129953658537 0.0516511217837	82
-27 67.5 0.262 0.026233661582	2
-25.5 67.5 0.15953902439 0.099540966695	164
13.5 67.5 -0.0178111940299 0.0405687480675	67
-175.5 67 -0.00222073170732 0.0712251824985	41
-172.5 67 -0.0159277777778 0.0439737642742	9
-171 67 -0.19975 NaN	1
-81 67 -0.0376768456376 0.0697809774579	149
-76.5 67 -0.24085 NaN	1
-75 67 -0.0845166666667 0.213303072191	12
-73.5 67 -0.08887 0.0785293223041	40
-61.5 67 0.062223015873 0.0816400799069	63
-60 67 0.147518075117 0.050176869385	213
-33 67 0.0798 0.0335875721064	2
-31.5 67 0.0909039568345 0.0654230062648	139
-25.5 67 0.280096666667 0.039615615007	15
-24 67 0.0537590909091 0.134777862661	99
72 67 0.334914423077 0.0950854229909	208
73.5 67 0.444594444444 0.0465906670526	27
-82.5 66.5 0.00513 0.163423688613	5
-79.5 66.5 0.05725 0.067224751935	12
-78 66.5 0.0788423913043 0.102046057511	92
-76.5 66.5 -0.0952449367089 0.153760958249	79
-73.5 66.5 0.1948625 0.195244062924	8
-60 66.5 0.105521945701 0.0750615506847	221
12 66.5 -0.0270583333333 0.130689357279	12
13.5 66.5 -0.16147 0.133209917048	5
72 66.5 0.194773504274 0.0997827735209	234
73.5 66.5 0.341816071429 0.107461462482	56
-84 66 0.751248901099 0.0531842008589	91
-82.5 66 0.00196452282158 0.129518885032	241
-81 66 0.15835 NaN	1
-79.5 66 -0.00150555555556 0.155383614895	9
-78 66 -0.0337221518987 0.168952629484	79
-76.5 66 0.00586428571429 0.126660411259	14
-75 66 -0.130715217391 0.0515145311247	23
-67.5 66 -0.17365 NaN	1
-60 66 0.03525 NaN	1
-36 66 0.60905 NaN	1
-33 66 0.160876666667 0.154149109013	15
36 66 -0.0767625 0.0371199833872	16
37.5 66 0.137211290323 0.0988374392673	155
-87 65.5 0.242216666667 0.330721697469	18
-84 65.5 0.434258860759 0.205236093806	237
-82.5 65.5 0.0895113924051 0.133816982025	158
-81 65.5 0.05534 0.138314393588	20
-79.5 65.5 -0.0723026315789 0.169720612609	38
-78 65.5 -0.20625 0.118935360596	2
-67.5 65.5 -0.0210335443038 0.102481700626	158
-66 65.5 -0.0907968085106 0.0940879695934	47
-63 65.5 0.14655 0.115554835468	3
-60 65.5 0.07485 NaN	1
25.5 65.5 -0.07195 0.0473865456209	18
36 65.5 -0.04815 0.0267254186123	6
37.5 65.5 0.121145073892 0.0508042835117	203
-87 65 0.223516666667 0.128348956625	6
-84 65 0.295253076923 0.608554667062	65
-82.5 65 0.0323371794872 0.0760208915687	117
-81 65 -0.176175 0.0851739152167	4
-79.5 65 0.0144349056604 0.171015468707	53
-64.5 65 -0.0143963157895 0.0675944883352	95
-63 65 0.0225954545455 0.123811642131	11
-22.5 65 -0.0231666666667 0.238891736288	6
10.5 65 0.279094444444 0.808326957535	9
25.5 65 -0.0585068181818 0.0743010972761	88
-180 64.5 -0.0508136363636 0.0491316602842	44
-88.5 64.5 0.360016666667 0.392993327376	24
-87 64.5 0.43461 0.298673880044	30
-82.5 64.5 0.183218269231 0.231152683649	104
-81 64.5 0.002595 0.0998159216637	240
-79.5 64.5 0.105711038961 0.0497921156194	77
-78 64.5 -0.1881 0.131604571856	4
-64.5 64.5 0.041943125 0.0678833434446	160
-63 64.5 0.109943818182 0.0643668846346	275
10.5 64.5 -0.139169047619 0.0609240889882	21
22.5 64.5 -0.174131818182 0.0716391939356	55
-88.5 64 -0.146805555556 0.090111557404	9
-82.5 64 -0.0136705882353 0.0519911110084	34
-81 64 0.0163890728477 0.0826089026466	151
-79.5 64 0.124308064516 0.0699243389872	31
-78 64 -0.109321428571 0.108249948037	49
-75 64 -0.19719125 0.0625880706654	160
-64.5 64 0.0259714285714 0.115299858416	56
-63 64 0.112987037037 0.0915817612432	162
9 64 0.0676684210526 0.0683365206589	152
-90 63.5 -0.07935 0.238012142547	2
-85.5 63.5 0.0618217741935 0.170212200685	124
-82.5 63.5 -0.132512162162 0.0487894431353	444
-81 63.5 -0.0335422330097 0.0647771145817	206
-79.5 63.5 -0.01385 NaN	1
-78 63.5 -0.0850048387097 0.157448791334	31
-76.5 63.5 -0.21818 0.0436802027366	10
-75 63.5 0.0294322916667 0.115262436475	96
-64.5 63.5 0.06835 NaN	1
-63 63.5 0.195626470588 0.0584003802365	17
19.5 63.5 0.02695 NaN	1
22.5 63.5 0.166825 0.136071125285	12
-165 63 0.842683333333 0.180523968861	3
-90 63 0.066640513834 0.0674731403713	253
-85.5 63 0.173181909548 0.343141899417	398
-84 63 -0.024323006135 0.0516423061583	163
-82.5 63 0.4086365 0.564456332077	200
-81 63 -0.0121871428571 0.0509269845014	175
-79.5 63 -0.0263526086957 0.0859134575379	115
-78 63 -0.0412872781065 0.0867904082898	169
-76.5 63 0.016222972973 0.0825558822477	37
-93 62.5 0.0904166666667 0.164282754218	3
-90 62.5 0.0284961538462 0.0869725625141	156
-85.5 62.5 0.251253543307 0.246345263244	254
-84 62.5 -0.11185 0.0604279184925	10
-82.5 62.5 0.0527104166667 0.0851383248442	48
-81 62.5 0.00798867924528 0.0347546052331	106
-79.5 62.5 0.0603641509434 0.102306090159	106
-78 62.5 -0.0293214285714 0.0574476529518	105
6 62.5 0.0275125 0.145013997003	40
-85.5 62 -0.01636 0.0472118211956	100
-84 62 -0.0489862962963 0.0721779844131	135
-82.5 62 -0.00603883248731 0.0494389533058	394
-81 62 -0.000755776173285 0.0520904213412	277
-66 62 0.189030882353 0.167461435309	68
4.5 62 0.0427088235294 0.0674814772235	34
-88.5 61.5 0.0225354545455 0.0428042418207	55
-87 61.5 0.00936166666667 0.0474145993602	120
-85.5 61.5 -0.0210764084507 0.040821338386	284
-84 61.5 -0.0599636904762 0.0707132168198	168
-82.5 61.5 -0.00723705882353 0.0787266046703	85
-81 61.5 -0.00846754385965 0.0586904512678	114
-64.5 61.5 0.282296666667 0.110639750085	30
4.5 61.5 0.190971052632 0.154842771793	19
-165 61 0.220657522124 0.118628731337	226
-85.5 61 0.10505 NaN	1
-84 61 0.00065 NaN	1
-82.5 61 -0.0337879310345 0.0587493307791	29
-81 61 -0.00913771929825 0.0452500117642	114
-79.5 61 0.0803852941176 0.0440800037365	51
-78 61 0.067325 0.0684641207738	4
-69 61 -0.0658458333333 0.107596074749	48
-64.5 61 0.23985 0.0765639706389	26
-63 61 0.197553125 0.151780264071	64
4.5 61 0.1694375 0.1038977053	16
-166.5 60.5 -0.00226666666667 0.0585206430815	6
-165 60.5 0.0396061538462 0.0600260156004	260
-145.5 60.5 -0.151478571429 0.0409310518469	28
-88.5 60.5 0.0897666666667 0.0976119135488	6
-87 60.5 0.0139 0.108399469556	2
-85.5 60.5 -0.0282189655172 0.0882412565618	29
-82.5 60.5 -0.0334388888889 0.0587102214355	45
-81 60.5 0.00168353846154 0.049780631876	325
-69 60.5 -0.00745 0.153608730221	11
-63 60.5 -0.00175 0.0912791597244	5
22.5 60.5 -0.06055 0.0892368757857	2
-145.5 60 -0.235067821782 0.0408058147299	303
-94.5 60 -0.0714583333333 0.0706900067055	60
-93 60 0.04634 0.116565210572	20
-87 60 -0.020725 0.154634566532	4
-85.5 60 -0.150183333333 0.174787480482	3
-84 60 -0.05965 0.139548023165	14
-82.5 60 -0.0667166666667 0.0505563382113	3
-81 60 0.00313958333333 0.065770818206	48
-79.5 60 -0.14885 0.0595383909759	2
-67.5 60 0.00556818181818 0.116184601546	11
-63 60 0.160995454545 0.147577155989	55
19.5 60 -0.127084482759 0.089784122375	174
21 60 -0.02185 0.187524718371	2
22.5 60 -0.112385542169 0.107571847176	166
25.5 60 -0.0352 0.156978504898	6
165 60 -0.0675575 0.0483248233378	80
