lon, lat, freeboard (m), standard deviation, count
-180 81.5 0.0643534482759 0.0800511866726	29
-178.5 81.5 0.105369230769 0.0906504054894	26
-177 81.5 0.0843759259259 0.122120027944	27
-175.5 81.5 0.124685 0.0743925949555	20
-174 81.5 0.0644954545455 0.0973928166102	11
-172.5 81.5 0.0414166666667 0.0754303564002	6
-171 81.5 0.119192857143 0.0988785426191	7
-169.5 81.5 0.1385 0.0553951171133	6
-168 81.5 0.24865 NaN	1
-166.5 81.5 -0.0506166666667 0.0658492419597	6
-163.5 81.5 -0.0505 0.196468631932	4
-162 81.5 0.0564375 0.0929025789021	16
-160.5 81.5 0.140569230769 0.109715308027	26
-159 81.5 0.19445 NaN	1
-157.5 81.5 0.0443125 0.118013154018	48
-156 81.5 0.157386363636 0.106803551184	11
-154.5 81.5 0.13458 0.14052012944	10
-153 81.5 0.178728571429 0.111161346205	14
-151.5 81.5 0.167780769231 0.136501272183	13
-150 81.5 0.0639763157895 0.148300905976	19
-148.5 81.5 -0.0384318181818 0.201762478267	11
-147 81.5 0.194633333333 0.126282515285	6
-145.5 81.5 0.05761 0.162284913039	5
-144 81.5 0.108383333333 0.138043060915	6
-142.5 81.5 0.17225 0.114185609134	7
-139.5 81.5 0.18765 NaN	1
-136.5 81.5 0.18905 0.0791504264044	3
-135 81.5 -0.06155 NaN	1
-124.5 81.5 0.1487 0.0744583440589	2
-123 81.5 0.118816666667 0.060019955015	9
-121.5 81.5 0.00555 0.0833724774731	3
-120 81.5 0.16725 NaN	1
-118.5 81.5 0.19115 NaN	1
-117 81.5 0.0608233333333 0.0755579953854	15
-115.5 81.5 -0.10265 NaN	1
-114 81.5 0.21505 0.0616773169696	8
-112.5 81.5 0.09165 0.0829770450185	3
-111 81.5 2.11085 NaN	1
-109.5 81.5 0.21975952381 0.0926409407593	21
-108 81.5 0.37485 NaN	1
-106.5 81.5 0.168371052632 0.10494794254	19
-105 81.5 0.10575 NaN	1
-102 81.5 0.00085 NaN	1
-100.5 81.5 0.12855 0.0943280446103	2
-96 81.5 0.0288909090909 0.167798699294	22
-94.5 81.5 -0.169205384615 0.103303883071	130
-93 81.5 -0.132295652174 0.098985825487	46
-91.5 81.5 0.0690239130435 0.150945671514	46
-90 81.5 0.314883333333 0.230656916942	3
-66 81.5 0.38475 0.0288499566724	2
-64.5 81.5 -0.02807 0.18754599658	25
-63 81.5 -0.179222916667 0.174442611108	48
-10.5 81.5 -0.0377055555556 0.120624808114	378
-9 81.5 -0.0644196551724 0.151222900384	145
-7.5 81.5 -0.0775152173913 0.144648975221	161
-6 81.5 -0.00223692307692 0.168574701951	130
-4.5 81.5 0.135583333333 0.160733558941	12
-3 81.5 0.0818706896552 0.200292846993	29
-1.5 81.5 0.0406538461538 0.181048005746	26
0 81.5 0.02501 0.140293417522	5
1.5 81.5 0.17935 NaN	1
3 81.5 -0.01835 NaN	1
6 81.5 0.0974287878788 0.103510986004	33
7.5 81.5 0.112126470588 0.172814056609	17
9 81.5 -0.0218393023256 0.125578098822	215
10.5 81.5 0.080331372549 0.0854871627563	102
12 81.5 -0.00214193548387 0.164625705917	62
13.5 81.5 0.0938849593496 0.138380919977	123
15 81.5 0.0524820441989 0.125055370717	181
16.5 81.5 0.0516646067416 0.168754992092	178
18 81.5 0.116741641791 0.163254037342	335
19.5 81.5 0.0852671296296 0.156684854296	216
21 81.5 0.0611090909091 0.184080085141	176
22.5 81.5 0.097641503268 0.161083981834	153
24 81.5 0.103322826087 0.161623667722	184
25.5 81.5 0.00330043859649 0.148166775452	228
27 81.5 -0.0223951456311 0.146740225588	206
28.5 81.5 0.0792575907591 0.134139989056	303
30 81.5 0.0824457020057 0.145059099961	349
31.5 81.5 0.0463011627907 0.124379489042	258
33 81.5 0.0694453658537 0.14393178992	410
34.5 81.5 0.0440044041451 0.133210214474	386
36 81.5 0.0882992268041 0.140052767001	388
37.5 81.5 0.0800696875 0.127818405251	320
39 81.5 0.0797012295082 0.113877776254	488
40.5 81.5 0.092587195122 0.11963012598	656
42 81.5 0.0863616959064 0.113121887991	513
43.5 81.5 0.0924718823529 0.127845264913	425
45 81.5 0.0852444148936 0.115347732106	376
46.5 81.5 0.0829172131148 0.119845644588	305
48 81.5 0.0474103703704 0.137252439202	270
49.5 81.5 0.0712353932584 0.134868645272	267
51 81.5 0.128602 0.137529246539	150
52.5 81.5 0.105928301887 0.142955527553	106
54 81.5 0.0269645833333 0.0823422928212	48
55.5 81.5 0.107782692308 0.130698542166	156
57 81.5 0.0220986486486 0.204157144841	37
58.5 81.5 -0.0051214801444 0.100697876881	277
60 81.5 -0.0159569958848 0.116698658665	243
61.5 81.5 -0.0828729508197 0.107321566803	183
63 81.5 0.0838004065041 0.144227099197	246
64.5 81.5 0.123538513514 0.130658981557	444
66 81.5 0.0793422794118 0.154368764093	272
67.5 81.5 0.0477252380952 0.166979621586	210
69 81.5 0.0696426070039 0.152279136631	257
70.5 81.5 0.0159327272727 0.135152277413	330
72 81.5 0.0102983739837 0.127098058498	492
73.5 81.5 -0.0127739370079 0.0993439723988	635
75 81.5 -0.0307611349036 0.142229077163	467
76.5 81.5 -0.0341786153846 0.162295796328	325
78 81.5 -0.0422074944072 0.134897954726	447
79.5 81.5 -0.0741302816901 0.13571946923	497
81 81.5 -0.0354732209738 0.100774995709	801
82.5 81.5 -0.00148956043956 0.100756303801	364
84 81.5 0.036445473251 0.128762694552	243
85.5 81.5 0.0614308383234 0.136440688793	167
87 81.5 0.042289245283 0.126043928908	265
88.5 81.5 0.062671574344 0.170295261481	343
90 81.5 0.00916218487395 0.108656597887	238
91.5 81.5 -0.0454753731343 0.116064209405	134
93 81.5 -0.0776534482759 0.0600532994149	116
94.5 81.5 -0.034987947494 0.0842067046427	419
96 81.5 0.00621363636364 0.109311032585	891
97.5 81.5 0.0814375288684 0.0974388426265	866
99 81.5 0.0847810139165 0.0737445177405	503
100.5 81.5 0.000734243369735 0.0751899780437	641
102 81.5 0.0271581031308 0.0742588728202	543
103.5 81.5 0.0651662116041 0.0787524507934	586
105 81.5 0.0323653846154 0.0775583330653	208
106.5 81.5 -0.0393140350877 0.0809800708873	114
108 81.5 -0.101821428571 0.125678676584	35
109.5 81.5 0.0223451612903 0.115838751525	186
111 81.5 0.0037806122449 0.101806785234	196
112.5 81.5 0.0305533821871 0.0621891579419	887
114 81.5 0.0229513944223 0.0843808468991	502
115.5 81.5 0.00537735426009 0.0736622729978	669
117 81.5 0.0133814699793 0.0733335273085	483
118.5 81.5 0.0212310526316 0.0875270830838	475
120 81.5 -0.0184168224299 0.112873678499	214
121.5 81.5 -0.00461525423729 0.0991062085708	118
123 81.5 0.0145435483871 0.14670259924	31
124.5 81.5 -0.0129722222222 0.109627441591	63
126 81.5 -0.171883333333 0.0700619898678	12
127.5 81.5 -0.1426 0.0888833223951	2
129 81.5 -0.0570076923077 0.143683477454	78
130.5 81.5 -0.00838333333333 0.13839529926	36
135 81.5 -0.06136125 0.0584105136057	80
136.5 81.5 -0.0371293103448 0.0859210469626	87
138 81.5 -0.0336134408602 0.0686271347165	372
139.5 81.5 -0.0249573202614 0.0790755287022	765
141 81.5 0.0112672151899 0.0689272106122	395
142.5 81.5 0.00370238095238 0.0712198872876	588
144 81.5 -0.0325891975309 0.0958279781691	324
145.5 81.5 -0.0080087628866 0.0890390349236	97
147 81.5 -0.0420648148148 0.171927168622	27
148.5 81.5 0.0395277777778 0.116892180852	9
150 81.5 -0.0517840659341 0.101608974035	91
151.5 81.5 -0.00253512396694 0.0643966493191	121
156 81.5 -0.0791642857143 0.0703353971713	7
157.5 81.5 0.0684 0.079266670171	2
159 81.5 -0.0488269230769 0.16069142351	13
160.5 81.5 0.0772166666667 0.110955877116	6
162 81.5 0.173364285714 0.0762376422461	7
163.5 81.5 0.10601 0.118119129228	30
165 81.5 0.07035 0.156958126051	7
166.5 81.5 -0.24805 NaN	1
168 81.5 0.13495625 0.0819600103201	16
169.5 81.5 0.0460666666667 0.121928887745	6
171 81.5 0.0459166666667 0.335063715334	3
172.5 81.5 -0.0263 0.154274259753	10
174 81.5 0.0206125 0.20439793078	8
175.5 81.5 0.067666 0.109428103033	25
177 81.5 0.02445 NaN	1
178.5 81.5 0.108726923077 0.0694452800633	13
-180 81 0.108705263158 0.0910794446723	38
-178.5 81 0.0701676470588 0.109290257087	17
-177 81 0.0669 0.0250107310302	4
-175.5 81 0.0741642857143 0.157973263082	35
-174 81 0.133421428571 0.0922304340607	14
-172.5 81 0.0749192307692 0.103240192308	13
-171 81 0.0967357142857 0.0777809830144	14
-169.5 81 0.137116666667 0.0827787613663	3
-168 81 0.0908142857143 0.0639879388532	14
-166.5 81 0.03325 NaN	1
-165 81 0.0498833333333 0.14772306297	3
-162 81 -0.0621 0.0644174277661	2
-160.5 81 0.00736071428571 0.109666681321	28
-159 81 -0.08325 NaN	1
-157.5 81 0.19701 0.183797233385	5
-156 81 0.17348 0.194912476369	10
-154.5 81 0.128925 0.13946300286	4
-153 81 0.1519 0.159594000514	2
-151.5 81 0.0626214285714 0.116902048945	7
-150 81 0.00745 0.118514918892	11
-148.5 81 0.108245238095 0.0828354844025	21
-147 81 0.0541 0.0749913365367	10
-145.5 81 0.0359125 0.0999119317556	8
-144 81 0.10463 0.155720348702	5
-127.5 81 0.13625 0.0398808224589	2
-126 81 0.173725 0.136325502016	4
-124.5 81 0.1414 0.089052550029	4
-123 81 0.16815 NaN	1
-121.5 81 0.17735 NaN	1
-120 81 0.221621428571 0.0695234424322	7
-118.5 81 0.139361111111 0.0961214133849	9
-117 81 0.12855 0.00905096679919	2
-115.5 81 0.202138888889 0.0924376606752	9
-114 81 -0.039 0.147655962742	4
-112.5 81 0.17559 0.0580878866153	15
-111 81 0.08749 0.092822725212	20
-109.5 81 0.13573 0.132860154417	20
-108 81 0.185216666667 0.119828755592	6
-106.5 81 0.30722 0.0540538630545	10
-99 81 2.68845 NaN	1
-97.5 81 1.75855 NaN	1
-96 81 -0.156254054054 0.195062650588	74
-94.5 81 -0.0928192307692 0.0715928754513	26
-93 81 -0.13855 0.089378297142	2
-91.5 81 0.23341 0.492937812621	10
-90 81 0.00317105263158 0.132798667911	19
-88.5 81 0.0614264705882 0.174818177508	34
-87 81 -0.16535 NaN	1
-66 81 0.308742307692 0.351383504722	52
-64.5 81 -0.0864222222222 0.167609402415	36
-63 81 0.324483333333 0.351521398116	3
-13.5 81 0.090775 0.212969426042	8
-12 81 -0.0838508196721 0.118596424135	122
-10.5 81 -0.0650884341637 0.104200511462	281
-9 81 -0.0191305970149 0.147389437789	201
-7.5 81 -0.0539616022099 0.14877339341	181
-6 81 -0.0418419354839 0.152599613764	248
-4.5 81 -0.0659108695652 0.176726978048	69
-3 81 -0.0327075757576 0.19793938313	33
-1.5 81 0.021187755102 0.170201231122	98
0 81 0.030470212766 0.1877033593	94
1.5 81 0.0646642857143 0.199008420497	7
4.5 81 7e-05 0.0677689014224	10
6 81 0.07565 NaN	1
7.5 81 0.0918227272727 0.0582178510581	11
9 81 0.03011 0.157798477079	20
10.5 81 0.0774541666667 0.13608771883	48
12 81 0.0375411764706 0.137758929321	68
13.5 81 0.0420891304348 0.136302503008	138
15 81 0.000797435897436 0.141033656041	78
16.5 81 0.00697375 0.159217574125	160
18 81 0.0689722222222 0.14812999635	153
19.5 81 -0.0269460784314 0.167325094093	102
21 81 0.0610879746835 0.143345628844	79
22.5 81 0.0594183544304 0.120473546989	79
24 81 0.0485896551724 0.164271515656	58
25.5 81 0.0367013888889 0.145351583394	144
27 81 0.0492137254902 0.14733423966	102
28.5 81 0.0579071428571 0.13786148535	91
30 81 0.0951478723404 0.119827173655	188
31.5 81 0.0629671122995 0.142079752048	187
33 81 0.0775375816993 0.146800714056	153
34.5 81 0.116647627119 0.126394587151	295
36 81 0.0799425925926 0.133838970708	297
37.5 81 0.0469357142857 0.133681111355	154
39 81 0.041622755418 0.114984173367	323
40.5 81 0.0583679245283 0.125540951478	318
42 81 0.0925949438202 0.12699689273	356
43.5 81 0.0913504878049 0.130240372983	205
45 81 0.143424725275 0.108051032647	182
46.5 81 0.0706381355932 0.138365032617	118
48 81 0.104364925373 0.149823020159	134
49.5 81 -0.0126833333333 0.139492509583	30
51 81 0.000414285714286 0.0920369541764	14
52.5 81 -0.0793142857143 0.212105407783	14
54 81 -0.0890277777778 0.123950774279	9
55.5 81 0.02663 0.220380720572	5
58.5 81 -0.048335106383 0.0774272982383	47
60 81 -0.0590357142857 0.0864993850466	35
61.5 81 0.147527272727 0.286739508351	22
63 81 0.101075 0.105784958144	116
64.5 81 0.113507931034 0.100266011931	145
66 81 -0.037146763754 0.131229128665	309
67.5 81 0.0452998141264 0.126353944538	269
69 81 0.0275295698925 0.169651658093	186
70.5 81 -0.00472804154303 0.110936546341	337
72 81 -0.00218853820598 0.0985123743996	301
73.5 81 0.0390275862069 0.0903738445548	290
75 81 -0.000444594594595 0.0972315769131	333
76.5 81 0.00208598615917 0.0792005581301	578
78 81 0.0345256097561 0.0995054105807	533
79.5 81 0.0695090128755 0.0983653053962	466
81 81 0.0379267123288 0.0737979231484	438
82.5 81 0.0176744186047 0.105772819399	258
84 81 0.0518486547085 0.121813448598	223
85.5 81 0.0446574766355 0.145476554877	214
87 81 -0.0130691588785 0.122145443425	214
88.5 81 -0.0709908376963 0.113103171367	764
90 81 -0.0782051020408 0.0908644477066	882
91.5 81 -0.0386102836879 0.0971917872333	705
93 81 -0.0805877952756 0.0737927128008	381
94.5 81 -0.0221959016393 0.117646832474	61
96 81 0.00272401574803 0.0963148262109	127
97.5 81 0.0731246518106 0.163027854739	718
99 81 0.0481560422961 0.106018516607	662
100.5 81 -0.0283535564854 0.101554470559	478
102 81 -0.0243402234637 0.0846652938162	358
103.5 81 0.049549691358 0.0618697090484	324
105 81 0.0716037313433 0.0666063412785	201
106.5 81 -0.182966666667 0.152776404155	6
109.5 81 0.0534886363636 0.0712749775588	44
111 81 0.000185 0.0584975433598	140
112.5 81 -0.0168558823529 0.0394392962442	17
114 81 -0.0341893939394 0.0764097393687	66
115.5 81 0.0547671102662 0.0719524231327	263
117 81 0.051226 0.146775120735	25
118.5 81 0.087083933162 0.0897502622126	389
120 81 0.0755447698745 0.0855889846373	478
121.5 81 0.0478528282828 0.0915355966691	495
123 81 0.0601653153153 0.126456171493	111
124.5 81 0.0641538461538 0.1154762363	104
126 81 -0.17335 0.112212090852	4
127.5 81 -0.04657 0.248650672631	5
133.5 81 -0.00899444444444 0.0858289157439	9
135 81 0.0429624137931 0.0706967132298	145
136.5 81 0.0390768389662 0.0698388499012	503
138 81 0.0190802521008 0.0667203137106	714
139.5 81 0.0164374084919 0.0691169907061	683
141 81 -0.0306270053476 0.0545891542225	187
142.5 81 -0.0290048192771 0.0865290139165	166
144 81 0.0209251131222 0.0967174087254	221
145.5 81 0.037362195122 0.166345298494	205
147 81 -0.000580508474576 0.1259145154	295
148.5 81 -0.019206684492 0.0650166529182	187
150 81 0.00397548076923 0.0725808220152	208
151.5 81 -0.00280434782609 0.112353434112	92
153 81 -0.062075 0.227470765521	4
156 81 -0.28355 NaN	1
157.5 81 0.14915 NaN	1
160.5 81 0.19512 0.0749640217408	10
162 81 0.1253125 0.160921976991	8
163.5 81 0.23585 0.102394677596	3
165 81 0.157316666667 0.151797875479	9
166.5 81 0.024025 0.18076971736	8
168 81 0.15095 0.161471855133	3
169.5 81 0.110483333333 0.144252359888	3
172.5 81 -0.12565 0.174231110884	2
174 81 0.0708378787879 0.0864222582642	33
175.5 81 0.044375 0.108769635337	8
177 81 0.23345 0.0162679644291	4
178.5 81 0.00625 0.168274220644	7
-180 80.5 0.11527 0.0547794933245	10
-178.5 80.5 0.18825 0.0679777169372	3
-177 80.5 0.04107 0.0886160356695	10
-175.5 80.5 0.142244444444 0.135164868705	18
-174 80.5 0.127975 0.0734041405994	8
-172.5 80.5 -0.0500409090909 0.157055241584	11
-171 80.5 0.0336464285714 0.12262657703	28
-169.5 80.5 0.0379166666667 0.0964372507558	3
-168 80.5 0.28715 NaN	1
-166.5 80.5 0.0222 0.0451559962796	16
-165 80.5 0.05765 0.162502061525	5
-163.5 80.5 -0.03955 NaN	1
-162 80.5 0.16475 NaN	1
-159 80.5 0.05517 0.125973001076	5
-157.5 80.5 0.0341875 0.0867545295236	8
-156 80.5 -0.15105 0.201949696707	2
-151.5 80.5 0.0837125 0.104625521845	8
-150 80.5 0.0656 0.0514066629923	2
-147 80.5 -0.066125 0.161208692384	4
-145.5 80.5 0.25515 NaN	1
-144 80.5 0.23475 NaN	1
-132 80.5 0.26525 0.0490308066424	4
-121.5 80.5 0.1596 0.0580970124631	8
-117 80.5 0.31975 NaN	1
-114 80.5 0.25345 0.0874526157413	10
-112.5 80.5 0.66625 NaN	1
-99 80.5 -0.1653 0.0116672618896	2
-97.5 80.5 -0.143579032258 0.104728067532	31
-90 80.5 0.165246296296 0.238641082012	54
-88.5 80.5 -0.3014 0.0111015764646	2
-81 80.5 -0.20045 NaN	1
-79.5 80.5 0.471786363636 0.692066287456	22
-69 80.5 0.366983333333 0.649957633235	9
-67.5 80.5 0.0455285714286 0.181887324287	14
-16.5 80.5 -0.1466 0.0941194957152	20
-15 80.5 -0.02335 0.1906949468	118
-13.5 80.5 0.00207653061224 0.137128409674	49
-12 80.5 -0.0680798969072 0.145003637884	291
-10.5 80.5 -0.00559265402844 0.13783315409	422
-9 80.5 0.0111073667712 0.146049514523	319
-7.5 80.5 -0.0487110619469 0.140012833872	113
-6 80.5 0.0138422077922 0.148382437139	154
-4.5 80.5 -0.0677422651934 0.122839937615	181
-3 80.5 -0.0268213513514 0.14664311414	185
-1.5 80.5 -0.0389192982456 0.158026600834	114
0 80.5 -0.0402109756098 0.132604141862	41
1.5 80.5 0.00155740740741 0.169608832603	27
3 80.5 0.06838 0.11314884052	10
4.5 80.5 -0.09164 0.118871867992	10
6 80.5 -0.00960481481481 0.132862453687	135
7.5 80.5 0.0229533707865 0.160990712218	89
9 80.5 -0.0225902985075 0.136565754015	67
10.5 80.5 0.0535304416404 0.0978706017124	317
12 80.5 0.043273180593 0.0971856740728	371
13.5 80.5 0.0338690709046 0.0847606545337	409
15 80.5 0.0362599447514 0.126043581574	181
16.5 80.5 -0.0317401818182 0.115463496356	275
18 80.5 0.0193928571429 0.142506949853	35
19.5 80.5 -0.017384375 0.173140965521	32
21 80.5 -0.00122391304348 0.142332719095	23
22.5 80.5 0.05625 0.0493560533268	2
24 80.5 0.0666125 0.145056559782	8
25.5 80.5 0.0143026315789 0.118753878853	19
27 80.5 0.0569326086957 0.159904211816	23
28.5 80.5 0.0889842105263 0.147346235521	38
30 80.5 0.0501346153846 0.1293793983	39
31.5 80.5 0.01427 0.122716043892	15
33 80.5 0.0437434782609 0.167046128562	46
34.5 80.5 0.0674571428571 0.107471219365	70
36 80.5 0.0660909090909 0.12893947581	88
37.5 80.5 0.0545331932773 0.150488027183	119
39 80.5 0.0868804347826 0.117195618524	207
40.5 80.5 0.0659887665198 0.116955329928	227
42 80.5 0.0481361111111 0.1276059448	144
43.5 80.5 0.0470384210526 0.126196758998	190
45 80.5 0.0400716494845 0.144855783008	194
46.5 80.5 -0.0404166666667 0.106055383144	60
48 80.5 -0.07201875 0.0860869702654	48
49.5 80.5 -0.0440473684211 0.0442921692814	76
52.5 80.5 -0.0130277777778 0.147187612703	27
54 80.5 -0.0833261904762 0.104151472267	42
55.5 80.5 -0.107874 0.220230603156	25
57 80.5 -0.0625558823529 0.191684318838	17
58.5 80.5 0.0180590909091 0.210104446818	187
60 80.5 -0.0287927184466 0.0460172422969	103
61.5 80.5 -0.039875 0.136730591329	20
63 80.5 0.00396265060241 0.114270767317	166
64.5 80.5 -0.038637755102 0.156264852138	49
66 80.5 -0.0222328828829 0.138561440179	111
67.5 80.5 0.0212475103734 0.128694734393	241
69 80.5 0.0105360465116 0.150213108352	86
70.5 80.5 0.0331857142857 0.120567359619	42
72 80.5 0.0668166666667 0.0906474075746	9
73.5 80.5 0.0170231343284 0.0511367257638	67
76.5 80.5 0.1060676 0.0640032459661	125
78 80.5 0.0986405982906 0.094769700961	234
79.5 80.5 0.00709680851064 0.0958539145148	235
81 80.5 0.0167413043478 0.0876502017145	253
82.5 80.5 -0.0345416666667 0.122994400207	48
84 80.5 -0.128383333333 0.109662439635	6
85.5 80.5 -0.16305 0.0956557949688	10
87 80.5 -0.151541666667 0.0691359458976	12
88.5 80.5 -0.0118190909091 0.0559522974177	110
90 80.5 -0.0210801204819 0.0708471908547	249
91.5 80.5 -0.126359606987 0.0744649045696	229
93 80.5 -0.230033333333 0.0499719891236	12
97.5 80.5 0.0900224489796 0.0832651927632	98
99 80.5 0.0995389570552 0.076884291775	163
100.5 80.5 0.00824298597194 0.101420480111	499
102 80.5 -0.0265980519481 0.0682661412556	154
106.5 80.5 0.00249122807018 0.0647725930944	114
108 80.5 0.0021 0.0570406768329	60
109.5 80.5 -0.0233012195122 0.0522875584772	164
111 80.5 -0.0374919354839 0.0698598610062	62
112.5 80.5 0.00268333333333 0.00949333099251	3
114 80.5 -0.0337911764706 0.0718843712695	153
115.5 80.5 -0.000762307692308 0.0555140480748	65
117 80.5 0.0305972222222 0.11480283343	36
118.5 80.5 0.0198668539326 0.063316833601	89
120 80.5 -0.011319047619 0.0604455755367	210
121.5 80.5 0.00238470588235 0.072735769882	170
123 80.5 -0.046997761194 0.0716216180294	67
124.5 80.5 -0.21605 NaN	1
126 80.5 -0.0918 0.139087903859	2
127.5 80.5 -0.0504333333333 0.151547195369	12
129 80.5 0.22485 NaN	1
133.5 80.5 -0.19575 0.0884063911717	3
135 80.5 0.002983 0.0598580628477	100
136.5 80.5 -0.0120714285714 0.0685775817405	140
138 80.5 -0.0551546511628 0.0789026842274	301
139.5 80.5 -0.07045 0.0552944255412	124
145.5 80.5 0.0892436 0.0877177757613	125
147 80.5 -0.0742722222222 0.0898121986461	27
148.5 80.5 -0.0598833333333 0.10190455694	252
150 80.5 -0.0283240566038 0.0845267687292	212
151.5 80.5 -0.021486746988 0.0804635293196	166
153 80.5 -0.10962 0.0993730686745	10
154.5 80.5 -0.00514571428571 0.0659214320139	70
156 80.5 -0.00818 0.153248846651	10
160.5 80.5 0.095 0.0606362652764	4
162 80.5 -0.119216666667 0.128793995719	3
163.5 80.5 0.0684433333333 0.17628368155	15
166.5 80.5 0.09635 NaN	1
169.5 80.5 0.107883333333 0.189565100955	9
171 80.5 -0.114225 0.111383103895	4
172.5 80.5 0.06527 0.0985951925806	5
174 80.5 -0.248 0.060174787079	2
175.5 80.5 -0.068425 0.149418525737	4
177 80.5 0.170225510204 0.0991526632913	49
178.5 80.5 -0.06005 NaN	1
-178.5 80 -0.04775 0.0514994174724	3
-177 80 0.00796176470588 0.0813065640212	17
-175.5 80 0.0928038461538 0.123629048972	52
-174 80 -0.02405 0.0690136218438	2
-172.5 80 0.13125 NaN	1
-169.5 80 -0.02665 NaN	1
-160.5 80 0.0987166666667 0.0450049256563	3
-159 80 0.0738388888889 0.0802401465048	9
-156 80 0.0349666666667 0.258502359112	6
-151.5 80 0.23225 0.0231920244912	3
-150 80 0.1331 0.0481539717988	2
-148.5 80 0.17921875 0.138922634195	16
-145.5 80 0.113616666667 0.0689284169749	6
-118.5 80 0.2058 0.0495681853612	2
-108 80 1.66128333333 1.00924201425	3
-105 80 0.36055 0.0878049543021	3
-102 80 0.31915 NaN	1
-100.5 80 0.015075 0.122203071624	8
-99 80 0.5643 0.051191959004	4
-97.5 80 -0.2041 0.0975100251256	2
-87 80 0.604 0.244095288771	4
-70.5 80 -0.145265957447 0.09622748395	94
-69 80 -0.0174581818182 0.160121080981	110
-67.5 80 0.089327027027 0.0671708534283	148
-66 80 -0.0253707792208 0.107290934205	77
-18 80 -0.041775 0.0688080508163	8
-16.5 80 -0.0235080357143 0.108433850503	112
-15 80 0.13705 0.162490181755	49
-13.5 80 -0.00264855072464 0.169205778386	69
-12 80 -0.061484109817 0.113510925544	601
-10.5 80 0.0114295081967 0.137000383983	610
-9 80 0.0181857850071 0.124591043225	707
-7.5 80 0.0216508714597 0.122460062464	459
-6 80 0.0142746606335 0.127290278197	442
-4.5 80 -0.0255747058824 0.144288769574	85
-3 80 -0.027093452381 0.129436686319	168
-1.5 80 0.0210422330097 0.141850879094	103
0 80 -0.066975 0.140326270323	8
1.5 80 0.0223012195122 0.145874257705	41
3 80 -0.017643495935 0.114535180893	123
4.5 80 -0.0269904761905 0.104978274424	84
6 80 -0.0511193548387 0.0797736658587	372
7.5 80 0.0013 0.0931175787014	232
9 80 0.0316294247788 0.0919099387904	452
10.5 80 -0.0131314545455 0.0740269582515	550
12 80 0.0122123548922 0.0736523132581	603
13.5 80 0.0129198170732 0.0807573742136	328
15 80 -0.0195079268293 0.147720019945	164
16.5 80 -0.0210840425532 0.231673878992	47
18 80 0.202745744681 0.378227196478	47
25.5 80 0.104683333333 0.0644922217532	6
27 80 -0.0394666666667 0.16840626113	12
28.5 80 0.003725 0.143227935436	48
30 80 0.0580254385965 0.143949386294	57
31.5 80 -0.0431065371025 0.102185575785	283
33 80 -0.0420470238095 0.113436917195	168
34.5 80 0.09155 0.106030347037	70
36 80 0.0770059322034 0.166843692358	59
37.5 80 0.0406815789474 0.141894250962	76
39 80 4.93197278912e-05 0.137353897221	147
40.5 80 0.115436619718 0.128816009439	142
42 80 0.0839038461538 0.154427707956	26
43.5 80 0.0263256302521 0.119063067582	119
45 80 0.033524186551 0.0902602430996	461
46.5 80 0.0153118506494 0.0651236641452	616
48 80 -0.01857265625 0.116097876365	256
49.5 80 -0.0204928015564 0.109580167735	257
51 80 0.00886351351351 0.0858090774646	148
52.5 80 -0.0064978 0.0742971319958	500
54 80 -0.03448 0.0926922236768	210
55.5 80 -0.061125625 0.0591276635518	160
58.5 80 -0.0442351351351 0.0675754812519	74
60 80 -0.064790625 0.0925782558577	32
61.5 80 -0.00359917491749 0.10136255035	303
63 80 0.07975625 0.18185223888	64
64.5 80 0.120671428571 0.14277194432	70
66 80 0.104670740741 0.107809387551	135
67.5 80 0.00923823529412 0.186392907867	17
69 80 -0.0019 0.274145299066	2
72 80 0.0480811111111 0.0510901957425	45
76.5 80 0.0248489473684 0.0503005213262	95
78 80 0.0144303921569 0.0644750115394	153
79.5 80 -0.0144756410256 0.180971348005	39
81 80 0.0149690909091 0.112152242118	110
82.5 80 -0.00446747572816 0.0804733410512	206
84 80 0.00840070422535 0.10038939639	213
85.5 80 -0.03054453125 0.0781717875076	256
87 80 -0.0119744019139 0.0667805902806	209
88.5 80 -0.0189666666667 0.0757298187938	144
90 80 0.0198514218009 0.0816682076504	211
91.5 80 -0.0279369565217 0.129858162981	46
97.5 80 0.390125 0.305669531521	4
99 80 -0.27845 NaN	1
102 80 -0.0296083061889 0.0619339144509	307
103.5 80 0.00941199460916 0.074283591621	371
105 80 0.0490131840796 0.0698772047081	201
106.5 80 0.0352 0.0639152586298	36
121.5 80 0.0022396969697 0.0556090629395	165
123 80 -0.00154494949495 0.0539580639452	198
124.5 80 -0.16195 0.0407293505963	2
126 80 -0.07465 0.153339753489	4
127.5 80 -0.14935 NaN	1
132 80 -0.122816666667 0.160382837818	6
133.5 80 -0.1637 0.115430686272	4
147 80 0.103510408163 0.081040901077	245
148.5 80 0.0343751111111 0.0755500554765	450
150 80 -0.0146175531915 0.0505831518565	188
151.5 80 -0.0715818181818 0.0729935670078	44
153 80 0.209916666667 0.106524285181	3
154.5 80 -0.00410263157895 0.0502668783559	76
156 80 -0.09825 NaN	1
157.5 80 -0.04775 NaN	1
163.5 80 0.05275 NaN	1
166.5 80 0.146704545455 0.127313434983	11
168 80 0.0379833333333 0.175055164639	6
171 80 0.136635714286 0.0835086707788	7
174 80 -0.1602 0.149128820152	2
175.5 80 0.27295 0.104227539547	2
177 80 0.0152807692308 0.150632634714	13
-180 79.5 0.0940382352941 0.0567358669885	17
-178.5 79.5 0.0817760869565 0.157100851272	23
-177 79.5 0.105416666667 0.0795845671807	3
-172.5 79.5 0.06595 0.0989949493661	2
-171 79.5 0.112613636364 0.0839933363158	11
-169.5 79.5 0.06215 NaN	1
-163.5 79.5 -0.05395 NaN	1
-162 79.5 0.03575 NaN	1
-156 79.5 0.102016666667 0.0781261373251	3
-154.5 79.5 0.02869 0.138647051497	10
-153 79.5 0.113903846154 0.100548650044	13
-148.5 79.5 0.166416666667 0.126337339426	3
-147 79.5 0.09645 0.083147519506	3
-145.5 79.5 0.1386 0.129754094348	2
-129 79.5 0.28485 NaN	1
-127.5 79.5 0.29735 NaN	1
-106.5 79.5 1.22635 NaN	1
-105 79.5 0.169572727273 0.0914275405617	22
-103.5 79.5 -0.0785897727273 0.0888521392698	88
-102 79.5 -0.04618125 0.13536792687	16
-100.5 79.5 -0.02665 0.102395686758	7
-99 79.5 0.147868181818 0.0898553595305	11
-97.5 79.5 -0.003075 0.146150556385	20
-96 79.5 -0.20005 NaN	1
-94.5 79.5 0.319778571429 0.205541283074	7
-85.5 79.5 0.54451 1.30825444123	5
-75 79.5 -0.15295 0.0585220642151	6
-72 79.5 -0.175345541401 0.0820154694163	157
-70.5 79.5 0.0682935233161 0.102815207776	193
-69 79.5 -0.0124125 0.131004563715	64
-67.5 79.5 -0.174783333333 0.0288305971727	3
-15 79.5 0.1154 0.0409414826307	2
-12 79.5 -0.0468459568733 0.125597600725	371
-10.5 79.5 0.0290663636364 0.126866994882	660
-9 79.5 0.00571479791395 0.117857416675	767
-7.5 79.5 -0.0562347787611 0.0765204243015	565
-6 79.5 -0.0245807692308 0.1466981019	65
-4.5 79.5 -0.0375417293233 0.152660806943	133
-3 79.5 -0.0256158730159 0.142981671644	126
-1.5 79.5 -0.00862857142857 0.167808066459	56
0 79.5 -0.00796428571429 0.123408811525	7
1.5 79.5 -0.04575 0.135168322081	18
3 79.5 0.0729660493827 0.158618203918	81
4.5 79.5 0.0806824561404 0.112014496925	114
6 79.5 -0.0494201754386 0.139469661275	57
7.5 79.5 0.05874375 0.159396204341	16
9 79.5 0.0750459459459 0.132374132969	74
10.5 79.5 -0.0198775862069 0.111470306413	29
15 79.5 0.441558333333 0.475868584267	24
18 79.5 -0.162118421053 0.0407372464396	95
19.5 79.5 -0.160956077348 0.0597660895731	181
21 79.5 -0.10025 NaN	1
27 79.5 -0.13235 NaN	1
30 79.5 0.05935 0.11609009659	20
31.5 79.5 -0.0837757731959 0.120120052169	97
33 79.5 -0.00404054054054 0.0868721104571	222
34.5 79.5 -0.022578 0.190378945615	25
36 79.5 0.0168 0.150799948686	22
37.5 79.5 -0.0135423076923 0.17634092934	39
39 79.5 0.00241363636364 0.163688060625	88
40.5 79.5 0.0089447826087 0.151257492112	115
42 79.5 0.00364622641509 0.14650470846	53
43.5 79.5 0.0639526086957 0.102940743865	115
45 79.5 0.00999969325153 0.082560660541	489
46.5 79.5 0.0587780943026 0.0577984903668	509
48 79.5 0.0520985799701 0.0727453154155	669
49.5 79.5 0.00640945945946 0.0571918615737	518
51 79.5 0.00222847866419 0.064682619925	539
52.5 79.5 -0.0516361788618 0.0733777351826	123
54 79.5 -5e-05 NaN	1
55.5 79.5 0.119234946237 0.0528625760329	93
57 79.5 0.13696746988 0.0426702337053	166
60 79.5 -0.0382166666667 0.102545664625	3
61.5 79.5 -0.0288 0.0491633908513	6
63 79.5 0.0174161016949 0.138546273373	59
64.5 79.5 -0.0348685185185 0.114886110954	27
66 79.5 -0.0783416666667 0.176689334238	12
78 79.5 0.0666686813187 0.0544338534412	182
79.5 79.5 -0.0118781690141 0.0791129423078	142
81 79.5 0.0228947852761 0.0922179129873	163
82.5 79.5 -0.014767 0.11271232449	100
84 79.5 -0.0707025423729 0.140081146872	59
85.5 79.5 -0.0410923076923 0.131121638712	26
87 79.5 -0.0329397435897 0.141218710172	39
88.5 79.5 -0.0886166666667 0.189896683533	33
90 79.5 -0.0633609589041 0.0947803310343	292
91.5 79.5 -0.0371931034483 0.0843999404741	116
93 79.5 -0.0691608527132 0.0397783963829	129
100.5 79.5 -0.040120212766 0.0463771364696	188
102 79.5 -0.0415158333333 0.075086387778	120
126 79.5 -0.04695 0.241231589971	3
147 79.5 0.0861214285714 0.167775114506	7
148.5 79.5 -0.0362923076923 0.0806057637849	52
150 79.5 -0.0293157407407 0.0663048963951	216
151.5 79.5 -0.0713388888889 0.11436929589	63
153 79.5 -0.12656875 0.0977609753003	16
154.5 79.5 -0.0285411111111 0.0770169309079	45
156 79.5 -0.19505 0.0584006849275	4
157.5 79.5 -0.08895 0.313248304066	2
162 79.5 -0.00545 NaN	1
163.5 79.5 -0.00229 0.168314729005	5
166.5 79.5 -0.0918166666667 0.147443593734	3
169.5 79.5 0.0155428571429 0.174953165004	14
171 79.5 -0.150438888889 0.0936666355279	9
172.5 79.5 -0.079325 0.0509794321271	4
174 79.5 -0.02345 0.137119801633	4
177 79.5 -0.038775 0.187999013739	4
178.5 79.5 0.0913363636364 0.10688645197	22
-178.5 79 0.117396153846 0.106168958233	13
-177 79 0.16307 0.032602867972	5
-175.5 79 0.14765 0.133674268279	3
-174 79 0.110883333333 0.0597116292414	6
-172.5 79 -0.2188 0.0775894107895	4
-171 79 0.088025 0.0939674544723	4
-169.5 79 0.1182625 0.0886563381283	32
-168 79 -0.0592833333333 0.151516379753	3
-166.5 79 0.17915 NaN	1
-165 79 0.04825 NaN	1
-162 79 -0.06105 NaN	1
-160.5 79 -0.0604 0.094451768997	4
-157.5 79 0.0584166666667 0.0965273363699	6
-154.5 79 0.1332 0.176847405975	2
-153 79 0.01115 0.125875838296	4
-151.5 79 0.21955 NaN	1
-148.5 79 0.3143 0.0393858477121	2
-139.5 79 0.22565 NaN	1
-126 79 1.02085 NaN	1
-114 79 0.70295 NaN	1
-108 79 -0.197028947368 0.0770968578527	38
-105 79 0.2378625 0.0669018350699	8
-102 79 0.202075 0.0725086844328	12
-100.5 79 0.0862 0.0938330698635	2
-99 79 0.327613636364 0.121768873467	11
-97.5 79 0.154171153846 0.0985140446572	52
-96 79 0.254593209877 0.19572270687	81
-85.5 79 -0.30295 NaN	1
-84 79 2.27425 NaN	1
-76.5 79 0.381735106383 0.365225172342	47
-75 79 0.186373376623 0.235764880033	77
-73.5 79 0.12295 0.148132024447	13
-72 79 0.3211340625 0.308745515261	320
-70.5 79 0.234855434783 0.209616686267	184
-69 79 0.0916449275362 0.0752849005542	138
-19.5 79 0.66695 NaN	1
-15 79 -0.00782 0.190243125442	10
-13.5 79 0.27285 NaN	1
-12 79 -0.0536330985915 0.124439712295	71
-10.5 79 -0.010846484375 0.104271203982	512
-9 79 0.0185767419962 0.1117060043	531
-7.5 79 -0.0214419047619 0.129139135608	210
-6 79 0.00419778761062 0.117746032764	113
-4.5 79 -0.0804933962264 0.130674453847	53
-3 79 0.04725 0.226051419561	29
-1.5 79 -0.0711882352941 0.16452698409	34
0 79 -0.09125 0.0475175756957	2
1.5 79 -0.00870161290323 0.147021002742	31
3 79 -0.14217 0.182326929039	20
4.5 79 0.0610428571429 0.121704310424	14
6 79 0.0825 0.233274527113	2
12 79 0.455316666667 0.254135993778	3
22.5 79 -0.0889313333333 0.0792479971498	75
24 79 -0.057325 0.222723197041	4
25.5 79 -0.0381966666667 0.0537458480426	45
27 79 -0.0659888429752 0.074278455122	121
28.5 79 0.143485294118 0.110483030038	17
30 79 0.00277448979592 0.102619940448	98
31.5 79 -0.0766730769231 0.157622577453	13
33 79 -0.00413214285714 0.0937766997072	112
34.5 79 0.0116058333333 0.108887707014	120
36 79 0.00945730337079 0.0866330484723	178
37.5 79 0.0381424050633 0.120563422795	79
39 79 0.0143526315789 0.125656151964	76
40.5 79 -0.0120949275362 0.136157782107	69
42 79 0.03381 0.136526259311	55
43.5 79 0.00744615384615 0.15442670619	26
45 79 0.0550687134503 0.0789255091887	171
46.5 79 0.0113198630137 0.0869274213304	73
51 79 0.137246610169 0.0473349217375	59
57 79 0.151373214286 0.0426565565293	56
58.5 79 0.174275 0.0472447175178	16
63 79 -0.16885 0.181324295118	4
79.5 79 0.00475431034483 0.062022891169	232
81 79 0.0042525974026 0.0805145556864	77
82.5 79 -0.0460942307692 0.136740748568	52
84 79 -0.0388733766234 0.136356410785	77
85.5 79 -0.00701226415094 0.110279971029	53
87 79 -0.0417635416667 0.125319187946	96
88.5 79 0.0177444444444 0.177239834195	36
90 79 -0.0248428571429 0.13135522867	14
91.5 79 0.03405 0.136360056468	5
93 79 -0.0796356502242 0.0767991393908	223
94.5 79 -0.107077777778 0.14666459056	18
96 79 0.0152138297872 0.0962438042704	94
97.5 79 -0.29085 NaN	1
100.5 79 -0.0267541916168 0.0925262667709	167
148.5 79 -0.24315 NaN	1
150 79 -0.128492857143 0.0817447097458	21
151.5 79 0.000708461538462 0.0535234816818	65
156 79 -0.1803125 0.13867921811	8
157.5 79 -0.26825 NaN	1
159 79 0.20755 NaN	1
160.5 79 -0.2629 0.0400929544933	2
163.5 79 -0.16425 NaN	1
166.5 79 0.0104166666667 0.0268896510452	3
168 79 -0.03685 NaN	1
172.5 79 -0.05023 0.219718369737	5
174 79 -0.19405 NaN	1
175.5 79 -0.10895 0.172154901179	5
177 79 0.14745 0.0490126004207	13
178.5 79 0.1365 0.145063885926	6
-175.5 78.5 0.0598423076923 0.138883491109	13
-174 78.5 0.0925166666667 0.0213710863864	3
-168 78.5 0.00973 0.138676663502	5
-166.5 78.5 -0.03741 0.162080529367	5
-162 78.5 0.29045 0.0395979797464	2
-160.5 78.5 0.21553 0.0743082566072	5
-159 78.5 0.150675 0.0615848127923	4
-157.5 78.5 -0.080375 0.190683671299	4
-156 78.5 0.01225 NaN	1
-150 78.5 0.23255 NaN	1
-135 78.5 0.24815 NaN	1
-124.5 78.5 0.09175 NaN	1
-123 78.5 0.35355 0.816957691683	3
-120 78.5 0.28215 0.00876812408671	2
-112.5 78.5 0.123274175824 0.0897678961924	91
-111 78.5 0.160522727273 0.320320727056	11
-109.5 78.5 0.195005555556 0.6207525037	18
-106.5 78.5 -0.0374 0.159103937726	6
-99 78.5 0.124102857143 0.0924344134445	70
-97.5 78.5 0.0620642857143 0.214969070865	7
-96 78.5 0.040765625 0.19171771606	32
-94.5 78.5 0.12625 0.187281913168	9
-75 78.5 0.0210926229508 0.0921539680083	61
-73.5 78.5 0.0121064102564 0.0937212013167	39
-72 78.5 -0.192945454545 0.0667719749972	22
-19.5 78.5 0.25635 0.0879640835796	2
-18 78.5 0.33775 0.0206475180106	2
-16.5 78.5 -0.0153 0.122295621344	6
-15 78.5 0.0690785714286 0.0828713403272	7
-13.5 78.5 0.0238375 0.131415420247	8
-12 78.5 0.0415015625 0.171669171496	64
-10.5 78.5 0.00345095238095 0.116738606281	315
-9 78.5 0.0316190987124 0.115375849411	233
-7.5 78.5 -0.0365890243902 0.165200159744	82
-6 78.5 -0.05708875 0.131437481402	80
-4.5 78.5 0.0570014285714 0.130996565674	35
-3 78.5 0.0312442307692 0.128280101636	52
-1.5 78.5 -0.0087525 0.134108848645	80
0 78.5 0.0562214285714 0.138548223865	35
1.5 78.5 0.0973666666667 0.120358856806	18
3 78.5 -0.0701550632911 0.0771913853615	79
21 78.5 0.146655882353 0.192083521777	17
22.5 78.5 -0.021325 0.126994314778	72
25.5 78.5 -0.017703909465 0.0606015329903	243
27 78.5 -0.0588152777778 0.0871432835965	72
28.5 78.5 -0.0184189655172 0.120008020873	29
30 78.5 0.04465 0.176159113682	7
31.5 78.5 -0.114020588235 0.0886019946496	17
33 78.5 -0.0622863636364 0.123258746324	11
34.5 78.5 -0.00603372093023 0.139751868426	43
36 78.5 0.0350246341463 0.0909834575596	205
37.5 78.5 0.0423836996337 0.0684939915238	273
39 78.5 0.00930172413793 0.084848712511	29
40.5 78.5 0.0316958333333 0.103475689436	144
42 78.5 -0.0588964285714 0.108155671354	28
43.5 78.5 -0.11755 NaN	1
45 78.5 0.00195303030303 0.118006102821	33
46.5 78.5 0.24525 0.0847113923861	2
51 78.5 0.115841666667 0.0320522714649	12
78 78.5 0.0946785714286 0.0632578779353	14
79.5 78.5 0.02715 0.0645331439391	4
81 78.5 -0.02385625 0.154895712901	48
82.5 78.5 0.073530952381 0.14694896947	42
84 78.5 0.031905 0.116411077066	100
85.5 78.5 -0.030038961039 0.0907280296686	154
87 78.5 0.00190773195876 0.127273204841	194
88.5 78.5 -0.0114388111888 0.0547569419419	143
90 78.5 -0.030855 0.149262790029	40
91.5 78.5 0.609186363636 0.970479235505	11
93 78.5 -0.0392435897436 0.059642354731	78
94.5 78.5 -0.0646174418605 0.0728071737386	172
96 78.5 0.19807 0.0494437761503	5
97.5 78.5 -0.04527 0.132533147217	10
99 78.5 -0.0163194835681 0.104158694952	213
100.5 78.5 0.0297646341463 0.128175022062	41
105 78.5 -0.0844794117647 0.237845424501	17
106.5 78.5 0.280407446809 0.0417972213799	47
147 78.5 0.0817414285714 0.0748182754154	35
148.5 78.5 -0.00342368421053 0.127588587273	19
150 78.5 -0.03455 0.189644509544	5
151.5 78.5 -0.055225 0.102085499297	4
162 78.5 -0.07575 NaN	1
163.5 78.5 -0.09285 0.15091828915	3
168 78.5 -0.108313636364 0.129431644297	11
169.5 78.5 0.1087 0.0548984820677	4
172.5 78.5 -0.0744676470588 0.106298578514	17
174 78.5 0.0661630434783 0.142763091437	23
175.5 78.5 -0.12695 NaN	1
177 78.5 -0.04565 0.205485230613	2
-180 78 0.124638888889 0.0485591249006	9
-178.5 78 -0.07385 0.0729734198185	2
-177 78 0.14635 NaN	1
-172.5 78 0.0138833333333 0.109569901585	3
-171 78 -0.03913 0.158737242007	5
-163.5 78 0.0926333333333 0.0987071915651	6
-160.5 78 0.33813 0.0685484281366	5
-154.5 78 -0.04575 NaN	1
-147 78 -0.002925 0.130770291606	4
-138 78 -0.13105 NaN	1
-133.5 78 0.31975 0.00212132034356	2
-120 78 -0.29885 NaN	1
-115.5 78 0.40605 NaN	1
-112.5 78 0.111225 0.0839696125591	4
-111 78 -0.0659 0.0532245870502	4
-109.5 78 -0.0168538461538 0.0670020864199	26
-108 78 -0.040575 0.0578771297047	8
-106.5 78 0.13855 NaN	1
-105 78 0.0521653846154 0.141227486974	13
-103.5 78 -0.0127055555556 0.230217378662	18
-102 78 0.170016666667 0.081348284145	3
-99 78 0.489632978723 0.10004661157	47
-97.5 78 -0.0127089285714 0.158252634362	56
-88.5 78 0.01753 0.116639002911	5
-82.5 78 1.08935357143 0.356555805701	28
-78 78 0.05415 NaN	1
-76.5 78 0.11126474359 0.115960831432	156
-75 78 0.0682264367816 0.091100607962	174
-21 78 0.79065 NaN	1
-19.5 78 0.191316666667 0.153515221829	3
-18 78 0.08516875 0.151990584001	16
-16.5 78 0.0555041666667 0.107517594717	48
-15 78 0.210321428571 0.59373858365	7
-13.5 78 0.0843539735099 0.100368433205	151
-12 78 0.0515355072464 0.148965040993	138
-10.5 78 0.209472 0.112991687052	50
-9 78 0.0602010869565 0.121876110303	92
-7.5 78 0.0592166666667 0.146397181392	102
-6 78 0.112044915254 0.137480473126	59
-4.5 78 0.071255785124 0.156587362356	121
-3 78 -0.023418 0.104911942187	150
-1.5 78 0.00742291666667 0.09783309479	144
0 78 0.0310243243243 0.135878535667	74
19.5 78 -0.0795166666667 0.0167129690161	3
21 78 -0.0659779069767 0.0433955884208	86
24 78 -0.17605 NaN	1
30 78 0.114583333333 0.157537000945	6
31.5 78 0.114564285714 0.155769000217	7
34.5 78 -0.20655 0.0270488447073	3
37.5 78 0.0551277777778 0.0597892920551	9
39 78 0.0556775862069 0.114505010682	58
40.5 78 -0.00327133333333 0.119300838552	75
43.5 78 -0.00841363636364 0.141840595548	11
45 78 0.0298166666667 0.192910649438	6
46.5 78 0.0971424050633 0.0919147748679	79
78 78 0.0307541666667 0.109463261572	24
79.5 78 0.06671 0.0752185120281	30
81 78 0.0154833333333 0.0866866964034	3
82.5 78 0.01315 0.0233345237792	2
84 78 0.00157321428571 0.0898344141489	448
85.5 78 -0.000482679738562 0.0625882422094	612
87 78 0.0325468190855 0.0740676383424	503
88.5 78 0.032601241535 0.0662124813393	443
90 78 0.0448581794195 0.0972135023479	379
91.5 78 0.00843823529412 0.118307894322	51
93 78 0.07155 0.0326459798444	3
94.5 78 -0.0211083333333 0.118489125961	24
96 78 0.21675 NaN	1
97.5 78 -0.1261125 0.103817338732	8
99 78 -0.16055 0.124548892675	10
100.5 78 -0.0537023809524 0.154491794666	21
102 78 -0.22205 NaN	1
103.5 78 -0.045226 0.0699121983655	275
105 78 -0.0399224409449 0.0958339690887	127
106.5 78 0.0403673913043 0.123715059899	138
108 78 -0.0115302816901 0.109654374702	71
109.5 78 -0.0595042857143 0.0696266655429	35
117 78 -0.03871 0.0840659443532	5
147 78 -0.13614375 0.0849116204749	16
148.5 78 -0.0335166666667 0.0765654186519	3
150 78 0.00990543478261 0.0514944622311	92
153 78 0.02799 0.143732487629	5
156 78 -0.01266 0.165075581679	10
162 78 -0.131966666667 0.122192559784	6
165 78 0.07195 0.0996730655694	3
169.5 78 0.0906357142857 0.13547625314	14
171 78 0.15225 0.124869975041	16
172.5 78 0.0357416666667 0.15912903683	24
-178.5 77.5 0.1837 0.105853885144	2
-177 77.5 0.09345 0.0896611398545	2
-171 77.5 -0.0124166666667 0.037733583627	3
-168 77.5 0.25875 NaN	1
-157.5 77.5 0.13055 NaN	1
-153 77.5 0.064375 0.14217147343	8
-151.5 77.5 -0.0193961538462 0.125051540144	13
-148.5 77.5 0.032686 0.111012224852	25
-136.5 77.5 -0.06615 NaN	1
-117 77.5 0.83595 NaN	1
-115.5 77.5 0.032825 0.0801792055336	8
-114 77.5 0.157925 0.0271438605704	4
-109.5 77.5 0.10075 NaN	1
-108 77.5 -0.067625 0.121437541265	8
-106.5 77.5 0.03505 NaN	1
-105 77.5 -0.00210454545455 0.145390070938	11
-103.5 77.5 0.0785954545455 0.0898504909685	11
-102 77.5 -0.0576961538462 0.274791680537	13
-100.5 77.5 -0.0983217647059 0.0824924377656	85
-99 77.5 1.310475 0.942271911835	4
-97.5 77.5 0.17195 0.175926503249	12
-96 77.5 0.08735 NaN	1
-93 77.5 -0.174404216867 0.0798910466933	83
-78 77.5 0.266752439024 0.0673706964778	41
-76.5 77.5 -0.0435460784314 0.23503075455	51
-75 77.5 -0.0694688235294 0.0899217192553	85
-67.5 77.5 1.12555 0.970508237987	16
-19.5 77.5 0.13785 0.0824184849816	4
-18 77.5 0.1934028 0.217903991723	125
-16.5 77.5 -0.094502173913 0.140214687433	138
-15 77.5 -0.03593585209 0.104364970297	311
-13.5 77.5 -0.0736341836735 0.0967644769788	196
-12 77.5 0.0261712765957 0.164341358599	47
-10.5 77.5 0.179380952381 0.155874777496	84
-9 77.5 0.0654706896552 0.160541081479	29
-7.5 77.5 0.0863966666667 0.145005456951	45
-6 77.5 0.0374352941176 0.140099047335	68
-4.5 77.5 0.0693765822785 0.153584107675	79
-3 77.5 -0.0126782352941 0.0434918892596	85
39 77.5 0.0552884615385 0.13824183242	13
40.5 77.5 0.0192807692308 0.0983761097745	13
82.5 77.5 -0.17475 0.103210077027	3
84 77.5 -0.0109370967742 0.0752462435029	31
85.5 77.5 -0.0192624087591 0.056446050544	274
87 77.5 0.0100027173913 0.13220383828	184
88.5 77.5 0.0268146706587 0.0687367459976	167
90 77.5 0.0592535971223 0.129059215939	139
91.5 77.5 0.00900614035088 0.126229948928	57
93 77.5 -0.0328708333333 0.0993335751104	168
94.5 77.5 -0.02225 0.113900630376	26
96 77.5 -0.03497 0.0495414047001	60
97.5 77.5 -0.0153141025641 0.0547107667044	156
99 77.5 -0.0157623893805 0.0705261009596	113
100.5 77.5 0.0400264912281 0.0681879845806	285
102 77.5 0.0333540816327 0.11110331048	147
105 77.5 0.3659 0.491389558633	58
106.5 77.5 -0.0128346153846 0.135350353073	13
108 77.5 -0.00225465116279 0.11803953727	43
109.5 77.5 0.0249227272727 0.166678811436	11
111 77.5 -0.06289375 0.0503576162078	112
114 77.5 0.0479586956522 0.0325717238364	23
115.5 77.5 0.0330458333333 0.0348487848851	24
144 77.5 -0.181883333333 0.11545234226	3
145.5 77.5 -0.0416661764706 0.0748923019982	68
147 77.5 -0.0951666666667 0.11815856706	12
148.5 77.5 -0.100275 0.0325922664651	4
150 77.5 -0.0008 0.130988237385	10
151.5 77.5 0.00951114864865 0.0448403912655	296
153 77.5 0.0179025925926 0.0632460981389	135
156 77.5 -0.111795454545 0.101046864015	11
159 77.5 -0.07535 0.0714177848998	2
160.5 77.5 -0.22145 NaN	1
163.5 77.5 0.126 0.148926569154	6
165 77.5 -0.14055 NaN	1
166.5 77.5 -0.138716666667 0.123939111395	3
169.5 77.5 0.1538 0.0857720525579	2
171 77.5 0.00695 NaN	1
174 77.5 0.0886318181818 0.0778044705423	11
175.5 77.5 -0.05345 NaN	1
177 77.5 -0.0589833333333 0.165870200257	3
178.5 77.5 0.010675 0.277039933945	8
-180 77 0.09075 NaN	1
-177 77 -0.1513 0.0963786542757	2
-175.5 77 -0.231083333333 0.0423157575063	3
-168 77 0.0105125 0.122775462154	8
-166.5 77 -0.14236875 0.0988191764032	16
-165 77 -0.196225 0.109976402772	4
-163.5 77 -0.0049 0.127115616665	24
-157.5 77 -0.0789625 0.102403814626	8
-156 77 -0.137516666667 0.137300558387	3
-154.5 77 0.11315 0.0205060966544	2
-151.5 77 0.0121357142857 0.0366463017039	7
-150 77 0.07669 0.0511452148299	5
-148.5 77 0.0485833333333 0.152688746584	3
-144 77 -0.00735 0.0324499614792	3
-136.5 77 0.2655 0.00473761543395	2
-135 77 0.02225 NaN	1
-124.5 77 -0.22135 NaN	1
-123 77 0.17245 NaN	1
-121.5 77 0.26755 NaN	1
-120 77 0.0450928571429 0.106197408273	7
-112.5 77 0.014725 0.0892322951627	4
-109.5 77 0.21009 0.0447703920019	5
-108 77 0.0284344444444 0.157943721213	45
-105 77 -0.01365 NaN	1
-103.5 77 0.10202804878 0.0941652364522	41
-102 77 0.0459120689655 0.115207639918	29
-100.5 77 -0.0695366666667 0.169045259648	15
-99 77 0.15353 0.119403813451	10
-97.5 77 -0.0502103174603 0.0746751362941	63
-18 77 0.0194597744361 0.264855071537	133
-16.5 77 -0.144696702557 0.0907113660268	743
-15 77 -0.0295413693901 0.112582100228	869
-13.5 77 0.00544761904762 0.0816410487457	462
-12 77 0.0497009433962 0.110439904687	53
-10.5 77 0.103663043478 0.0822594747477	23
-9 77 0.12639251497 0.111412336497	167
-7.5 77 0.106419421488 0.152637924974	121
-6 77 -0.00306666666667 0.193587998686	18
85.5 77 0.0497078947368 0.104804756655	19
87 77 0.0768326815642 0.123831917531	179
88.5 77 -0.00600125 0.0960794249463	240
90 77 -0.0656318181818 0.163005465051	11
91.5 77 0.065745 0.144209527912	60
93 77 -0.0266402777778 0.116832380869	144
94.5 77 -0.0737887596899 0.0446273044049	129
96 77 0.0216181818182 0.14482683054	22
97.5 77 0.0356398809524 0.0947510407191	168
99 77 -0.0667055555556 0.0660612804733	9
100.5 77 -0.0427124 0.0856266470659	125
108 77 0.544351086957 0.107296794392	92
109.5 77 0.01281 0.16447865515	5
111 77 -0.0383762910798 0.11246181601	213
112.5 77 -0.131470890411 0.0863225260103	292
114 77 0.0445036764706 0.0469723589455	136
144 77 0.0208642857143 0.113458033555	35
145.5 77 -0.0412942857143 0.125559301349	70
147 77 -0.0545269230769 0.0770535621899	26
148.5 77 0.105396808511 0.0766810061889	94
150 77 0.0720496845426 0.0737283285037	317
151.5 77 0.062855 0.0627468848434	140
153 77 -0.00317876712329 0.0524460026002	73
154.5 77 0.0439585106383 0.094257763163	188
156 77 0.00885 0.13539252195	5
159 77 -0.1391 0.0750275568422	8
160.5 77 -0.136558333333 0.112361692423	12
168 77 0.06475 NaN	1
175.5 77 0.08216875 0.16164027452	32
177 77 -0.0983833333333 0.111220952762	21
178.5 77 -0.27205 NaN	1
-180 76.5 -0.29805 NaN	1
-178.5 76.5 -0.10475 NaN	1
-177 76.5 -0.0645666666667 0.153912227151	6
-174 76.5 -0.1104 0.0941159125759	2
-169.5 76.5 -0.0135 0.123478269343	6
-168 76.5 -0.0957766666667 0.0973312861539	30
-166.5 76.5 -0.0521875 0.104182822403	32
-165 76.5 -0.05695 0.181005966752	3
-163.5 76.5 -0.0500462264151 0.101109280108	53
-162 76.5 -0.04645 0.102983893023	28
-160.5 76.5 0.0377382352941 0.17515342875	17
-159 76.5 -0.111357407407 0.117088789209	27
-157.5 76.5 0.0266375 0.19550112486	8
-156 76.5 -0.11215 0.115308768097	6
-154.5 76.5 -0.170102941176 0.0820295382595	17
-153 76.5 0.08845 0.112147135496	2
-151.5 76.5 -0.0374142857143 0.144891458617	14
-147 76.5 -0.180825 0.103872016604	4
-141 76.5 0.07395 0.0929138310479	2
-136.5 76.5 0.12645 NaN	1
-121.5 76.5 0.1113 0.0494267640049	2
-108 76.5 -0.04821 0.135335150645	5
-106.5 76.5 -0.13205 0.144523112338	5
-103.5 76.5 0.00056875 0.0974892282511	16
-102 76.5 -0.0231833333333 0.163783299922	21
-97.5 76.5 -0.0214586294416 0.0933263730944	197
-96 76.5 -0.0860318584071 0.0803627192621	226
-94.5 76.5 -0.139756666667 0.0997677479139	15
-91.5 76.5 0.51045 NaN	1
-90 76.5 0.0619388888889 0.126041475663	36
-88.5 76.5 0.23745 0.23682820277	60
-84 76.5 -0.08085 0.00848528137424	2
-19.5 76.5 0.326817549669 0.125262255315	151
-18 76.5 0.548584065934 0.129957028128	91
-16.5 76.5 -0.130899647887 0.0912740138722	568
-15 76.5 -0.00936054545455 0.148608088749	550
-13.5 76.5 -0.0120940366972 0.116977960373	218
-12 76.5 0.0277471830986 0.128963253109	213
-10.5 76.5 0.180426785714 0.115182226155	112
-9 76.5 0.243541666667 0.19403765459	144
-7.5 76.5 0.0880058139535 0.127698186403	43
-6 76.5 0.134525438596 0.0591318239212	57
84 76.5 0.00961454545455 0.0496735722222	110
85.5 76.5 0.0325234177215 0.0677655799377	237
87 76.5 -0.0129548387097 0.146994098719	62
88.5 76.5 -0.0100520050125 0.0564542603668	399
90 76.5 -0.0189593596059 0.0697292811731	406
91.5 76.5 -0.00807783505155 0.100701889854	194
93 76.5 -0.106816666667 0.127660065725	15
94.5 76.5 -0.02925 NaN	1
96 76.5 -0.0636423076923 0.108005929182	26
97.5 76.5 -0.0235217948718 0.156004743431	39
99 76.5 -0.05605 0.0185261976671	2
100.5 76.5 0.0822 0.067642776323	54
112.5 76.5 0.0797730769231 0.134320603987	78
141 76.5 -0.024070754717 0.0386881484461	53
142.5 76.5 0.0193711267606 0.0547717220003	284
144 76.5 0.0110031468531 0.055990908221	143
145.5 76.5 -0.00110555555556 0.0721690691341	36
147 76.5 0.118783333333 0.0956779493927	9
148.5 76.5 0.0110479591837 0.120926789991	49
150 76.5 0.0296050561798 0.0704889317132	178
151.5 76.5 0.0399447368421 0.0620046936204	171
153 76.5 0.0293066666667 0.0988125703349	90
154.5 76.5 0.0383074712644 0.0956697136011	87
156 76.5 -0.0166558823529 0.109871991352	136
157.5 76.5 0.0228827272727 0.129112698481	55
159 76.5 -0.08825 0.0764984313565	3
160.5 76.5 0.00985 NaN	1
163.5 76.5 -0.00638333333333 0.21982179904	3
165 76.5 -0.30005 NaN	1
168 76.5 -0.03735 NaN	1
171 76.5 0.12505 NaN	1
175.5 76.5 -0.1542 0.109425850084	4
177 76.5 -0.00135 NaN	1
178.5 76.5 0.0295 0.128996356538	8
-180 76 -0.00690714285714 0.177747685003	7
-178.5 76 0.050125 0.220387119633	4
-171 76 -0.16525 NaN	1
-169.5 76 -0.0113833333333 0.0946003306548	126
-168 76 -0.0634589473684 0.0946227473235	190
-166.5 76 -0.102745555556 0.0853294070475	45
-165 76 -0.0826404761905 0.109300429573	21
-163.5 76 0.0218727272727 0.0911431837005	22
-162 76 -0.0464011111111 0.116564610687	45
-160.5 76 -0.0117449685535 0.0781120452945	159
-159 76 -0.132921428571 0.139456608715	7
-157.5 76 -0.053575 0.104301561989	4
-156 76 -0.111734615385 0.148210485719	13
-154.5 76 -0.0536629032258 0.141394235483	31
-153 76 -0.0381418918919 0.174193936268	37
-151.5 76 -0.167478571429 0.130589531412	7
-147 76 0.1114 0.277397990259	2
-145.5 76 -0.085975 0.107868315883	8
-144 76 -0.167559090909 0.1050468415	11
-138 76 -0.20045 NaN	1
-136.5 76 0.30095 NaN	1
-132 76 0.23215 NaN	1
-127.5 76 0.22195 0.160937503398	2
-126 76 0.22255 NaN	1
-124.5 76 -0.0111 0.198745440199	4
-123 76 -0.1877125 0.0515519140457	80
-120 76 -0.0205391891892 0.0775537720086	74
-118.5 76 -0.0930423913043 0.0850178717265	92
-112.5 76 -0.10135 NaN	1
-108 76 0.28655 NaN	1
-106.5 76 0.123621428571 0.147852423205	7
-105 76 0.0641214285714 0.100186238481	7
-103.5 76 0.01205 NaN	1
-97.5 76 -0.0869141025641 0.0621358295112	39
-96 76 -0.0470801369863 0.090176335706	511
-94.5 76 -0.139029383886 0.0937654570078	422
-93 76 -0.0931338487973 0.0603431393149	291
-90 76 0.02205 0.223267334397	47
-88.5 76 -0.0376696581197 0.168696352003	117
-87 76 -0.29645 NaN	1
-84 76 -0.197961111111 0.0563998547082	9
-82.5 76 1.1103625 0.673025498217	8
-81 76 -0.234045 0.0518023620169	20
-63 76 -0.22085 NaN	1
-61.5 76 0.119416666667 0.0603682311596	3
-19.5 76 0.271325 0.182378521213	8
-18 76 0.156465 0.130681774397	120
-16.5 76 -0.0696934343434 0.10179589038	99
-15 76 -0.00436310160428 0.104281715086	374
-13.5 76 0.132998012232 0.115496492872	327
-12 76 -0.017306097561 0.148563656472	41
-10.5 76 0.151992016807 0.167300079273	119
-9 76 0.20689 0.166701284685	20
67.5 76 -0.0245664383562 0.117687589044	73
82.5 76 0.093325 0.105749268826	8
84 76 -0.0291857142857 0.112939668082	14
85.5 76 0.2593 0.157048416102	2
87 76 0.0885509389671 0.0675103716634	213
88.5 76 0.00994090909091 0.0694357183103	33
90 76 -0.0702279069767 0.134020513268	86
91.5 76 -0.0524883458647 0.129977463502	133
93 76 0.00887 0.195708022319	25
141 76 2.11805 NaN	1
142.5 76 0.0763537037037 0.0707816880352	81
144 76 0.14795 NaN	1
145.5 76 -0.0385166666667 0.238800048855	3
148.5 76 -0.180103240741 0.0720753222849	216
150 76 -0.117619747899 0.074274479918	476
151.5 76 -0.0572118374558 0.0843817046791	283
153 76 -0.0273222222222 0.146191310297	36
154.5 76 -0.046845 0.169719804616	20
156 76 0.105159677419 0.143366831692	62
157.5 76 0.0506225490196 0.131826055207	51
159 76 0.05038 0.0745272664496	10
160.5 76 -0.18123 0.0856754749038	5
162 76 -0.1172 0.150509390626	4
163.5 76 -0.167872222222 0.108804018512	9
165 76 -0.30975 NaN	1
166.5 76 0.0644 0.126075148225	6
168 76 -0.19905 NaN	1
172.5 76 -0.08655 NaN	1
174 76 0.0454 0.00473761543395	2
-180 75.5 -0.0139833333333 0.168388969354	9
-178.5 75.5 -0.153716666667 0.100539013986	3
-175.5 75.5 0.239416666667 0.0116749018554	3
-174 75.5 0.16625 NaN	1
-172.5 75.5 -0.0187620689655 0.0740733351118	58
-171 75.5 -0.0193045454545 0.156906082506	11
-169.5 75.5 -0.0279064705882 0.0662503646837	85
-168 75.5 -0.0281466666667 0.0866459879619	30
-166.5 75.5 -0.02435 0.187201006736	14
-165 75.5 0.0209553333333 0.0968547392143	150
-163.5 75.5 0.00655 0.196117515791	3
-162 75.5 -0.00380319148936 0.0526724318693	141
-160.5 75.5 -0.0204224919094 0.0612827197573	309
-159 75.5 -0.0193452941176 0.074095859575	85
-157.5 75.5 -0.0686214285714 0.134006190607	14
-156 75.5 -0.0672025423729 0.139010166282	59
-154.5 75.5 -0.04995 0.0941150309335	22
-153 75.5 -0.0725833333333 0.177560340917	6
-151.5 75.5 -0.08255 0.175117710412	9
-150 75.5 0.06815 0.251745321042	4
-148.5 75.5 -0.0552738095238 0.0838733127402	42
-147 75.5 0.00779166666667 0.185372168443	12
-145.5 75.5 -0.10661875 0.0886798114473	16
-144 75.5 -0.1127 0.114686289503	10
-142.5 75.5 -0.22055 NaN	1
-127.5 75.5 0.002625 0.117930133675	8
-126 75.5 -0.0312214285714 0.18601786243	21
-124.5 75.5 0.0007125 0.200440172317	8
-123 75.5 -0.116984343434 0.0595195581243	198
-121.5 75.5 -0.0832998084291 0.132284651887	261
-120 75.5 -0.0234127680312 0.0925149170707	513
-118.5 75.5 -0.153618181818 0.0994022534303	22
-117 75.5 -0.0235745614035 0.0605619378367	57
-103.5 75.5 -0.0800923580786 0.059614511624	229
-102 75.5 -0.0382642857143 0.0748451581289	182
-100.5 75.5 -0.0886214285714 0.0602672706349	77
-97.5 75.5 -0.17683 0.0828814294722	75
-96 75.5 0.0524398305085 0.101984283263	59
-94.5 75.5 -0.118068072289 0.116433233401	83
-93 75.5 -0.0654039130435 0.0891280237173	115
-85.5 75.5 -0.163556451613 0.0903720111135	93
-60 75.5 0.48445530303 0.102098362477	132
-58.5 75.5 0.203535714286 0.0523432398874	7
-19.5 75.5 0.270383333333 1.00354062931	6
-18 75.5 0.1844 0.0510853094945	14
-16.5 75.5 -0.0665033333333 0.13509224277	60
-15 75.5 0.0798729281768 0.112235942363	362
-13.5 75.5 0.0702870689655 0.12796470949	116
-12 75.5 0.138887676056 0.133140664302	284
-10.5 75.5 0.0794888888889 0.134236100776	18
-9 75.5 -0.0736456521739 0.122163948998	23
66 75.5 0.125267777778 0.162505667438	45
67.5 75.5 0.082295 0.0823313223568	40
82.5 75.5 -0.0586166666667 0.340567428468	3
84 75.5 0.0889668224299 0.10433915986	107
85.5 75.5 0.219444444444 0.128054356437	18
87 75.5 0.0837252066116 0.0918713187752	121
88.5 75.5 0.080025 0.0951084560336	12
90 75.5 -0.0696833333333 0.0802188939863	15
141 75.5 0.20525 0.0732571574053	10
142.5 75.5 0.509799382716 0.189945920016	81
144 75.5 -0.07265 0.0975448273018	4
145.5 75.5 -0.284913636364 0.0178790532595	11
147 75.5 0.273090206186 0.0609077415973	194
148.5 75.5 -0.112699418605 0.134177583514	172
150 75.5 0.49945462963 0.074481407558	108
151.5 75.5 0.00769230769231 0.11790797541	208
153 75.5 -0.0175925925926 0.10293304767	54
154.5 75.5 0.157802272727 0.183879789459	44
156 75.5 0.104610606061 0.166491249656	33
157.5 75.5 -0.15509 0.118128078796	5
159 75.5 -0.00671666666667 0.129632570496	3
162 75.5 -0.0377 0.0115258405333	2
163.5 75.5 -0.0575944444444 0.09907012808	9
165 75.5 -0.0301 0.0949644407134	2
166.5 75.5 -0.0337642857143 0.0718359573049	7
168 75.5 -0.0965071428571 0.101073700126	7
171 75.5 -0.0525966666667 0.176728423078	15
172.5 75.5 -0.135278571429 0.170023505378	7
174 75.5 -0.005475 0.155499611468	4
178.5 75.5 -0.0539166666667 0.144654260221	9
-180 75 -0.161616666667 0.123154591199	3
-177 75 -0.04569 0.193864598797	10
-175.5 75 0.000295918367347 0.0683458958388	98
-174 75 -0.04749296875 0.114374707905	128
-172.5 75 -0.0259904878049 0.05435487847	205
-171 75 -0.0562425531915 0.0782637472337	376
-169.5 75 -0.0132997816594 0.101246521545	229
-168 75 0.0145276699029 0.111033494268	103
-166.5 75 -0.0856230769231 0.0913119731807	26
-165 75 -0.00852647058824 0.127299389873	68
-163.5 75 0.124890784314 0.081979633918	255
-162 75 0.0295394915254 0.0515555712801	295
-160.5 75 -0.129597826087 0.132174914652	23
-159 75 0.0499115384615 0.0744823150925	26
-157.5 75 -0.15101 0.118973686166	5
-156 75 -0.0672188888889 0.104752725767	45
-154.5 75 -0.1387 0.0876489018756	4
-153 75 -0.08235 0.206131244599	3
-151.5 75 -0.147208333333 0.122127701112	12
-150 75 -0.07456 0.17097642755	10
-148.5 75 0.10775 0.136754451481	2
-144 75 -0.0698833333333 0.109757599585	6
-142.5 75 -0.0265833333333 0.0907077357965	3
-139.5 75 -0.23035 NaN	1
-136.5 75 -0.01145 NaN	1
-132 75 0.01181 0.124187189355	5
-127.5 75 -0.14397 0.12631395139	20
-126 75 -0.0894954545455 0.188116981496	11
-124.5 75 -0.00799081632653 0.15604518699	49
-123 75 -0.0632896825397 0.10342961225	63
-121.5 75 -0.127018398268 0.0998567009996	462
-120 75 -0.0665586705202 0.0763698679239	173
-118.5 75 0.0362741758242 0.100834875295	91
-117 75 -0.00687261484099 0.0904141639736	283
-115.5 75 0.00437552083333 0.100682058924	192
-114 75 0.043825 0.146960633699	8
-106.5 75 -0.074603125 0.0501069873256	160
-105 75 -0.0706504484305 0.0724898685047	223
-103.5 75 -0.10160462963 0.0488332366501	216
-102 75 -0.0289078431373 0.0647527841617	102
-100.5 75 -0.150167647059 0.123589432168	68
-99 75 -0.16682080292 0.0853621973095	137
-97.5 75 -0.145984246575 0.0892420671193	365
-96 75 -0.160288095238 0.0880328813726	63
-93 75 -0.0722350574713 0.135499768754	87
-19.5 75 0.0847847826087 0.134351593044	23
-18 75 -0.0234978021978 0.0839072124374	182
-16.5 75 -0.0261236842105 0.138216189589	152
-15 75 0.0937371621622 0.0935494945433	148
-13.5 75 0.096237816092 0.131456130698	435
-12 75 0.0227863636364 0.192514480706	22
81 75 0.0856918604651 0.0384343053148	43
82.5 75 0.117104054054 0.191691015257	37
84 75 0.0460406666667 0.0962908841541	75
136.5 75 0.0822970588235 0.0605558443895	68
142.5 75 0.11211 0.120665806495	15
144 75 0.359202147239 0.0761006175551	163
145.5 75 -0.0732026315789 0.108417842196	38
147 75 0.03644375 0.183631135591	16
150 75 0.36895 0.360730104094	26
151.5 75 0.0259764516129 0.112125990174	155
153 75 0.0479687793427 0.0661817068752	213
154.5 75 0.0569157894737 0.0994061293573	114
156 75 -0.05265 0.1811902946	15
157.5 75 0.0574166666667 0.182269083565	18
159 75 -0.072125 0.0281113707717	4
160.5 75 -0.09535 0.181822275863	5
162 75 -0.190075 0.143363090903	4
163.5 75 -0.159316666667 0.116600357347	3
165 75 -0.200216666667 0.0568503591311	3
166.5 75 0.01785 0.452548339959	2
168 75 0.01885 NaN	1
169.5 75 -0.0179023809524 0.173122868562	21
174 75 -0.222283333333 0.0728868529526	3
175.5 75 -0.16445 0.0883883476483	2
177 75 -0.191725 0.084914206703	4
178.5 75 0.22735 NaN	1
-180 74.5 -0.0402064102564 0.111442991787	39
-178.5 74.5 -0.137864285714 0.122483773464	7
-177 74.5 -0.11747 0.184282004005	5
-175.5 74.5 -0.0185831858407 0.0694902724162	226
-174 74.5 -0.00281133333333 0.0798537327377	225
-172.5 74.5 0.00248705882353 0.115120125491	170
-171 74.5 0.000233379501385 0.100194257712	361
-169.5 74.5 -0.0591817757009 0.119424808268	107
-168 74.5 0.0188607526882 0.138958386375	93
-166.5 74.5 -0.01295 0.0871046776291	38
-165 74.5 0.0421043478261 0.113819703593	92
-163.5 74.5 0.016195482866 0.0556320207915	321
-162 74.5 0.0363750859107 0.138024487918	291
-160.5 74.5 -0.0200747933884 0.136048558905	121
-159 74.5 -0.09966 0.139135245555	10
-157.5 74.5 -0.0577926829268 0.118954927693	82
-156 74.5 -0.0545625 0.23502439653	8
-154.5 74.5 0.00500714285714 0.156801263357	7
-153 74.5 0.0106642857143 0.193665746658	7
-151.5 74.5 -0.27325 NaN	1
-150 74.5 0.0126333333333 0.108224681412	6
-148.5 74.5 0.00835 0.244980489019	5
-147 74.5 -0.10505 0.165455270894	4
-145.5 74.5 -0.28035 NaN	1
-144 74.5 -0.15035 0.0674621745869	5
-142.5 74.5 0.18415 0.0391737156777	2
-139.5 74.5 -0.13865 0.120985474335	5
-130.5 74.5 0.28765 0.0403050865276	2
-129 74.5 -0.07095 0.174168331275	22
-127.5 74.5 -0.118353636364 0.126169798822	55
-126 74.5 -0.108132608696 0.149580640009	23
-124.5 74.5 -0.0290755813953 0.16394364253	86
-123 74.5 -0.0298102739726 0.160038742479	73
-121.5 74.5 -0.193407251908 0.086388069004	131
-120 74.5 0.02334375 0.092567355432	16
-117 74.5 -0.0679063636364 0.0640529604946	110
-115.5 74.5 0.00661477272727 0.125178464822	88
-114 74.5 0.17717 0.105323463673	5
-112.5 74.5 -0.03285 NaN	1
-103.5 74.5 -0.04738125 0.118869832539	48
-99 74.5 0.179725 0.0546519517797	4
-97.5 74.5 -0.0742125498008 0.110155667452	251
-96 74.5 -0.060475 0.0986393539256	8
-94.5 74.5 -0.0468451851852 0.0761547891456	270
-93 74.5 0.0471895348837 0.0726561301071	86
-91.5 74.5 -0.177309907834 0.0843687415017	217
-90 74.5 -0.286025 0.0200622988048	4
-88.5 74.5 0.0556766666667 0.199803895122	30
-87 74.5 -0.106529166667 0.0520594701577	72
-18 74.5 -0.099425 0.0185936817226	8
-15 74.5 0.0224651260504 0.126148198855	119
-13.5 74.5 0.230065555556 0.126106763851	45
136.5 74.5 0.0624513888889 0.0489819670556	72
142.5 74.5 0.095321257485 0.0543178254061	167
144 74.5 0.18618875969 0.0919120888659	129
147 74.5 0.0880572992701 0.0593443659487	137
148.5 74.5 0.0279151234568 0.107403555641	324
150 74.5 -0.0280691806331 0.0897313595622	537
151.5 74.5 0.025483744856 0.0842122447294	243
153 74.5 0.018925 0.092875317855	16
154.5 74.5 0.0285736842105 0.146269454117	38
156 74.5 -0.06118 0.159166761714	30
157.5 74.5 -0.0167433333333 0.140053369759	15
159 74.5 -0.0876934782609 0.115569608407	23
160.5 74.5 -0.04885 0.17569109772	12
162 74.5 -0.039775 0.141472668149	4
163.5 74.5 0.028825 0.0646861332384	4
166.5 74.5 0.16015 NaN	1
168 74.5 -0.03245 NaN	1
171 74.5 -0.11835 0.14207892173	4
175.5 74.5 -0.0698833333333 0.181312557021	3
177 74.5 0.008575 0.126922663461	4
178.5 74.5 0.0218988372093 0.142428480586	43
-180 74 -0.0199043478261 0.0662174958637	46
-178.5 74 -0.002396875 0.102062928041	32
-177 74 -0.0485944444444 0.0708635086299	54
-175.5 74 0.0061756097561 0.0718206624933	164
-174 74 -0.0499523255814 0.125760313386	43
-172.5 74 0.0467573529412 0.107520830771	68
-171 74 -0.0101681818182 0.168765747817	11
-169.5 74 -0.0848240740741 0.158155866626	27
-168 74 0.0186036082474 0.108340189586	97
-166.5 74 0.0753185185185 0.0911937917444	540
-165 74 0.0187321100917 0.0694831611146	218
-163.5 74 0.00777479674797 0.0677156352711	246
-162 74 0.151436134454 0.067769752418	238
-160.5 74 -0.0581863636364 0.149681313167	33
-159 74 -0.0827456521739 0.117338862346	23
-157.5 74 -0.0130388268156 0.0565019460092	358
-156 74 0.0127875 0.0957208282679	8
-153 74 -0.066975 0.149294929028	4
-151.5 74 -0.09245 0.113155026402	4
-150 74 0.0989785714286 0.07872868419	7
-148.5 74 -0.0444611111111 0.125439005507	27
-144 74 -0.13965 NaN	1
-141 74 0.17485 NaN	1
-139.5 74 0.23695 NaN	1
-130.5 74 0.25395 0.0257386868352	2
-129 74 0.0360423076923 0.183505740342	26
-127.5 74 -0.0368763157895 0.129576184549	19
-126 74 -0.0715828282828 0.112718137678	198
-124.5 74 -0.0813835714286 0.106717033634	140
-117 74 -0.111663953488 0.0654311945082	86
-112.5 74 -0.098115 0.0410866385632	20
-99 74 -0.125025 0.0868800849831	4
-97.5 74 -0.0285815068493 0.0594939980089	73
-96 74 0.00761785714286 0.148895995559	56
-93 74 2.5597 0.276832304835	2
-91.5 74 0.02905 0.220789186782	5
-90 74 -0.21855 NaN	1
-88.5 74 -0.04508125 0.0403093656404	16
-87 74 -0.0809671875 0.133217039641	192
-85.5 74 0.108316666667 0.115979699373	6
-19.5 74 0.0365928571429 0.233478841705	7
-18 74 0.21078442623 0.0667705515596	183
-16.5 74 0.0125783216783 0.0685542628102	286
-15 74 -0.00438170731707 0.0646245326444	41
-13.5 74 0.074025 0.12574517552	4
85.5 74 -0.251110606061 0.0362705970742	33
138 74 -0.0564716 0.0471568993755	125
139.5 74 -0.101966190476 0.0551689783996	105
141 74 -0.04722 0.181523104946	90
142.5 74 -0.0804985714286 0.0666446545045	210
144 74 -0.17371 0.0509617307398	5
145.5 74 -0.0648351612903 0.075769764353	310
147 74 -0.0228416666667 0.130391276972	84
148.5 74 0.0839828530259 0.0792862496275	347
150 74 0.0116909252669 0.108706874197	281
151.5 74 -0.0323907407407 0.15965670927	27
153 74 -0.22295 NaN	1
154.5 74 -0.0533909090909 0.0898222412975	44
156 74 -0.0783911458333 0.0421687873049	192
157.5 74 -0.00108266666667 0.0600187414764	150
159 74 -0.0247864485981 0.0802261532206	214
160.5 74 -0.04645 0.089378297142	2
163.5 74 0.0172833333333 0.155844548616	3
166.5 74 -0.0812 0.201030457891	2
168 74 0.059625 0.317059104637	4
169.5 74 -0.0720189655172 0.124033405936	29
172.5 74 -0.0271 0.160509474576	8
174 74 0.0006875 0.152544091401	8
175.5 74 0.12755 0.0923217742464	3
177 74 0.0441785714286 0.1038607997	7
178.5 74 0.00696304347826 0.102680755762	46
-180 73.5 0.04679 0.0604256788681	10
-178.5 73.5 0.03271 0.162409691829	5
-177 73.5 -0.0182878378378 0.0525649222439	222
-175.5 73.5 0.0158955357143 0.0654114989526	224
-174 73.5 -0.0295740740741 0.123659457726	54
-172.5 73.5 0.0629947552448 0.0518448901122	143
-168 73.5 -0.0634255319149 0.0906960511596	94
-166.5 73.5 0.125897058824 0.0532546500544	68
-165 73.5 0.0531791262136 0.100250633592	103
-163.5 73.5 0.136411290323 0.0731694460993	155
-162 73.5 -0.0286578431373 0.160123487151	51
-160.5 73.5 -0.102372222222 0.115993833648	9
-159 73.5 0.0187111111111 0.106005879816	126
-157.5 73.5 -0.01997 0.128392472521	5
-156 73.5 0.0037625 0.118788132757	32
-154.5 73.5 -0.0116507407407 0.043839753132	135
-153 73.5 -0.0302392857143 0.0492590081199	28
-151.5 73.5 -0.00429266666667 0.0496937635495	225
-148.5 73.5 -0.03783 0.0508822598126	45
-147 73.5 -0.0459939252336 0.0789780900804	107
-145.5 73.5 -0.0230227272727 0.0838196169272	11
-144 73.5 0.03085 0.0874679584191	17
-139.5 73.5 -0.025025 0.0917021070018	8
-135 73.5 -0.252016666667 0.0209619496549	3
-133.5 73.5 0.17345 NaN	1
-132 73.5 0.231775 0.0676078582711	4
-130.5 73.5 0.15495 NaN	1
-129 73.5 0.19063 0.0756865377726	5
-127.5 73.5 -0.0151232142857 0.145176848961	112
-126 73.5 -0.0628658333333 0.1045898046	120
-106.5 73.5 0.0005 0.0481539717988	2
-103.5 73.5 -0.112372222222 0.079793746274	9
-102 73.5 -0.118306521739 0.0667728430514	23
-97.5 73.5 -0.0633166666667 0.160444328351	9
-96 73.5 -0.0397425925926 0.0707195214368	27
-91.5 73.5 0.342007777778 0.620228353288	45
-90 73.5 -0.0644471264368 0.0901907762405	174
-88.5 73.5 0.05746484375 0.0993782799903	128
-85.5 73.5 0.535125675676 0.179645010144	37
-18 73.5 0.161856593407 0.120944196317	91
-16.5 73.5 0.0811928571429 0.0758602058614	49
-15 73.5 0.1354921875 0.0821813805133	64
139.5 73.5 -0.0940636363636 0.0525454511104	198
141 73.5 -0.0509722222222 0.0944301564356	9
144 73.5 -0.0871566666667 0.113974036916	45
145.5 73.5 -0.0162371794872 0.085232578904	117
147 73.5 -0.00527950819672 0.113160795922	122
148.5 73.5 0.028030952381 0.156184844396	21
150 73.5 0.0290056603774 0.109344604309	106
151.5 73.5 -0.0130666666667 0.162100356775	6
153 73.5 0.0004 0.0221324422511	2
154.5 73.5 -0.0394836448598 0.0577449122874	107
156 73.5 0.00545717299578 0.0769816575118	474
157.5 73.5 0.025775 0.106078031443	260
159 73.5 -0.0185381355932 0.0417411732761	59
160.5 73.5 0.0441921052632 0.149831625188	19
165 73.5 0.055 0.145994098054	4
168 73.5 -0.09395 0.0705619585896	3
169.5 73.5 -5e-05 0.167001505554	8
171 73.5 -0.0625327586207 0.162324723205	29
172.5 73.5 -0.0223 0.130098572045	30
174 73.5 -0.016098125 0.0996814492131	160
175.5 73.5 -0.179883333333 0.044025030759	3
177 73.5 0.122275 0.0593000060226	8
178.5 73.5 0.021625 0.0838750807252	4
-178.5 73 0.001275 0.103143601353	4
-177 73 0.0184970588235 0.165788015861	34
-175.5 73 -0.07825 0.198979848226	2
-174 73 -0.0804195238095 0.0987738745471	105
-169.5 73 -0.0299833333333 0.157233349073	12
-166.5 73 0.0411001792115 0.0701967024962	279
-165 73 0.066534057971 0.0894372711872	69
-163.5 73 0.00591 0.232004195775	15
-162 73 -0.0101833333333 0.147550869976	27
-160.5 73 0.0418456521739 0.0948068154352	23
-159 73 -0.06298 0.112745241935	20
-157.5 73 -0.0506045454545 0.138151180694	11
-156 73 -0.0391233333333 0.155215161569	15
-154.5 73 0.11655 NaN	1
-153 73 -0.29765 NaN	1
-151.5 73 -0.06395 0.236315086273	2
-147 73 -0.0291067164179 0.116569577641	67
-145.5 73 -0.099225 0.117957705248	12
-144 73 -0.121383333333 0.0949629301108	15
-142.5 73 -0.05255 0.0859086972271	217
-139.5 73 -0.17405 NaN	1
-135 73 0.16555 0.121171902684	3
-133.5 73 -0.04805 NaN	1
-132 73 0.0956833333333 0.15339639283	3
-129 73 -0.150570833333 0.110571869129	24
-127.5 73 -0.0175181553398 0.0812207976584	515
-126 73 -0.0288679104478 0.0420917630767	134
-124.5 73 0.110737155963 0.111618265714	109
-109.5 73 -0.10465 NaN	1
-105 73 0.00587894736842 0.112038616702	114
-103.5 73 -0.0853895348837 0.0962960304344	86
-102 73 0.0451875 0.112057025502	8
-97.5 73 0.0567971698113 0.0651254842113	53
-96 73 -0.100901515152 0.0622628557067	33
-93 73 -0.213683333333 0.0595018207004	15
-91.5 73 -0.0125807692308 0.165218629824	13
-90 73 -0.102835714286 0.0989541885348	7
-18 73 0.145336666667 0.08019456828	30
-16.5 73 0.00745 0.131097597232	2
141 73 0.09695 0.0398808224589	2
144 73 0.0275636563877 0.0496973783458	227
145.5 73 -0.0368202702703 0.0753411016086	37
147 73 -0.0163479166667 0.102083525438	48
148.5 73 -0.0529208029197 0.0839646521921	137
150 73 0.0920227272727 0.135212293013	11
151.5 73 0.00587375 0.0763511727526	80
153 73 0.0795285714286 0.113270349027	42
154.5 73 0.0508871681416 0.0559284085153	226
156 73 -0.0126691919192 0.133236977521	99
157.5 73 -0.00760020746888 0.0798881588663	241
159 73 0.10331 0.160842892289	10
160.5 73 -0.00485 0.186518490431	12
162 73 0.0601166666667 0.12214382554	18
163.5 73 0.0747642857143 0.124904036131	14
165 73 -0.0571321428571 0.130009093538	56
166.5 73 0.0293012820513 0.131392421218	39
168 73 -0.0444333333333 0.11248822834	12
169.5 73 -0.0145446524064 0.075282465031	187
171 73 -0.0590640625 0.0676101285433	64
172.5 73 -0.000405621301775 0.0882021196552	169
174 73 0.0052775862069 0.104435372097	58
178.5 73 -0.07048 0.156808085463	10
-180 72.5 -0.0914833333333 0.0378282081697	3
-178.5 72.5 0.190727777778 0.0362986149108	9
-177 72.5 -0.00318823529412 0.17079675679	34
-175.5 72.5 0.00819505494505 0.0607086434975	182
-169.5 72.5 -0.08075 NaN	1
-168 72.5 -0.00319117647059 0.188934780608	17
-166.5 72.5 0.110761111111 0.0905711209422	27
-165 72.5 0.0712592307692 0.112219911073	130
-163.5 72.5 -0.0251766666667 0.105781534577	30
-162 72.5 0.00709 0.178388579872	15
-160.5 72.5 -0.03066 0.146779626576	10
-159 72.5 0.00688333333333 0.0757241264944	3
-157.5 72.5 -0.0324884615385 0.133909612167	13
-156 72.5 -0.08595 NaN	1
-153 72.5 -0.0024 0.0473054436614	2
-151.5 72.5 0.12228125 0.108419590596	16
-145.5 72.5 -0.100907142857 0.0969548855179	42
-144 72.5 0.02825 0.207469409793	16
-142.5 72.5 -0.155359090909 0.103879501872	11
-141 72.5 -0.0319915254237 0.111985071751	118
-139.5 72.5 -0.0719911764706 0.100488488513	17
-138 72.5 -0.05821 0.173212594808	5
-135 72.5 0.10875 NaN	1
-133.5 72.5 -0.0282928571429 0.178671606186	7
-130.5 72.5 -0.0678121621622 0.0810482330648	74
-129 72.5 -0.0501131578947 0.16362702918	19
-127.5 72.5 -0.00573995983936 0.0807845463129	249
-126 72.5 -0.00974292035398 0.0866629016916	339
-118.5 72.5 -0.27295 0.0164048773235	2
-108 72.5 -0.185659090909 0.0497457225205	11
-105 72.5 -0.0972666666667 0.0735048397766	18
-103.5 72.5 -0.0505055555556 0.112800699367	9
-102 72.5 -0.0757320512821 0.11314456489	39
-96 72.5 -0.127992328042 0.0958769113759	189
-93 72.5 -0.126467021277 0.249377747803	188
-91.5 72.5 -0.16855 NaN	1
-90 72.5 0.0141466666667 0.131493278924	30
-87 72.5 -0.10765 0.127942044171	4
-85.5 72.5 0.12156 0.0668447363506	10
135 72.5 -0.130325 0.0439024394612	140
144 72.5 0.0286612903226 0.0760835996305	62
148.5 72.5 0.056365282392 0.0488668691344	301
150 72.5 0.0167138235294 0.0495923555173	340
151.5 72.5 0.17235 NaN	1
154.5 72.5 0.0365147826087 0.0570449705669	230
156 72.5 0.00223260869565 0.0850944372235	46
157.5 72.5 -0.0120484375 0.093940625443	64
159 72.5 -0.0413449152542 0.102444419622	59
160.5 72.5 0.14580483871 0.0772472344217	31
162 72.5 -0.0180032467532 0.048134937825	231
163.5 72.5 -0.0935527027027 0.103958314845	74
169.5 72.5 0.14635 0.0115965512115	2
171 72.5 0.24325 0.0504874241767	2
174 72.5 -0.0775875 0.0577314456898	8
175.5 72.5 0.1895 0.0502752921424	2
177 72.5 -0.0939666666667 0.103304257737	6
-178.5 72 -0.129298245614 0.183688269618	114
-177 72 -0.0930586092715 0.118660752254	151
-175.5 72 -0.137583333333 0.0587018171212	3
-168 72 -0.0375903225806 0.0978641036012	62
-166.5 72 -0.00983650793651 0.0863311747662	126
-165 72 0.0170771929825 0.0972326662079	114
-163.5 72 -0.117975 0.142549688079	8
-162 72 -0.146253703704 0.123596920803	27
-160.5 72 -0.01705 0.151994481808	9
-159 72 0.00728 0.201234341282	10
-157.5 72 -0.18055 0.0578413347011	2
-154.5 72 0.0178402439024 0.0643949757546	41
-153 72 0.0287319444444 0.0780824024954	216
-151.5 72 -0.0413029801325 0.12828244401	151
-150 72 -0.0367293650794 0.0932436734146	63
-145.5 72 0.03295 0.115521729558	3
-144 72 -0.0041625 0.174996983137	8
-142.5 72 0.0185988372093 0.154433866832	43
-141 72 0.0104760869565 0.140291246462	23
-139.5 72 -0.14515 0.109259629629	4
-138 72 -0.00117666666667 0.120321381942	15
-135 72 -0.09319 0.0879092372848	15
-132 72 -0.0632166666667 0.054573100822	3
-130.5 72 0.05345 0.100698440902	6
-129 72 -0.00222079646018 0.0609692477747	339
-127.5 72 0.0503678217822 0.0649170646225	101
-120 72 -0.0770278761062 0.0623765319516	113
-118.5 72 0.0737196969697 0.184524208244	33
-103.5 72 -0.102316666667 0.159215585502	6
-102 72 -0.0885248538012 0.0949430969479	171
-100.5 72 -0.23778 0.0434070005437	80
-96 72 -0.00621428571429 0.0463008696365	28
-94.5 72 -0.150760309278 0.0736997307273	97
-93 72 -0.0957978365385 0.0897262033164	416
-91.5 72 0.0492384615385 0.0701440882872	130
-90 72 -0.10645 0.0664407003776	4
82.5 72 -0.0295378787879 0.0901446992529	165
150 72 -0.018041875 0.0432415054688	160
151.5 72 0.0173363636364 0.0731054211425	44
153 72 -0.13185 0.0907488370646	8
157.5 72 -0.15915 0.154206452524	3
159 72 -0.019574822695 0.129474962365	141
160.5 72 0.186865384615 0.0538510421774	13
162 72 -0.0109081632653 0.0463854112407	98
165 72 0.04345 NaN	1
168 72 0.16845 0.0587577228967	3
174 72 -0.09475 0.0420278479106	4
175.5 72 0.0459517241379 0.147927242063	58
177 72 -0.0186466666667 0.126456186997	30
-177 71.5 0.00241260869565 0.102561781518	115
-166.5 71.5 0.0446060669456 0.0461690039672	239
-165 71.5 0.0923740963855 0.0395713822141	83
-162 71.5 -0.0180891752577 0.0880141034587	97
-160.5 71.5 0.06375625 0.146038983237	16
-159 71.5 0.10425 0.105358910397	2
-156 71.5 -0.228827419355 0.0420275456489	93
-154.5 71.5 -0.0300777777778 0.0978255217845	18
-153 71.5 0.0115845070423 0.104117225972	142
-151.5 71.5 0.0280625 0.153641441173	24
-150 71.5 0.0105460674157 0.074613487945	178
-148.5 71.5 -0.0185816901408 0.0456389818032	284
-145.5 71.5 0.0812921052632 0.0525735889096	95
-139.5 71.5 0.30555 NaN	1
-138 71.5 -0.027953125 0.0705250149369	32
-136.5 71.5 -0.0422019480519 0.0972914402329	154
-135 71.5 -0.0488363013699 0.113843025838	73
-133.5 71.5 -0.0148714285714 0.157832945662	14
-132 71.5 0.0045925 0.13644985157	40
-130.5 71.5 0.17025 NaN	1
-129 71.5 0.03049 0.222367023185	5
-126 71.5 0.271688888889 0.0455386195774	36
-118.5 71.5 -0.08355 NaN	1
-105 71.5 -0.05663 0.22771695589	5
-100.5 71.5 -0.1228609375 0.0771394225633	64
-99 71.5 -0.151175 0.0515831852448	8
-97.5 71.5 0.0479518181818 0.082537014123	55
-93 71.5 -0.0940176666667 0.081394984281	300
-91.5 71.5 -0.065203968254 0.0964334181559	63
-90 71.5 -0.138216666667 0.0663708018132	3
-85.5 71.5 -0.0276627659574 0.0864304284608	47
-84 71.5 -0.0810642857143 0.121005624951	28
150 71.5 0.330976415094 0.25593918084	53
151.5 71.5 0.0830923076923 0.134936730775	52
153 71.5 -0.0634430232558 0.0760201719216	86
154.5 71.5 -0.0406428571429 0.0503393139912	42
159 71.5 -0.0704877358491 0.102215980285	53
160.5 71.5 -0.0239583333333 0.106109664184	12
162 71.5 -0.0250136363636 0.14943847746	11
165 71.5 -0.0687653846154 0.0543134704923	13
166.5 71.5 -0.0512028301887 0.0492698011884	53
168 71.5 -0.01055 0.122693276099	5
169.5 71.5 0.00813255813953 0.0940704031618	86
171 71.5 -0.0567881294964 0.0897601339769	139
177 71.5 0.104782568807 0.0488649695359	218
178.5 71.5 -0.0719277777778 0.0431298962289	27
-160.5 71 -0.0929625984252 0.0527001310081	127
-154.5 71 -0.0217981818182 0.0805032459677	110
-153 71 -0.0275 0.026799347007	2
-150 71 0.077025 0.0180235725278	4
-147 71 0.0867358585859 0.0608326258632	99
-145.5 71 -0.0219703821656 0.0872013259565	157
-144 71 0.0775079545455 0.0622032351629	88
-135 71 -0.05015 0.132794653507	2
-132 71 -0.0596095628415 0.052854605711	183
-130.5 71 -0.175183333333 0.111856261932	3
-127.5 71 0.406571621622 0.0917483034513	37
-126 71 0.274671052632 0.0661287009378	19
-99 71 -0.0371765306122 0.07982036346	98
-97.5 71 -0.01087 0.124317816726	10
-93 71 0.0187639705882 0.293366148461	136
-91.5 71 -0.0217234693878 0.168963964077	49
-90 71 -0.0146442307692 0.134631035978	52
-88.5 71 0.12935 NaN	1
73.5 71 0.0965 0.0336004017833	6
153 71 -0.0932547619048 0.129199305247	21
162 71 -0.007874 0.142215329063	50
163.5 71 -0.0279590909091 0.139541635158	77
165 71 -0.07495 0.0762576078737	30
166.5 71 -0.065463968254 0.049447175653	315
171 71 -0.0719643812709 0.0608908884468	299
177 71 0.168991176471 0.0417332446338	34
-178.5 70.5 -0.0970894736842 0.0513601356584	38
-145.5 70.5 0.19035 NaN	1
-144 70.5 0.119 0.0344361002438	2
-132 70.5 -0.0626388888889 0.0686121145972	189
-130.5 70.5 -0.0993303797468 0.0583429444469	158
-117 70.5 -0.04835 NaN	1
-100.5 70.5 -0.1222 0.0311834090503	2
-99 70.5 -0.0406541666667 0.10459275675	24
-97.5 70.5 -0.123543333333 0.125471007596	30
-91.5 70.5 0.00803440366972 0.0844482528262	218
-90 70.5 -0.0793833333333 0.0485836941096	21
-79.5 70.5 -0.138075 0.171914553111	8
162 70.5 -0.024875 0.112376791085	64
163.5 70.5 -0.0780144444444 0.131419485593	90
-145.5 70 0.2476 0.218708127421	2
-100.5 70 -0.23775 0.0165462986798	2
-91.5 70 0.00265 0.099938180892	3
-90 70 -0.0168833333333 0.0815541742238	3
-87 70 0.11075 0.164267424241	7
-78 70 -0.0282166666667 0.162355420298	9
163.5 70 0.0265243589744 0.0970001348831	39
-100.5 69.5 -0.0277723684211 0.101689235876	76
-96 69.5 -0.123265384615 0.105829533467	26
-94.5 69.5 -0.1522 0.108165136096	4
-88.5 69.5 -0.015322972973 0.0739854285863	74
-81 69.5 0.02675 NaN	1
-79.5 69.5 0.0301877358491 0.107195447353	53
-78 69.5 0.0716954545455 0.138621181397	33
-103.5 69 -0.2245125 0.0411286461692	8
-100.5 69 -0.075774 0.119998646798	25
-94.5 69 -0.16535 0.127834424159	3
-88.5 69 -0.00491285714286 0.103760312275	35
-85.5 69 -0.175445833333 0.145660013549	24
-81 69 0.0355434579439 0.0522787111169	107
-79.5 69 0.130392105263 0.180863310536	38
-78 69 0.230541284404 0.175491633755	218
-76.5 69 0.193345238095 0.125776388789	42
-103.5 68.5 -0.200077272727 0.0347857453005	44
-99 68.5 -0.25585 0.0124450793489	2
-87 68.5 -0.0514 0.201324877657	12
-82.5 68.5 -0.0782388888889 0.042340945207	27
-81 68.5 0.000801533742331 0.0856921221409	163
-79.5 68.5 -0.111265686275 0.0977395117085	51
-78 68.5 0.0124010869565 0.194714158769	92
-76.5 68.5 -0.0293815789474 0.209568427419	57
69 68.5 0.04835 0.0945582889016	3
78 68.5 -0.101279032258 0.0387953917624	62
-99 68 0.410916666667 0.0322527931607	6
-87 68 0.0375 0.0311834090503	2
-82.5 68 -0.0759458677686 0.0736066407746	121
-81 68 -0.0494361111111 0.116213904991	216
-79.5 68 -0.197356666667 0.0692833105464	195
-78 68 0.0171657894737 0.129640795895	38
-76.5 68 -0.218481578947 0.0603126319307	38
-64.5 68 0.0279296116505 0.0886386311558	103
-81 67.5 0.0294067567568 0.0844542513445	74
-79.5 67.5 0.0448799625468 0.0884344007398	267
-78 67.5 0.1824575 0.184852225376	160
-75 67.5 -0.1792875 0.083290880692	32
13.5 67.5 0.0595840425532 0.0552782532309	94
-82.5 67 -0.155016666667 0.0881659987372	3
-81 67 0.0969166666667 0.117445845676	33
-79.5 67 0.00431686217009 0.0954433335968	341
-78 67 0.270764003945 0.0739028909693	507
-76.5 67 0.456244642857 0.339120393971	56
-75 67 0.792168217054 0.185007472605	258
33 67 0.143070833333 0.263668785937	24
-82.5 66.5 0.108805 0.277379258654	20
-81 66.5 0.106052 0.146231412201	50
-79.5 66.5 0.0814183673469 0.131978075028	98
-78 66.5 -0.0521695121951 0.0876624926052	41
-76.5 66.5 0.100552816901 0.177510640953	142
-75 66.5 0.31601 0.226806689852	90
-22.5 66.5 0.2007 0.0750240294839	2
-84 66 0.181416666667 0.374162028182	3
-82.5 66 0.11505 0.129210149977	8
-79.5 66 0.0273887096774 0.150417733169	31
-78 66 -0.129328153846 0.0957565856113	325
-75 66 0.191763207547 0.216574819225	53
-67.5 66 0.203195 0.0488452500833	80
-66 66 0.2632265625 0.0813932327092	64
12 66 0.202040909091 0.616478537266	11
34.5 66 0.9791 0.0446184378929	2
-84 65.5 -0.046754 0.100714764227	25
-82.5 65.5 0.00897222222222 0.0851487871183	18
-81 65.5 -0.0369846153846 0.0906525981638	26
-79.5 65.5 0.169773636364 0.121211897356	55
-78 65.5 -0.071373853211 0.114220763257	109
-39 65.5 -0.19465 0.069516779749	16
12 65.5 -0.242616666667 0.0634849851015	3
34.5 65.5 -0.136809322034 0.128655941653	118
36 65.5 -0.132708823529 0.0442311138291	170
-82.5 65 -0.0310461038961 0.130319893938	154
-81 65 -0.140046214511 0.0483186219395	317
-79.5 65 0.121883333333 0.102447368601	3
-22.5 65 -0.0427071428571 0.0721217636446	14
22.5 65 -0.162183333333 0.042106096154	3
36 65 -0.104646491228 0.0805707673967	57
-82.5 64.5 0.12485 0.0442794158347	4
-81 64.5 -0.04329125 0.0988975133677	80
-79.5 64.5 -0.0507386956522 0.0842408428729	115
22.5 64.5 -0.1982875 0.0609756376995	8
36 64.5 -0.00759358108108 0.0655175765731	296
-79.5 64 0.0711553921569 0.0884538488128	204
9 64 0.0946214285714 0.427798802843	7
21 64 -0.108308823529 0.0449200509839	34
36 64 -0.09955 0.113561936111	7
-82.5 63.5 -0.170314951768 0.0746047812178	311
21 63.5 -0.164893824701 0.0860896062932	251
-82.5 63 -0.072734057971 0.0955267018772	69
6 62.5 0.324105555556 0.921668698762	9
6 62 -0.06223 0.123283989228	5
4.5 61.5 0.0248 0.00459619407771	2
16.5 61.5 0.281225 0.183658131229	4
18 61.5 0.437514705882 0.0652274244348	34
4.5 61 -0.112384482759 0.0931778982036	116
18 61 0.336724777448 0.0848258369011	337
4.5 60.5 -0.145754444444 0.0435348343052	45
18 60.5 0.27284787234 0.186045671915	94
19.5 60.5 0.21105 0.437419386859	3
21 60.5 0.00526891891892 0.172544087503	37
162 60.5 0.485466666667 0.0443057746424	6
19.5 60 -0.0345888888889 0.080954429137	216
21 60 -0.0902 0.150071059835	6
22.5 60 -0.0105925 0.103806645096	160
25.5 60 -0.246919047619 0.0473458466424	126
