lon, lat, freeboard (m), standard deviation, count
-169.5 81.5 0.0368166666667 0.0492396520432	3
-168 81.5 0.29085 NaN	1
-160.5 81.5 -0.10513 0.0765195857281	5
-159 81.5 -0.00185 NaN	1
-154.5 81.5 0.0956 0.304550890657	2
-153 81.5 2.02285 NaN	1
-151.5 81.5 0.08565 0.121834252163	5
-150 81.5 0.17565 0.13876353988	3
-148.5 81.5 1.14505 1.19420865011	4
-147 81.5 1.19115 1.50260191002	2
-144 81.5 0.2011875 0.138829092644	8
-142.5 81.5 0.3336 0.0992070814005	2
-139.5 81.5 0.34065 NaN	1
-135 81.5 0.16375 NaN	1
-133.5 81.5 0.30655 NaN	1
-132 81.5 1.2916 1.3960409181	2
-130.5 81.5 0.039175 0.177787881236	8
-127.5 81.5 0.23295 0.163264264308	4
-124.5 81.5 0.26025 NaN	1
-123 81.5 0.34245 NaN	1
-121.5 81.5 0.134564285714 0.156660965448	7
-120 81.5 0.03695 0.038749451609	2
-118.5 81.5 0.196427777778 0.116380376114	9
-117 81.5 0.05915 NaN	1
-114 81.5 0.3454 0.0437699097554	2
-112.5 81.5 0.173521428571 0.114885199428	7
-111 81.5 0.115916666667 0.151493113155	3
-108 81.5 0.19455 NaN	1
-106.5 81.5 0.26206 0.26383181701	10
-105 81.5 -0.09975 0.225567063199	2
-103.5 81.5 0.25305 0.0842548811642	5
-102 81.5 0.39889 0.0890891295277	5
-100.5 81.5 0.12111 0.15692413135	5
-99 81.5 0.422925 0.123068392232	4
-96 81.5 0.52265 0.0380423448278	2
-94.5 81.5 -0.160578301887 0.122791080197	53
-93 81.5 0.558472580645 0.220347903265	31
-91.5 81.5 0.567102083333 0.187596891266	48
-64.5 81.5 1.15386041667 0.452224977544	48
-63 81.5 0.27899 0.354044740111	5
-12 81.5 -0.0695 0.0641345850536	2
-10.5 81.5 -0.111994136192 0.0967469848879	793
-9 81.5 -0.149805319149 0.107293956195	1175
-7.5 81.5 -0.0712303455724 0.168190647927	463
-6 81.5 -0.0794190507152 0.116745822348	769
-4.5 81.5 -0.0113229032258 0.159698774223	465
-3 81.5 0.0523339590444 0.162752465573	293
-1.5 81.5 0.0265557142857 0.206678224089	140
0 81.5 -0.00301875 0.235468853478	16
1.5 81.5 -0.0566285714286 0.194285476628	14
3 81.5 0.0294277777778 0.133134812505	18
4.5 81.5 0.40185 NaN	1
6 81.5 0.15147 0.164659260292	5
7.5 81.5 0.36 0.062578950135	2
9 81.5 -0.0370375 0.156149941105	8
10.5 81.5 0.32695 NaN	1
12 81.5 0.229 0.0646779273455	8
15 81.5 0.270864285714 0.126287187103	14
16.5 81.5 0.202413636364 0.166881462558	11
18 81.5 0.03171 0.285659557282	10
19.5 81.5 0.0917 0.227721051581	16
21 81.5 0.156341666667 0.146630738799	12
22.5 81.5 0.097369047619 0.149539993377	21
24 81.5 0.196435294118 0.175738699162	34
25.5 81.5 -0.0847020833333 0.192861255376	48
27 81.5 -0.0367431034483 0.192251880784	29
28.5 81.5 0.125817647059 0.209186961064	34
30 81.5 0.124907352941 0.170175030454	68
31.5 81.5 0.0771662790698 0.162279514786	43
33 81.5 0.13666038961 0.154230642891	77
34.5 81.5 0.178307024793 0.135332964589	121
36 81.5 0.149258717949 0.178534225475	195
37.5 81.5 0.0160691489362 0.181880232527	94
39 81.5 0.109360309278 0.170107125245	97
40.5 81.5 0.0836319277108 0.148947310331	83
42 81.5 -0.0119537037037 0.181888673149	54
43.5 81.5 0.0761014285714 0.199477068373	35
45 81.5 0.1973 0.123864399911	24
46.5 81.5 0.0192928571429 0.152615931794	14
48 81.5 0.0496277777778 0.105507082437	9
49.5 81.5 -0.04075 NaN	1
51 81.5 -0.208716666667 0.034354233121	3
52.5 81.5 0.202883333333 0.0356581453995	3
54 81.5 0.11845 0.0828015096481	3
55.5 81.5 0.236216666667 0.194340285753	15
57 81.5 0.198825 0.335283157694	4
58.5 81.5 -0.0224846153846 0.172401916329	26
60 81.5 -0.0654272727273 0.0800343786901	110
61.5 81.5 -0.0994790909091 0.0818302798089	55
63 81.5 0.0337596774194 0.144410196673	31
66 81.5 -0.01043 0.0633209838837	5
67.5 81.5 0.0864293103448 0.17051918279	29
69 81.5 0.135016666667 0.100468188845	12
70.5 81.5 0.076045 0.173375040622	20
72 81.5 0.0284672413793 0.203815412057	29
73.5 81.5 -0.0237308823529 0.176717055455	68
75 81.5 -0.0369626315789 0.15938849717	95
76.5 81.5 -0.0419632596685 0.119240063368	181
78 81.5 -0.0630058823529 0.102104189063	306
79.5 81.5 -0.107276950355 0.135256292634	141
81 81.5 -0.0892551948052 0.117819895889	77
82.5 81.5 -0.0391302816901 0.154718905133	71
84 81.5 -0.0190273333333 0.171185106524	75
85.5 81.5 -0.0210308219178 0.136256598855	219
87 81.5 -0.0235165929204 0.104090465148	452
88.5 81.5 -0.0808369037294 0.0946065547497	1153
90 81.5 -0.0613700774069 0.0936652318199	2067
91.5 81.5 -0.0591099019608 0.10566873766	2040
93 81.5 -0.0808622511485 0.106217468704	2612
94.5 81.5 -0.0571450315457 0.132907804028	1268
96 81.5 -0.0412346049046 0.111366201701	734
97.5 81.5 0.0307162621359 0.0843300069698	412
99 81.5 0.0993628205128 0.0451749883027	39
102 81.5 0.29545 NaN	1
103.5 81.5 0.39105 NaN	1
105 81.5 0.0831166666667 0.105466029286	3
106.5 81.5 0.17757 0.0567524625016	5
108 81.5 0.238 0.0826607827207	2
121.5 81.5 0.28195 NaN	1
129 81.5 0.3476 0.0436284883992	2
130.5 81.5 0.26825 NaN	1
132 81.5 0.25805 0.0479632150716	3
136.5 81.5 0.0131166666667 0.0842914388694	6
138 81.5 -0.0215801886792 0.0626357159875	53
139.5 81.5 -0.0394228785358 0.08183959441	601
141 81.5 0.00036736770692 0.0878734642147	1474
142.5 81.5 -0.0263053481694 0.0818496602564	1393
144 81.5 -0.0327926630435 0.0847146278685	368
145.5 81.5 -0.0182853846154 0.117140714998	130
147 81.5 -0.000337096774194 0.0514502331834	31
150 81.5 -0.1152 0.158886893733	2
151.5 81.5 -0.2806 0.0416485894119	2
153 81.5 -0.114716666667 0.142789962299	3
-171 81 0.23285 NaN	1
-166.5 81 0.35175 0.019657568517	2
-165 81 0.0999928571429 0.0780681722843	7
-163.5 81 0.15025 0.0308150396181	4
-162 81 0.0687833333333 0.104546975088	9
-160.5 81 0.11915 0.264861863368	4
-159 81 0.35755 NaN	1
-154.5 81 0.097 0.0522004150686	4
-153 81 0.020575 0.0710536123876	4
-151.5 81 0.155025 0.0383559969236	4
-150 81 0.186016666667 0.102623795161	3
-148.5 81 -0.00801 0.0880205544177	5
-145.5 81 0.434 0.0249608693759	2
-141 81 0.257683333333 0.0450557802433	3
-133.5 81 0.29625 NaN	1
-130.5 81 0.27785 NaN	1
-121.5 81 0.09875 0.110007817904	7
-118.5 81 0.1535 0.162576187268	4
-117 81 0.25285 NaN	1
-115.5 81 0.32255 NaN	1
-114 81 0.24213 0.0692555196356	5
-112.5 81 0.11955 0.0651285651615	3
-111 81 0.35175 NaN	1
-109.5 81 0.39035 NaN	1
-108 81 0.365021428571 0.0808956264637	7
-106.5 81 0.160335714286 0.189603985793	7
-105 81 0.11229 0.223682337255	5
-103.5 81 1.02115 0.79024392015	4
-102 81 0.6023 0.649543811455	6
-100.5 81 0.29125 0.081566414657	3
-99 81 0.58925 NaN	1
-97.5 81 0.57575 NaN	1
-96 81 0.7072 1.25278108423	2
-94.5 81 0.35575 0.30971277016	2
-91.5 81 -0.0949 0.20258609281	2
-66 81 0.462282019704 0.314701526532	203
-64.5 81 -0.00615 0.127131966432	46
-13.5 81 -0.156634507042 0.0936313112869	142
-12 81 -0.12055806846 0.0920317227833	409
-10.5 81 -0.0541606060606 0.0816905100487	594
-9 81 -0.0811009833585 0.107014871891	661
-7.5 81 -0.080879082774 0.114474037062	447
-6 81 -0.0353184684685 0.165198181534	222
-4.5 81 -0.0382370481928 0.154324703537	332
-3 81 0.00140801886792 0.154531212148	212
-1.5 81 0.0336193227092 0.161412074812	251
0 81 0.0250887096774 0.175206524691	124
1.5 81 -0.0142097014925 0.188785129631	67
3 81 0.251175 0.238124118546	4
4.5 81 0.22025 0.239567777466	2
7.5 81 -0.29215 NaN	1
9 81 -0.0963433333333 0.182173447441	15
10.5 81 0.0014 0.277539411616	2
12 81 -0.04205 NaN	1
15 81 -0.10435 0.221893713295	7
16.5 81 0.22435 0.157401969492	2
18 81 0.10081 0.160298394966	15
19.5 81 -0.006725 0.159831627554	4
21 81 0.183821428571 0.111940485888	7
22.5 81 0.169783333333 0.0656745257564	3
24 81 0.268525 0.0502781181695	4
25.5 81 0.128166666667 0.137443851897	12
27 81 0.12455 0.163875122317	15
28.5 81 0.0613681818182 0.203772774097	22
30 81 0.0658763157895 0.215891072951	19
31.5 81 0.079406097561 0.182499127462	41
33 81 0.115391860465 0.189006548428	43
34.5 81 0.199930434783 0.153815159807	46
36 81 0.18667037037 0.15752931369	54
37.5 81 -0.0541651162791 0.171963362389	86
39 81 0.0471053846154 0.186629763026	65
40.5 81 0.131398148148 0.126230964659	27
42 81 0.103077027027 0.110757180978	37
43.5 81 0.149345833333 0.206129643627	24
45 81 0.17409 0.178522836074	5
46.5 81 0.25475 NaN	1
48 81 0.0533785714286 0.04642746006	7
51 81 -0.13863 0.136865543509	5
54 81 -0.15385 NaN	1
60 81 0.0480174418605 0.24487002745	43
61.5 81 0.0907293103448 0.122931314676	29
63 81 0.181562121212 0.080145211014	33
64.5 81 0.135879032258 0.0704456963131	31
66 81 -0.0431803754266 0.103936563893	293
67.5 81 0.14415 0.107621652097	2
69 81 0.0559142857143 0.16448506412	14
70.5 81 0.017875 0.206732087092	4
72 81 -0.0664045454545 0.164281190134	33
73.5 81 -0.0215630434783 0.154928170678	92
75 81 -0.0372780952381 0.10364226485	210
76.5 81 -0.0530683783784 0.0970429918598	185
78 81 0.00127337662338 0.119378922058	154
79.5 81 -0.0606278625954 0.0952428655031	131
81 81 -0.0495 0.11245150919	100
82.5 81 -0.0348290697674 0.133847934011	86
84 81 0.0399433333333 0.159356879759	30
85.5 81 -0.10523125 0.210727200868	32
87 81 -0.0720134042553 0.0712429227337	235
88.5 81 -0.0854560693642 0.0918777980269	1038
90 81 -0.0950432242991 0.0861357290107	1284
91.5 81 -0.0866164195701 0.0948884759601	1349
93 81 -0.15228323486 0.0775607925549	677
94.5 81 -0.123130769231 0.0739466828122	208
96 81 -0.096526 0.0936029036231	25
97.5 81 -0.00757936507937 0.0837016225099	126
99 81 0.08261 0.0713447473398	75
100.5 81 -0.127307142857 0.180318023292	7
102 81 0.116716666667 0.219461211455	3
103.5 81 0.217487037037 0.21882953701	27
105 81 0.211678571429 0.134047450732	7
106.5 81 0.41125 NaN	1
109.5 81 0.18395 NaN	1
121.5 81 0.15315 0.23829498526	2
127.5 81 0.34865 NaN	1
132 81 0.26925 NaN	1
136.5 81 0.00679731182796 0.0800782845115	93
138 81 -0.0181406560636 0.0642416668923	503
139.5 81 0.00339083147736 0.0710920640492	1347
141 81 -0.0263229485003 0.0784977103162	1767
142.5 81 -0.0532203760553 0.0708507787852	1303
144 81 -0.0132784122563 0.0600266330986	718
145.5 81 0.0317596385542 0.111282750854	83
147 81 -0.0313394039735 0.0570192752816	151
148.5 81 -0.0485416666667 0.059000294153	24
150 81 0.0113019685039 0.0481288347891	127
151.5 81 0.00545 0.0906142048337	18
-171 80.5 0.15055 NaN	1
-163.5 80.5 -0.049775 0.163648431605	4
-162 80.5 -0.08905 0.140342117698	3
-159 80.5 0.04405 0.200658877202	5
-151.5 80.5 -0.00338333333333 0.251575859997	3
-150 80.5 0.0425 0.334211215651	4
-148.5 80.5 0.20405 0.152771594218	3
-147 80.5 0.101113636364 0.153823673553	11
-145.5 80.5 0.16915 0.0935502218063	11
-144 80.5 0.11315 NaN	1
-130.5 80.5 0.26155 0.0173948268172	2
-126 80.5 0.35155 NaN	1
-120 80.5 0.303083333333 0.0431886945083	3
-118.5 80.5 -0.0216166666667 0.0515020711558	3
-117 80.5 0.0511611111111 0.103186341689	9
-112.5 80.5 0.11638 0.158867960898	10
-111 80.5 0.28685 NaN	1
-109.5 80.5 0.32745 0.0808930157677	2
-108 80.5 0.1844625 0.271819474954	8
-106.5 80.5 0.100375 0.117757558144	4
-105 80.5 0.31805 NaN	1
-103.5 80.5 0.23745 0.124717253551	7
-102 80.5 0.24165 0.0820243866176	2
-100.5 80.5 0.53755 0.52195604221	3
-99 80.5 0.40815 NaN	1
-97.5 80.5 0.1287 0.156752400301	6
-96 80.5 0.229716666667 0.0266507660928	3
-69 80.5 -0.0482833333333 0.206329017187	3
-67.5 80.5 0.141294444444 0.18886895001	9
-15 80.5 0.17395 NaN	1
-13.5 80.5 -0.118739885057 0.0840236453923	435
-12 80.5 -0.150002122642 0.0796762005058	1272
-10.5 80.5 -0.114163063477 0.0987620691018	1087
-9 80.5 -0.0267205960265 0.123528985673	755
-7.5 80.5 -0.00912060606061 0.136713939076	660
-6 80.5 -0.0596461956522 0.13743040443	368
-4.5 80.5 -0.0935012605042 0.154888122481	119
-3 80.5 0.0594553571429 0.189564098461	56
-1.5 80.5 -0.0982113636364 0.114368820389	44
0 80.5 0.0586274193548 0.175151075189	31
1.5 80.5 -0.0705833333333 0.259703898058	6
4.5 80.5 0.0058 0.153562158967	4
6 80.5 0.10995 0.149747574271	6
7.5 80.5 -0.0196875 0.117119291292	8
9 80.5 -0.0330837078652 0.103612196483	89
10.5 80.5 -0.00622730769231 0.060496613266	260
12 80.5 0.00569186046512 0.070434121763	301
13.5 80.5 0.00527941176471 0.136366266055	51
15 80.5 0.0846785714286 0.114588582079	21
16.5 80.5 -0.0189423076923 0.0780151033208	65
18 80.5 -0.0413961538462 0.0451281068254	13
19.5 80.5 -0.083425 0.151701579315	4
21 80.5 0.0989 0.0662559053972	2
25.5 80.5 0.22205 0.105865622371	3
27 80.5 -0.105503846154 0.12044742017	13
28.5 80.5 -0.0333081818182 0.166923202225	55
30 80.5 -0.12787 0.208005939018	10
31.5 80.5 0.0164552631579 0.143693649723	19
33 80.5 -0.0386448979592 0.0806747221777	98
34.5 80.5 0.214686363636 0.205683437703	11
36 80.5 -0.0314166666667 0.145298941841	9
37.5 80.5 -0.0628961538462 0.107070908089	13
39 80.5 -0.00323285714286 0.126811486967	35
40.5 80.5 0.0901456521739 0.116222832518	23
42 80.5 0.0261791666667 0.158358471936	24
43.5 80.5 0.09435 0.131256352227	3
45 80.5 -0.0208728571429 0.0648301836431	140
46.5 80.5 -0.0177902298851 0.0627221659936	87
48 80.5 -0.0252692307692 0.0776438021698	26
49.5 80.5 0.272190740741 0.58730092487	27
52.5 80.5 -0.01159 0.109453953789	5
54 80.5 -0.0402543478261 0.146298202556	23
55.5 80.5 -0.063968627451 0.176768410587	204
57 80.5 -0.0649051020408 0.134888004565	49
58.5 80.5 0.0221290697674 0.201148506489	215
60 80.5 0.00798096446701 0.156388244983	197
61.5 80.5 0.048741954023 0.0702973670864	174
63 80.5 0.0271170840787 0.081944347256	559
64.5 80.5 0.00570494505495 0.0664167468127	182
66 80.5 -0.00269673913043 0.067324215475	276
67.5 80.5 0.0285597165992 0.0534152644317	247
69 80.5 -0.20095 0.0138592929113	2
70.5 80.5 -0.11055 0.137071984008	26
72 80.5 -0.00890125 0.158017090883	80
73.5 80.5 -0.0463596774194 0.116482651166	155
75 80.5 -0.0178843137255 0.0997276680881	204
76.5 80.5 0.00533571428571 0.0970978363916	273
78 80.5 -0.0128847266881 0.0921804559958	311
79.5 80.5 -0.0139423664122 0.0953520398963	262
81 80.5 -0.0488111111111 0.142128749746	90
82.5 80.5 -0.0190353658537 0.138586230487	41
84 80.5 0.0286233333333 0.198064125499	15
85.5 80.5 -0.0147975409836 0.185567744689	61
87 80.5 -0.0842093023256 0.147619175686	86
88.5 80.5 -0.0960911764706 0.130289133289	34
90 80.5 -0.0951089285714 0.0651461195756	616
91.5 80.5 -0.117396628131 0.0635118061502	519
97.5 80.5 0.25095 0.342758304057	5
99 80.5 0.202819230769 0.0762994799525	13
102 80.5 0.01275 NaN	1
106.5 80.5 0.165907142857 0.13522944523	7
108 80.5 0.233583333333 0.0778876969318	3
109.5 80.5 0.26705 0.09772215716	2
111 80.5 0.0668653846154 0.12966499427	52
117 80.5 0.39515 NaN	1
118.5 80.5 0.2815 0.0064346717088	2
135 80.5 -0.0446875 0.0773432233536	40
136.5 80.5 -0.00658333333333 0.0549789255812	63
138 80.5 -0.0157701680672 0.0556803794422	238
139.5 80.5 -0.0275589285714 0.0569958741842	448
141 80.5 -0.0283702247191 0.0540882522119	534
142.5 80.5 -0.0522853637902 0.0743498422017	591
144 80.5 -0.0350417808219 0.0638853100366	438
145.5 80.5 -0.0279219230769 0.0852531357917	260
147 80.5 -0.0560317629179 0.0799416122787	329
148.5 80.5 -0.0573260180995 0.0742046164607	221
150 80.5 -0.0301672690763 0.0765622468592	249
151.5 80.5 0.005195 0.144361437336	40
-168 80 0.24775 NaN	1
-165 80 0.0482 0.0590434162291	2
-163.5 80 0.18005 0.0725583213698	3
-160.5 80 0.07185 NaN	1
-159 80 0.0357 0.0159099025767	2
-156 80 0.158575 0.0174100306337	4
-151.5 80 0.50695 NaN	1
-150 80 0.05265 NaN	1
-138 80 0.16885 0.044123463146	2
-124.5 80 0.2718 0.00728319984622	2
-121.5 80 0.18035 NaN	1
-120 80 0.29725 NaN	1
-118.5 80 0.0348375 0.0599379068584	8
-115.5 80 0.13905 NaN	1
-112.5 80 0.30195 NaN	1
-108 80 0.1791125 0.224822672583	8
-106.5 80 0.15035 NaN	1
-105 80 1.2583 0.294085710295	2
-103.5 80 0.348583333333 0.232292825911	12
-102 80 0.540283333333 0.260095834902	3
-100.5 80 0.3173875 0.407451230868	8
-99 80 0.418105 0.111968912794	60
-97.5 80 0.393092156863 0.0609040089338	102
-70.5 80 0.2409 0.0857720525579	2
-69 80 0.0853385572139 0.0680089216089	201
-67.5 80 0.16185 0.143747706976	185
-66 80 0.348998275862 0.0441630551859	29
-13.5 80 -0.132776086957 0.0891315484265	23
-12 80 -0.132878258801 0.0742118448428	1051
-10.5 80 -0.0871703448276 0.111862471945	290
-9 80 -0.053290545809 0.127808060411	513
-7.5 80 -0.019213583815 0.137617524795	519
-6 80 0.0042085106383 0.175891473388	94
-4.5 80 -0.0368666666667 0.156754224727	12
-3 80 0.07951 0.221720280018	15
-1.5 80 0.0108 0.189131011006	38
0 80 -0.05045 0.191486709722	11
3 80 -0.1813 0.105005357006	2
4.5 80 0.0312666666667 0.143991880558	6
6 80 0.0226084 0.0845290846911	125
7.5 80 0.0209892857143 0.0566521408607	196
9 80 0.0238930446194 0.0658561333528	381
10.5 80 0.00503142414861 0.0776028747896	323
12 80 0.0401885826772 0.0958924803375	127
13.5 80 0.00131293706294 0.0881839478398	286
15 80 -0.091272 0.0794640114144	150
16.5 80 0.008675 0.107359762162	144
18 80 -0.076087007874 0.113641360682	127
21 80 -0.18045 0.179322279709	2
22.5 80 0.04305 0.143542676581	2
27 80 -0.0619978873239 0.101727328621	71
28.5 80 -0.0394243243243 0.105993295977	148
30 80 0.250783333333 0.0861947987603	3
31.5 80 -0.039650456621 0.107893249356	219
33 80 -0.0484383381924 0.0816696514555	343
34.5 80 0.0705725 0.119463210703	40
36 80 0.0128934782609 0.154477673662	23
37.5 80 -0.0966217948718 0.152938818088	39
39 80 -0.0635983870968 0.167579165115	31
40.5 80 -0.014445 0.174175149218	20
42 80 0.0847875 0.164608626242	16
43.5 80 0.07263 0.176263359777	5
45 80 -0.0567557971014 0.0777118657835	69
46.5 80 0.0173629133858 0.056401690442	635
48 80 0.0176865994236 0.0734704148757	694
49.5 80 0.0254342857143 0.0684392836047	350
51 80 -0.0249871428571 0.0818662812152	245
52.5 80 -0.00505608974359 0.0890137233979	312
54 80 -0.0187631443299 0.0832796649347	388
55.5 80 0.00766903553299 0.0883152519864	394
57 80 0.0650588353414 0.0790734275073	249
58.5 80 0.0041695 0.0597150601759	200
60 80 -0.0248029850746 0.0596479164631	134
61.5 80 0.0147668393782 0.067693257746	386
63 80 0.0425274137931 0.0702747245856	580
64.5 80 0.0534231788079 0.0644600495078	302
66 80 0.067843877551 0.0465531703546	49
67.5 80 -0.0516166666667 0.151846359751	12
69 80 0.0118928571429 0.174369560335	21
70.5 80 -0.0531272727273 0.136006246116	22
72 80 -0.0505363636364 0.11125288556	132
73.5 80 0.00098679245283 0.0946114578555	424
75 80 0.0281708974359 0.0701409866588	780
76.5 80 0.00630064102564 0.0680899834901	312
78 80 -0.063075 0.112114720943	24
79.5 80 -0.00393273809524 0.0532749224768	168
81 80 -0.00393367346939 0.0644422312928	98
82.5 80 -0.0464743902439 0.182337255903	41
84 80 0.0038 0.189716749392	2
85.5 80 0.115516666667 0.096518202083	3
87 80 -0.0709541666667 0.180142758556	24
88.5 80 -0.11467 0.141935616332	50
90 80 -0.108426 0.0811899575573	50
91.5 80 -0.117729310345 0.0596802155499	29
97.5 80 0.110538888889 0.124550013054	18
99 80 0.94455 NaN	1
100.5 80 -0.106208536585 0.0591839293035	41
102 80 -0.0574103960396 0.0770417257694	404
103.5 80 0.00203512160229 0.0800003539146	699
105 80 0.0246934684685 0.0738161836186	444
106.5 80 -0.013935 0.135617504026	60
108 80 0.00846777777778 0.0937916241872	45
109.5 80 -0.058402173913 0.0938852097441	23
111 80 -0.0310247663551 0.0807026408741	107
112.5 80 -0.0515425925926 0.138099247828	27
115.5 80 -0.0351669811321 0.0590642340555	53
118.5 80 0.30015 0.0285671139599	2
120 80 0.43585 NaN	1
121.5 80 0.259633333333 0.148629020271	6
130.5 80 0.26375 0.231082496092	2
132 80 -0.036125 0.200496595981	8
133.5 80 -0.0911625 0.125796677647	8
135 80 0.03145 0.188430809583	3
138 80 -0.0520421875 0.0404710796118	128
141 80 0.0197357142857 0.0786984419281	7
142.5 80 -0.0493393129771 0.0879287082798	262
144 80 0.00620460526316 0.0803710436985	304
145.5 80 -0.0170695348837 0.0671709980653	215
147 80 -0.0188133663366 0.0956917208624	303
148.5 80 0.00155143884892 0.0695721218797	139
150 80 -0.0250450617284 0.109026424436	81
-168 79.5 0.01355 0.174083543162	3
-166.5 79.5 0.0935833333333 0.00605337371499	3
-163.5 79.5 -0.14655 NaN	1
-162 79.5 0.14255 0.0458205194209	2
-160.5 79.5 0.2669 0.0194454364826	2
-157.5 79.5 0.35285 0.0169705627485	2
-156 79.5 0.23195 NaN	1
-154.5 79.5 0.0278 0.0483568333675	4
-153 79.5 0.206883333333 0.0802869022112	6
-151.5 79.5 0.28495 NaN	1
-148.5 79.5 0.18215 NaN	1
-145.5 79.5 0.2011 0.118864649917	2
-139.5 79.5 0.25445 NaN	1
-127.5 79.5 0.35165 NaN	1
-120 79.5 0.18665 0.193576522337	3
-118.5 79.5 0.2613 0.0761928474333	4
-117 79.5 0.31975 NaN	1
-114 79.5 0.3501 0.0290620887068	2
-111 79.5 0.55615 NaN	1
-109.5 79.5 0.40075 NaN	1
-108 79.5 0.596016666667 0.528754861286	3
-106.5 79.5 2.33795 NaN	1
-105 79.5 0.272186585366 0.241740821704	41
-103.5 79.5 0.213377419355 0.114627821372	62
-102 79.5 0.388176506024 0.149361158372	83
-100.5 79.5 0.22143220339 0.121278509473	118
-99 79.5 0.0702785714286 0.0380230506529	7
-97.5 79.5 -0.078575 0.120205223819	4
-73.5 79.5 -0.28955 NaN	1
-72 79.5 0.0132230769231 0.14067298691	26
-70.5 79.5 0.129715559441 0.0753111901492	572
-69 79.5 0.132578611111 0.0678674547006	360
-67.5 79.5 0.188603571429 0.0622579909856	56
-12 79.5 -0.124006542056 0.0850592526868	428
-10.5 79.5 0.0059141025641 0.14714979208	39
-9 79.5 0.0197124 0.169039198863	125
-7.5 79.5 0.0442036585366 0.181212252756	41
-6 79.5 -0.0166325396825 0.135447936123	63
-4.5 79.5 0.07567 0.245165529796	5
-3 79.5 0.0498055555556 0.224646556345	9
-1.5 79.5 0.233116666667 0.201761154173	3
0 79.5 -0.2583 0.0502752921424	2
3 79.5 0.0237239130435 0.163945709466	23
4.5 79.5 -0.0242253521127 0.1084051196	142
6 79.5 0.0102528571429 0.0489928358307	70
7.5 79.5 0.0460416666667 0.0421611893395	48
15 79.5 0.13625 NaN	1
18 79.5 -0.132145 0.0931489817168	40
19.5 79.5 -0.203706701031 0.0814588698711	97
21 79.5 0.0173681818182 0.185949859182	22
25.5 79.5 -0.105660752688 0.0977578524171	93
27 79.5 -0.0898670854271 0.109261967237	199
28.5 79.5 -0.023893373494 0.0775704372164	83
30 79.5 -0.024030952381 0.138597844929	21
31.5 79.5 -0.0502653061224 0.129617856534	98
33 79.5 -0.0119819852941 0.0931718440067	272
34.5 79.5 0.0123972392638 0.128084033138	163
36 79.5 0.0274113293051 0.074003108555	331
37.5 79.5 0.0100152173913 0.14486635867	46
39 79.5 -0.060986 0.128009937375	25
40.5 79.5 0.0642954545455 0.174042600323	11
42 79.5 0.241392857143 0.112159423102	7
43.5 79.5 -0.16455 NaN	1
45 79.5 0.0081 0.0883573992374	4
46.5 79.5 -0.116676315789 0.112013113528	19
48 79.5 0.02015 0.0559867970861	222
49.5 79.5 0.0127326388889 0.0547212662799	432
51 79.5 0.0585857142857 0.0682238691272	14
52.5 79.5 0.0894192307692 0.144203706521	13
60 79.5 0.0205398305085 0.0923401380348	118
61.5 79.5 0.168636407767 0.0865175183989	103
63 79.5 -0.0126107142857 0.0466306872356	28
67.5 79.5 -0.058166 0.0948154929216	50
69 79.5 -0.0291859550562 0.122891176219	89
70.5 79.5 0.0139956989247 0.0930056836845	186
72 79.5 -0.0170757961783 0.101328685452	314
73.5 79.5 0.0153951371571 0.0662675054585	802
75 79.5 -0.00313886227545 0.0858301858268	835
76.5 79.5 -0.00310688405797 0.0861923885465	276
78 79.5 0.0230072519084 0.0917810890783	131
79.5 79.5 -0.02763125 0.114512448788	32
81 79.5 -0.24835 NaN	1
82.5 79.5 -0.1184 0.0725479125502	14
84 79.5 -0.0920404761905 0.0778244364243	21
85.5 79.5 -0.22175 NaN	1
87 79.5 0.0972833333333 0.297858377981	3
88.5 79.5 -0.16275 0.0728348131047	3
90 79.5 -0.0435954545455 0.147185687916	11
91.5 79.5 -0.05905 0.00537401153702	2
100.5 79.5 0.643077272727 0.348530142429	11
102 79.5 -0.11235862069 0.0730296194454	116
103.5 79.5 -0.0721842342342 0.0753585476171	444
105 79.5 -0.00189493506494 0.0932271003008	770
106.5 79.5 0.0252974285714 0.0779632077043	350
108 79.5 -0.0315944444444 0.0589235373174	81
109.5 79.5 -0.00245420168067 0.0657828185736	119
111 79.5 -0.046880733945 0.071862344218	218
112.5 79.5 -0.0131023297491 0.0493890732966	279
114 79.5 -0.0278600694444 0.0690665275605	288
115.5 79.5 -0.0457283333333 0.0675479568288	60
117 79.5 -0.0654285714286 0.04936884511	70
118.5 79.5 -0.0458938596491 0.0488542695076	57
123 79.5 0.20175 0.168888701023	7
124.5 79.5 0.2875125 0.0381490661747	8
126 79.5 0.202533333333 0.222087959301	6
129 79.5 -0.12205 NaN	1
130.5 79.5 -0.1535 0.18264568158	2
132 79.5 -0.1566 0.0819536759395	2
136.5 79.5 0.03095 0.0470446221219	52
139.5 79.5 0.0167650537634 0.0518891941214	93
141 79.5 -0.0102885365854 0.0635215574632	205
142.5 79.5 -0.021834180791 0.0448375562768	177
144 79.5 0.0436514925373 0.0681866379267	134
145.5 79.5 0.0202506944444 0.0833239557865	144
147 79.5 -0.0518721153846 0.0888614608285	416
148.5 79.5 -0.0661965753425 0.0805348373242	73
150 79.5 0.299225 0.219304649214	4
157.5 79.5 -0.22755 NaN	1
-174 79 0.01913 0.159648777008	5
-171 79 -0.01765 0.00282842712475	2
-169.5 79 -0.115775 0.175436339356	4
-168 79 0.33685 0.0793373808491	2
-166.5 79 0.293507142857 0.0451110798342	7
-163.5 79 -0.0612 0.101894087169	2
-160.5 79 0.1276 0.0282051413753	4
-159 79 0.120016666667 0.136186176489	6
-156 79 0.08305 0.0448305699272	2
-150 79 0.31125 0.0287103930079	4
-148.5 79 0.30675 NaN	1
-147 79 0.38005 NaN	1
-136.5 79 0.03935 NaN	1
-127.5 79 0.38495 NaN	1
-121.5 79 0.36565 NaN	1
-120 79 0.249383333333 0.0882529508477	3
-115.5 79 0.262016666667 0.0246130724074	3
-112.5 79 0.077925 0.298571516917	8
-111 79 0.04045 0.301086067429	2
-109.5 79 0.0790961538462 0.328678403143	13
-108 79 0.01505 0.163061072403	16
-106.5 79 0.221188888889 0.19899008293	18
-105 79 0.671726923077 0.258387594606	26
-103.5 79 0.458707142857 0.0574717280392	7
-102 79 0.34084025974 0.303926553901	154
-100.5 79 0.308350729927 0.0684257030486	137
-99 79 0.374666374269 0.143612713147	171
-75 79 0.17935 NaN	1
-73.5 79 0.54391937799 0.203451389772	209
-72 79 0.218109310345 0.36613331465	145
-70.5 79 -0.0721569767442 0.0862941396561	86
-69 79 -0.000616666666667 0.19953080798	3
-16.5 79 0.08225 NaN	1
-12 79 -0.125626608187 0.131582523121	171
-10.5 79 -0.0459446428571 0.152190844808	56
-9 79 0.0197583333333 0.180855819803	60
-7.5 79 -0.0215353535354 0.15250955013	198
-6 79 -0.0777090277778 0.140518901704	144
-4.5 79 0.0898277777778 0.197811278608	9
-3 79 -0.0206166666667 0.137443236768	3
0 79 0.108668181818 0.145291959985	11
1.5 79 -0.0587282608696 0.15130751936	23
3 79 -0.0475235449735 0.0807420567111	189
4.5 79 0.0234978927203 0.085555141718	261
6 79 0.0781510309278 0.0656640114123	97
21 79 -0.0300106060606 0.0678078175114	132
24 79 -0.0176428176796 0.0391145497697	181
25.5 79 0.0449407630522 0.0581088449195	249
27 79 -0.06915 0.10567582505	9
28.5 79 0.27865 0.16753907007	4
30 79 -0.164396666667 0.081183019571	15
31.5 79 -0.0639794871795 0.117483820504	78
33 79 0.00530833333333 0.206009591385	12
34.5 79 -0.0126045454545 0.201460399899	11
36 79 0.0134278443114 0.0795168493179	167
37.5 79 0.0314487804878 0.053760427628	82
39 79 -0.174125 0.0612028526024	4
40.5 79 0.00065 0.15368077053	27
42 79 0.07783 0.121735056578	10
43.5 79 0.138485294118 0.100020003882	17
45 79 -0.101761111111 0.159060707314	9
46.5 79 0.0157333333333 0.0532367326747	18
48 79 0.0462198412698 0.0396071703956	63
63 79 -0.10657 0.147737250249	10
66 79 -0.136925 0.113231278806	4
67.5 79 -0.0126155172414 0.143965849809	29
69 79 0.0536922330097 0.149745420754	206
70.5 79 0.0788599365751 0.111977828118	473
72 79 0.0186560737527 0.0793991737307	461
73.5 79 -0.0458078595318 0.0773616038382	299
75 79 0.0564095041322 0.0801600023437	484
76.5 79 0.025771686747 0.0773429692401	415
78 79 0.071065 0.0781483507326	100
79.5 79 -0.07031 0.181714392508	10
81 79 0.11145 NaN	1
82.5 79 -0.0440071428571 0.0622871059805	21
85.5 79 0.0480055555556 0.119425846356	9
88.5 79 -0.0293 0.0109601551084	2
90 79 -0.040669047619 0.157652394904	21
91.5 79 -0.0153214285714 0.0604935132296	21
93 79 -0.130843333333 0.104821436375	15
94.5 79 -0.0628630136986 0.0781467993156	146
96 79 0.00507394366197 0.426696052566	71
100.5 79 0.19695 NaN	1
103.5 79 0.1866 0.46184751091	4
105 79 -0.00699647887324 0.25619615857	71
106.5 79 -0.0287661290323 0.0387519040115	31
108 79 -0.0253550632911 0.0445478391648	237
109.5 79 -0.0532233496333 0.0631973775422	409
111 79 -0.0244712121212 0.0534966359833	528
112.5 79 -0.0429788461538 0.0575976556458	52
114 79 -0.00265671641791 0.0762680643036	268
115.5 79 -0.0232261290323 0.0499235221398	155
117 79 -0.0325196428571 0.0483548964127	112
118.5 79 -0.0277508 0.0559238140976	125
120 79 -0.0348248091603 0.0543549309114	131
121.5 79 0.28845 NaN	1
123 79 0.288883333333 0.013308769039	3
126 79 0.276494444444 0.110458285238	9
127.5 79 0.263283333333 0.0331376422416	3
130.5 79 0.0952071428571 0.14413195178	7
132 79 0.26095 NaN	1
136.5 79 0.0298430232558 0.104000369672	86
138 79 -0.0250377192982 0.0437670286867	228
139.5 79 0.00616214953271 0.0538657970913	107
141 79 -0.0306826530612 0.038835644	49
142.5 79 -0.0549178414097 0.0500216358164	227
144 79 -0.109242592593 0.100859528843	27
145.5 79 0.0202974576271 0.106010232681	59
147 79 -0.0900860526316 0.0616555637268	380
148.5 79 -0.0513336363636 0.0786608452285	165
150 79 -0.034282231405 0.0580676993042	121
151.5 79 -0.0447576086957 0.0889645666392	92
-166.5 78.5 0.28605 NaN	1
-162 78.5 0.28595 NaN	1
-160.5 78.5 -0.03195 0.167867149854	2
-156 78.5 0.2621 0.244022550187	2
-117 78.5 0.214068181818 0.0571526170561	11
-115.5 78.5 0.265280769231 0.123522153105	13
-114 78.5 0.242988461538 0.20122737777	13
-112.5 78.5 0.123210747664 0.1523881407	107
-109.5 78.5 0.5970125 1.33952534231	8
-108 78.5 -0.0032625 0.0850870048413	8
-106.5 78.5 -0.00432777777778 0.142326752385	9
-105 78.5 0.346266 0.301434985638	25
-100.5 78.5 0.30957 0.0730995006823	5
-99 78.5 0.288236986301 0.118256002407	146
-75 78.5 -0.0367331858407 0.101401461583	113
-73.5 78.5 -0.0293388888889 0.124046635699	45
-72 78.5 0.05425 NaN	1
-13.5 78.5 0.29759 0.32443707094	5
-10.5 78.5 -0.05201 0.220194511739	5
-9 78.5 -0.054025 0.136297466175	8
-7.5 78.5 -0.0339753333333 0.22209489638	75
-6 78.5 -0.00937888888889 0.178415309116	90
-4.5 78.5 0.0483155172414 0.222149928902	29
-3 78.5 -0.0246468421053 0.0827751240418	95
-1.5 78.5 -0.010206 0.0561294572205	250
0 78.5 -0.0655990272374 0.0931612199332	257
1.5 78.5 -0.0686657894737 0.09760906818	114
3 78.5 -0.0236009090909 0.0383359944619	55
21 78.5 -0.028075 0.129915469312	4
22.5 78.5 -0.09225 0.169564206129	2
24 78.5 0.0623925925926 0.0426201015637	54
25.5 78.5 0.0573527777778 0.0531204954272	72
37.5 78.5 0.11905 NaN	1
39 78.5 0.0946125 0.0730129578285	24
42 78.5 -0.0228166666667 0.0383363361143	6
45 78.5 -0.10375 0.102642535043	3
63 78.5 0.00601153846154 0.200491568977	13
64.5 78.5 0.11741 0.230832640673	5
66 78.5 0.106955454545 0.157050161152	55
67.5 78.5 0.0586973282443 0.0947310711211	262
69 78.5 0.0219880952381 0.101384709657	273
70.5 78.5 0.0757121359223 0.115630480453	309
72 78.5 -0.00700437788018 0.091142473896	217
73.5 78.5 -0.0162740963855 0.0975936130837	83
75 78.5 0.00527950819672 0.133159598908	61
76.5 78.5 -0.07161 0.185777839594	20
78 78.5 0.00877270742358 0.0960885346941	229
79.5 78.5 0.00356666666667 0.122023321918	30
81 78.5 6.92307692308e-05 0.129460869823	26
82.5 78.5 -0.03823125 0.0684048761987	48
84 78.5 -0.2194 0.0155002150523	4
85.5 78.5 -0.0678055555556 0.189617668686	9
91.5 78.5 0.0560166666667 0.154356794473	9
94.5 78.5 -0.0544911764706 0.117425843934	17
96 78.5 2.1533 0.702652008465	2
97.5 78.5 0.953378571429 1.11375311854	7
99 78.5 -0.137358333333 0.0841478377881	84
100.5 78.5 0.1776 0.268661279309	6
105 78.5 0.0297441176471 0.0646100076477	17
106.5 78.5 -0.000141304347826 0.0466210734017	115
108 78.5 -0.0823835078534 0.0527456082257	191
109.5 78.5 -0.09901875 0.0521510149835	336
111 78.5 -0.0889219745223 0.0590379515427	157
112.5 78.5 0.0141177165354 0.0512858591264	127
114 78.5 0.209994680851 0.0777832490308	47
115.5 78.5 -0.02365 0.108760631664	77
117 78.5 -0.00247592592593 0.0524850425928	135
118.5 78.5 -0.0174542194093 0.076841732454	237
120 78.5 -0.0473306666667 0.068373359835	150
121.5 78.5 -0.0965065217391 0.138100002719	23
123 78.5 0.05445 NaN	1
124.5 78.5 -0.21595 NaN	1
126 78.5 0.0254125 0.108506212255	24
127.5 78.5 -0.00837857142857 0.169320703576	14
129 78.5 0.11505 0.0793373808491	2
133.5 78.5 -0.0363 0.0485782358675	2
136.5 78.5 0.0789583333333 0.109684371972	60
138 78.5 -0.0905851351351 0.0730212643685	74
144 78.5 -0.073175 0.106930680469	48
145.5 78.5 -0.103664414414 0.0714885735903	111
147 78.5 -0.0757400990099 0.100705443592	202
148.5 78.5 -0.0570182242991 0.0900280654334	107
150 78.5 -0.022169047619 0.0883356927807	21
151.5 78.5 -0.258016666667 0.064085593805	3
-162 78 0.30805 NaN	1
-153 78 0.07785 NaN	1
-145.5 78 0.32365 NaN	1
-129 78 0.2739 0.0894490078201	2
-127.5 78 0.11045 0.00240416305604	2
-123 78 0.3039 0.0378302127935	2
-120 78 0.32215 NaN	1
-118.5 78 0.33925 0.0247538549186	4
-117 78 -0.09115 0.177259588363	13
-115.5 78 -0.0769810344828 0.238415295086	29
-114 78 0.0711722222222 0.137584461423	54
-112.5 78 0.159339655172 0.192012108253	58
-111 78 0.198561111111 0.115781618792	81
-109.5 78 0.09967 0.154241996011	25
-108 78 -0.13555 0.118003008436	3
-106.5 78 0.0635214285714 0.121682602348	7
-105 78 0.0236323529412 0.148532207094	17
-103.5 78 -0.0621071428571 0.183389424719	14
-102 78 0.118629259259 0.109704075555	135
-100.5 78 0.03880625 0.11193701552	32
-97.5 78 0.0466978873239 0.0679546316285	71
-93 78 -0.02135 NaN	1
-76.5 78 -0.1365 0.119430335342	2
-75 78 -0.0322508196721 0.161585251401	122
-73.5 78 0.047674 0.169751497981	25
-72 78 -0.164505813953 0.073316689892	129
-18 78 0.292975 0.331379192417	4
-16.5 78 -0.124066666667 0.109247856924	12
-15 78 -0.00629074074074 0.169558159433	27
-13.5 78 -0.14365 0.126258306657	3
-12 78 0.0074 0.304409469301	2
-10.5 78 0.09245 0.211914133554	4
-9 78 -0.01333 0.14221523527	15
-7.5 78 -0.0904055555556 0.109902429773	90
-6 78 -0.0634067567568 0.130869841311	74
-4.5 78 0.02045 0.151986564129	75
-3 78 -0.114607407407 0.100120309127	108
-1.5 78 0.0075725 0.205214714797	280
0 78 -0.0302133152174 0.0863547791823	368
1.5 78 -0.0430135245902 0.0485331258207	244
64.5 78 0.20785 NaN	1
66 78 0.0666195652174 0.0990968569287	46
67.5 78 0.109880645161 0.0688720708043	186
69 78 0.0108483870968 0.0594216980074	62
70.5 78 0.0514844497608 0.066452225206	418
72 78 0.110535034014 0.118828438754	147
73.5 78 -0.00643214285714 0.120264892983	28
75 78 -0.185833333333 0.0600089132268	6
78 78 0.16355 NaN	1
79.5 78 -0.008215 0.142719302257	20
81 78 -0.057122 0.154513595734	25
82.5 78 0.0273166666667 0.150348919185	9
85.5 78 -0.058 0.155068517114	2
87 78 -0.126975 0.090374874827	16
88.5 78 0.00715714285714 0.118652170808	14
93 78 0.02916875 0.270978988653	16
94.5 78 1.21675 0.862153029727	4
96 78 -0.10551 0.140070225244	5
99 78 -0.098561827957 0.0654490506283	93
100.5 78 -0.25055 NaN	1
102 78 0.021126119403 0.0899540945041	67
103.5 78 0.0163302631579 0.0491472292057	76
105 78 -0.192691666667 0.0667826761468	84
106.5 78 -0.109225609756 0.0790304696807	123
108 78 -0.067739968652 0.060339524889	319
109.5 78 -0.122985677083 0.0680111698172	384
111 78 -0.0230467741935 0.0774742871651	248
112.5 78 -0.009614 0.0894221443491	25
114 78 0.0101605 0.0644901849861	200
115.5 78 0.00974904761905 0.0610755328678	420
117 78 -0.0283308139535 0.0799590423914	172
118.5 78 -0.0665261904762 0.13178756331	63
120 78 -0.0353881443299 0.10354683868	97
121.5 78 -0.0732462962963 0.171892897069	27
123 78 -0.0229468253968 0.144533064604	63
124.5 78 -0.0373214285714 0.218983506329	14
126 78 0.20091 0.0823785348255	5
127.5 78 0.04115 0.174336207752	10
144 78 -0.00252428571429 0.0337016350001	35
145.5 78 -0.00931615384615 0.0642503630265	65
147 78 -0.0275505405405 0.0720610735066	185
148.5 78 -0.0157422077922 0.12529217093	77
150 78 -0.0376907407407 0.134477193546	27
-163.5 77.5 0.30925 NaN	1
-144 77.5 0.293775 0.0226552973938	4
-130.5 77.5 0.32775 NaN	1
-121.5 77.5 -0.112683333333 0.149048309842	6
-120 77.5 0.33635 0.144101191297	4
-118.5 77.5 0.0912676470588 0.25017116949	17
-117 77.5 0.0667 0.305078586308	18
-115.5 77.5 0.0486846153846 0.13340569539	52
-114 77.5 0.723483333333 0.110559003855	3
-112.5 77.5 0.00525 NaN	1
-109.5 77.5 0.03715 0.123224835159	3
-108 77.5 -0.03955 0.151030033805	10
-106.5 77.5 -0.01919 0.114381130437	5
-105 77.5 -0.035225 0.144280614891	4
-103.5 77.5 0.095025 0.134580480315	12
-102 77.5 -0.001525 0.154984134819	12
-100.5 77.5 0.0190375 0.136192091697	56
-99 77.5 0.194079577465 0.102568725941	71
-97.5 77.5 0.190075714286 0.110569124886	35
-91.5 77.5 0.42525 0.101937852215	8
-76.5 77.5 -0.0862261904762 0.134069332454	21
-75 77.5 -0.141092592593 0.077682592212	54
-73.5 77.5 0.1676 0.124662925523	2
-72 77.5 -0.19941 0.0566613173946	10
-70.5 77.5 -0.226103488372 0.0493726645753	129
-16.5 77.5 -0.143001984127 0.0998301615316	252
-15 77.5 -0.155863471503 0.0870052536098	386
-13.5 77.5 -0.04822 0.137882164264	10
-12 77.5 0.057054 0.201714045702	25
-10.5 77.5 -0.014875 0.122788740415	12
-9 77.5 -0.0313833333333 0.196755677889	30
-7.5 77.5 -0.0845159574468 0.139581330938	47
-6 77.5 -0.122735714286 0.0831672096556	7
-4.5 77.5 0.0891049019608 0.142342460726	51
-3 77.5 0.0279633986928 0.128838296606	306
-1.5 77.5 0.0139406137184 0.0847110432801	277
0 77.5 0.0266730769231 0.0344695071487	13
1.5 77.5 0.0234270408163 0.0494638415817	196
58.5 77.5 0.00993333333333 0.178393715323	6
66 77.5 -0.0967 0.0869034234078	2
67.5 77.5 0.14823 0.208031961487	5
69 77.5 0.18155 NaN	1
70.5 77.5 0.0697902439024 0.0979529136816	82
72 77.5 0.0724584942085 0.123510015307	259
73.5 77.5 0.151163207547 0.0990724463708	53
75 77.5 -0.15985 NaN	1
76.5 77.5 -0.0135416030534 0.071367901682	131
78 77.5 0.11205 NaN	1
79.5 77.5 -0.0499868421053 0.149365685523	19
81 77.5 0.0738219512195 0.113206721515	82
82.5 77.5 -0.0846806122449 0.152507353927	49
84 77.5 -0.0840966666667 0.165053752572	15
85.5 77.5 -0.0461833333333 0.147651109528	24
87 77.5 -0.0579138132296 0.126107717991	257
88.5 77.5 -0.0884465811966 0.0885355597093	117
91.5 77.5 0.530927777778 0.736852525574	9
97.5 77.5 0.44325 0.934478318636	6
99 77.5 -0.058398 0.164494483494	25
100.5 77.5 -0.0889122807018 0.332311181171	114
102 77.5 -0.0173023696682 0.0910955095434	422
105 77.5 -0.164454 0.0551948931816	25
106.5 77.5 -0.0870214285714 0.122573294101	84
108 77.5 -0.0489667938931 0.0732210217321	131
109.5 77.5 -0.00140398633257 0.0578798576672	439
111 77.5 -0.0651575630252 0.0761613451239	238
112.5 77.5 -0.00277738589212 0.094550427446	241
114 77.5 0.0547932098765 0.131846742759	324
115.5 77.5 -0.0435919161677 0.0843998560563	167
117 77.5 -0.00150428571429 0.0808355917999	245
118.5 77.5 -0.00757530120482 0.0731527067058	83
120 77.5 -0.0245116477273 0.0704363674407	352
121.5 77.5 -0.0465730769231 0.129579490068	26
123 77.5 0.0121026315789 0.13878780174	38
124.5 77.5 0.00926937172775 0.057047988955	191
144 77.5 0.0604724489796 0.0606373690657	49
145.5 77.5 0.0063131147541 0.0606003726594	488
147 77.5 -0.0173948648649 0.0846241820181	370
148.5 77.5 -0.0871658730159 0.100331849712	63
150 77.5 -0.13405 0.123248833666	9
-166.5 77 0.30885 NaN	1
-165 77 0.3532 0.119713178055	2
-144 77 -0.04175 NaN	1
-132 77 0.15065 0.306628977757	3
-123 77 -0.0377 0.0245366053072	2
-121.5 77 -0.1148 0.170913964711	4
-115.5 77 0.17175 0.162493138317	2
-114 77 0.552016666667 0.42086188154	3
-111 77 -0.25725 NaN	1
-109.5 77 -0.15195 0.13278175703	5
-108 77 0.0220125 0.117826804392	16
-106.5 77 -0.0659166666667 0.0716892135076	3
-105 77 -0.1069 0.152381511346	2
-102 77 -0.13495 0.115619375539	5
-100.5 77 -0.1248 0.156387648702	4
-99 77 0.0621115384615 0.234237349493	13
-97.5 77 -0.000360869565217 0.0885564533774	46
-91.5 77 0.142716666667 0.171377637592	6
-90 77 0.213477586207 0.0748494554425	58
-76.5 77 -0.083795 0.0934695662102	240
-75 77 -0.0724414893617 0.122847416546	47
-72 77 -0.1928875 0.0469433073733	8
-18 77 0.0312308035714 0.326380226333	224
-16.5 77 -0.190507177033 0.0764762962528	836
-15 77 -0.0845211981567 0.122625063934	434
-13.5 77 -0.0561515673981 0.123894277933	319
-12 77 0.0406569444444 0.162834017561	72
-10.5 77 -0.0334019230769 0.112222890195	104
-9 77 -0.0111893442623 0.136453809375	61
-7.5 77 0.0844038461538 0.20448857753	39
-6 77 0.0900576923077 0.167846276205	13
-4.5 77 0.16203 0.118312591609	40
-3 77 0.0195660220994 0.0806142317025	181
-1.5 77 -0.0162805263158 0.134049331971	190
0 77 0.26895 NaN	1
18 77 -0.224428205128 0.0396069255835	156
19.5 77 -0.240352439024 0.0410136192163	123
61.5 77 0.0567761904762 0.0875756120956	42
69 77 -0.0184462025316 0.0976415808901	79
70.5 77 -0.0248227272727 0.219819025978	11
75 77 0.0719047038328 0.0634787088129	287
76.5 77 0.0612959459459 0.0755941414345	37
78 77 -0.139016666667 0.126208412292	3
82.5 77 -0.0694308695652 0.0804798001197	115
84 77 0.0225769230769 0.167814663382	26
85.5 77 -0.08565 0.168333174092	9
87 77 -0.0572273755656 0.124536000762	221
88.5 77 -0.10302639485 0.0744545267426	233
90 77 -0.0251618518519 0.0686055272702	270
91.5 77 -0.0231476190476 0.101785512142	42
93 77 -0.26285 NaN	1
94.5 77 -0.0961583333333 0.0350044791506	12
97.5 77 -0.0811294117647 0.0957289126377	34
99 77 -0.0935200787402 0.0856090637493	127
100.5 77 -0.0321397163121 0.075855242834	282
108 77 0.0165595238095 0.0484871032885	84
109.5 77 0.0590450155763 0.118265047827	321
111 77 0.0697216949153 0.144088732196	590
112.5 77 -0.055097875817 0.0827081581384	612
114 77 -0.0684739263804 0.0579035115189	163
115.5 77 0.0127259103641 0.102442740828	357
117 77 -0.021852247191 0.0846095156338	356
118.5 77 -0.0204213483146 0.0887354840162	178
120 77 -0.0215935294118 0.0490715183784	85
124.5 77 -0.00190507246377 0.0463618997233	69
126 77 0.02445 0.151574036601	15
129 77 -0.12485 0.0336772682978	51
142.5 77 0.0288631410256 0.0508563988051	312
144 77 -0.0274779661017 0.0594953778074	118
145.5 77 0.016453125 0.0613647478493	320
147 77 0.00269324324324 0.124189261446	111
148.5 77 -0.0199349498328 0.119379612526	299
150 77 -0.050342 0.115141448952	25
151.5 77 -0.16695 NaN	1
153 77 0.18555 NaN	1
156 77 -0.22555 NaN	1
-166.5 76.5 0.33105 NaN	1
-154.5 76.5 -0.07355 NaN	1
-150 76.5 -0.15935 NaN	1
-145.5 76.5 -0.25505 0.0342239682094	2
-138 76.5 -0.04785 0.135905923344	2
-130.5 76.5 0.40495 NaN	1
-127.5 76.5 0.40175 NaN	1
-124.5 76.5 0.286525 0.368893623802	12
-123 76.5 -0.0567287878788 0.180416025753	33
-115.5 76.5 0.295716666667 0.0726609477872	3
-114 76.5 -0.134416666667 0.107292699348	3
-111 76.5 -0.06155 NaN	1
-108 76.5 0.117525 0.325755779469	8
-106.5 76.5 -0.30345 NaN	1
-103.5 76.5 1.32805 NaN	1
-100.5 76.5 0.43375 0.599199048731	5
-99 76.5 -0.0848777777778 0.0827171993322	18
-97.5 76.5 -0.119442436975 0.100010977169	238
-96 76.5 -0.222557291667 0.070400616392	96
-90 76.5 -0.133018131868 0.0658321888156	91
-88.5 76.5 0.143591176471 0.410018604323	68
-79.5 76.5 -0.2331375 0.0721994895434	32
-78 76.5 -0.0219192307692 0.103437898602	221
-18 76.5 0.202434057971 0.176155432501	276
-16.5 76.5 -0.155518571429 0.0809647341011	630
-15 76.5 -0.102294162437 0.0994826829815	197
-13.5 76.5 -0.0058414893617 0.128116739954	47
-12 76.5 -0.0541657894737 0.174302722817	19
-10.5 76.5 -0.0119294117647 0.104948283886	34
-9 76.5 -0.0864583333333 0.194462403276	12
-7.5 76.5 0.122826923077 0.0833706598455	13
-6 76.5 0.0393025547445 0.099748281041	137
-4.5 76.5 0.0176996904025 0.0918663675157	646
-3 76.5 0.0194898496241 0.0671911010953	266
69 76.5 -0.00545 NaN	1
70.5 76.5 0.0700033333333 0.138660806021	30
72 76.5 -0.0159953488372 0.139246372986	86
76.5 76.5 0.03214140625 0.0564646262722	128
81 76.5 0.0280735294118 0.150271320735	51
82.5 76.5 -0.025206097561 0.15554703798	41
84 76.5 0.0495822580645 0.129061193071	93
85.5 76.5 -0.136698148148 0.131459190422	27
87 76.5 -0.0492872093023 0.141659212484	86
88.5 76.5 -0.0635635483871 0.126866875251	155
90 76.5 -0.0512566666667 0.106633157166	120
91.5 76.5 -0.0392233333333 0.096171025215	45
93 76.5 -0.0809452941176 0.0688929516505	85
94.5 76.5 -0.077972 0.0365063443745	50
96 76.5 0.08235 0.00282842712475	2
109.5 76.5 0.23307 0.13332468972	10
112.5 76.5 -0.00245416666667 0.0462736006482	120
114 76.5 0.0232020408163 0.150887681412	294
115.5 76.5 -0.046783557047 0.115501994607	149
117 76.5 -0.0245764864865 0.0715157044252	185
138 76.5 0.161101968504 0.0897485056253	127
139.5 76.5 -0.00700502392344 0.20096099934	209
141 76.5 0.24029556962 0.203752295439	79
142.5 76.5 -0.0435660714286 0.058730710856	336
144 76.5 -0.0126005359877 0.106147127119	653
145.5 76.5 -0.0726085831063 0.0766063151113	367
147 76.5 -0.095254601227 0.0693763893133	326
148.5 76.5 -0.00611766917293 0.107288538706	133
150 76.5 -0.17055 NaN	1
153 76.5 -0.180516666667 0.156536012896	3
-162 76 -0.08275 0.111015764646	2
-156 76 -0.0062 0.110459298688	4
-154.5 76 -0.0347166666667 0.219260035878	3
-138 76 -0.03693 0.196698543462	5
-130.5 76 -0.00295 0.166028672223	2
-127.5 76 -0.199966666667 0.123184989616	6
-126 76 0.00714285714286 0.166999863753	56
-124.5 76 0.174766666667 0.316797308216	24
-123 76 -0.111263333333 0.152255976996	60
-121.5 76 -0.257079787234 0.0347654620896	47
-106.5 76 -0.0264166666667 0.0402652538383	6
-105 76 0.152333333333 0.148267564241	12
-96 76 -0.100317676768 0.0982480781696	495
-94.5 76 -0.134142592593 0.105616039826	54
-90 76 0.0276661290323 0.137887500272	31
-88.5 76 -0.081725 0.0243195908683	4
-87 76 0.30055 NaN	1
-85.5 76 0.27565 0.0558614357137	2
-84 76 -0.27735 NaN	1
-81 76 0.0541457746479 0.0950737286674	142
-79.5 76 0.072461969112 0.107730329647	259
-78 76 0.17285 0.249687564768	3
-69 76 0.03265 0.13221561935	3
-67.5 76 -0.00985 0.0951553729434	53
-18 76 0.0663071428571 0.203606432914	7
-16.5 76 -0.0592545454545 0.129419563095	22
-15 76 -0.0114590909091 0.16956853217	33
-13.5 76 -0.0231074257426 0.149669365835	101
-12 76 -0.0314920454545 0.119238052942	88
-10.5 76 0.0736026315789 0.165367124801	19
-7.5 76 0.0821819148936 0.134119572067	47
-6 76 0.0546598859316 0.113611405363	263
-4.5 76 0.0142250853242 0.0701797727787	293
69 76 -0.01955 0.160761873589	7
70.5 76 -0.0112286259542 0.0626126858575	262
72 76 -0.0189640703518 0.0656344722112	199
73.5 76 -0.0108625 0.141371600812	32
75 76 0.0667 0.0357088924499	2
78 76 -0.0471423076923 0.141927055569	13
79.5 76 -0.074488028169 0.130588010132	71
81 76 -0.010634 0.136516990585	50
82.5 76 -0.0461680555556 0.0808234012474	144
84 76 -0.0355 0.102446957007	6
85.5 76 -0.0861605263158 0.159915946306	19
87 76 -0.0268839622642 0.141788534232	53
88.5 76 -0.136935714286 0.142907865757	7
90 76 -0.13360862069 0.118807044997	29
91.5 76 -0.105192857143 0.130825186886	7
93 76 0.00575 0.0124450793489	2
115.5 76 -0.0791516574586 0.0825828213742	181
117 76 -0.01225 0.145570213632	32
130.5 76 -0.1105625 0.0854591872099	8
132 76 -0.0720837748344 0.088553624347	151
133.5 76 0.0346362068966 0.144655837184	29
135 76 -0.30935 NaN	1
136.5 76 -0.0805384210526 0.129874147644	95
138 76 -0.0394096153846 0.138658404156	52
139.5 76 0.0754622093023 0.137935613091	172
142.5 76 0.0765910071942 0.188733856326	139
144 76 -0.0653996551724 0.0875712737689	435
145.5 76 -0.130515400844 0.121237604432	474
147 76 -0.0399401734104 0.137877389282	865
148.5 76 -0.0573688916877 0.0750472791772	397
150 76 -0.124767857143 0.0497363875534	308
151.5 76 -0.0833342592593 0.0922305814464	324
153 76 -0.0336166666667 0.318691399469	15
-166.5 75.5 -0.02813 0.200824443233	5
-163.5 75.5 0.041 0.319400133062	2
-154.5 75.5 -0.12965 0.141662380327	3
-150 75.5 -0.18985 0.12855201282	2
-139.5 75.5 -0.07695 NaN	1
-138 75.5 -0.1484 0.0853462164754	4
-136.5 75.5 0.09935 0.155704656321	4
-130.5 75.5 -0.1805 0.0282135605693	2
-129 75.5 -0.212225 0.0678491156906	4
-127.5 75.5 0.000664285714286 0.29688455348	7
-126 75.5 0.03735 0.199586150393	43
-124.5 75.5 -0.0769252851711 0.0699707182309	263
-123 75.5 -0.120145622896 0.0690694362921	594
-121.5 75.5 -0.176282957746 0.0708183248339	710
-120 75.5 -0.159868 0.056911247373	50
-118.5 75.5 0.00745 NaN	1
-105 75.5 -0.163716666667 0.0739609581694	3
-103.5 75.5 0.0296140718563 0.0847543510782	167
-94.5 75.5 0.2868 0.355519661904	4
-88.5 75.5 -0.05285 NaN	1
-87 75.5 0.1113 0.218425284709	2
-81 75.5 -0.0696608695652 0.0508997586908	46
-79.5 75.5 0.0658166666667 0.126684815287	12
-69 75.5 -0.06545 0.0969892777579	3
-21 75.5 -0.19905 0.153442171517	2
-18 75.5 -0.042774137931 0.0872822050886	29
-16.5 75.5 -0.0552125 0.198439130196	8
-15 75.5 0.04665 0.225158613627	32
-13.5 75.5 0.006225 0.133377254999	44
-12 75.5 0.0246818681319 0.1468628543	91
-10.5 75.5 0.0902665354331 0.137760498844	127
-9 75.5 0.178958695652 0.153099132807	23
-7.5 75.5 -0.007875 0.147758690825	8
-6 75.5 -0.00955 0.148085060016	5
64.5 75.5 -0.0814816455696 0.0692120608733	79
66 75.5 -0.042702 0.114001919282	25
67.5 75.5 -0.040725 0.206359869726	4
69 75.5 -0.0188928571429 0.129784878054	21
70.5 75.5 0.0154 0.143073823213	28
72 75.5 0.0299476190476 0.0595142805111	294
73.5 75.5 -0.00183333333333 0.0578214938541	12
75 75.5 -0.061425 0.0742986036208	4
76.5 75.5 -0.1108 0.133581463358	18
78 75.5 -0.063157 0.102649052068	200
79.5 75.5 -0.0221431707317 0.125846891695	205
81 75.5 -0.0643209183673 0.0941068085015	196
82.5 75.5 -0.0628852941176 0.109084667495	102
85.5 75.5 0.0382269230769 0.100488259296	13
87 75.5 -0.01605 0.102286642986	16
88.5 75.5 -0.1642 0.0921889545083	4
91.5 75.5 0.41515 NaN	1
114 75.5 -0.0999453488372 0.0794851549691	86
115.5 75.5 -0.129847972973 0.0667621817156	148
130.5 75.5 0.000189215686275 0.0474067758805	153
132 75.5 -0.035801758794 0.0749944751125	199
133.5 75.5 -0.0159996 0.109577237912	125
135 75.5 -0.0863 0.152462018221	6
136.5 75.5 0.0178892405063 0.123144932767	79
145.5 75.5 -0.141005652174 0.153166724429	115
147 75.5 0.0266265625 0.291412631396	320
148.5 75.5 0.0257641949153 0.273251362061	472
150 75.5 0.0491166666667 0.288590178793	603
151.5 75.5 -0.109486885246 0.155429726993	244
153 75.5 -0.0469239316239 0.101980827344	234
154.5 75.5 -0.0547592485549 0.0593050374935	173
156 75.5 -0.12985 0.101749945595	8
157.5 75.5 -0.03605 NaN	1
-165 75 -0.13185 0.0165462986798	2
-163.5 75 -0.0193785714286 0.179867689467	7
-160.5 75 0.13915 NaN	1
-159 75 -0.083 0.0985439546598	6
-157.5 75 -0.03155 NaN	1
-154.5 75 -0.0675722222222 0.119084956835	9
-151.5 75 -0.08935 0.132431133047	5
-150 75 0.18815 0.12855201282	2
-142.5 75 -0.29165 NaN	1
-135 75 0.0739666666667 0.098984451641	6
-132 75 0.02245 0.148869696939	4
-129 75 0.08345 0.0808930157677	2
-127.5 75 -0.074725862069 0.180172351326	29
-126 75 -0.053586 0.163606858251	25
-124.5 75 -0.0989778787879 0.100959299689	165
-123 75 -0.124139940828 0.0561953762767	169
-121.5 75 -0.103275 0.0224635418909	8
-120 75 -0.152081147541 0.0708850208459	61
-117 75 2.55315 NaN	1
-103.5 75 0.637025 1.05307624091	4
-102 75 0.96825 1.33637346078	4
-100.5 75 -0.0323847826087 0.0986378881845	46
-97.5 75 0.09375 0.0189296064407	3
-93 75 0.00065 NaN	1
-21 75 0.0850833333333 0.0660214927126	9
-18 75 0.183516666667 0.109938187178	9
-16.5 75 -0.116754666667 0.107550033518	150
-15 75 0.034105 0.181111362877	20
-13.5 75 0.010025 0.187660375222	8
-12 75 0.191215151515 0.0951454279469	66
-10.5 75 0.0416354545455 0.139443557436	55
63 75 0.10795 0.191129755228	7
64.5 75 0.0155018518519 0.0718068287622	54
66 75 0.0281375 0.0704236666928	88
67.5 75 -0.0814884615385 0.149775663012	13
69 75 0.0388840136054 0.0717985801613	441
70.5 75 0.0114737837838 0.0978536850118	185
72 75 -0.196892857143 0.137389976761	14
73.5 75 0.0199125 0.100982373892	24
75 75 0.0117849206349 0.0791441483042	126
76.5 75 -0.00932579908676 0.0738506732167	219
78 75 0.0789098958333 0.103671121922	384
79.5 75 -0.0283512765957 0.13155119865	470
81 75 -0.0198599750623 0.0757323207108	401
82.5 75 -0.0783166666667 0.0899007415616	3
84 75 -0.25855 NaN	1
85.5 75 -0.02005 0.091755072521	7
115.5 75 -0.0243223684211 0.0921842858607	76
120 75 0.0551259493671 0.0424111959553	79
123 75 0.0538086956522 0.069156028342	46
126 75 -0.23975 0.0759432682994	2
127.5 75 0.0791655172414 0.0809211546121	58
129 75 0.00732826086957 0.0573247404148	184
130.5 75 0.0147515625 0.059403093223	192
132 75 -0.00540866666667 0.0873663640983	375
133.5 75 0.062893378119 0.0717500862993	521
135 75 -0.00529166666667 0.0972687336175	60
136.5 75 0.0529214285714 0.0633648355238	7
144 75 -0.0993833333333 0.215029424343	3
151.5 75 -0.207960526316 0.0609241092485	76
153 75 0.03265 0.147642213333	20
154.5 75 -0.0136636363636 0.162542687006	88
156 75 -0.0025 0.211669139441	50
-174 74.5 -0.25185 NaN	1
-169.5 74.5 -0.04665 NaN	1
-162 74.5 0.09795 0.13944145725	2
-154.5 74.5 -0.2397 0.0966614969882	2
-153 74.5 -0.178275 0.0743704410367	4
-151.5 74.5 0.0112071428571 0.157760333599	7
-150 74.5 0.0612 0.0764382430463	2
-144 74.5 0.00785 0.137602979619	2
-132 74.5 0.30115 0.145805418281	2
-130.5 74.5 0.28615 NaN	1
-129 74.5 -0.20025 NaN	1
-127.5 74.5 0.279875 0.0293220480185	4
-126 74.5 -0.0355477272727 0.0928780107369	44
-124.5 74.5 -0.227258474576 0.0937877726905	59
-123 74.5 -0.171524015748 0.0518848988836	127
-117 74.5 -0.0091 0.377807153188	2
-105 74.5 0.47005 NaN	1
-103.5 74.5 0.86415 0.588833379295	8
-102 74.5 0.963213636364 1.05819256213	11
-100.5 74.5 -0.0807642857143 0.131772296388	7
-99 74.5 -0.0380227272727 0.159895166224	11
-96 74.5 0.00918085106383 0.039671823176	94
-93 74.5 0.07357 0.14888057966	5
-91.5 74.5 -0.29375 NaN	1
-88.5 74.5 -0.26526 0.0453875446229	30
-84 74.5 0.0571348484848 0.0650616540349	33
-82.5 74.5 0.573271182266 0.238306518225	203
-81 74.5 -0.0736 0.0902293694013	118
-79.5 74.5 0.183172680412 0.105925200127	97
-19.5 74.5 0.0261166666667 0.160804995776	6
-18 74.5 -0.0692232620321 0.12033218999	187
-16.5 74.5 -0.0993363636364 0.148883796594	66
-15 74.5 -0.046074 0.129893787637	25
-13.5 74.5 0.0477444444444 0.101574850699	216
-12 74.5 0.0433314814815 0.130052672871	27
-10.5 74.5 -0.0080244047619 0.0577192368197	168
-9 74.5 0.0723909090909 0.0786508902204	22
60 74.5 0.0121681818182 0.0546135680777	66
61.5 74.5 0.00699932735426 0.050993399034	223
64.5 74.5 -0.00949801980198 0.0666118751536	202
66 74.5 0.0258280684105 0.0581060180754	497
67.5 74.5 0.0118020833333 0.0641187664116	96
69 74.5 0.00766452145215 0.076291777744	303
70.5 74.5 -0.0495522988506 0.0732028068102	87
72 74.5 -0.014102 0.142225317484	25
73.5 74.5 -0.0347512345679 0.0992765587813	81
75 74.5 0.0132098639456 0.0875716791806	147
76.5 74.5 0.0337771221532 0.0850501172082	483
78 74.5 -0.00904132075472 0.0777550771514	530
79.5 74.5 -0.0217995412844 0.135419830475	109
81 74.5 0.027553187251 0.0822598934463	251
82.5 74.5 -0.0093691011236 0.108242528481	89
84 74.5 -0.0179320224719 0.0614118744141	178
112.5 74.5 -0.04645 NaN	1
115.5 74.5 -0.0228 0.109808402836	16
117 74.5 0.00847189781022 0.0799162987824	137
118.5 74.5 0.00101596736597 0.0523340801188	429
120 74.5 -0.0415214285714 0.151921566543	7
121.5 74.5 -0.0155347457627 0.107546680825	59
123 74.5 0.0501467741935 0.0687479571735	124
126 74.5 0.0011 0.138735230585	108
127.5 74.5 0.0519546511628 0.0890878085883	172
129 74.5 0.035566091954 0.074741051814	174
130.5 74.5 0.0721251381215 0.103632212933	362
132 74.5 0.00560949008499 0.0676441875549	353
133.5 74.5 0.0281626297578 0.0684728748404	578
135 74.5 -0.00397438271605 0.0896241283816	324
136.5 74.5 -0.0966614285714 0.115116462183	35
138 74.5 0.00493666666667 0.123715256309	30
139.5 74.5 -0.0314039772727 0.0851611533578	176
141 74.5 -0.0243607142857 0.0548377900201	28
144 74.5 0.03245 0.0649124025129	2
150 74.5 -0.03085 0.145051904503	13
153 74.5 -0.106402380952 0.0721481366291	21
154.5 74.5 -0.13575 0.19657568517	2
157.5 74.5 -0.116346 0.118456625254	25
-168 74 0.006 0.241901229844	2
-166.5 74 0.06385 NaN	1
-157.5 74 -0.1479 0.169288993539	4
-153 74 -0.0309 0.122965869248	2
-151.5 74 -0.11645 0.176466257398	5
-148.5 74 -0.0719 0.207252997566	2
-147 74 -0.141516666667 0.149012930088	3
-141 74 0.08605 NaN	1
-136.5 74 -0.10645 NaN	1
-135 74 -0.15755 NaN	1
-132 74 -0.12731 0.166530156428	5
-130.5 74 0.02045 NaN	1
-127.5 74 -0.077541349481 0.0775099825196	289
-126 74 -0.0382645418327 0.0607763243745	502
-124.5 74 -0.0994727848101 0.0790167150734	158
-117 74 -0.30475 NaN	1
-109.5 74 2.43065 NaN	1
-103.5 74 -0.21055 NaN	1
-100.5 74 0.489625 0.857242561453	4
-99 74 -0.104978571429 0.101846988407	7
-96 74 -0.10282037037 0.109479259767	27
-88.5 74 -0.053151369863 0.0502809315887	73
-87 74 -0.203827777778 0.0579029212995	117
-84 74 -0.256972222222 0.0287201211606	18
-82.5 74 -0.246735561497 0.0400536099762	187
-81 74 0.253622368421 0.148133487857	152
-79.5 74 0.401565217391 0.0766623215215	46
-76.5 74 -0.0144788461538 0.118074842228	52
-67.5 74 0.156782 0.080769134575	25
-66 74 0.14943 0.0917758829413	30
-19.5 74 -0.0605836206897 0.107127438083	116
-18 74 -0.0690604347826 0.114712107365	230
-16.5 74 0.0301098360656 0.0998366547403	122
-15 74 -0.0176733333333 0.171072577224	30
-13.5 74 0.141847619048 0.129414935784	42
58.5 74 -0.00143717948718 0.0661630807351	39
61.5 74 -0.0348592537313 0.0487706928695	335
63 74 -0.0218921052632 0.105632455501	95
64.5 74 -0.0262375 0.0624009663286	120
66 74 0.0129151595745 0.0447001826571	376
67.5 74 0.0679155778894 0.0857059994023	398
69 74 -0.0325403225806 0.0533808123308	124
70.5 74 -0.0245845454545 0.0725017692052	385
72 74 -0.000775263157895 0.0568895692717	285
73.5 74 0.00603011363636 0.0512098495212	176
75 74 0.00211556016598 0.0685471256433	241
76.5 74 0.0603151282051 0.137618896534	390
78 74 -0.000757204610951 0.102114782212	1041
79.5 74 0.0732293515358 0.0804587275432	586
81 74 0.046636631016 0.0787921862519	374
82.5 74 -0.0462457446809 0.102288732342	47
84 74 -0.0574858974359 0.073226499687	39
85.5 74 -0.202992857143 0.0920156702493	21
87 74 -0.18297 0.0512014355268	5
112.5 74 0.369239285714 0.165846534012	28
115.5 74 -0.00485 0.123031215551	3
117 74 -0.056344011976 0.0654493114828	167
118.5 74 0.079025147929 0.0600221351663	338
120 74 0.0250632075472 0.0958596591131	53
121.5 74 -0.0324128205128 0.10789110685	78
123 74 0.159135714286 0.09073708225	7
124.5 74 0.23655 NaN	1
127.5 74 0.0309666666667 0.128352723843	66
129 74 -0.0812078947368 0.108660292839	19
130.5 74 0.00703958333333 0.0658084228798	96
132 74 -0.0234132978723 0.122038813339	188
133.5 74 -0.0547188405797 0.131936826733	138
135 74 0.112687037037 0.135157627233	270
136.5 74 -0.00872565217391 0.092480454294	230
138 74 0.0229 0.0446246472965	42
139.5 74 -0.011395106383 0.0590593581558	235
141 74 -0.20645 0.0770967963018	6
142.5 74 -0.12945 0.0234759451354	2
151.5 74 0.107733333333 0.0747663672159	6
157.5 74 -0.246216666667 0.0274461897781	3
-177 73.5 0.16125 NaN	1
-159 73.5 0.19785 NaN	1
-153 73.5 -0.01285 NaN	1
-151.5 73.5 -0.16325 NaN	1
-150 73.5 0.06555 0.081917324175	6
-138 73.5 -0.10665 NaN	1
-136.5 73.5 0.2846 0.0495953290811	4
-129 73.5 -0.0774490566038 0.0585544540948	106
-127.5 73.5 -0.0405470479705 0.0718342582472	271
-126 73.5 -0.0194107515658 0.0593430453696	479
-124.5 73.5 0.054725 0.352978189836	4
-114 73.5 2.21765 0.790686802723	2
-111 73.5 2.61905 NaN	1
-109.5 73.5 0.14885 NaN	1
-105 73.5 0.42725 NaN	1
-91.5 73.5 0.066 0.167796439176	2
-67.5 73.5 0.173044594595 0.130359856931	74
-66 73.5 -0.0114828767123 0.12370346606	73
-63 73.5 0.0383672839506 0.121018967305	81
-61.5 73.5 0.0878954545455 0.0402546982012	11
-21 73.5 -0.193783333333 0.0864093937795	3
-19.5 73.5 -0.0508823076923 0.110879576562	130
-18 73.5 -0.0410769230769 0.136181806653	130
-16.5 73.5 0.080000617284 0.114337249096	81
-15 73.5 0.0735677777778 0.112089449444	45
-12 73.5 0.152556060606 0.091610708092	33
58.5 73.5 0.0149042168675 0.0677350610634	166
60 73.5 0.058875 0.134635549304	12
61.5 73.5 -0.0270210843373 0.113229126144	83
63 73.5 -0.024146350365 0.0912632090164	274
64.5 73.5 -0.0157216216216 0.0940959150996	74
66 73.5 0.00137363636364 0.0521052850225	55
67.5 73.5 0.0447803571429 0.0477337847366	112
69 73.5 0.383175 0.0836196298724	4
70.5 73.5 -0.026968 0.065225849093	100
72 73.5 0.0670415354331 0.0694248262242	508
73.5 73.5 -0.00500891891892 0.0641385409376	185
75 73.5 -0.0295492227979 0.0791041475224	386
76.5 73.5 -0.0400226744186 0.0769986200822	172
78 73.5 -0.0213041666667 0.0562057914273	408
79.5 73.5 0.0221011904762 0.078999311036	420
81 73.5 0.00938333333333 0.135683302829	6
82.5 73.5 0.0337357142857 0.169372411054	14
114 73.5 -0.18935 NaN	1
117 73.5 0.18755 0.0621482501765	5
118.5 73.5 -0.0608581632653 0.13313615186	49
120 73.5 -0.0331967836257 0.132148835617	342
121.5 73.5 -0.0477333333333 0.0794605051066	66
123 73.5 -0.05635 0.088246858301	6
127.5 73.5 -0.04953125 0.0925391126985	32
129 73.5 -0.0489966487936 0.101225652433	373
130.5 73.5 0.0141477272727 0.0786867906911	88
132 73.5 0.11675 0.0887535351409	3
133.5 73.5 -0.0321093220339 0.0616442383804	236
135 73.5 0.0185369565217 0.142114430589	46
136.5 73.5 -0.0268224770642 0.0648884140083	109
138 73.5 -0.0392278884462 0.0630819652551	502
139.5 73.5 -0.0714198412698 0.0714325071307	189
147 73.5 -0.0477738095238 0.136714289322	21
157.5 73.5 -0.115383333333 0.108853586681	3
-178.5 73 -0.09815 0.0639224530193	2
-175.5 73 -0.185 0.10260119395	2
-174 73 0.03525 0.16742068769	4
-171 73 0.09645 0.150875428748	5
-160.5 73 0.05545 NaN	1
-159 73 0.20185 0.121198102295	2
-157.5 73 0.00351666666667 0.113623691778	3
-153 73 0.0910833333333 0.0359762884875	3
-150 73 -0.05095 0.0673465933538	12
-144 73 -0.12505 NaN	1
-139.5 73 0.04035 0.187100454302	2
-138 73 0.148 0.0615998106058	4
-136.5 73 -0.0433545454545 0.0496445971418	44
-135 73 -0.0009 0.162988113063	2
-132 73 -0.108883333333 0.114571215117	3
-129 73 -0.0128886666667 0.0546262109649	150
-127.5 73 -0.0444134691196 0.0498015330091	761
-126 73 -0.0649601010101 0.0521409632593	396
-91.5 73 -0.1858 0.149553084221	2
-73.5 73 0.01575 0.0502524593096	61
-67.5 73 -0.005665 0.140513060921	20
-66 73 0.104132089552 0.147260722124	67
-61.5 73 0.0557409774436 0.121293157554	133
-21 73 -0.0366649425287 0.0648009973318	174
-19.5 73 -0.00023275862069 0.174468373586	58
-18 73 0.0993 0.1577856135	30
-16.5 73 0.0699337606838 0.103839211713	117
-15 73 0.0669913333333 0.138406798667	75
58.5 73 -0.0307857142857 0.0757442616935	196
60 73 -0.0311776595745 0.0972869432876	94
61.5 73 0.0299 0.0595875985819	64
63 73 -0.0386727678571 0.0969303312723	224
64.5 73 -0.0150940528634 0.0854802259251	227
67.5 73 -0.0529466101695 0.0514907523204	59
69 73 0.148958163265 0.0847366627577	49
73.5 73 0.0139111218569 0.127006068864	517
75 73 -0.0660141666667 0.110198777461	120
76.5 73 -0.0234192307692 0.12875712527	13
78 73 -0.0431352112676 0.0643607749659	142
118.5 73 -0.111321232877 0.0686158235707	73
120 73 -0.13715 0.0604742093789	3
129 73 0.0275777777778 0.0919983310753	36
130.5 73 0.0350313131313 0.113446144133	198
132 73 -0.0326078313253 0.0646322054444	83
133.5 73 -0.00605 0.122028849048	7
135 73 0.04681 0.0377349257983	65
136.5 73 -0.022598635634 0.0825956856812	623
138 73 -0.0283949315068 0.0611577666872	365
139.5 73 -0.0740171428571 0.0956383522025	70
147 73 0.18155 NaN	1
148.5 73 -0.1731 0.138946482503	2
151.5 73 -0.119157142857 0.179696489689	14
160.5 73 1.0686 0.262265905142	2
174 73 -0.0264115384615 0.158445229961	13
-180 72.5 -0.09855 0.133294823605	3
-178.5 72.5 0.0377833333333 0.175195452757	6
-177 72.5 0.0871239130435 0.0728284722364	69
-175.5 72.5 0.00533125 0.0731904349664	80
-174 72.5 0.0216673076923 0.0385770737209	208
-166.5 72.5 -0.0226717391304 0.0363134496849	46
-165 72.5 -0.0346557471264 0.0724575225076	174
-160.5 72.5 -0.09075 NaN	1
-157.5 72.5 -0.099375 0.161835047193	4
-156 72.5 0.1277 0.081670833227	2
-153 72.5 -0.027575 0.137783680093	4
-148.5 72.5 -0.0589 0.211495638253	2
-147 72.5 -0.00288529411765 0.118820978478	17
-139.5 72.5 -0.04231 0.141114923185	45
-138 72.5 -0.0489366666667 0.121283855518	30
-135 72.5 -0.1528 0.137051663008	10
-133.5 72.5 -0.1865 0.0204353859763	2
-132 72.5 -0.0884388888889 0.171006114251	9
-130.5 72.5 -0.0622916666667 0.205225377034	12
-129 72.5 -0.0626581761006 0.0970131832152	159
-127.5 72.5 -0.0463038812785 0.0558183539987	219
-126 72.5 -0.078924137931 0.0606044492549	174
-91.5 72.5 -0.16135 NaN	1
-90 72.5 -0.03965 NaN	1
-75 72.5 -0.0461086666667 0.0656716609524	75
-73.5 72.5 0.0322342105263 0.0616854362545	95
-72 72.5 0.0633855555556 0.0454608072412	135
-66 72.5 -0.0229202786378 0.0606641624403	323
-64.5 72.5 0.0449020547945 0.100263493696	146
-63 72.5 0.10485 NaN	1
-22.5 72.5 -0.138737804878 0.0702468722387	82
-21 72.5 -0.070150921659 0.0427910210281	217
-19.5 72.5 0.07925 0.0533180082149	3
-18 72.5 0.0941366242038 0.0643063033712	157
57 72.5 -0.07075 0.100236220998	4
58.5 72.5 -0.0352180608365 0.076475522495	263
60 72.5 -0.0847603448276 0.124122624693	29
61.5 72.5 0.3091 0.137815111653	2
63 72.5 -0.0424406832298 0.0468110240772	161
64.5 72.5 -0.0433540540541 0.0394448066616	148
69 72.5 0.05365 NaN	1
73.5 72.5 0.00126076115486 0.0946628169357	381
75 72.5 -0.00269862745098 0.0651931224641	255
79.5 72.5 -0.17535 0.0342451456414	3
81 72.5 -0.0160166666667 0.152741950142	3
130.5 72.5 0.0533233681462 0.0530111409893	383
132 72.5 -0.0188599236641 0.0537071595004	262
133.5 72.5 -0.0573402857143 0.042372238898	175
135 72.5 -0.101767582418 0.0773803428863	91
136.5 72.5 -0.0694471223022 0.066696566783	139
138 72.5 -0.0657422712934 0.0407936024034	634
139.5 72.5 -0.101897727273 0.048957157569	132
141 72.5 -0.2258 0.0316812089416	6
147 72.5 -0.2186 0.054800775542	2
148.5 72.5 -0.00915 0.0541099805951	3
150 72.5 -0.0652970588235 0.109134842727	17
151.5 72.5 0.05235 0.312289016778	3
162 72.5 0.00862142857143 0.278015009872	7
177 72.5 -0.0560625 0.133885275383	8
178.5 72.5 -0.0434627516779 0.0583263075045	149
-180 72 0.0495289351852 0.15894127546	432
-178.5 72 -0.0235759259259 0.166481806797	27
-177 72 0.0347976470588 0.0503574311171	510
-175.5 72 0.00228149606299 0.0533357167634	127
-174 72 0.00034173553719 0.0525424500765	242
-169.5 72 -0.0505 0.0908632213825	2
-168 72 -0.0103384353741 0.0608724778859	147
-166.5 72 0.0234076335878 0.0678943764912	262
-165 72 0.017001010101 0.0594700314751	198
-162 72 0.133331481481 0.0800777556602	27
-160.5 72 0.106194444444 0.0911546777614	9
-159 72 -0.01335 0.157396251544	4
-156 72 -0.11095 0.0826778386268	5
-154.5 72 -0.01065 0.0780634274784	32
-153 72 -0.02245 0.145007758413	3
-151.5 72 0.01995 NaN	1
-150 72 -0.00019 0.113039824741	90
-148.5 72 -0.000801851851852 0.10527322828	27
-147 72 0.0109534749035 0.0553969812401	259
-145.5 72 0.0415245387454 0.053825481172	271
-142.5 72 0.0102173333333 0.054274127096	150
-141 72 -0.090525 0.159432647744	4
-139.5 72 -0.08592 0.0656684948984	10
-138 72 -0.0223634146341 0.0529246806255	246
-136.5 72 0.0180196969697 0.0901866389042	66
-135 72 -0.0301822580645 0.0946625495464	62
-133.5 72 -0.0263396825397 0.0770031093703	126
-132 72 -0.0541564516129 0.0894009430803	31
-130.5 72 -0.0214491561181 0.0770525799959	237
-129 72 -0.0207846153846 0.0978250822044	78
-127.5 72 -0.022597826087 0.0315490851364	46
-126 72 -0.30745 NaN	1
-118.5 72 -0.18445 NaN	1
-96 72 0.17015 NaN	1
-72 72 0.0449130813953 0.0542607520786	344
-69 72 0.146411904762 0.0585435254064	42
-67.5 72 0.0119639664804 0.0915909585071	179
-66 72 -0.0243298611111 0.0782162043732	144
-64.5 72 0.0156439698492 0.10531836566	199
-63 72 0.21714047619 0.057721598252	21
-19.5 72 0.0991784552846 0.0971704084689	123
-18 72 0.46285 0.127346535092	4
55.5 72 -0.08855 NaN	1
57 72 -0.0712074193548 0.0774299859264	155
58.5 72 0.093975 0.0984087182791	4
60 72 0.01555 0.103555569623	6
63 72 -0.0340793478261 0.0411523210141	92
64.5 72 -0.0724 0.129051340835	8
66 72 0.003275 0.0620446325525	8
72 72 0.747468518519 0.0549318070354	54
73.5 72 0.123597826087 0.0940724839571	69
75 72 0.159558823529 0.299378574938	34
76.5 72 -0.2868 0.0111335079827	6
82.5 72 -0.165838235294 0.0846436122985	17
130.5 72 -0.135020967742 0.0963591690622	31
132 72 -0.0822788888889 0.126141885521	45
133.5 72 -0.111435833333 0.0739604826302	120
135 72 -0.0710821016166 0.0777803189633	433
136.5 72 -0.096195490982 0.108401827936	499
138 72 0.298080882353 0.169515273436	136
150 72 -0.0865337209302 0.0528070744279	43
151.5 72 0.166974528302 0.0897350114025	53
159 72 0.19575 0.0708520994749	2
169.5 72 -0.14225 NaN	1
171 72 -0.0362684210526 0.120750282536	38
172.5 72 -0.00245 0.121633753539	3
177 72 -0.0644064102564 0.0573697049838	39
178.5 72 -0.0646433949802 0.0722874778483	757
-180 71.5 0.256068965517 0.189642599642	58
-178.5 71.5 0.0839 0.140119844713	18
-177 71.5 0.0043901459854 0.06050394185	137
-175.5 71.5 -0.00689252491694 0.0632912710064	301
-174 71.5 -0.0122388888889 0.0652235465583	27
-172.5 71.5 -0.080425 0.0771061821992	16
-171 71.5 -0.0605703125 0.0613820979306	128
-169.5 71.5 0.00315 0.176414596902	7
-168 71.5 -0.0151755033557 0.08641559556	149
-166.5 71.5 -0.0292264150943 0.0540442201808	212
-165 71.5 0.0908151162791 0.0470517937026	172
-163.5 71.5 -0.022946875 0.0764946276181	32
-162 71.5 -0.0133581818182 0.0937203816277	110
-160.5 71.5 -0.00125 0.162028392574	5
-159 71.5 -0.0722055555556 0.14918734959	9
-157.5 71.5 -0.0790069105691 0.0623397645395	123
-156 71.5 0.0855194174757 0.112623153564	206
-154.5 71.5 0.00235 0.0270114790413	2
-153 71.5 0.119283333333 0.0882384421138	6
-151.5 71.5 -0.02468125 0.126380213213	16
-150 71.5 -0.0249788515406 0.0867759214394	357
-148.5 71.5 -0.0698758145363 0.0702930739226	399
-147 71.5 -0.0481627659574 0.0570324437747	517
-145.5 71.5 0.0323891752577 0.0650493875783	97
-144 71.5 0.115124 0.0663174384094	200
-141 71.5 -0.0425192307692 0.118487829084	13
-138 71.5 0.00287927927928 0.0625164477791	222
-136.5 71.5 -0.057056097561 0.106397335142	82
-133.5 71.5 0.0122332061069 0.0859361732313	131
-132 71.5 -0.042943814433 0.0947343960485	97
-130.5 71.5 -0.0136114906832 0.0640017832389	161
-129 71.5 -0.0448817460317 0.0488665131161	126
-127.5 71.5 -0.0491166666667 0.124912983046	3
-126 71.5 0.0942421052632 0.0390078396942	38
-124.5 71.5 -0.0024174556213 0.0733894214923	338
-120 71.5 -0.0421228813559 0.161571414584	59
-103.5 71.5 0.23645 NaN	1
-93 71.5 1.36105 NaN	1
-91.5 71.5 1.55965 NaN	1
-72 71.5 0.08721 0.0384145545334	5
-67.5 71.5 0.0127052380952 0.0399084986634	105
-66 71.5 0.120029470199 0.0582781735219	151
-64.5 71.5 -0.00834029850746 0.0804096399998	402
-63 71.5 0.085506741573 0.0847529762793	178
-61.5 71.5 0.16109 0.131329747836	10
-21 71.5 0.062992384106 0.0898177840127	151
-19.5 71.5 0.0678555555556 0.0370233228912	18
55.5 71.5 -0.28065 NaN	1
58.5 71.5 0.0644909836066 0.173459933296	61
60 71.5 -0.0622 0.151314738211	4
61.5 71.5 -0.0539042372881 0.0793755915984	177
63 71.5 0.00445 0.184270236338	6
64.5 71.5 -0.04685 NaN	1
72 71.5 0.366756349206 0.308202133866	126
75 71.5 -0.107401456311 0.130570647892	103
76.5 71.5 -0.186426744186 0.0462253118194	86
129 71.5 0.0538652173913 0.0753442321538	46
130.5 71.5 -0.0653636363636 0.135232795034	22
132 71.5 0.08915 NaN	1
133.5 71.5 -0.151377350427 0.0694567486653	117
136.5 71.5 -0.1290375 0.0448352042007	8
138 71.5 0.325854347826 0.0986389053938	69
150 71.5 0.0083388 0.101166974096	125
151.5 71.5 0.0734275609756 0.151832102459	205
154.5 71.5 -0.0204333333333 0.153173276891	24
156 71.5 -0.0827166666667 0.151079962272	9
159 71.5 0.150907142857 0.0932547202942	7
160.5 71.5 -0.2276 0.0564978318168	2
169.5 71.5 0.04145 NaN	1
171 71.5 -0.0406083333333 0.139254511651	12
172.5 71.5 -0.0697969387755 0.143306250012	49
174 71.5 -0.0399944444444 0.203942412896	9
175.5 71.5 -0.08195 0.121476774186	4
177 71.5 -0.0598269230769 0.171789202968	13
178.5 71.5 -0.0629103351955 0.0925284325686	179
-180 71 0.0463583333333 0.0945078420782	36
-178.5 71 -0.0780815789474 0.0922227623461	38
-177 71 0.067196875 0.228009746515	32
-172.5 71 -0.0397210601719 0.0581294699853	349
-171 71 -0.0581698198198 0.0663346979269	111
-169.5 71 -0.0253370967742 0.0586906050427	248
-168 71 -0.0378564516129 0.084456943868	62
-166.5 71 -0.0170830434783 0.0731344478499	230
-165 71 0.18535 0.165604408154	2
-160.5 71 -0.0254 0.16981174871	4
-159 71 -0.203779032258 0.11663781043	93
-156 71 0.29435 0.0851559745408	4
-154.5 71 -0.09881875 0.15001896644	16
-153 71 0.0149833333333 0.153334286229	3
-151.5 71 0.000171476510067 0.11491561567	149
-150 71 0.012125 0.118752832949	16
-148.5 71 0.4864 0.229225210531	8
-147 71 -0.0751882278481 0.07400594524	395
-145.5 71 0.0110373563218 0.0833404802435	261
-144 71 0.125111661342 0.0667641265167	313
-142.5 71 0.0533888888889 0.0658276705637	108
-141 71 0.00662402597403 0.0482235006824	231
-139.5 71 0.0767148148148 0.0562482536631	108
-138 71 -0.0377323529412 0.0716977282761	102
-133.5 71 -0.0488916666667 0.131230417725	24
-132 71 -0.0411115384615 0.0531514011292	312
-129 71 0.0437934628975 0.0529297666392	283
-127.5 71 0.09051875 0.0424951795179	32
-126 71 0.07977 0.0548687294703	20
-124.5 71 -0.134827419355 0.0962944155864	31
-118.5 71 0.0842163157895 0.0417199110853	95
-91.5 71 1.23595 0.718703332398	2
-69 71 0.0597597014925 0.0614148605237	134
-67.5 71 -0.0503052083333 0.118521258026	96
-66 71 0.10001124031 0.0682242882799	258
-64.5 71 0.104053333333 0.111029127844	30
-63 71 0.133547777778 0.0563840237067	135
-21 71 0.00914649122807 0.148105319627	57
58.5 71 0.0217766666667 0.139009323771	15
60 71 0.00149482758621 0.153684780793	29
61.5 71 -0.0397348648649 0.056198255218	370
63 71 -0.0794277777778 0.14114837648	18
66 71 0.00339712643678 0.0529635961838	87
73.5 71 -0.11907 0.122748959262	5
76.5 71 -0.25285 NaN	1
130.5 71 -0.0813 0.138591479092	14
153 71 -0.27515 NaN	1
154.5 71 0.0357012195122 0.0940422104386	82
156 71 0.18093 0.0563951859648	5
157.5 71 0.120208333333 0.153414722882	12
159 71 -0.154775 0.0453803140494	32
160.5 71 -0.00608333333333 0.113306269318	6
163.5 71 0.583175 0.55687345286	4
168 71 -0.0857567307692 0.0464232601232	104
169.5 71 -0.0445530120482 0.0587640721248	166
171 71 -0.0153028571429 0.057012210328	350
172.5 71 -0.0423138686131 0.0691882756032	274
174 71 -0.155014285714 0.0995053195883	14
175.5 71 -0.0531 0.165963197728	6
177 71 -0.0670478021978 0.0499317279263	182
178.5 71 -0.02285 0.0192408419774	3
-180 70.5 -0.0374045454545 0.11182859481	77
-178.5 70.5 0.0167 0.0427320176605	136
-172.5 70.5 -0.0127136363636 0.102462452935	33
-169.5 70.5 0.0069875 0.112324150019	32
-168 70.5 -0.0141990909091 0.143701305276	55
-165 70.5 -0.22655 NaN	1
-163.5 70.5 -0.0343935114504 0.0623463528009	131
-151.5 70.5 -0.0356946043165 0.0837459479207	139
-150 70.5 0.281826470588 0.253048283605	51
-148.5 70.5 0.23845 0.0785017515728	5
-147 70.5 -0.0838 0.13096079566	4
-142.5 70.5 0.0873674107143 0.0446313962819	224
-141 70.5 -0.00185136054422 0.0487191588237	147
-132 70.5 0.0101736842105 0.0474223656079	152
-130.5 70.5 -0.0103460264901 0.0576221275562	151
-126 70.5 0.254461111111 0.039828113326	9
-124.5 70.5 -0.00537 0.102466709228	185
-118.5 70.5 0.157422727273 0.0683436866141	121
-115.5 70.5 -0.197055 0.191486904004	80
-91.5 70.5 0.22495 NaN	1
-90 70.5 0.83885 NaN	1
-66 70.5 -0.00282142857143 0.126305083115	98
-64.5 70.5 0.01715 NaN	1
60 70.5 -0.0860760162602 0.0684694126245	123
61.5 70.5 -0.0719338709677 0.0495424875883	434
63 70.5 -0.0380273584906 0.114516615592	53
64.5 70.5 0.08765 0.155494780191	10
66 70.5 -0.104641666667 0.0894015190197	276
67.5 70.5 -0.0374282312925 0.109083678146	147
72 70.5 0.639455882353 0.0608771454508	17
73.5 70.5 -0.19615 NaN	1
160.5 70.5 -0.0313311965812 0.0510718492059	117
162 70.5 0.0807 0.124804346879	2
163.5 70.5 -0.25965 NaN	1
165 70.5 0.548816666667 0.895468996299	3
166.5 70.5 -0.00611070175439 0.0757547697531	285
168 70.5 -0.0817182709447 0.0636570691735	561
169.5 70.5 -0.0545985254692 0.0554967293352	373
171 70.5 -0.0828173539519 0.0975393285819	291
172.5 70.5 -0.0283364450128 0.054793236953	391
174 70.5 -0.01895562249 0.0872972972859	249
175.5 70.5 -0.0435404761905 0.136885970445	21
177 70.5 -0.000424375 0.0637398232073	160
178.5 70.5 0.070768404908 0.0882284236351	326
-180 70 -0.0205764367816 0.0774030049678	348
-178.5 70 0.0167042713568 0.0482853928322	199
-169.5 70 -0.00940087719298 0.0893212044567	114
-165 70 -0.0637833333333 0.0316596483451	3
-163.5 70 0.0481666666667 0.0469624912908	18
-144 70 -0.0942833333333 0.0604255260097	63
-130.5 70 -0.00935 0.0540229580827	2
-120 70 -0.01565 NaN	1
-118.5 70 0.0257431818182 0.06269103365	88
-117 70 0.005034 0.0816937302776	25
-100.5 70 0.10145 NaN	1
-91.5 70 0.026075 0.0367884379482	4
-67.5 70 0.198288235294 0.163133381038	34
-66 70 0.0825478378378 0.138425062114	185
-64.5 70 0.020287962963 0.0485264504761	108
-63 70 0.0431597402597 0.0568429860924	154
58.5 70 -0.06389375 0.129712968331	32
60 70 -0.00763305084746 0.122953483148	59
61.5 70 -0.0618962686567 0.104526801447	67
63 70 -0.30775 NaN	1
66 70 0.0179713114754 0.0861806244944	61
67.5 70 0.174851754386 0.058042347506	57
72 70 0.566421830986 0.0676470972518	71
73.5 70 0.368331081081 0.172147131779	74
160.5 70 -0.0922017857143 0.0813537706364	56
162 70 -0.111759137056 0.09097915896	197
163.5 70 0.0667358974359 0.129362446351	78
165 70 0.153264285714 0.321534595784	21
166.5 70 -0.0329534722222 0.0786328312837	144
168 70 -0.0527681818182 0.106470238266	11
169.5 70 -0.0535954545455 0.058365708332	165
171 70 -0.212841608392 0.0517228114555	143
172.5 70 0.0169226027397 0.0483424510373	73
174 70 0.0108 0.0799597357401	266
175.5 70 -0.0447395652174 0.0737611605043	230
177 70 0.043762305026 0.0582729023681	577
178.5 70 -0.0337662790698 0.105150732919	43
-180 69.5 -0.0585141447368 0.0822380321061	304
-178.5 69.5 -0.0241 0.0693671752344	2
-165 69.5 0.021435380117 0.0828909238433	171
-135 69.5 -0.0396805084746 0.052669647918	59
-120 69.5 0.000238888888889 0.0726069460252	9
-118.5 69.5 0.0039115 0.0651230784321	200
-117 69.5 -0.007765625 0.117147054289	32
-115.5 69.5 -0.184344117647 0.0387893585695	17
-90 69.5 0.01695 0.101540533778	2
-67.5 69.5 0.274958333333 0.0759993595467	12
-66 69.5 0.165277472527 0.099746988889	91
-63 69.5 0.0890088607595 0.105503339597	158
58.5 69.5 0.0241731481481 0.10957862078	108
60 69.5 0.0656923076923 0.128962355575	52
64.5 69.5 -0.19775 0.129228982817	3
160.5 69.5 -0.211194 0.0650432650416	100
162 69.5 -0.0526225490196 0.0998251753386	51
177 69.5 -0.05016875 0.124308176792	64
178.5 69.5 -0.11947748538 0.0623165505737	171
-180 69 -0.0721987309645 0.0389598388311	197
-178.5 69 -0.0660318181818 0.0898191253803	33
-117 69 -0.039515 0.0875499831956	140
-115.5 69 -0.141464423077 0.0885473790332	104
-100.5 69 0.231125 0.621577983174	4
-81 69 0.0295567901235 0.0750461581577	162
-79.5 69 -0.152800819672 0.0607042135357	61
-67.5 69 0.0383423076923 0.125521614749	13
-66 69 -0.000568518518519 0.156997800819	54
-64.5 69 0.0367735294118 0.121263243407	85
58.5 69 0.0253833333333 0.036002268447	3
67.5 69 0.06675 NaN	1
73.5 69 -0.0346230769231 0.127031811945	26
-114 68.5 0.07755 NaN	1
-100.5 68.5 -0.16855 0.0736805265996	2
-79.5 68.5 -0.1739875 0.0494894775973	8
-78 68.5 -0.06285 NaN	1
-76.5 68.5 -0.1755 0.0171826947828	2
-67.5 68.5 -0.15885 0.107055966672	2
-66 68.5 0.0912833333333 0.0772824750663	15
-64.5 68.5 0.0723354014599 0.0767575418216	137
-27 68.5 0.375025 0.58234777976	12
-175.5 68 -0.05145 NaN	1
-114 68 0.37365 NaN	1
-112.5 68 0.03685 NaN	1
-102 68 0.0727033333333 0.162515254952	30
-99 68 0.111983333333 0.128727381185	6
-75 68 0.18285 0.0367695526217	2
-66 68 0.0429166666667 0.219483423824	3
-64.5 68 0.0880045454545 0.0778035392979	11
-31.5 68 0.1206 0.0374059487248	2
-102 67.5 0.865702173913 0.925658304751	23
-81 67.5 -0.147444736842 0.0861661121931	38
-72 67.5 1.95175 0.158420778807	20
13.5 67.5 0.12652972028 0.0484738503041	143
-81 67 -0.0718833333333 0.0731793914523	3
-79.5 67 -0.0315414893617 0.116024314974	47
-78 67 -0.117332608696 0.128521256297	23
-76.5 67 -0.00103899082569 0.105214816711	109
-72 67 1.618425 0.494363213977	16
13.5 67 -0.19955 NaN	1
-82.5 66.5 0.016375 0.0263524034325	4
-79.5 66.5 -0.0605269230769 0.178176109601	39
-78 66.5 -0.108794444444 0.172417060576	9
-76.5 66.5 0.0373636842105 0.160135017906	95
-60 66.5 -0.04187 0.135368236992	30
12 66.5 0.0591232142857 0.0874765225461	56
13.5 66.5 -0.06134 0.141855096903	30
-163.5 66 0.2193 0.0415067888559	72
-79.5 66 0.111028947368 0.115194939023	19
-78 66 -0.0320617647059 0.147981151175	17
-76.5 66 0.103083333333 0.157357432829	69
-61.5 66 0.000983333333333 0.0982500042409	3
-60 66 0.0752189655172 0.0653174900524	116
-58.5 66 0.0578766666667 0.0471345266615	75
12 66 0.0913671428571 0.11387297486	35
-84 65.5 -0.0567156716418 0.0838652083147	201
-82.5 65.5 -0.00749090909091 0.0955298889109	22
-79.5 65.5 0.0800272727273 0.147649740884	44
-78 65.5 0.059959375 0.207732520882	32
-76.5 65.5 0.021175 0.201450231654	4
-63 65.5 -0.00680454545455 0.102738594147	11
-61.5 65.5 0.116171333333 0.0992438551346	75
-60 65.5 0.176142307692 0.0625049792888	13
-58.5 65.5 0.0456112244898 0.0461788603232	98
-22.5 65.5 -0.084675 0.0749900857083	12
-84 65 0.4181 0.307032876665	18
-82.5 65 -0.0256704545455 0.0439261779212	44
-81 65 -0.133341666667 0.106424403031	12
-79.5 65 -0.021312962963 0.121336681845	81
-78 65 -0.07305 0.114180544169	25
-63 65 0.0892357142857 0.099017772575	21
-61.5 65 0.0816166666667 0.14580087334	6
-40.5 65 -0.121689344262 0.32619576345	61
25.5 65 0.10295 0.0875006285692	11
34.5 65 -0.048 0.0413926925918	6
36 65 -0.122933802817 0.0556833494821	142
-160.5 64.5 0.552707142857 0.402599811937	21
-81 64.5 0.045225 0.0623774732309	4
-79.5 64.5 -0.0159136363636 0.183079925475	44
-78 64.5 -0.134001515152 0.142306458746	33
-63 64.5 0.0613571428571 0.122599863841	28
-61.5 64.5 0.110858333333 0.0487704541395	12
-40.5 64.5 0.006215625 0.122609387726	128
34.5 64.5 -0.173102830189 0.0913086957772	53
36 64.5 -0.0462520057307 0.0666640196729	349
40.5 64.5 0.29835 NaN	1
-165 64 0.19535 NaN	1
-160.5 64 0.805557692308 0.597795520764	52
-82.5 64 -0.117237234043 0.144552837665	47
-79.5 64 0.00510833333333 0.067360022639	240
-78 64 -0.120465714286 0.113455011368	70
-64.5 64 0.0513197674419 0.136584108981	43
-63 64 0.121228571429 0.207871991596	14
-61.5 64 0.11508 0.0606735353255	10
-160.5 63.5 0.487380864198 0.205566066413	81
-82.5 63.5 0.01575 0.122932352671	13
-79.5 63.5 0.0548088888889 0.122785268756	90
-75 63.5 0.105665116279 0.103805373903	86
-73.5 63.5 -0.0262055555556 0.154563911628	9
-72 63.5 0.0850166666667 0.330224776983	3
-64.5 63.5 -0.00718636363636 0.120587439418	11
-63 63.5 0.3189 0.231013305293	10
22.5 63.5 0.148166666667 0.19087417234	6
-82.5 63 0.0136829113924 0.142306038686	79
-81 63 0.104963636364 0.156424834514	22
-79.5 63 0.0510790322581 0.0696080299379	62
-75 63 0.0314755172414 0.0921477261877	145
-73.5 63 0.0474678571429 0.132358065465	56
-72 63 0.0289242857143 0.107359994584	35
21 63 -0.177 0.0589882929883	32
-84 62.5 1.6311 0.031166488413	4
-81 62.5 -0.016297826087 0.13677240745	46
-75 62.5 0.0447305555556 0.0827572795916	36
-73.5 62.5 -0.0372362068966 0.140925990516	29
-72 62.5 -0.00538162393162 0.120833031458	117
-63 62.5 0.193346460177 0.0515496015109	113
6 62.5 -0.184519565217 0.0839502311155	23
-82.5 62 -0.0615420863309 0.0826877425197	139
-81 62 -0.0115766666667 0.0510096786658	255
-72 62 -0.0490436507937 0.13629089605	63
-64.5 62 0.155912300319 0.0679879706353	313
-63 62 0.191835714286 0.0731895435545	21
-82.5 61.5 -0.0374802439024 0.0555941416934	205
-81 61.5 0.0243854166667 0.0460782118145	144
-64.5 61.5 0.169520434783 0.0850563943145	230
-88.5 61 0.27385 NaN	1
-85.5 61 0.0492807692308 0.170987267482	13
-84 61 0.0300842342342 0.0908751866278	111
-81 61 0.0269378787879 0.0513823031946	66
-79.5 61 -0.1514 0.172321922575	2
-64.5 61 0.134127102804 0.0914175828262	214
4.5 61 -0.117720689655 0.113519442516	116
-90 60.5 0.36421 0.136758209991	5
-88.5 60.5 -0.1586 0.000777817459301	2
-85.5 60.5 -0.0297057251908 0.0974061545681	131
-84 60.5 0.07555 0.149419627225	9
-82.5 60.5 -0.04975 NaN	1
-79.5 60.5 0.0129796551724 0.0805932388984	145
-64.5 60.5 0.185866239316 0.120435682589	234
4.5 60.5 -0.0751544117647 0.0646390931891	68
18 60.5 0.4662 0.163165439129	20
21 60.5 0.0757 0.242837337115	38
169.5 60.5 2.06703333333 1.03966189969	6
-165 60 0.00732142857143 0.103128061859	21
-163.5 60 0.0868166666667 0.25424573415	3
-90 60 0.0948760273973 0.0433513370818	292
-87 60 -0.0989833333333 0.0219618608805	3
-85.5 60 -0.03165 0.106511384368	5
-84 60 -0.003 0.139755281355	16
-82.5 60 0.106044814815 0.11007276787	135
-81 60 -0.011853125 0.077524705387	224
-79.5 60 0.00420238095238 0.0790825367515	21
-67.5 60 0.1427 0.0498510280737	2
-66 60 -0.0507699134199 0.10279259042	231
-64.5 60 0.00902297297297 0.0618044031542	37
-63 60 0.2514 0.0030405591591	2
-61.5 60 0.20095 NaN	1
21 60 -0.0542449494949 0.0928405923423	99
22.5 60 -0.0700866197183 0.079477817641	71
24 60 0.128652777778 0.11784900099	72
25.5 60 -0.0901269230769 0.0638505553368	130
