lon, lat, freeboard (m), standard deviation, count
-180 81.5 0.0198672222222 0.132967387454	180
-178.5 81.5 0.0322364 0.133192926616	125
-177 81.5 0.0731686440678 0.124189975177	177
-175.5 81.5 0.09245703125 0.110067284366	256
-174 81.5 0.0972735632184 0.109553211142	348
-172.5 81.5 0.0359111510791 0.128117782942	139
-171 81.5 0.0808697492163 0.101917335253	319
-169.5 81.5 0.0686699604743 0.098007889644	506
-168 81.5 0.0254286666667 0.119259232382	150
-166.5 81.5 0.00985179640719 0.149061107172	167
-165 81.5 0.025037654321 0.147262959027	162
-163.5 81.5 0.0328733333333 0.142379039791	60
-162 81.5 0.0538701388889 0.123874551126	144
-160.5 81.5 0.02023625 0.177036258708	80
-159 81.5 0.0584542780749 0.129339257082	187
-157.5 81.5 0.0939761780105 0.149036475385	191
-156 81.5 0.1004359375 0.14314470081	256
-154.5 81.5 0.101054379562 0.131916681646	274
-153 81.5 0.083414764268 0.131212385841	403
-151.5 81.5 0.139811935484 0.118056753155	620
-150 81.5 0.136450487805 0.131281524331	410
-148.5 81.5 0.0979194158076 0.12439162071	291
-147 81.5 0.108766746411 0.11042942341	209
-145.5 81.5 0.103981794872 0.110715677069	195
-144 81.5 0.0604510526316 0.147210483505	190
-142.5 81.5 0.14060627907 0.12186155791	430
-141 81.5 0.148297532895 0.107106766979	608
-139.5 81.5 0.155512564991 0.102879148284	577
-138 81.5 0.184872393822 0.103480921719	1036
-136.5 81.5 0.14485920882 0.107252908202	771
-135 81.5 0.160049664804 0.112867731432	895
-133.5 81.5 0.125895217391 0.119564789772	460
-132 81.5 0.131586608863 0.107604044509	519
-130.5 81.5 0.144493227666 0.113274802579	694
-129 81.5 0.100534541724 0.0970566092075	731
-127.5 81.5 0.103373697917 0.114953075221	768
-126 81.5 0.125148389262 0.115581041705	745
-124.5 81.5 0.121529449541 0.113774095944	545
-123 81.5 0.106939865872 0.110461946653	671
-121.5 81.5 0.10024 0.108215710427	480
-120 81.5 0.160707142857 0.107229906005	658
-118.5 81.5 0.17097596291 0.107777539851	701
-117 81.5 0.203677737226 0.103252910336	822
-115.5 81.5 0.263802422481 0.0991564092511	1032
-114 81.5 0.286971267606 0.115433391541	710
-112.5 81.5 0.260293360161 0.113763470374	994
-111 81.5 0.23935 0.107189604012	779
-109.5 81.5 0.26624086116 0.102569438585	1138
-108 81.5 0.260059322034 0.095943036624	826
-106.5 81.5 0.247996587927 0.107213848078	762
-105 81.5 0.2521743083 0.109599915176	1012
-103.5 81.5 0.301793276036 0.105090083719	989
-102 81.5 0.368901374207 0.128392332689	946
-100.5 81.5 0.382119011725 0.119211156329	1194
-99 81.5 0.417147859327 0.138239346143	981
-97.5 81.5 0.317253431373 0.125074821786	408
-96 81.5 0.248891552511 0.161886803695	219
-94.5 81.5 0.376118579235 0.175908139233	366
-93 81.5 0.0150589156627 0.175531226264	415
-91.5 81.5 0.0255691358025 0.175869265416	324
-90 81.5 -0.0286055555556 0.153723975272	63
-66 81.5 0.698919230769 0.541461769018	13
-64.5 81.5 0.097 0.132191586172	12
-63 81.5 -0.2331 0.0861963166266	2
-12 81.5 0.235315882353 0.152025848799	85
-10.5 81.5 0.065424025974 0.166168733366	154
-9 81.5 0.0560089285714 0.147690401753	168
-7.5 81.5 0.107534285714 0.139081941383	280
-6 81.5 0.07910703125 0.185161089552	128
-4.5 81.5 0.112357821229 0.152231994176	179
-3 81.5 0.140270542636 0.17668294584	258
-1.5 81.5 0.207007377049 0.184929415812	183
0 81.5 0.139264893617 0.145838423281	141
1.5 81.5 0.101228534031 0.181496299252	191
3 81.5 0.159388333333 0.126791439585	240
4.5 81.5 0.121232993197 0.195108133831	147
6 81.5 0.0866807692308 0.128774109639	182
7.5 81.5 0.044184939759 0.130665054969	166
9 81.5 0.0836372791519 0.114722829324	283
10.5 81.5 0.0501435897436 0.114728624288	78
12 81.5 -0.0231796296296 0.151977080732	54
13.5 81.5 0.112380821918 0.144737862246	146
15 81.5 0.0661322429907 0.21255367305	107
16.5 81.5 0.0589047169811 0.175258792045	318
18 81.5 0.0568820512821 0.169043610674	624
19.5 81.5 0.0159145098039 0.159056858448	510
21 81.5 0.0175280600462 0.149207592474	433
22.5 81.5 0.0169979514416 0.12458525044	659
24 81.5 0.112083182844 0.147449881985	443
25.5 81.5 0.0168568965517 0.141119968057	406
27 81.5 0.0263875291375 0.138794346166	429
28.5 81.5 0.0207681818182 0.151822923451	385
30 81.5 0.00615769230769 0.135105865044	351
31.5 81.5 0.0234295061728 0.146396777915	405
33 81.5 0.0473860655738 0.157720246962	427
34.5 81.5 0.0629742424242 0.151504517936	396
36 81.5 0.0736534300792 0.151605029561	379
37.5 81.5 0.072133 0.131766175187	400
39 81.5 0.0773769685039 0.125243818703	508
40.5 81.5 0.0790332831325 0.118295470911	664
42 81.5 0.0751733890215 0.130362908714	419
43.5 81.5 0.103506872038 0.141562799533	422
45 81.5 0.0668152968037 0.150090105295	219
46.5 81.5 -0.0123182352941 0.152511114255	255
48 81.5 -0.0506029411765 0.130649253392	221
49.5 81.5 -0.0559873134328 0.153475820656	67
51 81.5 -0.0683411111111 0.165360365184	45
52.5 81.5 -0.0430257575758 0.133162788135	33
54 81.5 -0.0616890625 0.156541703574	64
55.5 81.5 -0.0948835384615 0.0777338992187	325
57 81.5 -0.0152153543307 0.164656209123	127
58.5 81.5 0.0706561538462 0.155164048416	195
60 81.5 0.00139137214137 0.118806674955	481
61.5 81.5 0.0189398734177 0.108916704068	395
63 81.5 -0.0286213414634 0.14244217889	164
64.5 81.5 -0.0218784351145 0.097651719346	524
66 81.5 0.00270951219512 0.144418176323	410
67.5 81.5 0.0185008264463 0.136069065402	242
69 81.5 -0.0193838582677 0.123365441265	127
70.5 81.5 -0.0745772727273 0.124174770008	22
72 81.5 0.161181578947 0.143137668979	19
87 81.5 -0.134258333333 0.118018068404	12
88.5 81.5 -0.0440692307692 0.124073259067	26
97.5 81.5 -0.0483772727273 0.0912124014694	11
99 81.5 -0.0124107142857 0.090738575811	28
100.5 81.5 0.0381722222222 0.154640039913	9
102 81.5 0.0106992957746 0.106216729747	71
103.5 81.5 0.0279040983607 0.127779353541	61
105 81.5 -0.04955 0.172278530293	6
111 81.5 0.0671935897436 0.050785652734	39
112.5 81.5 0.0529170886076 0.0509276112252	158
114 81.5 0.12155 0.0241382131346	7
118.5 81.5 0.243072857143 0.0576421372931	70
120 81.5 0.0975275862069 0.121285715913	116
121.5 81.5 0.187916666667 0.0553864163766	57
123 81.5 0.193123469388 0.0821836504815	49
124.5 81.5 0.1509375 0.0612350757328	16
144 81.5 0.0871933333333 0.067381874588	30
145.5 81.5 0.140875174825 0.0437525861908	143
147 81.5 0.0683018796992 0.0565183955056	133
148.5 81.5 -0.000314583333333 0.0544058409317	48
150 81.5 -0.167175 0.0763108718773	4
151.5 81.5 0.0423043478261 0.115900328264	46
153 81.5 0.0493472413793 0.0981542804472	145
154.5 81.5 0.00503285714286 0.143602530466	35
156 81.5 -0.00513181818182 0.18520479044	77
157.5 81.5 0.0377580291971 0.158316114829	137
159 81.5 0.0855767175573 0.139754294182	131
160.5 81.5 0.0904069444444 0.168282407528	72
162 81.5 0.056937804878 0.184323565738	82
163.5 81.5 0.0826754716981 0.13355689714	106
165 81.5 -0.0185210843373 0.158383829498	83
166.5 81.5 -0.0824942307692 0.13500456552	52
168 81.5 0.00277985074627 0.174013358086	67
169.5 81.5 0.0549441176471 0.139573628106	153
171 81.5 0.0349806569343 0.137037928177	137
172.5 81.5 0.0260311188811 0.161271953829	143
174 81.5 0.0515018181818 0.130072321458	220
175.5 81.5 0.0548428251121 0.13307482601	223
177 81.5 0.0521488847584 0.152055209799	269
178.5 81.5 0.0645664893617 0.130192696734	188
-180 81 0.00745980392157 0.130845729214	102
-178.5 81 0.0324839285714 0.143515923437	112
-177 81 0.0933178832117 0.114330755917	274
-175.5 81 0.07173 0.117998120089	210
-174 81 0.0829828638498 0.123059194798	213
-172.5 81 0.0571004464286 0.10002375637	224
-171 81 0.0578765895954 0.130515077488	173
-169.5 81 0.0479208029197 0.11788645594	137
-168 81 0.0383894366197 0.125274478764	142
-166.5 81 0.062972826087 0.116390399303	184
-165 81 0.0319983516484 0.148470787521	91
-163.5 81 0.0829557692308 0.128448641716	104
-162 81 0.0501032934132 0.12522416035	167
-160.5 81 0.0441833333333 0.124990958158	177
-159 81 0.0411546666667 0.112164608983	150
-157.5 81 0.08907 0.136391149037	225
-156 81 0.0833691011236 0.115459532549	267
-154.5 81 0.0957324925816 0.119521788045	337
-153 81 0.106932178218 0.124186172511	303
-151.5 81 0.118666967509 0.121395495855	277
-150 81 0.127176394052 0.121970134628	269
-148.5 81 0.0837447368421 0.157091131387	171
-147 81 0.0711601449275 0.134306104667	207
-145.5 81 0.085286875 0.142407980494	160
-144 81 0.143440136054 0.112817727612	294
-142.5 81 0.0967479079498 0.112929758956	239
-141 81 0.110934552846 0.111989700352	246
-139.5 81 0.141454180602 0.100721651036	598
-138 81 0.148646992481 0.109501210342	399
-136.5 81 0.154523958333 0.111970961589	384
-135 81 0.152189255014 0.106050289418	349
-133.5 81 0.16880528169 0.100594954346	568
-132 81 0.179900171821 0.108224203717	582
-130.5 81 0.154849374022 0.100931031573	639
-129 81 0.0841975059382 0.123350835983	421
-127.5 81 0.119793503937 0.107722151438	508
-126 81 0.10649871134 0.110760804611	388
-124.5 81 0.111367898833 0.116400869467	257
-123 81 0.117503541076 0.114043206501	353
-121.5 81 0.107853947368 0.113889562521	228
-120 81 0.194535227273 0.0931302673248	616
-118.5 81 0.227597870183 0.12465677032	493
-117 81 0.243666329285 0.114593814231	741
-115.5 81 0.258460465116 0.112560131344	602
-114 81 0.279938341544 0.108054744952	609
-112.5 81 0.258718916155 0.119901554116	489
-111 81 0.26962154047 0.131914309801	383
-109.5 81 0.303375167336 0.121528436565	747
-108 81 0.306339605735 0.10349731314	837
-106.5 81 0.321175412961 0.118595967152	787
-105 81 0.319066645489 0.0992229106348	787
-103.5 81 0.319241623711 0.112481217102	776
-102 81 0.321128365385 0.127570261495	624
-100.5 81 0.393499626866 0.113977169873	536
-99 81 0.401812666667 0.131934907761	375
-97.5 81 0.352401612903 0.147024729687	279
-96 81 0.363567708333 0.147727652695	192
-94.5 81 0.192354 0.217728554051	50
-90 81 -0.0776574766355 0.122354988256	107
-88.5 81 0.3439875 0.146310425779	48
-87 81 0.314 0.0286378246381	2
-67.5 81 0.457 0.0880347942577	2
-66 81 0.76205 NaN	1
-13.5 81 -0.0735636363636 0.118699731766	44
-12 81 -0.0320923728814 0.126960584711	59
-10.5 81 -0.01666015625 0.16301544772	128
-9 81 0.0789658415842 0.156631057414	101
-7.5 81 0.0152797520661 0.145760624338	121
-6 81 0.0923848101266 0.177491735854	158
-4.5 81 0.0660510638298 0.167127542883	94
-3 81 0.157544017094 0.156334262957	117
-1.5 81 0.0640308510638 0.169512315204	94
0 81 0.110583333333 0.123231117869	108
1.5 81 0.0550121052632 0.165116748625	95
3 81 0.145323195876 0.14339330929	97
4.5 81 0.130128688525 0.150278945204	61
6 81 0.0266846153846 0.123069859648	26
7.5 81 -0.0675115384615 0.144484094839	26
9 81 0.075025 0.130852290973	124
10.5 81 0.0977179104478 0.118626086842	268
12 81 0.113797826087 0.109915491079	69
13.5 81 -0.0330585714286 0.179528271363	35
15 81 -0.0140670040486 0.143200472199	247
16.5 81 -0.0321517799353 0.0847905080545	618
18 81 0.0530136132316 0.12169766056	393
19.5 81 0.00470809682805 0.0923590436297	599
21 81 0.0184443273906 0.0819972458572	617
22.5 81 0.0327193028096 0.0800800394165	961
24 81 0.042763997114 0.111437774014	693
25.5 81 -0.058329338843 0.146113514614	121
27 81 0.0229494736842 0.140876951261	190
28.5 81 0.00907666666667 0.158479705937	135
30 81 0.0135775229358 0.161142481163	109
31.5 81 -0.00538142857143 0.141846263653	175
33 81 0.0632584548105 0.12933867218	343
34.5 81 0.0868413533835 0.137674435907	266
36 81 0.0906859649123 0.133352819432	342
37.5 81 0.0946034825871 0.118772471349	402
39 81 0.0549866 0.130522082839	500
40.5 81 0.0461923197492 0.136886543925	319
42 81 0.117099507389 0.131146770997	406
43.5 81 0.106833393502 0.140253210504	277
45 81 0.0837261290323 0.154055983703	155
46.5 81 -0.0206606635071 0.0910444534216	422
48 81 -0.0143570229008 0.0852781515456	655
49.5 81 0.0266188679245 0.101039614959	318
51 81 0.0690543478261 0.0936227040261	207
52.5 81 0.100258383234 0.0979795776687	167
54 81 0.0548647286822 0.0789095468131	129
55.5 81 0.146313157895 0.0786051115848	19
58.5 81 0.0268227272727 0.126103314938	110
60 81 0.0366552023121 0.0914029535335	173
61.5 81 0.0848125 0.126776989572	104
63 81 0.0642676100629 0.139072312187	318
64.5 81 0.0785400497512 0.173626233042	201
66 81 -0.0274681069959 0.0903204085448	243
67.5 81 0.0272158536585 0.105780638198	328
69 81 0.12930060241 0.128050913439	83
70.5 81 -0.00542419354839 0.0960813042586	62
72 81 -0.00950454545455 0.108840769851	33
84 81 -0.00644512195122 0.0622188916296	41
85.5 81 0.0605714285714 0.107705659802	28
88.5 81 -0.106116666667 0.171806441478	3
90 81 0.12965 NaN	1
91.5 81 0.0898778350515 0.115965849627	97
93 81 -0.0590549180328 0.0790504963131	122
94.5 81 -0.100013358779 0.163640520751	131
96 81 2.54665 0.19770705602	2
100.5 81 -0.1408 0.00954594154602	2
102 81 -0.0568576923077 0.102875389522	13
112.5 81 0.11055 0.00353553390593	2
114 81 0.0423029411765 0.0590063391558	102
117 81 0.187959278351 0.0521973240902	97
118.5 81 0.186054615385 0.0495396918856	65
151.5 81 0.0119148648649 0.0852370255783	74
153 81 -0.000794600938967 0.0868315797232	213
154.5 81 0.00341434782609 0.110798838736	115
156 81 0.00832619047619 0.165616022488	21
157.5 81 -0.00531797385621 0.103005087798	153
159 81 0.0985611111111 0.188377721379	54
160.5 81 0.128529190751 0.115833115849	173
162 81 0.0628808411215 0.147858551358	107
163.5 81 0.0862238461538 0.11947780278	130
165 81 0.0215943037975 0.155244811422	79
166.5 81 -0.0251666666667 0.175602659734	42
168 81 0.0844617318436 0.120125573	179
169.5 81 0.0228928571429 0.158745040605	49
171 81 0.0893 0.129781186277	62
172.5 81 0.00733157894737 0.138131299322	114
174 81 0.0347310457516 0.118410717949	153
175.5 81 -0.00549536082474 0.138658548706	97
177 81 0.0235878787879 0.155393912132	66
178.5 81 0.0140693181818 0.147998215163	88
-180 80.5 0.0254807692308 0.156815486172	78
-178.5 80.5 -0.0171992957746 0.141311199509	71
-177 80.5 0.0273255319149 0.116358559381	94
-175.5 80.5 0.0162113793103 0.134601509189	145
-174 80.5 0.00399059405941 0.137054392252	101
-172.5 80.5 0.0478146551724 0.131045699466	116
-171 80.5 0.0802452830189 0.129703989278	106
-169.5 80.5 0.047125 0.110234354074	56
-168 80.5 0.0484340909091 0.153209846886	44
-166.5 80.5 0.0364957831325 0.116831109394	83
-165 80.5 0.0372637614679 0.119143082723	109
-163.5 80.5 0.0547178082192 0.112064237696	146
-162 80.5 0.0569751141553 0.115377391769	219
-160.5 80.5 0.037265 0.123922853466	100
-159 80.5 0.0992851351351 0.121575325809	148
-157.5 80.5 0.098140530303 0.10428792927	264
-156 80.5 0.130995454545 0.133852383859	187
-154.5 80.5 0.0875004273504 0.125590862577	117
-153 80.5 0.0818425373134 0.127293489144	268
-151.5 80.5 0.0670651515152 0.131166886349	66
-150 80.5 0.0515893442623 0.131255786843	122
-148.5 80.5 0.0762223684211 0.119317657274	152
-147 80.5 0.0993587591241 0.123285032889	137
-145.5 80.5 0.142595128205 0.10878247004	195
-144 80.5 0.110528358209 0.138197335949	134
-142.5 80.5 0.151033467742 0.118998707546	248
-141 80.5 0.135051984127 0.132427318245	252
-139.5 80.5 0.128861517367 0.102622796072	547
-138 80.5 0.166947709924 0.115562718514	262
-136.5 80.5 0.158418277946 0.0996800578353	331
-135 80.5 0.19574532967 0.0853788943356	364
-133.5 80.5 0.141887873754 0.112518199835	301
-132 80.5 0.217563478261 0.113233991798	460
-130.5 80.5 0.193905865922 0.124163672169	358
-129 80.5 0.118048402556 0.109741815436	313
-127.5 80.5 0.126567171717 0.0879219625683	396
-126 80.5 0.117851851852 0.103615509283	216
-124.5 80.5 0.103765789474 0.0985001434917	190
-123 80.5 0.0981614695341 0.120208472739	279
-121.5 80.5 0.165587323944 0.123276196327	284
-120 80.5 0.230284934498 0.0948424103614	458
-118.5 80.5 0.209530769231 0.0881806091046	416
-117 80.5 0.234096503497 0.123212179443	286
-115.5 80.5 0.237150705882 0.122762984075	425
-114 80.5 0.290102904564 0.123390588879	482
-112.5 80.5 0.21625703125 0.11979355129	256
-111 80.5 0.197613054187 0.134001976358	203
-109.5 80.5 0.19562751938 0.0984243564561	129
-108 80.5 0.27687729805 0.111900669147	359
-106.5 80.5 0.295890196078 0.120981885614	612
-105 80.5 0.300398809524 0.100033084182	504
-103.5 80.5 0.312669583333 0.11815048449	480
-102 80.5 0.219602073733 0.116652197943	217
-100.5 80.5 0.222580232558 0.0979768134254	43
-99 80.5 0.260880555556 0.222085822304	36
-97.5 80.5 0.104336666667 0.147051712071	30
-90 80.5 0.212426470588 0.110651536184	34
-88.5 80.5 0.115714912281 0.20063499596	57
-81 80.5 0.186883333333 0.0569035441193	3
-79.5 80.5 0.456183898305 0.9387646065	59
-15 80.5 0.09705 0.0770746391493	2
-13.5 80.5 -0.0466476744186 0.0956433009163	129
-12 80.5 -0.0597070621469 0.154111169174	177
-10.5 80.5 0.033075 0.204703108599	104
-9 80.5 -0.0117641732283 0.152947025648	127
-7.5 80.5 0.0460244 0.145439439178	125
-6 80.5 0.0313446969697 0.140921750966	132
-4.5 80.5 0.00601878306878 0.133361367293	189
-3 80.5 0.0269696078431 0.173885405966	51
-1.5 80.5 0.18697972973 0.139676927433	185
0 80.5 0.094453968254 0.150203739182	126
1.5 80.5 0.105925 0.142120676372	60
3 80.5 0.0418074074074 0.124168041344	54
4.5 80.5 0.118023529412 0.117522042572	34
6 80.5 0.0931722222222 0.174160984683	45
7.5 80.5 0.0316651515152 0.117858614158	99
9 80.5 -0.00732386363636 0.151870774995	88
10.5 80.5 0.0304040540541 0.130949721638	111
12 80.5 0.121726415094 0.0728246944627	212
13.5 80.5 0.070924137931 0.114625890732	232
15 80.5 0.0478535 0.0873200754506	400
16.5 80.5 0.0305770380435 0.0738465269329	736
18 80.5 0.0160055555556 0.0695817643222	549
19.5 80.5 0.00464155844156 0.103702535096	462
21 80.5 0.00704112426036 0.11119645054	507
22.5 80.5 0.0310975873544 0.108476215511	601
24 80.5 -0.038442173913 0.108189755754	460
25.5 80.5 -0.0259131299735 0.114151716158	377
27 80.5 0.0284088235294 0.159373772597	119
28.5 80.5 -0.00251240601504 0.185169821156	133
30 80.5 0.0550508196721 0.148121667377	122
31.5 80.5 0.0746625 0.134515586457	96
33 80.5 -0.0332236842105 0.135025522576	95
34.5 80.5 0.0966165441176 0.138930165174	272
36 80.5 0.141638888889 0.0862076992983	477
37.5 80.5 0.143367801047 0.091117933398	191
39 80.5 0.106014473684 0.114162752075	152
40.5 80.5 0.061625 0.137647086683	128
42 80.5 0.108527099237 0.129063932616	131
43.5 80.5 0.100373529412 0.125751307373	119
45 80.5 -0.0294877777778 0.125871781184	90
46.5 80.5 -0.031401875 0.109542889548	160
48 80.5 -0.19015 0.0432882586082	4
49.5 80.5 -0.000161643835616 0.130318053641	146
51 80.5 0.0108742290749 0.0769951020376	227
52.5 80.5 0.0581366197183 0.105046794035	284
54 80.5 0.0456090062112 0.0992355338778	161
55.5 80.5 0.0563725 0.118299522479	280
57 80.5 -0.00235404040404 0.15889847864	99
58.5 80.5 -0.0469603773585 0.133199955619	106
60 80.5 -0.0558890243902 0.0786883945638	41
61.5 80.5 0.0248862637363 0.0726141974433	91
63 80.5 0.0037 0.14008466758	34
64.5 80.5 -0.0505833333333 0.19164553838	15
66 80.5 0.0363642857143 0.0998512451314	126
87 80.5 0.04455 0.15415434257	16
88.5 80.5 -0.0658533472803 0.0655086618598	239
90 80.5 0.020287414966 0.0905410973142	147
91.5 80.5 0.0744769662921 0.0464445998526	89
153 80.5 -0.0179614285714 0.114629273983	35
154.5 80.5 0.0185435779817 0.0948966789756	109
156 80.5 -0.00850243902439 0.142612618029	82
157.5 80.5 0.0251871428571 0.172044867756	35
159 80.5 0.0026362745098 0.148115582402	102
160.5 80.5 0.0261516949153 0.17588799972	59
162 80.5 0.0487906779661 0.116708833278	59
163.5 80.5 0.0996752873563 0.105329866365	87
165 80.5 0.0171954545455 0.167103854177	55
166.5 80.5 0.118427118644 0.11346986754	118
168 80.5 0.0622855555556 0.156406562516	45
169.5 80.5 -0.0035859375 0.16188807359	64
171 80.5 -0.00132049180328 0.168481467175	61
172.5 80.5 -0.00804230769231 0.136188560648	91
174 80.5 0.0322047297297 0.122668950734	148
175.5 80.5 -0.0134288888889 0.12519806465	90
177 80.5 -0.03730625 0.151051934594	64
178.5 80.5 0.0922975862069 0.136618562206	145
-180 80 0.0207313559322 0.144377337837	59
-178.5 80 0.0490179012346 0.137161919667	81
-177 80 -0.00638488372093 0.165433249211	43
-175.5 80 0.0110106060606 0.125408754029	33
-174 80 0.0462434782609 0.111070412084	92
-172.5 80 -0.00266707317073 0.150393764669	41
-171 80 -0.0219474358974 0.139278153135	39
-169.5 80 -0.0139532608696 0.127616733419	92
-168 80 0.0296557692308 0.112216208353	52
-166.5 80 0.0366897849462 0.105233537533	93
-165 80 -0.0395076923077 0.121067625481	52
-163.5 80 -0.00823139534884 0.144622910745	43
-162 80 0.0348173469388 0.162299282946	49
-160.5 80 0.0408231707317 0.115324826088	41
-159 80 0.0418411764706 0.173629194528	34
-157.5 80 -0.00319722222222 0.164781124935	36
-156 80 0.0810872413793 0.133137457135	145
-154.5 80 0.0699126168224 0.135553679768	107
-153 80 0.0690387096774 0.128149674408	62
-151.5 80 0.0448176470588 0.171907850568	68
-150 80 0.0433421348315 0.1704069529	89
-148.5 80 0.0582988372093 0.141401800258	86
-147 80 0.0697705673759 0.116145011896	141
-145.5 80 0.065964084507 0.129003517238	142
-144 80 0.121205102041 0.126591867764	147
-142.5 80 0.138780726257 0.143088239472	179
-141 80 0.117337096774 0.143237152229	186
-139.5 80 0.167394514107 0.0960998823274	319
-138 80 0.124352884615 0.130816536322	208
-136.5 80 0.135751532567 0.098065709905	261
-135 80 0.094039261745 0.12723354518	149
-133.5 80 0.1006 0.102797053333	116
-132 80 0.121024660633 0.0765747981952	221
-130.5 80 0.0939616161616 0.119881386456	198
-129 80 0.088875 0.0928742761501	268
-127.5 80 0.0640671532847 0.102958201437	274
-126 80 0.0858605022831 0.0955878035732	219
-124.5 80 0.081652 0.141003753099	200
-123 80 0.158121581197 0.11139609222	468
-121.5 80 0.200435910653 0.142828585136	291
-120 80 0.163368831169 0.105943509284	154
-118.5 80 0.193954166667 0.102847121968	312
-117 80 0.174618987342 0.116008152917	316
-115.5 80 0.205388268156 0.109292006593	358
-114 80 0.151795333333 0.108865279461	150
-112.5 80 0.179519196429 0.0816552200791	224
-111 80 0.168938205128 0.102014206684	195
-109.5 80 0.148696323529 0.119636324168	136
-108 80 0.13858559322 0.102197251477	118
-106.5 80 0.181737116564 0.11384579538	326
-105 80 0.304436445013 0.145257748795	391
-103.5 80 0.216162871287 0.125308219139	202
-102 80 0.195210130719 0.120072552267	153
-100.5 80 0.161496511628 0.0855411105533	43
-99 80 0.427854347826 0.120730528181	23
-97.5 80 0.132767647059 0.0536681846546	17
-96 80 0.14285 0.0687962935048	5
-87 80 0.100534615385 0.266838999043	13
-70.5 80 0.253594444444 0.227724691849	9
-69 80 0.0622139344262 0.341881765379	122
-67.5 80 -0.132056451613 0.112116433335	31
-16.5 80 0.06326 0.115379792666	10
-15 80 0.0252214285714 0.106799706905	35
-13.5 80 -0.0521268421053 0.135407384107	95
-12 80 -0.0134143902439 0.144004512287	205
-10.5 80 -0.0161355524079 0.117478070201	353
-9 80 -0.00988361581921 0.126481443062	354
-7.5 80 0.0363444550669 0.101808334629	523
-6 80 0.0321951948052 0.104403792855	385
-4.5 80 -0.020162605042 0.175917113357	119
-3 80 -0.0110398876404 0.132407997257	89
-1.5 80 0.0363537974684 0.168129363688	79
0 80 -0.0169236842105 0.126186400227	19
1.5 80 0.26325 0.103944696834	2
3 80 0.23085 0.0287311677452	5
4.5 80 0.0462875 0.145691194603	24
6 80 -0.0531036363636 0.109287046226	110
7.5 80 0.00242631578947 0.0788318397597	190
9 80 0.00931363636364 0.112644232038	33
10.5 80 0.0507378787879 0.168721147084	33
12 80 0.0910636986301 0.0928467789575	146
13.5 80 -0.0750838461538 0.087256724807	65
15 80 -0.00786993243243 0.151822512258	296
16.5 80 -0.0854823383085 0.0667888987707	201
18 80 -0.030026 0.134220305482	225
21 80 -0.0403222222222 0.0822478679224	36
22.5 80 0.00833823529412 0.111674347336	17
24 80 -0.102666666667 0.156696283145	12
25.5 80 -0.05063 0.15820271665	10
27 80 -0.0590052083333 0.154493478568	96
28.5 80 0.0241151162791 0.1350037931	215
30 80 -0.00687016806723 0.161731373632	119
31.5 80 -0.0361203583062 0.0859113078198	307
33 80 -0.0722802040816 0.0793150068618	245
34.5 80 -0.0161462962963 0.11745368803	27
36 80 0.0982065217391 0.141256806195	23
37.5 80 0.0363740740741 0.0988918123081	54
39 80 0.00457424242424 0.117884863073	66
40.5 80 0.0916360215054 0.124460625511	93
42 80 0.0648681818182 0.169642440987	33
43.5 80 0.205615329513 0.0704533682594	349
45 80 0.146483021807 0.102023985997	321
46.5 80 0.0289523622047 0.0847267242976	381
48 80 0.0168611111111 0.0826411233242	207
49.5 80 0.00138622047244 0.0788279789476	127
51 80 0.0272783018868 0.106431446977	106
54 80 0.4851 0.745502679405	2
60 80 -0.0183815789474 0.113405222019	38
61.5 80 0.0609488095238 0.0589139959112	84
63 80 -0.014525 0.0811506064121	20
64.5 80 0.0567 0.202501759615	18
66 80 0.00623571428571 0.160777471325	21
67.5 80 -0.0122375 0.146443790411	24
69 80 -0.123372222222 0.0973165810355	9
79.5 80 0.148618292683 0.0436649495916	164
81 80 0.1132765625 0.0628157806535	64
82.5 80 -3.2905982906e-05 0.0733904899535	117
84 80 -0.04615 0.125821907397	22
85.5 80 -0.0391119047619 0.18119330693	21
87 80 0.0939227272727 0.122727477104	99
88.5 80 0.0338 0.0712087305861	78
90 80 -0.19765 NaN	1
91.5 80 0.0624700934579 0.0739579719377	214
93 80 0.12254375 0.0900667564921	16
153 80 0.16650862069 0.123984441758	29
154.5 80 0.05329 0.173283822095	5
156 80 -0.0410329268293 0.0861534529269	41
157.5 80 0.0686607142857 0.152744073873	28
159 80 0.1337125 0.110753941122	88
160.5 80 0.086691025641 0.1368953302	39
162 80 0.0845060606061 0.154224196574	66
163.5 80 0.0751038461538 0.156585099912	52
165 80 0.0534028735632 0.108079253693	87
166.5 80 -0.0427944444444 0.143233213094	27
168 80 0.0392814814815 0.139864983175	54
169.5 80 -0.0708444444444 0.191961480426	18
171 80 -0.00156111111111 0.148264400224	45
172.5 80 -0.0313214285714 0.140037235964	42
174 80 0.00790079365079 0.110351603571	63
175.5 80 0.0691970588235 0.102569562083	68
177 80 -0.0394086206897 0.143931066132	29
178.5 80 -0.00203695652174 0.142936058134	46
-180 79.5 0.0439928571429 0.110976815468	21
-178.5 79.5 -0.0196014285714 0.136324878769	35
-177 79.5 0.057026119403 0.12818733461	67
-175.5 79.5 0.0224671052632 0.116169582236	76
-174 79.5 0.0181307017544 0.124486134395	57
-172.5 79.5 0.006396 0.133728415325	50
-171 79.5 -0.0764966666667 0.156285009183	15
-169.5 79.5 0.0453370588235 0.119288459694	85
-168 79.5 -0.008657 0.136044028268	100
-166.5 79.5 0.0330426470588 0.123590224842	68
-165 79.5 0.0125323529412 0.107853633902	34
-163.5 79.5 0.046456779661 0.136472461368	59
-162 79.5 0.0354066666667 0.11176721709	30
-160.5 79.5 0.0849873134328 0.117523377218	67
-159 79.5 0.00830466666667 0.12757912785	75
-157.5 79.5 0.0567747863248 0.115528307403	117
-156 79.5 0.0843175675676 0.150598598293	37
-154.5 79.5 0.101165929204 0.118600565801	113
-153 79.5 0.073351369863 0.113963129385	73
-151.5 79.5 0.0503975609756 0.136849749298	82
-150 79.5 -0.0159944444444 0.162511569608	27
-148.5 79.5 -0.035378 0.105543879185	25
-147 79.5 0.00824393939394 0.171874556253	33
-145.5 79.5 0.0376919642857 0.148265421627	112
-144 79.5 0.0957656462585 0.118661973402	147
-142.5 79.5 0.156584063745 0.0981840664935	502
-141 79.5 0.168198841699 0.0911351547428	518
-139.5 79.5 0.130253482587 0.112484704586	402
-138 79.5 0.111001452282 0.11858813217	241
-136.5 79.5 0.0873430555556 0.128151027953	144
-135 79.5 0.121265882353 0.0966892388938	170
-133.5 79.5 0.0698704545455 0.0917659368339	88
-132 79.5 0.0543516393443 0.146171777362	61
-130.5 79.5 0.0925301886792 0.0963033208346	106
-129 79.5 0.05903 0.114340195568	125
-127.5 79.5 0.057213099631 0.095288167059	271
-126 79.5 0.0850827731092 0.0920707676907	238
-124.5 79.5 0.046948136646 0.115403522191	161
-123 79.5 0.107750943396 0.131142675845	106
-121.5 79.5 0.186085748792 0.114156019439	207
-120 79.5 0.135557894737 0.102963464475	190
-118.5 79.5 0.173616788321 0.0978980206442	274
-117 79.5 0.144612184874 0.103722770889	357
-115.5 79.5 0.140253082192 0.117254465067	292
-114 79.5 0.153646575342 0.0862900309217	146
-112.5 79.5 0.148558974359 0.0865636110013	78
-111 79.5 0.189382484076 0.088083032081	157
-109.5 79.5 0.164219072165 0.0828621834974	291
-108 79.5 0.12619122807 0.0789959903197	228
-106.5 79.5 0.243076229508 0.210922663671	122
-105 79.5 0.290668918919 0.118063307906	148
-103.5 79.5 0.258264028777 0.123644024605	278
-102 79.5 0.169032978723 0.144641077659	282
-100.5 79.5 0.140890487805 0.126903427733	205
-99 79.5 0.152976 0.100419105041	50
-97.5 79.5 -0.0170914634146 0.183867386961	41
-96 79.5 -0.170478571429 0.0895396693145	7
-85.5 79.5 0.319527777778 0.388042400318	9
-73.5 79.5 -0.124816666667 0.120707410048	24
-72 79.5 -0.0413836244541 0.086201973435	229
-70.5 79.5 0.0249920664207 0.0766665623295	271
-69 79.5 0.276967647059 0.164966752233	204
-67.5 79.5 0.0577676470588 0.0656567494911	119
-66 79.5 0.0591462962963 0.0870241809078	27
-18 79.5 -0.0678581967213 0.179325195567	61
-16.5 79.5 0.0102540816327 0.181336301246	49
-15 79.5 0.0996534267913 0.118614845538	321
-13.5 79.5 0.0969257042254 0.121791051188	568
-12 79.5 0.0192654929577 0.124086351937	142
-10.5 79.5 -0.0277210884354 0.101485657021	294
-9 79.5 -0.00296764705882 0.126377750749	306
-7.5 79.5 -0.00447325581395 0.152010967394	43
-6 79.5 -0.0196475609756 0.14933494147	41
-4.5 79.5 0.0107287234043 0.176385064112	47
-3 79.5 0.0745768656716 0.127314004065	67
-1.5 79.5 0.00801923076923 0.0522085941938	13
0 79.5 0.0132523809524 0.153873837279	42
1.5 79.5 -0.0159336734694 0.113031367505	98
3 79.5 0.01565 0.149564300553	6
4.5 79.5 -0.04675 NaN	1
7.5 79.5 0.0463029411765 0.0544607988755	119
13.5 79.5 -0.062985 0.0915509989583	40
15 79.5 0.49499 0.561473043267	20
18 79.5 0.0318861445783 0.216163991822	83
19.5 79.5 -0.0777658671587 0.153743457817	271
25.5 79.5 -0.00748153153153 0.112654857444	111
27 79.5 -0.0185640794224 0.0734100305878	277
28.5 79.5 0.0525862318841 0.103786503105	69
30 79.5 -0.179335714286 0.0959885136978	7
31.5 79.5 0.00873 0.13703063438	30
33 79.5 -0.0154460526316 0.133900298671	76
34.5 79.5 0.045003125 0.142540553927	64
36 79.5 0.0369763157895 0.130417101524	38
37.5 79.5 0.0914071428571 0.100007812882	14
39 79.5 -0.016842 0.12766985392	25
40.5 79.5 -0.0670760869565 0.163202448782	23
42 79.5 0.00764705882353 0.108750388325	34
43.5 79.5 0.14610734767 0.111121995673	279
45 79.5 0.153517213115 0.103786928723	61
46.5 79.5 0.0453782352941 0.136271935422	85
48 79.5 0.0751125 0.0396856979221	24
81 79.5 0.207146666667 0.0519399486366	30
82.5 79.5 0.0502274193548 0.179469976523	31
84 79.5 0.0293026315789 0.168643847147	57
85.5 79.5 0.0515161016949 0.123420870681	118
87 79.5 0.061484375 0.125398051849	128
88.5 79.5 0.0727079617834 0.114433484278	157
90 79.5 0.0906909937888 0.071572669777	161
91.5 79.5 0.0654375598086 0.0549372486279	209
93 79.5 -0.103665598886 0.113603737849	359
94.5 79.5 -0.0791905405405 0.0487547915563	37
100.5 79.5 -0.155713934426 0.0534462628341	61
151.5 79.5 0.0104578651685 0.103125187851	89
153 79.5 -0.0446308823529 0.131484868044	68
154.5 79.5 -0.157283333333 0.0962974947753	9
156 79.5 0.078519047619 0.161050751716	42
157.5 79.5 -0.0377884615385 0.158976018511	26
159 79.5 0.122575 0.110491829677	88
160.5 79.5 0.00482906976744 0.157279441921	86
162 79.5 -0.00691428571429 0.168496238749	14
163.5 79.5 0.0818152173913 0.116410241265	92
165 79.5 0.0536010638298 0.142964714212	47
166.5 79.5 -0.06215 0.161865362433	28
168 79.5 -0.065214516129 0.160060393911	31
169.5 79.5 -0.09875 0.126619147728	36
171 79.5 -0.00983333333333 0.187133704429	12
172.5 79.5 -0.0410855555556 0.127997491374	45
174 79.5 0.0206988888889 0.150214568689	45
175.5 79.5 0.0304269230769 0.114733026196	52
177 79.5 0.0696347222222 0.123764604669	72
178.5 79.5 -0.124455 0.141400701536	20
-180 79 -0.0507088235294 0.07291886809	17
-178.5 79 0.00934714285714 0.158672745882	35
-177 79 -0.08091 0.135246910008	25
-175.5 79 0.018169047619 0.102323464248	42
-174 79 0.00158827160494 0.110884384121	81
-172.5 79 0.0249484375 0.131417743592	64
-171 79 0.0613550847458 0.142004417639	59
-169.5 79 0.00197631578947 0.124867799415	57
-168 79 0.00818333333333 0.16524797326	51
-166.5 79 0.061371875 0.125269605341	32
-165 79 -0.0202657894737 0.147020269241	57
-163.5 79 -0.0491633333333 0.151905740824	15
-162 79 0.0557398734177 0.117479349626	79
-160.5 79 -0.0289320512821 0.153979273848	39
-159 79 0.0373671428571 0.16616556854	35
-157.5 79 0.102564765101 0.104819695498	149
-156 79 0.0760151162791 0.10407477529	129
-154.5 79 0.0888151785714 0.154056249649	112
-153 79 0.0418161290323 0.130005243203	62
-151.5 79 0.0486913461538 0.0990316911232	104
-150 79 -0.01533 0.154698387383	35
-148.5 79 0.0725754545455 0.103892031239	55
-147 79 0.0913605263158 0.104361319654	133
-145.5 79 0.0583962184874 0.105245246915	119
-144 79 0.0334120437956 0.114461978102	137
-142.5 79 0.101378855721 0.103469477447	201
-141 79 0.147903181818 0.114748593723	220
-139.5 79 0.0978569620253 0.103272594645	158
-138 79 0.121491463415 0.0941960783882	369
-136.5 79 0.136865789474 0.088730334709	209
-135 79 0.0852169014085 0.116594031526	142
-133.5 79 0.0127276119403 0.110714381126	67
-132 79 0.0658616504854 0.124575297571	103
-130.5 79 0.0589686440678 0.136505320693	59
-129 79 0.0593028301887 0.133619584541	106
-127.5 79 0.051616 0.0986233168926	150
-126 79 0.0275394117647 0.115014283816	85
-124.5 79 0.12496875 0.135575206924	80
-123 79 0.143286548223 0.12807129585	197
-121.5 79 0.190205405405 0.125017630476	148
-120 79 0.1012076 0.107476481496	125
-118.5 79 0.100277586207 0.102841543966	174
-117 79 0.118030350877 0.100327916052	285
-115.5 79 0.179944174757 0.0854615967053	309
-114 79 0.215341099476 0.080656070182	191
-112.5 79 0.115062820513 0.119767115834	351
-111 79 0.0467258169935 0.15129501941	153
-109.5 79 0.127105813953 0.114048160229	215
-108 79 0.0995516949153 0.10070160681	236
-106.5 79 0.1016435 0.168508494413	400
-105 79 0.287585714286 0.562618261619	28
-103.5 79 0.259506 0.190209086884	25
-102 79 0.216338111888 0.184892339625	143
-100.5 79 0.100477513228 0.135619729958	189
-99 79 0.204934836066 0.164355155362	244
-97.5 79 0.100901912568 0.115451170803	183
-96 79 0.0350479057592 0.111755987457	191
-94.5 79 0.0833208333333 0.162289870774	24
-87 79 0.70632 0.332756770599	30
-85.5 79 0.1234 0.0531037192671	2
-76.5 79 0.527783333333 0.122980791183	9
-75 79 0.06085 NaN	1
-73.5 79 -0.0819958333333 0.149408203544	24
-72 79 0.037887 0.0958617709112	100
-70.5 79 -0.004525 0.0543886860171	4
-19.5 79 0.112752941176 0.19281694331	34
-18 79 0.0349489247312 0.16779626006	93
-16.5 79 0.100204385965 0.152035901757	114
-15 79 0.0939596045198 0.144891028678	177
-13.5 79 0.0850156 0.136961945938	250
-12 79 -0.0134444444444 0.116134893646	198
-10.5 79 0.0231263500931 0.104162673343	537
-9 79 0.0260922680412 0.10523143775	582
-7.5 79 -0.0276336065574 0.126698775554	61
-6 79 -0.0126921052632 0.172291781953	19
-4.5 79 0.0180825581395 0.153567189764	43
-3 79 0.0896333333333 0.160323833893	36
-1.5 79 0.170516101695 0.165032118724	59
0 79 0.09959 0.158623089592	30
3 79 -0.09549 0.0846018498616	5
7.5 79 0.0292141791045 0.0397013460633	67
9 79 -0.0304689655172 0.0633225612844	116
19.5 79 0.0345772 0.0867518303014	125
21 79 0.00368522727273 0.0927423713179	176
22.5 79 0.009045625 0.0861956877994	320
24 79 -0.0149771317829 0.0875867781759	129
25.5 79 0.0223422330097 0.155752174749	103
27 79 0.0553294117647 0.0757183401329	68
28.5 79 -0.00638529411765 0.119688061434	34
30 79 0.0116934782609 0.0999433744469	138
31.5 79 0.00961746411483 0.111077848627	209
33 79 0.0809357142857 0.0784364010584	14
34.5 79 0.0732633333333 0.12952252902	15
36 79 -0.1407 0.0893075864639	2
37.5 79 -0.0761166666667 0.278283404703	3
39 79 0.103584146341 0.125040192758	41
40.5 79 0.0493585714286 0.158354604627	35
42 79 0.112306818182 0.103307041561	44
43.5 79 0.069712962963 0.173123504488	27
45 79 -0.22485 0.00905096679919	2
46.5 79 0.102361111111 0.12296506053	9
82.5 79 0.07099 0.175281248284	10
84 79 0.0559932432432 0.110564595985	74
85.5 79 0.113984536082 0.0936113434351	194
87 79 0.103321523179 0.0632635791655	302
88.5 79 0.0561212525667 0.0643381818287	487
90 79 0.0615956989247 0.0717372982102	372
91.5 79 -0.0493213592233 0.0761213005355	206
93 79 -0.0833189473684 0.110348148116	190
94.5 79 -0.0488032110092 0.0916475692138	545
96 79 -0.0714525 0.0782133193703	40
97.5 79 0.125141304348 0.0411386448825	23
100.5 79 -0.157480487805 0.0547177035676	82
151.5 79 0.0174642857143 0.107422412754	7
153 79 0.0435126984127 0.0808277286422	126
154.5 79 0.0300333333333 0.167371664993	12
156 79 -0.0205804347826 0.191585476852	23
157.5 79 -0.106192857143 0.110540548475	7
159 79 0.00798095238095 0.136166407318	42
160.5 79 0.0796112903226 0.117329304886	31
162 79 0.0598045454545 0.158898469585	55
163.5 79 -0.0516338709677 0.150423591006	31
165 79 0.0638362068966 0.193212051761	29
166.5 79 0.00636176470588 0.144513299723	34
168 79 -0.0336857142857 0.146315578892	14
169.5 79 -0.0397456521739 0.18611176622	23
171 79 -0.022475 0.167863656689	20
172.5 79 -0.0484673913043 0.111465133775	23
174 79 -0.0425083333333 0.148260991723	24
175.5 79 0.0630728571429 0.116471258979	35
177 79 0.0782342696629 0.11031299365	89
178.5 79 0.01972 0.165954055468	20
-180 78.5 0.0185968085106 0.160608719579	47
-178.5 78.5 0.0828730769231 0.129507501917	65
-177 78.5 0.036206043956 0.139540908545	91
-175.5 78.5 0.063691025641 0.141143738502	78
-174 78.5 -0.0205261904762 0.143383701671	21
-172.5 78.5 0.00964032258065 0.175115079029	31
-171 78.5 -0.0317375 0.170021772325	32
-169.5 78.5 0.00679 0.143911444191	105
-168 78.5 -0.0303230769231 0.186209113757	26
-166.5 78.5 0.0572088235294 0.134847991002	34
-165 78.5 0.040875 0.174519517533	16
-163.5 78.5 0.00702462686567 0.145294564272	67
-162 78.5 -0.00585434782609 0.154558255184	69
-160.5 78.5 -0.01913 0.118914626238	25
-159 78.5 -0.0884227272727 0.214188875019	11
-157.5 78.5 0.088243877551 0.13653541117	49
-156 78.5 0.12670483871 0.139313813351	93
-154.5 78.5 0.118495098039 0.160970676641	102
-153 78.5 0.0734734848485 0.128059071448	132
-151.5 78.5 -0.0387662790698 0.106581097963	43
-150 78.5 -0.00637608695652 0.169628088415	23
-148.5 78.5 0.0501730769231 0.114369421416	52
-147 78.5 0.0681016129032 0.100322064647	93
-145.5 78.5 0.090943627451 0.11846064803	204
-144 78.5 0.0727195652174 0.101416259766	92
-142.5 78.5 0.0562892156863 0.103752675297	51
-141 78.5 0.0676663265306 0.126745896716	147
-139.5 78.5 0.136234408602 0.103899914125	372
-138 78.5 0.058859375 0.111376510082	128
-136.5 78.5 0.115530172414 0.0901966823665	232
-135 78.5 0.0746235751295 0.0927302549522	193
-133.5 78.5 0.075818627451 0.120659152287	204
-132 78.5 0.04745 0.129715249197	144
-130.5 78.5 0.0768776119403 0.106175297236	134
-129 78.5 0.0571647540984 0.0995934943748	183
-127.5 78.5 0.0430241071429 0.101816104096	112
-126 78.5 0.0663623076923 0.118065158794	65
-124.5 78.5 0.0796452054795 0.123405966621	146
-123 78.5 0.127807831325 0.14768686827	166
-121.5 78.5 0.0550630769231 0.0963880130124	130
-120 78.5 0.0803892265193 0.106922214496	181
-118.5 78.5 0.142991869919 0.0945666282498	246
-117 78.5 0.174685849057 0.106891604141	265
-115.5 78.5 0.18566619256 0.0894169743807	457
-114 78.5 0.161045454545 0.0864162355056	110
-112.5 78.5 0.0560984536082 0.119033321765	97
-111 78.5 0.271982727273 0.560066614773	55
-109.5 78.5 0.164228431373 0.484443018878	102
-108 78.5 -0.0770601265823 0.11325119365	237
-106.5 78.5 -0.04067 0.0945241461334	90
-105 78.5 0.0776777777778 0.0931720155257	18
-100.5 78.5 0.16591 0.127611060127	10
-99 78.5 0.233143425606 0.222971952471	289
-97.5 78.5 0.193775 0.0199292707677	4
-96 78.5 -0.0401195652174 0.144895351202	92
-94.5 78.5 -0.0460957142857 0.125146557198	70
-93 78.5 -0.0186166666667 0.205545981879	6
-90 78.5 0.39245 0.125913343217	3
-88.5 78.5 0.533426923077 0.248849746325	26
-87 78.5 0.890116666667 0.0784383605419	90
-73.5 78.5 0.00908090909091 0.0859994119304	110
-72 78.5 0.0698759541985 0.11483128265	131
-70.5 78.5 -0.00214444444444 0.0716025999546	18
-21 78.5 -0.22635 NaN	1
-19.5 78.5 -0.182206521739 0.133481731219	23
-18 78.5 0.196275 0.156777727479	4
-16.5 78.5 -0.0138993975904 0.13109299657	83
-15 78.5 0.0265233333333 0.147778840286	45
-13.5 78.5 -0.00277786885246 0.147997797429	61
-12 78.5 0.0852 0.142199527285	126
-10.5 78.5 0.0886557377049 0.0979105874215	488
-9 78.5 0.0292108108108 0.0815915670182	592
-7.5 78.5 0.0424489761092 0.0724862369953	293
-6 78.5 -0.0364689655172 0.0979422197315	58
-4.5 78.5 0.08605 0.0906726529886	11
-3 78.5 0.00877195121951 0.147310377286	41
-1.5 78.5 0.0258798507463 0.11821147462	67
0 78.5 0.214971052632 0.115335595252	19
12 78.5 0.00805956521739 0.22894997001	115
22.5 78.5 0.116842739274 0.127735222108	303
24 78.5 0.0376754658385 0.0481604197961	161
25.5 78.5 0.124316666667 0.0789593481905	6
28.5 78.5 0.0250623076923 0.0532071379953	65
30 78.5 0.0159366666667 0.0544759038038	15
31.5 78.5 0.0125417431193 0.060498812551	109
36 78.5 0.0775205882353 0.127154142504	17
37.5 78.5 0.0291785714286 0.127076148431	49
39 78.5 0.13045 0.122612315858	2
40.5 78.5 0.132733606557 0.115776123302	61
42 78.5 -0.0395184210526 0.155928048385	38
43.5 78.5 0.0281153846154 0.181322658137	26
45 78.5 0.0460333333333 0.130037462551	6
82.5 78.5 0.00283571428571 0.220112704897	14
87 78.5 -0.19175 0.0693260412832	7
88.5 78.5 0.0810312698413 0.0535378442106	315
90 78.5 0.0150568965517 0.104616157533	87
91.5 78.5 -0.0406666666667 0.13826730195	42
93 78.5 0.0712057522124 0.125698077848	113
94.5 78.5 -0.0416428571429 0.0850119912534	210
96 78.5 -0.0675413043478 0.0851143557651	23
97.5 78.5 0.0438152631579 0.102143228383	190
99 78.5 -0.000979533678757 0.08726230995	193
105 78.5 -0.07163 0.0473584556551	60
106.5 78.5 -0.0957182926829 0.0412661631305	41
151.5 78.5 0.01005 0.0932259455467	14
153 78.5 0.027178125 0.126618648258	32
154.5 78.5 0.0672766666667 0.148884190213	15
156 78.5 -0.110441666667 0.162745838982	12
157.5 78.5 -0.05286875 0.142130846845	16
159 78.5 0.0072375 0.130879622309	8
160.5 78.5 0.0819075757576 0.128687994852	33
162 78.5 -0.00999782608696 0.126147993425	23
163.5 78.5 0.0209327586207 0.127383739905	29
165 78.5 -0.0388277777778 0.143929486015	9
166.5 78.5 0.32305 NaN	1
168 78.5 0.0216214285714 0.154518561067	7
169.5 78.5 0.0285085714286 0.13404582549	70
171 78.5 -0.043058 0.172996011322	25
172.5 78.5 0.0444196969697 0.122104624709	66
174 78.5 0.03235 0.113745676728	40
175.5 78.5 -0.039195 0.134790477389	40
177 78.5 -0.0297462962963 0.150045271326	27
178.5 78.5 -0.0181 0.130995882236	44
-180 78 0.05989375 0.214176525227	16
-178.5 78 0.111516153846 0.123098677741	65
-177 78 -0.0108375 0.171016806852	32
-175.5 78 0.00786818181818 0.155273827667	22
-174 78 -0.0040375 0.143557712414	24
-172.5 78 -0.1045125 0.115815209185	8
-171 78 -0.13811 0.0786995439772	10
-169.5 78 -0.0433071428571 0.192292206959	7
-168 78 0.0906375 0.155535924177	32
-166.5 78 0.0759810679612 0.112474263748	103
-165 78 -0.0106402439024 0.152245850198	41
-163.5 78 -0.0915642857143 0.0997613891338	7
-162 78 0.0206357142857 0.164799832409	7
-160.5 78 0.0891642857143 0.141448852855	56
-159 78 0.0497009803922 0.119995292195	51
-157.5 78 0.0599576923077 0.10918277247	104
-156 78 -0.075175 0.0650701736589	12
-154.5 78 0.0996380952381 0.0728186729013	42
-153 78 0.063428 0.111578887656	150
-151.5 78 0.0549089595376 0.107204907543	173
-150 78 0.0539091836735 0.117782253046	49
-148.5 78 -0.00434411764706 0.140648531234	17
-147 78 -0.0320916666667 0.169653740726	12
-145.5 78 0.04749 0.203113041899	20
-144 78 0.0610633858268 0.115741749586	127
-142.5 78 0.0363954022989 0.1014142501	174
-141 78 0.0447160958904 0.0915666128313	292
-139.5 78 0.0226028735632 0.101101063543	174
-138 78 0.00870563380282 0.102383978637	142
-136.5 78 0.0704038461538 0.139103561358	117
-135 78 0.100795801527 0.103080516078	393
-133.5 78 0.116092328042 0.092024426723	189
-132 78 -0.00655291970803 0.110050137599	137
-130.5 78 -0.0442071428571 0.12466647233	77
-129 78 0.0911422330097 0.116053879212	103
-127.5 78 0.129168604651 0.132270953092	172
-126 78 0.0878720588235 0.1292041747	68
-124.5 78 0.0842257281553 0.111958033512	103
-123 78 0.0568495951417 0.0843304468631	247
-121.5 78 0.0529764367816 0.0895855123844	261
-120 78 0.0896227848101 0.0848183714392	158
-118.5 78 0.203216863905 0.0996731922278	338
-117 78 0.256478895184 0.097236039914	353
-115.5 78 0.156405241935 0.108330428568	248
-114 78 0.141422727273 0.0856628331501	99
-112.5 78 0.175850757576 0.116391087574	132
-111 78 0.08404875 0.0706908306835	80
-109.5 78 -0.0384947368421 0.120392176044	38
-106.5 78 0.13542037037 0.0888017620009	27
-105 78 0.054675 0.0872084205287	28
-103.5 78 -0.133131818182 0.0820671775825	11
-102 78 0.0108653846154 0.0926750790849	39
-100.5 78 0.04095 0.0721498902748	4
-99 78 0.126045867769 0.180820769639	121
-97.5 78 -0.00774555555556 0.106349759489	45
-96 78 -0.0133416666667 0.0843659717953	12
-94.5 78 -0.068812 0.170111562194	100
-93 78 0.0109861111111 0.123538294853	144
-91.5 78 0.0152131147541 0.108803055226	122
-90 78 -0.0647954545455 0.139258596601	11
-76.5 78 0.039175 0.0209681305795	4
-73.5 78 0.196459090909 0.108303460712	33
-72 78 -0.121125862069 0.0721014094716	87
-19.5 78 0.48015 NaN	1
-18 78 0.185262962963 0.246074020959	54
-16.5 78 -0.0050988372093 0.118630966837	86
-15 78 0.00325538461538 0.118162983167	130
-13.5 78 0.0632983221477 0.120856615181	149
-12 78 0.118445535714 0.0976705875563	112
-10.5 78 0.048147826087 0.112728546102	46
-9 78 0.1019875 0.119401926179	152
-7.5 78 0.0335368913858 0.112076515957	267
-6 78 0.0896 0.0832766130778	8
-4.5 78 0.15525 0.142184748362	16
-3 78 0.14615 0.0962847911147	21
15 78 -0.168325 0.160558892622	16
22.5 78 0.14725 NaN	1
24 78 0.1439125 0.034727007564	24
43.5 78 0.12405 0.0872472005282	11
45 78 0.24185 0.0360624458405	2
90 78 0.0513557142857 0.0516160935709	210
93 78 0.0260561983471 0.0973747715992	242
94.5 78 0.0317691860465 0.108687836886	172
96 78 -0.003996 0.153792464466	50
97.5 78 0.0265227272727 0.16591536492	55
99 78 0.00062012987013 0.0726329363178	77
102 78 -0.0879166666667 0.161116117547	3
103.5 78 0.0334732142857 0.092066663577	56
105 78 -0.145781428571 0.0436303528932	70
106.5 78 -0.110930288462 0.0717467839735	208
151.5 78 0.01397 0.153615386408	35
153 78 -0.0546883561644 0.111420848376	73
154.5 78 -0.0269662921348 0.106128338861	178
156 78 -0.0363388888889 0.169713909301	45
157.5 78 -0.11415 0.271051028406	4
159 78 -0.0417785714286 0.24848181499	7
160.5 78 0.02045 0.0510531096017	2
162 78 -0.00555666666667 0.186192736035	15
163.5 78 -0.0853 0.14046528634	4
165 78 0.00481571428571 0.111262712275	35
166.5 78 0.182072222222 0.0945801086088	9
168 78 0.102456666667 0.188138853589	30
169.5 78 -0.0798071428571 0.115932919393	28
171 78 -0.09819 0.164092909658	5
172.5 78 0.07173 0.133301866189	35
174 78 0.0561120689655 0.156521682627	58
175.5 78 -0.00592878787879 0.133557861425	33
177 78 0.014534 0.124445262715	50
178.5 78 -0.025812745098 0.14568166523	51
-180 77.5 -0.0785033333333 0.179427840118	15
-178.5 77.5 0.0304916666667 0.185577327467	12
-177 77.5 0.0367454545455 0.119024913268	22
-175.5 77.5 -0.0633166666667 0.142101475275	24
-174 77.5 -0.00264523809524 0.13549765177	42
-172.5 77.5 -0.0284233333333 0.157751312216	30
-171 77.5 -0.149428571429 0.0952970189103	14
-169.5 77.5 0.04538125 0.184222523845	16
-168 77.5 0.03055 0.205557291284	5
-166.5 77.5 0.0709735294118 0.111990762765	34
-165 77.5 -0.00205 0.139455273595	19
-163.5 77.5 -0.0797714285714 0.182468387899	14
-162 77.5 0.0318 0.198338944145	18
-160.5 77.5 0.0193023809524 0.179614391459	21
-159 77.5 0.044778125 0.138559909564	32
-157.5 77.5 0.0540719512195 0.131600920423	41
-156 77.5 -0.0809333333333 0.113539315044	12
-154.5 77.5 0.0794556603774 0.126069020191	53
-153 77.5 0.0393208333333 0.123137758798	48
-151.5 77.5 -0.0179029411765 0.162509142503	17
-150 77.5 -0.0352286885246 0.125097559415	61
-148.5 77.5 0.110985714286 0.17011685851	14
-147 77.5 0.00136489361702 0.153721296336	47
-145.5 77.5 0.0704764150943 0.14363056002	106
-144 77.5 0.0623508333333 0.0988008143877	120
-142.5 77.5 0.0189602040816 0.141611580336	49
-141 77.5 0.0870575949367 0.101849908645	158
-139.5 77.5 0.0337358024691 0.0935969433774	162
-138 77.5 0.101692592593 0.0955249509245	162
-136.5 77.5 0.109098818898 0.116748061312	127
-135 77.5 0.0669881818182 0.142790308811	110
-133.5 77.5 0.153666774194 0.0918098734172	310
-132 77.5 0.0441258241758 0.126549900865	91
-130.5 77.5 0.0956508474576 0.13416908741	118
-129 77.5 0.0801220338983 0.140377098289	118
-127.5 77.5 0.0281518181818 0.142553612385	55
-126 77.5 0.106190740741 0.124445721409	108
-124.5 77.5 0.131646815287 0.114059202138	157
-123 77.5 0.113974657534 0.0799461167978	219
-121.5 77.5 0.0947257425743 0.100861605867	202
-120 77.5 0.15420045045 0.114339428696	222
-118.5 77.5 0.178561702128 0.109240808281	188
-117 77.5 0.125571111111 0.210645210793	90
-115.5 77.5 -0.0471996503497 0.123014463752	143
-114 77.5 -0.0445666666667 0.0645728554941	6
-112.5 77.5 -0.1953 0.0772867711837	2
-109.5 77.5 0.0154676470588 0.129942882814	17
-106.5 77.5 0.0669875 0.170560185754	8
-103.5 77.5 -0.07149 0.14102413675	90
-102 77.5 -0.20182 0.0540544797198	10
-100.5 77.5 -0.0947714953271 0.0708467724712	214
-99 77.5 -0.07776 0.135519334004	10
-97.5 77.5 0.0879382352941 0.143375682829	68
-96 77.5 0.028695 0.296137095696	20
-94.5 77.5 -0.048902173913 0.0864307963097	46
-93 77.5 0.0211795652174 0.160355581839	115
-91.5 77.5 0.121211538462 0.124876014045	52
-90 77.5 -0.0402166666667 0.148078881006	9
-84 77.5 0.0889233333333 0.18427562903	45
-82.5 77.5 0.595711538462 0.286648243081	26
-78 77.5 0.283667391304 0.12932032841	69
-76.5 77.5 0.394201470588 0.117232006852	68
-72 77.5 -0.24855 NaN	1
-19.5 77.5 -0.20735 NaN	1
-18 77.5 0.107975 0.264054367823	4
-16.5 77.5 0.226705555556 0.0862409576581	9
-15 77.5 -0.000769383259912 0.0656887888034	454
-13.5 77.5 0.133276406926 0.0895967538455	231
-12 77.5 0.132278285714 0.135932848224	350
-10.5 77.5 0.107416384181 0.143425567849	354
-9 77.5 0.138973275862 0.135831034654	116
-7.5 77.5 0.0636452380952 0.130403476226	105
-6 77.5 0.08234375 0.133804035663	32
-4.5 77.5 0.147561764706 0.154715908532	17
-3 77.5 -0.141125 0.0617706173408	4
15 77.5 -0.206235714286 0.0354164858862	14
90 77.5 0.00061 0.281271182313	5
91.5 77.5 0.0365855371901 0.0972120464582	121
93 77.5 0.00836111111111 0.0788279415015	108
94.5 77.5 0.00312702702703 0.0963707982802	148
96 77.5 -0.01206875 0.112836886092	32
97.5 77.5 0.0101573863636 0.0936730215895	176
99 77.5 0.0123091397849 0.0799120966205	186
100.5 77.5 -0.00903115942029 0.113983854991	69
102 77.5 0.0410658730159 0.101846488223	63
105 77.5 -0.23235 0.0326683332908	2
106.5 77.5 0.1376 0.104015407513	2
108 77.5 0.100739873418 0.0425926097928	79
151.5 77.5 0.0564809278351 0.0982405326276	194
153 77.5 0.0447771028037 0.0639066964949	321
154.5 77.5 -0.0278853448276 0.099288003789	116
156 77.5 -0.0260077319588 0.123244163008	97
157.5 77.5 -0.0829884615385 0.143367049553	13
159 77.5 -0.070614 0.126814448671	50
160.5 77.5 -0.170907142857 0.101734619757	7
162 77.5 0.14055 NaN	1
163.5 77.5 -0.0326 0.116130009433	12
165 77.5 0.1813375 0.123101972103	8
166.5 77.5 0.0864236842105 0.091938915966	19
168 77.5 0.0189916666667 0.171837732504	48
169.5 77.5 -0.04149 0.209744899819	5
171 77.5 -0.00916111111111 0.10436038176	18
172.5 77.5 0.0202653846154 0.141488449542	26
174 77.5 -0.00172804878049 0.14832865622	41
175.5 77.5 0.0243181818182 0.161192917458	44
177 77.5 -0.0348017241379 0.144817033875	29
178.5 77.5 -0.0173819148936 0.153791230748	47
-180 77 -0.0540454545455 0.175995961743	22
-178.5 77 -0.0330958333333 0.169077304108	24
-177 77 0.135358333333 0.0653173714654	12
-175.5 77 -0.0908214285714 0.117518164756	7
-174 77 -0.106018181818 0.110586485812	22
-172.5 77 -0.0340409090909 0.147625242741	22
-171 77 -0.0203264705882 0.158677312215	17
-169.5 77 0.0472915 0.131995117268	200
-168 77 0.0199222222222 0.0394497566615	18
-166.5 77 -0.0205928571429 0.133459879828	7
-165 77 0.0715290697674 0.0755236908994	258
-163.5 77 0.109291803279 0.0464266253763	122
-162 77 -0.01943 0.116492633899	90
-160.5 77 0.00857702702703 0.15647203899	74
-159 77 -0.1827625 0.177745254608	8
-157.5 77 0.0235236842105 0.17315594398	19
-156 77 0.000241666666667 0.149029066465	12
-154.5 77 0.0178569767442 0.123353990024	43
-153 77 -0.0535668831169 0.0883632654721	77
-151.5 77 -0.0441257575758 0.0804289137841	66
-150 77 -0.0551155172414 0.159261214622	29
-148.5 77 -0.03621 0.174145294721	50
-147 77 -0.00181153846154 0.117204800245	143
-145.5 77 0.0473911764706 0.155628450538	34
-144 77 -0.07245 0.179261702547	11
-142.5 77 0.0294357142857 0.150634197407	7
-141 77 0.0395071428571 0.0848577694451	70
-139.5 77 0.0695820754717 0.0921213233079	212
-138 77 0.0300032258065 0.116129956945	124
-136.5 77 -0.0160932989691 0.113721901206	97
-135 77 0.00292604166667 0.098414812476	96
-133.5 77 0.086237826087 0.11799078402	115
-132 77 0.121798249027 0.0899536877743	257
-130.5 77 0.0690492307692 0.127608144437	130
-129 77 0.0605578431373 0.150803174825	51
-127.5 77 -0.00265810810811 0.124601871259	37
-126 77 0.07446 0.0848228109166	140
-124.5 77 0.0699636363636 0.0689233129321	44
-123 77 0.185017889908 0.0686247767057	109
-121.5 77 0.124321578947 0.104198717582	285
-120 77 0.106953703704 0.37306324668	54
-115.5 77 0.0158296812749 0.0909793358159	251
-114 77 0.1196836 0.132751346475	125
-112.5 77 -0.0315166666667 0.169992156682	3
-109.5 77 -0.1587 0.166665068326	2
-106.5 77 0.0728602564103 0.0734053016688	39
-105 77 0.096614 0.137466672414	50
-103.5 77 0.0758035947712 0.0779606083276	153
-102 77 0.0325611111111 0.0948847138697	180
-100.5 77 -0.0320607692308 0.12852069644	65
-99 77 0.00914285714286 0.147074213891	28
-97.5 77 0.258411111111 0.24231407844	54
-94.5 77 -0.0253804 0.12282244674	125
-93 77 0.114217088608 0.0893676126178	79
-91.5 77 0.0966236842105 0.0912232599609	19
-90 77 0.00791413043478 0.0824988159509	92
-78 77 0.0283183229814 0.166849097024	161
-15 77 0.0813478723404 0.0395344895622	47
-13.5 77 0.131388429752 0.0668110214217	242
-12 77 0.0334520833333 0.1359909673	48
-10.5 77 0.05425 0.107148325932	33
-9 77 0.144274137931 0.135540177657	87
-7.5 77 0.0374 0.145054943613	4
-6 77 0.0704353658537 0.138213233114	82
-3 77 0.0461522222222 0.0501529818242	45
-1.5 77 0.0277057377049 0.1016696112	61
90 77 0.00452179487179 0.104821916523	39
91.5 77 -0.212 0.0951058620696	2
94.5 77 -0.00545637254902 0.0649812266074	204
96 77 0.043975748503 0.0396633665524	167
97.5 77 0.130972413793 0.0735522033911	116
99 77 -0.0443452173913 0.112079074642	230
100.5 77 -0.0537890804598 0.0816763028972	87
106.5 77 0.04988 0.0640883727768	140
108 77 0.0702388888889 0.0929136774896	45
153 77 0.03826875 0.0592354085408	16
154.5 77 0.0628113636364 0.134280396006	44
156 77 0.00426095890411 0.114754429304	73
157.5 77 -0.0243027777778 0.118436627263	144
159 77 0.00314340659341 0.155321590974	91
160.5 77 -0.0677944444444 0.189245950216	18
162 77 -0.065198 0.132825587771	25
163.5 77 -0.119223333333 0.130941232547	15
165 77 0.02977 0.227225828197	5
166.5 77 -0.0317893939394 0.172204251797	33
168 77 -0.089418627451 0.141138385268	51
169.5 77 -0.0264957142857 0.199720187119	35
171 77 0.179646666667 0.137516961921	30
172.5 77 -0.0133083333333 0.178665774605	12
174 77 0.0676065217391 0.171185082788	23
175.5 77 -0.0682166666667 0.0989146096388	9
177 77 -0.0986277777778 0.158520280862	9
178.5 77 -0.08163125 0.124407305758	48
-180 76.5 -0.08553125 0.139767209946	64
-178.5 76.5 -0.0371067567568 0.178410225698	37
-177 76.5 -0.122432758621 0.148340210012	29
-175.5 76.5 -0.0603705128205 0.148787370678	39
-174 76.5 -0.142916666667 0.129377720905	6
-172.5 76.5 0.02095 0.171699834983	4
-171 76.5 -0.169514285714 0.0900363055588	14
-169.5 76.5 0.1065 0.0874068456511	4
-168 76.5 0.0139 0.191633631107	8
-166.5 76.5 0.257741071429 0.0950710055729	56
-165 76.5 0.0863083333333 0.0230136504288	12
-162 76.5 -0.007046875 0.0370325095573	32
-160.5 76.5 -0.0257007936508 0.0816643738667	63
-159 76.5 0.0164794871795 0.114667464924	156
-157.5 76.5 0.0136846938776 0.117365278353	49
-156 76.5 -0.0219090909091 0.157543760356	44
-154.5 76.5 -0.045685483871 0.115039141018	62
-153 76.5 -0.0631159793814 0.107221850314	97
-151.5 76.5 -0.0571567567568 0.129832235619	74
-150 76.5 -0.0048545112782 0.110367797555	133
-148.5 76.5 0.027131871345 0.081009095851	171
-147 76.5 -0.00320461538462 0.100857084482	130
-145.5 76.5 0.000321681415929 0.125306850136	113
-144 76.5 0.00814375 0.152907616853	16
-142.5 76.5 -0.00501990291262 0.145042211459	103
-141 76.5 0.0361827868852 0.114121916426	122
-139.5 76.5 0.0982926136364 0.0892139633657	176
-138 76.5 0.0577022580645 0.111755192991	155
-136.5 76.5 0.0590525974026 0.115361600269	154
-135 76.5 0.11661 0.0970046259924	195
-133.5 76.5 0.108490425532 0.138528380349	235
-132 76.5 0.115585964912 0.12159019168	114
-130.5 76.5 -0.0049201754386 0.124332770598	57
-129 76.5 0.0650026315789 0.120796002928	57
-127.5 76.5 0.0716630434783 0.0998549565894	92
-126 76.5 0.0398252380952 0.087063839068	105
-124.5 76.5 0.129375615764 0.0769929226141	203
-123 76.5 0.202390217391 0.130312095413	92
-121.5 76.5 -0.194217647059 0.0711938103992	68
-117 76.5 0.0419080645161 0.132212840461	31
-115.5 76.5 0.00123125 0.138338643489	32
-114 76.5 0.0174465517241 0.0879913053231	58
-112.5 76.5 0.00975 0.0254558441227	2
-108 76.5 0.121897368421 0.162742900062	19
-106.5 76.5 0.238209259259 0.0596870692311	54
-105 76.5 0.115968181818 0.0747216860049	44
-100.5 76.5 -0.0650455555556 0.0823918270317	45
-99 76.5 -0.025674852071 0.1443513846	169
-97.5 76.5 -0.0143681818182 0.136101213382	33
-96 76.5 -0.0138614285714 0.138792382518	105
-93 76.5 -0.0300833333333 0.119157976373	3
-91.5 76.5 0.0406482142857 0.0943666129154	56
-90 76.5 -0.0799142857143 0.0834856794741	28
-88.5 76.5 0.149943220339 0.0824893950643	59
-16.5 76.5 0.12747 0.188450131335	5
-12 76.5 0.0577219298246 0.0541478028653	57
-10.5 76.5 0.0323621495327 0.138246182321	107
-9 76.5 0.0330863636364 0.187159488126	44
-7.5 76.5 0.128976666667 0.145076933888	135
-4.5 76.5 0.106097222222 0.116911858096	36
91.5 76.5 0.0377338709677 0.053864554462	62
93 76.5 0.0533533333333 0.0655233597899	30
97.5 76.5 0.260972077922 0.0638641851894	154
99 76.5 0.330304644809 0.0666756571867	183
154.5 76.5 0.026202 0.108696882857	50
156 76.5 -0.00518606557377 0.11235150057	122
157.5 76.5 -0.0205036895674 0.0822551300607	393
159 76.5 -0.0326240384615 0.0994501035236	208
160.5 76.5 -0.0466737288136 0.160963751905	59
162 76.5 -0.0714370967742 0.165522936461	31
163.5 76.5 -0.04935 0.109392431182	26
165 76.5 -0.0178391304348 0.144516844429	46
166.5 76.5 -0.0461305555556 0.153224516538	36
168 76.5 0.0299333333333 0.139126075917	18
169.5 76.5 0.0567166666667 0.037904661103	3
171 76.5 0.0822 0.0739767917274	8
172.5 76.5 0.106682352941 0.124976336477	34
174 76.5 -0.0341195652174 0.136932101405	23
175.5 76.5 0.0436863636364 0.190165865879	11
177 76.5 -0.122930952381 0.0951666938537	21
178.5 76.5 -0.0258289473684 0.118692527982	19
-180 76 -0.0293388888889 0.151987856788	9
-178.5 76 -0.0636416666667 0.109714293909	12
-177 76 -0.0150161971831 0.119188628345	71
-175.5 76 -0.111285714286 0.102817138703	14
-174 76 -0.0706569767442 0.15625429121	43
-172.5 76 -0.1 0.0185969083452	2
-169.5 76 -0.0836269230769 0.157259568622	13
-168 76 0.0537533755274 0.0503752132224	237
-160.5 76 0.02755 0.139017193181	2
-159 76 -0.00796212121212 0.0788263050902	231
-157.5 76 0.0671166666667 0.102982859969	375
-156 76 -0.0048268488746 0.0803134137616	311
-154.5 76 -0.0341673076923 0.0842989003281	52
-153 76 -0.00760445544554 0.0881178024292	101
-151.5 76 0.0137824561404 0.0963199025516	114
-150 76 -0.0356535714286 0.132078556465	56
-148.5 76 -0.0667462962963 0.155538865985	27
-147 76 0.00392794117647 0.0980327296025	68
-145.5 76 0.0024576142132 0.0824277339206	197
-144 76 -0.0209173202614 0.153616944494	153
-142.5 76 0.000211971830986 0.112670446762	284
-141 76 -0.0139240384615 0.1156987157	104
-139.5 76 0.0150586956522 0.141677660477	46
-138 76 0.00337222222222 0.120955777305	36
-136.5 76 0.079962295082 0.0955813111317	122
-135 76 0.135788175047 0.0913716897374	537
-133.5 76 0.125673905724 0.095452163629	297
-132 76 0.0379851851852 0.124343544426	54
-130.5 76 0.00634019607843 0.123708797189	51
-129 76 0.045728021978 0.110086598036	91
-127.5 76 0.093675 0.113917670405	116
-126 76 0.105912626263 0.0902614112036	198
-124.5 76 0.0818909638554 0.12906000971	83
-123 76 -0.0553885542169 0.0760436329038	83
-121.5 76 -0.04975 0.0808020111136	5
-118.5 76 0.0294796551724 0.0933592509581	145
-117 76 0.0413184210526 0.205119291732	38
-115.5 76 -0.0149785714286 0.0994744475445	7
-112.5 76 0.423020833333 0.0941343049753	24
-111 76 0.16437519084 0.112960281885	131
-109.5 76 0.22735 NaN	1
-106.5 76 -0.0858 0.0828022040769	2
-105 76 0.152438888889 0.042978091394	18
-97.5 76 0.115360294118 0.239428198903	68
-96 76 -0.0280301324503 0.0836800000158	151
-94.5 76 -0.0356360119048 0.101648974039	336
-93 76 -0.00933350515464 0.149644710505	291
-90 76 0.0496727272727 0.0459950040949	44
-88.5 76 -0.0676793307087 0.105306601603	508
-87 76 -0.0223047368421 0.0603800635838	95
-60 76 -0.21265 NaN	1
-10.5 76 0.0836085987261 0.0519592678791	157
-9 76 0.0212518018018 0.0877267126099	222
-7.5 76 -0.18835 0.035779603128	2
-6 76 0.150346428571 0.130024044734	28
-4.5 76 0.131941666667 0.128562823178	48
93 76 -0.05905 NaN	1
156 76 0.01368 0.135039745027	20
157.5 76 -8.25581395349e-05 0.0923534298756	172
159 76 -0.0372866863905 0.122552927646	169
160.5 76 -0.0786182539683 0.147959024216	63
162 76 0.00678142857143 0.152894500468	70
163.5 76 -0.104734090909 0.101298017481	44
165 76 -0.0492159574468 0.167122394977	47
166.5 76 -0.0518875 0.169249334317	16
168 76 -0.0744666666667 0.143134973293	24
169.5 76 -0.05185 0.010748023074	2
171 76 -0.0695 0.164944787732	6
172.5 76 -0.04107 0.119851020021	5
174 76 0.0824 0.143966211314	4
175.5 76 -0.00375 0.0572756492761	2
177 76 -0.107213636364 0.135249741388	11
178.5 76 -0.055485483871 0.156840608152	31
-180 75.5 -0.0745239130435 0.1451314552	23
-178.5 75.5 -0.0593071428571 0.154183687606	7
-177 75.5 -0.0198653846154 0.143158655183	26
-175.5 75.5 -0.0261371794872 0.104796881682	39
-174 75.5 -0.07466875 0.138471533627	16
-172.5 75.5 -0.0798166666667 0.103593178669	6
-171 75.5 0.104439189189 0.121881615567	37
-169.5 75.5 -0.0827166666667 0.11749789218	6
-160.5 75.5 0.0727192307692 0.059453250096	104
-159 75.5 -0.0113767857143 0.0683996430397	112
-157.5 75.5 0.0264242857143 0.125986554705	35
-156 75.5 -0.0235525125628 0.0817406810165	199
-154.5 75.5 -0.00529 0.0822213251458	150
-153 75.5 0.00177207207207 0.0838036139418	222
-151.5 75.5 -0.0024342519685 0.132693873392	127
-150 75.5 0.0209842342342 0.100236227796	111
-148.5 75.5 0.00357629482072 0.0812336591926	251
-147 75.5 0.038333197832 0.0806915600859	369
-145.5 75.5 0.0110039473684 0.0878698391442	304
-144 75.5 0.00208206278027 0.0760423969783	446
-142.5 75.5 0.000627397260274 0.0619464798049	292
-141 75.5 -0.00882198067633 0.0834776959191	207
-139.5 75.5 -0.0131465517241 0.112352991195	29
-138 75.5 -0.0142530534351 0.0742584550368	131
-136.5 75.5 0.0647125 0.120897223768	72
-135 75.5 0.107382900433 0.114635670334	231
-133.5 75.5 0.132071719457 0.112219746191	221
-132 75.5 0.0341627272727 0.100268753773	55
-130.5 75.5 -0.0114409090909 0.143429035946	33
-129 75.5 0.067009375 0.173682979387	32
-127.5 75.5 0.0940256097561 0.141319978737	41
-126 75.5 0.0538670212766 0.148671194425	47
-124.5 75.5 0.0574275510204 0.112062218111	98
-123 75.5 -0.0552636363636 0.141857186049	22
-121.5 75.5 -0.0400124 0.102060640311	125
-120 75.5 0.1504 0.196490074389	16
-118.5 75.5 -0.0154320512821 0.0910483789034	39
-115.5 75.5 0.09529 0.041113358969	15
-105 75.5 -0.0289071428571 0.105515748273	63
-103.5 75.5 0.001162 0.0684348432209	25
-100.5 75.5 -0.0347833333333 0.0631284669015	3
-96 75.5 0.08425 0.0751610936589	3
-94.5 75.5 0.048868487395 0.0880181490976	119
-93 75.5 0.0240279069767 0.0394506732997	86
-87 75.5 -0.100081162791 0.0572022588441	215
-10.5 75.5 0.0811636363636 0.0883466891521	44
154.5 75.5 0.0596875 0.103765077218	8
156 75.5 0.04181 0.0360282944365	5
157.5 75.5 0.0321804347826 0.0961500312745	92
159 75.5 0.00332113402062 0.092712040075	194
160.5 75.5 -0.0157541666667 0.165862296156	24
162 75.5 -0.0983269230769 0.102603306914	13
163.5 75.5 0.00568333333333 0.118739779145	12
165 75.5 0.0450932432432 0.117086836168	111
166.5 75.5 -0.00470333333333 0.185350046694	15
168 75.5 -0.0265136363636 0.164906304492	33
169.5 75.5 -0.02191 0.109806343168	5
171 75.5 0.10965 NaN	1
172.5 75.5 -0.0536433333333 0.14544276472	15
175.5 75.5 -0.0536064102564 0.138178044556	39
177 75.5 -0.0131576923077 0.100569784421	26
-180 75 -0.00700555555556 0.181147461417	9
-178.5 75 -0.2023875 0.0831156842256	8
-177 75 0.0765277777778 0.166531031476	9
-175.5 75 0.0166333333333 0.239083277681	6
-174 75 -0.0825722222222 0.143368980063	9
-172.5 75 -0.0559227272727 0.145896325075	33
-171 75 0.0273398305085 0.0721844550836	236
-160.5 75 0.12975 0.182587743291	6
-157.5 75 -0.12443 0.109791424984	5
-156 75 -0.12925 NaN	1
-154.5 75 0.0477735294118 0.14283711234	17
-153 75 -0.0243360465116 0.138491250508	43
-151.5 75 -0.00298409090909 0.12072516892	88
-150 75 -0.00255454545455 0.102402305604	132
-148.5 75 -0.0257972727273 0.121043314645	55
-147 75 -0.00436489361702 0.126218687979	94
-145.5 75 -0.0179691489362 0.106961927081	141
-144 75 -0.0198871134021 0.0769384193828	194
-142.5 75 0.0238061085973 0.0660911630819	221
-141 75 -0.00763467741935 0.111492362963	124
-139.5 75 -0.0221036 0.118527426079	125
-138 75 0.0568214285714 0.0883589352771	98
-136.5 75 0.0825537037037 0.0786588129907	81
-135 75 0.0598279527559 0.110352704323	127
-133.5 75 0.0729871134021 0.136342598748	97
-132 75 0.097887254902 0.155881348417	51
-130.5 75 0.128575675676 0.107379396586	74
-129 75 0.114686585366 0.100980175921	82
-127.5 75 0.0995166666667 0.0946757587283	48
-126 75 0.00148333333333 0.123342414981	21
-124.5 75 0.0431005494505 0.123362076267	91
-123 75 -0.0531320512821 0.154891049777	39
-121.5 75 -0.00882718550107 0.0959345450589	469
-120 75 -0.059709375 0.11296219313	128
-118.5 75 -0.111205 0.133193173821	20
-117 75 -0.0515197674419 0.104963559021	86
-115.5 75 -0.134800943396 0.0698075806514	53
-114 75 0.09485 NaN	1
-106.5 75 0.0067975 0.072313319632	80
-103.5 75 -0.0440625 0.225673306463	8
-102 75 -0.017762335958 0.0765533287121	381
-100.5 75 -0.0510384615385 0.100732775758	286
-99 75 -0.208950826446 0.0847336075552	121
-97.5 75 -0.287071428571 0.0177036655391	42
-96 75 -0.0512 0.125301943192	156
-93 75 0.0705301587302 0.104370597407	126
156 75 -0.02056 0.177648286169	20
157.5 75 0.0196940528634 0.0891252246077	227
159 75 0.00227284644195 0.0827517142143	267
160.5 75 0.0654962686567 0.141057019771	67
162 75 -0.088382 0.14794500307	25
163.5 75 -0.0146246666667 0.142499640676	75
165 75 -0.0163169421488 0.124052048477	121
166.5 75 -0.070725 0.142515223861	32
168 75 0.01362 0.146262835422	40
169.5 75 0.02045 NaN	1
171 75 -0.0317572368421 0.109965591911	152
172.5 75 -0.00848333333333 0.106140681739	126
174 75 -0.0247071428571 0.18994936042	7
175.5 75 0.0257020833333 0.101797094783	48
177 75 -0.00145606060606 0.135303529008	33
178.5 75 -0.0148568965517 0.144977520255	29
-180 74.5 0.0721083333333 0.131814790578	12
-178.5 74.5 -0.056498 0.163995782771	25
-177 74.5 -0.02346 0.118928995623	60
-174 74.5 0.110236842105 0.10098565088	114
-172.5 74.5 0.0500772727273 0.237157973051	11
-171 74.5 0.0268472727273 0.0428170772308	110
-156 74.5 -0.00141545454545 0.130968628806	110
-154.5 74.5 0.0586 0.106548951191	6
-153 74.5 -0.0417184210526 0.204954260623	19
-151.5 74.5 -0.0958928571429 0.148762728947	7
-150 74.5 -0.133141666667 0.134579286927	12
-148.5 74.5 0.00222790697674 0.130269580577	86
-147 74.5 0.0350593457944 0.150243848669	107
-145.5 74.5 -0.021930952381 0.157456876385	42
-144 74.5 -0.139283333333 0.123800899297	6
-142.5 74.5 -0.076630952381 0.140781048508	21
-141 74.5 0.00489675324675 0.113390510972	231
-139.5 74.5 0.0387847826087 0.112589743239	161
-138 74.5 0.0996755033557 0.112398169622	149
-136.5 74.5 0.0595428571429 0.108849796694	42
-135 74.5 0.06027 0.0939381725938	75
-133.5 74.5 0.0260666666667 0.0785541270867	18
-132 74.5 0.134244117647 0.145541414489	102
-130.5 74.5 0.143703170732 0.122483493294	205
-129 74.5 0.060453125 0.136862458587	32
-127.5 74.5 -0.083202 0.140523275415	25
-126 74.5 -0.08025 0.156927292081	21
-124.5 74.5 -0.037119047619 0.14883438576	42
-123 74.5 -0.0449221311475 0.137537885849	61
-121.5 74.5 -0.0190290816327 0.0867103195064	196
-120 74.5 -0.107524545455 0.0863403077268	165
-118.5 74.5 -0.1786 0.127491352648	2
-117 74.5 -0.0294485365854 0.08694525688	205
-115.5 74.5 0.0534549180328 0.0902281901313	183
-114 74.5 -0.0200243902439 0.0902114194559	82
-112.5 74.5 -0.14327 0.172669328487	5
-111 74.5 -0.0484875 0.125473502467	8
-109.5 74.5 -0.143480120482 0.0739470649897	166
-108 74.5 -0.0566982758621 0.0478736403812	29
-106.5 74.5 -0.0394202702703 0.0779249705552	37
-105 74.5 0.02595 0.239144293959	7
-103.5 74.5 -0.11505 0.0349310749906	2
-102 74.5 -0.0262825 0.0798625996148	120
-99 74.5 -0.0963297101449 0.134983350367	69
-97.5 74.5 -0.1109 0.139087903859	2
-96 74.5 0.0269747787611 0.125750910626	113
-94.5 74.5 0.0619476878613 0.0473146358125	173
-93 74.5 0.14656294964 0.0795723704697	278
-88.5 74.5 -0.0258 0.143162809416	4
156 74.5 0.081337755102 0.0491432160147	49
157.5 74.5 0.0516887596899 0.077773637238	387
159 74.5 0.00975858895706 0.0602185699943	326
160.5 74.5 -0.0292065420561 0.0793812925373	214
162 74.5 -0.0615333333333 0.139957174186	12
163.5 74.5 -0.0209293103448 0.164118187769	29
165 74.5 -0.0293206896552 0.146368641796	58
166.5 74.5 0.0092 0.195221706273	26
169.5 74.5 0.25485 NaN	1
171 74.5 -0.0801911764706 0.172334097971	17
172.5 74.5 0.147616666667 0.141246746275	3
174 74.5 -0.0253611111111 0.123708603626	9
175.5 74.5 0.020835106383 0.169235902988	47
178.5 74.5 -0.0279364661654 0.0856405842106	133
-180 74 -0.0156892156863 0.0901584975725	102
-178.5 74 -0.0537130434783 0.117616288288	46
-177 74 0.0529388888889 0.150279967431	9
-169.5 74 -0.00354444444444 0.10371240715	36
-159 74 0.0405630434783 0.106597344775	23
-156 74 0.016584375 0.0366280761686	96
-154.5 74 -0.0108427536232 0.0629143835314	138
-153 74 0.03966 0.180146313682	10
-151.5 74 -0.0119071428571 0.15675314837	7
-148.5 74 -0.0503270833333 0.11473104208	48
-147 74 -0.00334861111111 0.0995437887172	144
-145.5 74 0.0061675 0.134318574402	40
-144 74 -0.0247793103448 0.106578597978	58
-142.5 74 0.0188 0.100408287933	36
-141 74 -0.00126904761905 0.108520673694	21
-139.5 74 0.0489767605634 0.115303477779	71
-138 74 0.1194984375 0.104169925523	128
-136.5 74 0.112953370787 0.0940783962852	89
-135 74 0.0689809090909 0.109713377206	55
-133.5 74 0.0272388888889 0.113422906157	27
-132 74 0.0398444444444 0.105310067201	36
-130.5 74 0.0304361538462 0.106388855826	130
-129 74 0.00507608695652 0.153226840461	46
-127.5 74 0.0163972222222 0.116557344857	72
-126 74 -0.00863742857143 0.132562471769	175
-124.5 74 -0.0486425619835 0.133354413229	121
-117 74 -0.0357660714286 0.0613531677386	56
-115.5 74 0.0106555363322 0.0899207079556	289
-114 74 0.0964016129032 0.17290065919	62
-112.5 74 0.0341642857143 0.18508955777	14
-111 74 -0.0300865853659 0.0978538498422	82
-106.5 74 -0.0212590909091 0.135178590546	22
-105 74 0.165415384615 0.0967653447978	26
-103.5 74 -0.0185696969697 0.121593417357	66
-102 74 -0.0807948979592 0.104299374921	49
-100.5 74 -0.0521863636364 0.150152657471	11
-99 74 -0.09875 NaN	1
-97.5 74 0.276742682927 0.290106830659	41
-96 74 0.131033653846 0.203513758086	104
-94.5 74 0.0984833333333 0.190750543111	12
-93 74 0.128021830986 0.0775793753577	71
-91.5 74 -0.25165 0.00820243866176	2
-90 74 0.111475 0.156782340022	8
-88.5 74 0.0384489361702 0.146810546115	94
78 74 -0.0854256302521 0.0692879804266	119
156 74 -0.124907142857 0.199001958593	7
157.5 74 -0.0907 0.131406799672	6
159 74 0.0371201550388 0.123422739112	258
160.5 74 0.00386002949853 0.0784550266133	339
162 74 -0.00296393034826 0.0744365045188	201
163.5 74 -0.0666727272727 0.129965225869	22
165 74 -0.204825 0.0890102381752	4
166.5 74 -0.0179 0.102742615306	2
168 74 0.0483153465347 0.0975476288135	101
169.5 74 -0.0276438271605 0.0800336208012	162
171 74 0.00724681528662 0.105545068403	157
172.5 74 0.00426136363636 0.0845571231604	44
174 74 0.0156957627119 0.0985478569582	59
175.5 74 -0.0046887755102 0.0976840758439	49
177 74 -0.0305 0.166762875565	4
178.5 74 -0.0108727272727 0.134949130577	44
-180 73.5 0.0618805555556 0.0425855539999	144
-177 73.5 -0.0299617647059 0.0816594088812	51
-175.5 73.5 0.0194416666667 0.122730795264	12
-171 73.5 -0.00892647058824 0.189496861878	17
-169.5 73.5 0.0135350746269 0.0969114720259	67
-159 73.5 0.117619262295 0.095788874915	244
-156 73.5 0.060226056338 0.0465633227865	284
-154.5 73.5 0.0870210843373 0.0659295809291	83
-153 73.5 0.00840757575758 0.0886598028643	33
-151.5 73.5 0.0388538461538 0.0786647566988	208
-150 73.5 0.0227445945946 0.135695641758	37
-148.5 73.5 -0.0207993333333 0.0901544101443	75
-147 73.5 -0.0608333333333 0.174108855796	6
-145.5 73.5 -0.0293892405063 0.0815315943444	79
-144 73.5 -0.0151474358974 0.104920433643	78
-142.5 73.5 0.022754 0.10725236822	100
-141 73.5 -0.0048125 0.188083165021	8
-139.5 73.5 0.0442181818182 0.0928856203252	22
-138 73.5 -0.0237181818182 0.178534991599	22
-136.5 73.5 0.130883980583 0.0927350279162	103
-135 73.5 -0.00411666666667 0.14091198507	24
-133.5 73.5 0.0318533898305 0.0851189309267	59
-132 73.5 0.0318906779661 0.12773815232	59
-130.5 73.5 0.0265428571429 0.154284509738	14
-129 73.5 0.027918 0.138357296278	25
-127.5 73.5 -0.0227020833333 0.154379601856	96
-126 73.5 -0.0117211864407 0.149976787918	59
-124.5 73.5 0.0271545977011 0.112379352266	87
-115.5 73.5 0.17965 0.0345068109219	2
-114 73.5 0.016977027027 0.0696960471301	74
-112.5 73.5 0.0352113636364 0.11270129323	44
-111 73.5 -0.0451527777778 0.145153061059	36
-109.5 73.5 -0.008625 0.0910784414667	4
-108 73.5 0.127922222222 0.0454390322696	18
-106.5 73.5 0.04925 NaN	1
-105 73.5 0.0417166666667 0.232745519763	12
-103.5 73.5 0.20055 0.104783395631	3
-102 73.5 -0.00125425531915 0.111844037289	47
-97.5 73.5 0.0896974137931 0.137933963697	116
-96 73.5 0.006102 0.0970258400238	100
-90 73.5 -0.0203254385965 0.0979929302856	57
157.5 73.5 -0.0386456521739 0.0389688509437	23
159 73.5 -0.0329748554913 0.0921166229703	173
160.5 73.5 -0.0285127737226 0.106191826294	137
162 73.5 -0.08035 NaN	1
163.5 73.5 -0.0591611111111 0.145359945002	9
166.5 73.5 -0.0344673913043 0.146134146505	23
168 73.5 -0.0132461538462 0.16583094399	26
169.5 73.5 -0.0314914141414 0.107744840314	99
171 73.5 0.044585326087 0.0965960564133	552
172.5 73.5 0.0117166666667 0.0880730076591	234
174 73.5 -0.0062462962963 0.0883708814963	108
175.5 73.5 -0.22315 0.017221788525	3
177 73.5 0.09305 NaN	1
178.5 73.5 -0.0498724806202 0.0883391540105	129
-180 73 0.00395977443609 0.0393492864374	133
-157.5 73 0.09829 0.0605722877298	50
-156 73 -0.0917318181818 0.0646007247356	11
-151.5 73 0.0239342975207 0.0927960927772	121
-150 73 -0.0376576923077 0.0777970740996	26
-148.5 73 0.0267776315789 0.0536570878123	152
-144 73 0.000846946564885 0.0899157476915	131
-142.5 73 0.00909438356164 0.0712054387544	365
-141 73 -0.0196071428571 0.113822344865	7
-138 73 0.0362833333333 0.156081666658	6
-136.5 73 0.0523238461538 0.0933953028077	65
-135 73 -0.0346807692308 0.14442244969	13
-133.5 73 0.071725 0.0977448906228	36
-132 73 0.0268333333333 0.0887905586303	54
-130.5 73 0.02955 NaN	1
-129 73 -0.0313238461538 0.10598515267	65
-127.5 73 -0.0156836363636 0.131964861376	110
-126 73 -0.0137045454545 0.0941213945294	198
-124.5 73 -0.23625 0.0556545895083	4
-118.5 73 -0.0383490196078 0.105570301756	102
-117 73 0.005395 0.107207260405	80
-114 73 -0.07835 0.224152849636	2
-112.5 73 7.77777777778e-05 0.132722318729	18
-111 73 -0.0398166666667 0.133362088566	6
-105 73 0.04109 0.214789432804	10
-103.5 73 -0.0435018518519 0.136766497726	27
-102 73 0.181061111111 0.212589062857	45
-100.5 73 0.0740252688172 0.0858382232888	93
-97.5 73 0.0208023809524 0.200007808895	21
-96 73 -0.0522242857143 0.144127623884	35
-91.5 73 0.0519047717842 0.0856416472141	241
-90 73 -0.00756240875912 0.0731305464918	137
75 73 -0.21533969697 0.198695360529	165
76.5 73 -0.154460047847 0.0736250450209	209
78 73 -0.0910904040404 0.0508050172663	99
159 73 -0.0351203389831 0.0819167331135	118
160.5 73 0.0319398148148 0.108609087191	108
162 73 -0.02095 0.197695563936	6
163.5 73 0.03315 0.119238547086	10
166.5 73 0.0898875 0.179970489148	8
168 73 -0.0100475 0.128117605202	40
169.5 73 0.00978 0.147363315548	40
171 73 0.0193437743191 0.0693101608611	257
174 73 -0.00721483516484 0.0597064547892	364
177 73 0.0135909090909 0.168242072364	22
178.5 73 -0.014898125 0.0420532097383	160
-144 72.5 -0.07246 0.11768308148	10
-141 72.5 -0.01076875 0.0863011665222	48
-139.5 72.5 -0.0118703342618 0.0576536402926	359
-138 72.5 0.11985 0.0421435641587	2
-136.5 72.5 -0.2139 0.0844992603518	2
-135 72.5 -0.00769395604396 0.112273467934	91
-133.5 72.5 -0.0183286516854 0.133277334287	89
-132 72.5 0.0101848837209 0.115185591203	43
-129 72.5 0.0157892156863 0.111899013541	51
-127.5 72.5 -0.0899442307692 0.0802391240287	52
-126 72.5 -0.0198262057878 0.0807437904119	311
-118.5 72.5 -0.0351578034682 0.0912395186584	346
-105 72.5 -0.010435 0.110770850598	20
-103.5 72.5 0.0200833333333 0.159376660776	18
-102 72.5 -0.0443271929825 0.117906727074	114
-93 72.5 -0.0343215736041 0.0900856876901	197
-91.5 72.5 0.0746799479167 0.103619057614	384
-90 72.5 0.024456626506 0.103009332402	166
78 72.5 -0.0883702020202 0.244241511448	99
159 72.5 0.0369227272727 0.128035745719	11
160.5 72.5 0.06967 0.117965901468	45
162 72.5 -0.0426997854077 0.0620156669057	233
169.5 72.5 -0.09729 0.13633553462	5
171 72.5 -0.0634766666667 0.137289534856	15
174 72.5 0.0113634615385 0.0637549691377	52
175.5 72.5 0.0186136363636 0.0707316375143	11
178.5 72.5 -0.0470921052632 0.164909589088	19
-180 72 -0.135255263158 0.0367449992619	19
-139.5 72 -0.0223255319149 0.0643760695336	188
-138 72 0.033537755102 0.0832682440494	98
-136.5 72 0.0319666666667 0.15787844159	24
-135 72 -0.06485625 0.15797650234	16
-133.5 72 -0.092097826087 0.150269769141	23
-132 72 0.0625676470588 0.169001805594	17
-130.5 72 -0.0694166666667 0.104842993726	3
-129 72 -0.0177683006536 0.0500461458373	306
-120 72 0.0115576923077 0.0838657306009	13
-118.5 72 0.0396166666667 0.106199285474	18
-103.5 72 -0.0334375 0.121745227366	56
-102 72 -0.0695969135802 0.10436366492	162
-100.5 72 0.00602415730337 0.0997605069974	89
-94.5 72 -0.00833181818182 0.149795599523	11
-93 72 -0.0473078231293 0.116272393292	147
-91.5 72 -0.0201686813187 0.080774450632	455
-90 72 -0.0709368852459 0.0942541006631	61
133.5 72 -0.143588235294 0.0389465446766	34
159 72 -0.067075 0.0557069340388	4
160.5 72 0.00190714285714 0.0944995035291	42
162 72 -0.02802 0.126988849619	70
178.5 72 -0.0795465384615 0.0501945591848	260
-180 71.5 -0.207901612903 0.0483279463953	186
-138 71.5 0.082425 0.10388050484	8
-136.5 71.5 -0.0724338709677 0.102233967274	31
-135 71.5 0.0245448275862 0.119109599275	58
-133.5 71.5 -0.072095 0.148246141386	40
-132 71.5 -0.0965214285714 0.18439376087	7
-129 71.5 -0.09385 0.0866510819321	3
-105 71.5 2.07475 NaN	1
-103.5 71.5 0.0351668831169 0.0988810973935	77
-102 71.5 -0.04688671875 0.0806902260384	128
-100.5 71.5 0.0435634020619 0.0885873905023	97
-99 71.5 -0.0174981481481 0.0413258102473	27
-97.5 71.5 0.0760676470588 0.0408944103041	17
-93 71.5 0.209999152542 0.486146999683	59
-91.5 71.5 -0.00525769230769 0.0827467562645	247
-90 71.5 -0.00831710526316 0.0989727934692	228
133.5 71.5 -0.222605555556 0.0473499803936	153
150 71.5 -0.20633 0.107898429821	20
160.5 71.5 0.0289328571429 0.114542481166	70
-138 71 -0.0977 0.0943596160593	8
-132 71 -0.0750856725146 0.0435574692992	171
-129 71 -0.0271765625 0.0450922202919	64
-103.5 71 0.0481277777778 0.0987450730135	9
-102 71 0.172723076923 0.0571011912849	26
-100.5 71 0.0786735294118 0.121702986454	17
-99 71 -0.0133207446809 0.0807075909429	188
-97.5 71 0.0195200440529 0.0633717775987	227
-96 71 -0.0224192307692 0.127374326198	13
-91.5 71 0.0992807692308 0.055479281187	13
-90 71 -0.0820227272727 0.13076406063	66
-132 70.5 -0.057645862069 0.0353462827604	145
-130.5 70.5 -0.166454807692 0.0444808617727	104
-115.5 70.5 0.09965 0.116960557454	6
-102 70.5 0.175316666667 0.125682629402	3
-100.5 70.5 0.14685 0.0883515987405	5
-99 70.5 0.00217814814815 0.0513466528024	135
-97.5 70.5 -0.00694527027027 0.0495179144859	148
-93 70.5 0.326588888889 0.729615067036	18
-91.5 70.5 0.109208762887 0.0552839578008	97
-90 70.5 0.00204632352941 0.13362238857	136
-88.5 70.5 -0.0217 0.121201976056	6
-100.5 70 -0.0841273255814 0.0703283352997	172
-99 70 -0.1327 0.0279307178569	2
-97.5 70 -0.289016666667 0.0137442109025	3
-96 70 -0.0449748322148 0.0638863749654	149
-91.5 70 0.168621532847 0.054965319001	274
-90 70 -0.0428025179856 0.0862937325583	278
-88.5 70 0.0318078431373 0.118733590997	102
-87 70 -0.0379214285714 0.208741696156	7
-102 69.5 0.078779375 0.105473774258	160
-100.5 69.5 -0.0565722222222 0.153309769747	81
-99 69.5 -0.0063275 0.15682813799	40
-97.5 69.5 -0.062975 0.0572194959283	8
-96 69.5 -0.0520852941176 0.0452958599264	17
-94.5 69.5 0.115393181818 0.0744302184885	88
-91.5 69.5 0.08527 0.0428080963266	55
-90 69.5 -0.077723015873 0.0956500429259	63
-88.5 69.5 0.0243588842975 0.0767708549204	484
-87 69.5 0.19531 0.106138155251	5
162 69.5 0.01225 NaN	1
-108 69 -0.272508333333 0.0230880314659	12
-102 69 -0.117871052632 0.115758754635	38
-100.5 69 0.120508823529 0.19417341495	17
-94.5 69 0.0429562295082 0.107059446075	305
-90 69 -0.0512868421053 0.100206360469	19
-88.5 69 0.0808629032258 0.156940667646	31
-87 69 0.107763636364 0.171507485039	22
-85.5 69 -0.02178125 0.197723081501	16
-114 68.5 -0.0307143518519 0.0758070947011	216
-103.5 68.5 -0.186604716981 0.0420742226898	159
-102 68.5 -0.176002325581 0.0610841612796	86
-100.5 68.5 -0.0355075757576 0.113559563199	33
-99 68.5 -0.219212162162 0.0328108920884	37
-97.5 68.5 -0.189110869565 0.0446198054184	23
-87 68.5 0.0123228971963 0.146353362487	107
-78 68.5 -0.0206583333333 0.146663100335	72
-114 68 -0.118894864865 0.0672031353444	185
-103.5 68 -0.146451666667 0.042467201668	60
-102 68 0.203206585366 0.086882191016	205
-100.5 68 0.0540386075949 0.0751014625577	158
-78 68 -0.0135776150628 0.0992501113972	239
13.5 68 -0.0267227272727 0.045952082874	33
-102 67.5 0.05985 0.207985504303	9
12 67.5 -0.00917 0.108637673024	10
13.5 67.5 0.5121 0.61345651571	4
-33 67 1.1789 0.455023213694	2
72 67 0.0243166666667 0.0478111214398	3
-82.5 66.5 0.00545 0.152638595881	64
-81 66.5 0.168016666667 0.0390539797375	3
70.5 66.5 -0.000804761904762 0.108034805147	42
-84 66 -0.241275 0.0485448503963	4
-82.5 66 -0.0295329457364 0.0576039788996	258
12 66 -0.00985 0.196214703832	3
-82.5 65.5 0.0727602564103 0.152851383206	78
12 65.5 -0.199383333333 0.129514704442	6
24 65.5 0.135423076923 0.144840278912	286
25.5 65.5 0.182920588235 0.16035766962	17
34.5 65.5 -0.100667647059 0.046292790827	119
36 65.5 -0.146019714286 0.055941492912	175
10.5 65 -0.0943722222222 0.0436152929347	36
12 65 -0.12185 0.104368960903	2
22.5 65 -0.0216 0.0692257538782	2
24 65 0.367761111111 0.0468667810224	18
25.5 65 0.354239919355 0.113122675426	248
36 65 -0.225253846154 0.0710960658064	52
10.5 64.5 -0.00935327868852 0.193268563548	61
22.5 64.5 -0.112986363636 0.0876775486967	11
9 64 0.0630441176471 0.116192642914	34
9 63.5 0.182811728395 0.140553557024	81
7.5 63 0.24505 NaN	1
21 63 -0.082488317757 0.0936633671618	107
21 61.5 0.09895 0.309237400713	3
21 61 -0.164188461538 0.0284823202022	13
18 60.5 0.273111403509 0.196814394757	57
21 60.5 0.0526746376812 0.185588944433	69
6 60 -0.09275 NaN	1
19.5 60 0.00408755868545 0.0745633958306	213
21 60 -0.0428683333333 0.157108556329	60
22.5 60 -0.019505704698 0.102433362243	149
24 60 -0.18625 0.0645090691299	4
