lon, lat, freeboard (m), standard deviation, count
-180 81.5 0.0508 0.0855091613026	4
-171 81.5 -0.0072875 0.151084536491	16
-169.5 81.5 0.07045 NaN	1
-168 81.5 0.0557 0.289135962827	2
-166.5 81.5 -0.0839166666667 0.119334920846	3
-165 81.5 -0.10525 0.125215123978	12
-163.5 81.5 0.02183 0.225731858629	5
-162 81.5 -0.0601916666667 0.0934083844624	12
-160.5 81.5 -0.114235714286 0.142335421059	14
-159 81.5 -0.07505 0.181807267457	9
-157.5 81.5 -0.0997590909091 0.151905072032	11
-156 81.5 -0.0814583333333 0.177581619945	12
-154.5 81.5 -0.0608147058824 0.0929297176713	17
-153 81.5 -0.01976 0.14867921808	10
-151.5 81.5 0.0804833333333 0.290373144993	3
-150 81.5 0.11385 0.128447386548	10
-148.5 81.5 -0.1702 0.0889358008153	4
-147 81.5 -0.031775 0.0877298647364	4
-145.5 81.5 -0.186064285714 0.143086587172	7
-144 81.5 -0.0853633333333 0.118069252479	15
-142.5 81.5 -0.0064875 0.199110040914	8
-141 81.5 -0.0378833333333 0.13791070541	6
-139.5 81.5 0.04006 0.22329224224	10
-138 81.5 -0.07701 0.231695636558	5
-135 81.5 0.19315 NaN	1
-133.5 81.5 -0.130216666667 0.207847355849	3
-129 81.5 0.01991 0.0968853600912	5
-127.5 81.5 0.14325 0.118902116606	4
-126 81.5 0.21805 0.063781031663	2
-120 81.5 0.12563 0.170467686087	5
-114 81.5 0.36095 NaN	1
-111 81.5 0.31885 NaN	1
-103.5 81.5 0.15805 NaN	1
-102 81.5 0.29935 0.109054160856	3
-100.5 81.5 0.20975 0.112429978209	2
-99 81.5 -0.05915 NaN	1
-96 81.5 0.28895 NaN	1
-94.5 81.5 -0.10614 0.124739579459	80
-93 81.5 -0.0648264705882 0.102590230352	153
-91.5 81.5 -0.0882095041322 0.0835874209585	242
-90 81.5 -0.140600434783 0.102681713446	115
-66 81.5 0.0798 0.273562692997	6
-64.5 81.5 0.0932897058824 0.148504017876	68
-63 81.5 -0.110563043478 0.143941356434	69
-61.5 81.5 -0.0719833333333 0.125941356723	21
-12 81.5 0.1971375 0.336978643982	16
-10.5 81.5 -0.0443851449275 0.139404068143	276
-9 81.5 -0.067350990099 0.127993963663	303
-7.5 81.5 -0.0531404458599 0.14744895848	157
-6 81.5 0.0194645985401 0.140613292475	137
-4.5 81.5 0.0131867346939 0.172592142586	147
-3 81.5 0.0190045454545 0.134294520742	77
-1.5 81.5 0.07605 0.00311126983722	2
4.5 81.5 -0.021325 0.101642293527	4
6 81.5 0.00304375 0.123293030183	16
7.5 81.5 -0.0514631147541 0.100603012671	61
9 81.5 0.0207717054264 0.0759341912461	129
10.5 81.5 0.121309223301 0.0458608946085	103
12 81.5 0.0518580536913 0.0714821292322	149
13.5 81.5 0.0444221179625 0.127022538111	373
15 81.5 -0.00961785243742 0.1115760806	759
16.5 81.5 0.00467884615385 0.134382001291	468
18 81.5 0.116020758123 0.138215840882	277
19.5 81.5 -0.0171477272727 0.120446925812	176
21 81.5 0.0105545226131 0.135813033543	398
22.5 81.5 0.0748175062972 0.108520258441	397
24 81.5 0.0672073604061 0.135980249311	394
25.5 81.5 -0.0439824175824 0.0992756901006	182
27 81.5 -0.00962787610619 0.12280022084	113
28.5 81.5 -0.0365722222222 0.143872102732	9
30 81.5 -0.0709125 0.123345000574	16
54 81.5 -0.06955 0.142110749066	5
55.5 81.5 -0.0364034482759 0.0883479597275	116
57 81.5 0.126792592593 0.271763044402	54
58.5 81.5 0.09739 0.134556332742	95
60 81.5 0.0292868932039 0.110126737141	103
61.5 81.5 -0.0146130952381 0.170093990162	84
63 81.5 -0.00857275132275 0.137162170893	756
64.5 81.5 -0.0422744743482 0.119912576242	1189
66 81.5 -0.0119230684327 0.123812185438	906
67.5 81.5 -0.00441378539493 0.123433907567	671
69 81.5 -0.00679159891599 0.129070932361	738
70.5 81.5 -0.00901449612403 0.122690093457	645
72 81.5 -0.052748757764 0.116663484669	805
73.5 81.5 -0.0317305491991 0.0959134945915	2185
75 81.5 -0.0263938186158 0.0930182944527	2095
76.5 81.5 -0.0176130877193 0.104242213551	1425
78 81.5 0.019456122449 0.106541400419	245
79.5 81.5 0.0107673913043 0.168524034955	46
81 81.5 -0.00416964285714 0.164738197171	56
82.5 81.5 -0.02715 0.149041158942	18
84 81.5 0.012614516129 0.102382508107	93
85.5 81.5 0.0224170247046 0.0840794265916	931
87 81.5 -0.047208808933 0.0942136239109	1612
88.5 81.5 -0.0791873359261 0.0934176988346	2057
90 81.5 -0.0383520100503 0.114566302563	1592
91.5 81.5 -0.0426261270492 0.126918084358	976
93 81.5 -0.0843101293103 0.101747564211	928
94.5 81.5 -0.114000890208 0.0972644408196	674
96 81.5 -0.0556445040214 0.107372040075	746
97.5 81.5 -0.00493035714286 0.107624495553	112
99 81.5 0.0914291044776 0.06697956843	67
100.5 81.5 -0.06239 0.0863305739585	5
108 81.5 -0.01867 0.0866549883157	5
118.5 81.5 0.0922 0.0075660425587	2
120 81.5 0.129507142857 0.0586188495606	7
121.5 81.5 0.10625 0.0382850710678	4
123 81.5 0.0925875 0.121554184763	16
124.5 81.5 0.121545 0.0992415706333	80
126 81.5 0.0512745033113 0.120875613183	151
127.5 81.5 0.0341251243781 0.130362972036	201
129 81.5 0.0401306451613 0.106314544064	31
132 81.5 0.10245 NaN	1
138 81.5 -0.05297 0.122858402236	5
139.5 81.5 -0.00493780487805 0.0938949146525	205
141 81.5 0.0310659340659 0.122731091393	182
142.5 81.5 -0.0247363128492 0.075768718979	358
144 81.5 0.00390336538462 0.0783006252295	208
145.5 81.5 -0.0996205882353 0.100813148725	17
150 81.5 -0.01825 0.0359210244843	2
151.5 81.5 0.0707 0.0755426171111	6
159 81.5 -0.0422785714286 0.0831894767841	7
163.5 81.5 0.0682192307692 0.0876319042417	13
166.5 81.5 -0.02815 NaN	1
168 81.5 0.0986916666667 0.114127464654	24
169.5 81.5 0.062706 0.0778764998785	25
171 81.5 0.13517 0.0430781408863	10
178.5 81.5 0.0954 0.175857456481	2
-180 81 0.13915 0.09772215716	2
-171 81 -0.04235 NaN	1
-169.5 81 0.14699 0.125473726333	10
-168 81 0.1157 0.0534832372493	4
-166.5 81 -0.124525 0.170734225723	4
-165 81 0.03315 NaN	1
-163.5 81 0.175759090909 0.116656791097	11
-162 81 0.11077 0.18886639987	5
-160.5 81 -0.130883333333 0.167429109377	15
-159 81 0.100857407407 0.216296077218	27
-157.5 81 0.01533 0.177853702676	10
-156 81 -0.00999285714286 0.160134629371	7
-154.5 81 -0.1766 0.0771453498275	2
-153 81 -0.06891 0.185938519409	5
-150 81 -0.162872222222 0.130388839417	9
-148.5 81 0.08615 0.227829804898	2
-147 81 -0.17505 NaN	1
-145.5 81 -0.014575 0.142806629998	8
-144 81 -0.09335 0.0944053229431	5
-142.5 81 -0.0825642857143 0.167070558234	7
-141 81 -0.142904545455 0.156761713206	11
-139.5 81 0.0945928571429 0.160621302626	7
-138 81 0.10893 0.24237320809	5
-135 81 0.09265 NaN	1
-133.5 81 0.17579 0.0809415406327	5
-132 81 0.21405 0.15105959089	3
-130.5 81 0.32655 NaN	1
-129 81 0.1773 0.0372645273685	2
-127.5 81 0.192016666667 0.077251364605	3
-126 81 0.14407 0.166263246089	5
-124.5 81 0.10019375 0.0873601890165	16
-112.5 81 0.15885 NaN	1
-103.5 81 0.29865 NaN	1
-102 81 0.27725 NaN	1
-100.5 81 0.28305 0.030971277016	2
-97.5 81 0.14395 0.127893471295	4
-96 81 0.00556034482759 0.158712442902	29
-94.5 81 0.12565 NaN	1
-91.5 81 0.0518835260116 0.12279156156	173
-90 81 0.254634615385 0.261295550593	65
-88.5 81 0.441092708333 0.21532889788	96
-87 81 0.131953125 0.244492612911	64
-67.5 81 0.06625 NaN	1
-66 81 0.067135 0.18419972077	20
-64.5 81 -0.0703833333333 0.315897456991	3
-63 81 0.5526 0.0313248304066	2
-15 81 0.28185 NaN	1
-13.5 81 -0.00859329268293 0.150929635469	164
-12 81 -0.00788373493976 0.133112353312	83
-10.5 81 -0.0101404411765 0.157494195486	136
-9 81 0.0298489130435 0.184293597281	92
-7.5 81 -0.0423611111111 0.138013001393	54
-6 81 -0.0196887755102 0.147718995624	196
-4.5 81 0.0697409090909 0.253604711633	66
-3 81 -0.0174847826087 0.176043988843	23
-1.5 81 0.09615 0.181671700236	4
0 81 0.0368625 0.15635360508	8
4.5 81 0.96235 NaN	1
6 81 0.114183333333 0.0844465116706	3
7.5 81 -0.00150338983051 0.0877725456777	118
9 81 -0.0087106741573 0.055098188425	89
12 81 0.0955236842105 0.0415403397261	19
13.5 81 0.0172890728477 0.0698990652999	151
15 81 0.0106210843373 0.0786938656577	166
16.5 81 -0.0134798076923 0.0803006252252	208
18 81 -0.00789426229508 0.0541416522485	61
21 81 0.0345818181818 0.118566567143	22
22.5 81 0.0112322429907 0.102243748541	107
24 81 0.00025472972973 0.107414989221	148
25.5 81 0.0682488505747 0.093960358408	87
27 81 0.0684926356589 0.0981587908139	258
28.5 81 0.140179787234 0.0729705387688	47
54 81 0.17925 0.133963931713	5
58.5 81 -0.180905555556 0.0583394861224	27
60 81 -0.118447278912 0.105698870502	147
61.5 81 -0.000815326633166 0.212463027452	199
63 81 -0.00256538461538 0.0816264644478	312
64.5 81 -0.0725446153846 0.120822621163	130
66 81 0.0156787749288 0.109772014802	702
67.5 81 0.02015382263 0.0865701128665	654
69 81 0.0355537433155 0.102185869534	561
70.5 81 0.0044617397454 0.0833286030131	707
72 81 0.0149652284264 0.0814424198785	985
73.5 81 0.0454132820513 0.0869552659751	975
75 81 0.0324951977401 0.091231132919	531
76.5 81 0.00255380952381 0.122500189605	420
78 81 -0.00518572938689 0.106081164023	473
79.5 81 -0.0812017857143 0.138406523744	56
81 81 0.0907409090909 0.160150400902	11
82.5 81 -0.0431416666667 0.168564389954	12
84 81 -0.0094362745098 0.152626330754	102
85.5 81 -0.0121486692015 0.101648569091	526
87 81 -0.0500637959866 0.0873277629263	1196
88.5 81 -0.0653583850932 0.0855912803974	1288
90 81 -0.106803746254 0.0872806932171	1001
91.5 81 -0.112650924974 0.0925455177139	973
93 81 -0.179834441489 0.101297016885	752
94.5 81 -0.18338172043 0.0688991524229	186
96 81 -0.0609314814815 0.170541026052	27
97.5 81 -0.0581205405405 0.173870024415	370
99 81 0.000208208955224 0.106103213688	268
100.5 81 -0.0124333333333 0.12425488991	6
109.5 81 -0.0402666666667 0.0879466523903	6
111 81 0.01515 NaN	1
118.5 81 0.1495 0.0839252643725	4
121.5 81 0.12685 NaN	1
123 81 0.0745767857143 0.089130986697	112
124.5 81 0.07495 0.147460453738	49
126 81 -0.122183333333 0.117517844643	15
127.5 81 -0.0133033333333 0.121389702238	15
129 81 0.13643125 0.0612768410576	32
130.5 81 0.073375 0.192083842371	4
133.5 81 0.10935 NaN	1
136.5 81 -0.0096 0.0581948880917	2
138 81 0.22455 NaN	1
139.5 81 0.10065 NaN	1
141 81 0.0386954545455 0.0382157251013	22
145.5 81 0.0908166666667 0.216655253033	6
147 81 -0.0195768292683 0.126534467684	41
148.5 81 -0.24535 NaN	1
153 81 0.31235 NaN	1
156 81 -0.12845 0.0985599056412	5
157.5 81 0.12235 0.0728426248841	6
159 81 0.1505625 0.0398047175058	8
160.5 81 0.10059 0.0592303385099	5
166.5 81 0.0296730769231 0.052956305162	13
168 81 0.10853 0.0622862411238	25
169.5 81 0.104432352941 0.0709614352597	17
177 81 0.16835 NaN	1
-178.5 80.5 -0.24025 0.0246073159853	2
-177 80.5 -0.16725 NaN	1
-175.5 80.5 -0.190827777778 0.127469180371	9
-174 80.5 -0.05595 0.183430942501	16
-172.5 80.5 0.10815 0.206367471597	7
-171 80.5 0.01906 0.201790129976	10
-169.5 80.5 -0.0653449152542 0.0772104924613	59
-168 80.5 -0.15725 NaN	1
-166.5 80.5 0.136931818182 0.127189672474	33
-165 80.5 0.103823333333 0.144269016903	15
-163.5 80.5 0.136992105263 0.115208951792	19
-162 80.5 0.137883333333 0.140880997165	24
-160.5 80.5 0.10211 0.241710845847	5
-159 80.5 0.07101 0.174206265674	5
-157.5 80.5 -0.0156777777778 0.201372650767	18
-156 80.5 -0.101481578947 0.152990933111	19
-154.5 80.5 -0.133780769231 0.178245352369	13
-153 80.5 -0.03025 NaN	1
-151.5 80.5 0.0336833333333 0.14947899518	9
-150 80.5 -0.10065 0.117603741437	11
-148.5 80.5 -0.02505 NaN	1
-147 80.5 -0.0767875 0.205373450346	8
-144 80.5 -0.0796666666667 0.191917924298	6
-142.5 80.5 0.0463625 0.229905679029	8
-141 80.5 -0.0632 0.229372135768	4
-139.5 80.5 -0.09147 0.167593666348	5
-138 80.5 -0.1179 0.25472317654	4
-136.5 80.5 -0.0272115384615 0.165899148774	13
-135 80.5 -0.0288 0.147431763877	2
-124.5 80.5 0.2058 0.0559321463919	2
-120 80.5 0.27965 NaN	1
-115.5 80.5 0.01675 NaN	1
-112.5 80.5 0.27715 NaN	1
-111 80.5 0.27175 0.0316783837972	2
-109.5 80.5 0.33765 NaN	1
-100.5 80.5 0.03799 0.167318307426	10
-99 80.5 -0.0101662790698 0.122524883634	43
-97.5 80.5 0.50555 NaN	1
-96 80.5 -0.0185722222222 0.159690268784	9
-90 80.5 -0.0918875 0.120329024375	8
-88.5 80.5 0.0740547619048 0.388054851118	21
-69 80.5 -0.027525 0.15465961119	16
-67.5 80.5 0.0304833333333 0.206141635313	15
-15 80.5 0.187216666667 0.271097479393	3
-13.5 80.5 -0.021025 0.121298859864	48
-12 80.5 -0.0464758064516 0.132099675491	155
-10.5 80.5 0.0103228744939 0.116174836148	247
-9 80.5 0.0982927672956 0.142778298735	159
-7.5 80.5 0.0300010869565 0.173094197498	92
-6 80.5 0.0541445054945 0.128216846148	91
-4.5 80.5 0.0663224137931 0.175263236501	29
-3 80.5 0.0756641176471 0.122119709178	85
-1.5 80.5 0.0285833333333 0.181884390521	12
0 80.5 0.000501515151515 0.182076529448	33
1.5 80.5 0.01297 0.109353609908	5
3 80.5 0.0916828947368 0.0539186804689	76
4.5 80.5 0.0954166666667 0.0442515913085	3
6 80.5 0.125683333333 0.180467799529	6
21 80.5 -0.0905071428571 0.0889248837225	14
22.5 80.5 0.01271 0.110263208896	90
28.5 80.5 0.154685294118 0.0461468647842	51
54 80.5 0.154559375 0.0887033961578	32
55.5 80.5 0.025971875 0.11822823699	64
57 80.5 0.0643241935484 0.162132254187	62
58.5 80.5 -0.0178051886792 0.0972561040931	212
60 80.5 0.018535 0.0647448901063	40
64.5 80.5 0.175960126582 0.0587258790526	79
70.5 80.5 -0.00711219512195 0.0734292985564	82
72 80.5 0.00825898876404 0.0606527173516	178
73.5 80.5 0.0624307017544 0.0454705015119	171
75 80.5 0.20315 0.125346679254	3
76.5 80.5 -0.0431911764706 0.193697996437	17
78 80.5 0.0400331168831 0.09419929238	77
79.5 80.5 0.100337804878 0.0809903741766	164
81 80.5 0.277405555556 0.12515790138	9
82.5 80.5 -0.146431818182 0.103904098265	11
84 80.5 0.0164058823529 0.132562248654	204
85.5 80.5 0.0109684549356 0.127659231716	233
87 80.5 -0.0126182692308 0.127167706917	104
88.5 80.5 -0.0676699604743 0.0830749520626	506
90 80.5 -0.0699426011561 0.0960515101767	865
91.5 80.5 -0.0797311836115 0.0889938501229	659
93 80.5 -0.089265625 0.0921310763368	96
97.5 80.5 0.0654924242424 0.267147564595	33
99 80.5 0.0238770967742 0.0956311951968	155
100.5 80.5 -0.0655362068966 0.132431674362	29
108 80.5 -0.0669 0.198943416579	6
111 80.5 0.0792833333333 0.0658793847371	3
123 80.5 0.15905 NaN	1
127.5 80.5 -0.29355 0.00961665222414	2
135 80.5 -0.0413795454545 0.12532361937	44
136.5 80.5 -0.0395111764706 0.103450806223	85
138 80.5 -0.0602204545455 0.105239407199	44
139.5 80.5 -0.0807423076923 0.167438398929	13
147 80.5 -0.0130560606061 0.116203810553	33
148.5 80.5 -0.0105923076923 0.0658984987573	26
169.5 80.5 0.16675 NaN	1
-180 80 -0.140833333333 0.13541632662	12
-178.5 80 -0.0942 0.0911460640949	2
-177 80 0.000283333333333 0.201323628353	3
-174 80 -0.08863 0.129710165369	5
-172.5 80 0.05325 NaN	1
-169.5 80 0.1607875 0.15863516938	8
-168 80 0.0249633333333 0.204189645276	15
-166.5 80 -0.0490088235294 0.145623701963	17
-165 80 0.0950833333333 0.0936707060744	18
-163.5 80 0.0972357142857 0.218377016713	7
-162 80 0.13541 0.110704463425	10
-160.5 80 -0.124775 0.202176496738	4
-159 80 0.03527 0.146288352236	5
-157.5 80 -0.0253738095238 0.0920076567725	21
-156 80 -0.0125909090909 0.0750238607569	44
-154.5 80 -0.00373571428571 0.146933411696	14
-153 80 -0.05825 0.0834015320936	10
-151.5 80 0.02255 0.162846277206	5
-150 80 0.2724 0.0256679761571	2
-148.5 80 0.20263 0.203907410361	5
-147 80 0.105468181818 0.154166324586	11
-145.5 80 0.05615 0.342098260738	2
-144 80 0.26095 NaN	1
-142.5 80 0.0119642857143 0.17024286993	7
-141 80 -0.080425 0.143738059618	24
-139.5 80 0.213664285714 0.0719080762402	7
-138 80 -0.0983 0.176922142609	12
-136.5 80 -0.02195 0.120754365	13
-135 80 0.0709714285714 0.220482304117	14
-133.5 80 0.12046875 0.231438237171	16
-132 80 0.242016666667 0.0396442093291	3
-129 80 0.20855 NaN	1
-127.5 80 0.28165 0.0859841845923	2
-123 80 0.14745 0.0188090403796	2
-121.5 80 0.31225 0.0276316847116	3
-111 80 0.37665 0.0528915872328	2
-109.5 80 0.31235 NaN	1
-106.5 80 0.40505 NaN	1
-105 80 0.38175 NaN	1
-103.5 80 0.35245 NaN	1
-102 80 0.0584625 0.112272263939	8
-100.5 80 0.248866666667 0.211251332935	6
-99 80 -0.128535245902 0.0918099864504	61
-97.5 80 -0.173925757576 0.0565734756219	33
-96 80 -0.13955 0.0410459295586	13
-87 80 0.678725 0.130046078372	4
-82.5 80 -0.197833333333 0.0444806212487	6
-70.5 80 -0.0898966666667 0.139138214257	15
-69 80 -0.0543401960784 0.176898160821	51
-67.5 80 -0.0618982758621 0.127533577149	29
-16.5 80 0.06355 0.110591500578	2
-13.5 80 0.109776666667 0.21801681936	15
-12 80 -0.0424046153846 0.125145527402	260
-10.5 80 0.058078 0.128389765278	150
-9 80 0.0498625 0.134471483018	104
-7.5 80 0.0649019083969 0.152685881848	131
-6 80 0.10157295082 0.163919877169	61
-4.5 80 0.0384689189189 0.1309801381	37
-3 80 0.0649803030303 0.160425246386	33
-1.5 80 0.248878571429 0.0797235162773	7
0 80 -0.0101265957447 0.0908951694626	47
1.5 80 0.08442 0.0984069673459	10
3 80 0.0308805343511 0.0739280574333	131
9 80 0.0237833333333 0.0245807512768	3
10.5 80 0.173883858268 0.0802511911799	127
49.5 80 0.301726666667 0.0665415954087	30
51 80 0.141257352941 0.118419801335	68
52.5 80 0.238967142857 0.124247441649	35
54 80 -0.0280323529412 0.153056613552	34
55.5 80 0.0808434210526 0.105372669873	76
57 80 -0.11775 NaN	1
58.5 80 -0.27355 NaN	1
60 80 -0.122875 0.0729000832843	8
76.5 80 0.04385625 0.0880619072592	112
78 80 0.0480668067227 0.0620893882881	476
79.5 80 0.0063626984127 0.0774844427508	63
81 80 -0.09565 0.110615023091	7
82.5 80 0.0321333333333 0.101495351942	84
84 80 -0.02405 0.109248921992	24
85.5 80 0.0747166666667 0.151306362186	15
87 80 0.00909166666667 0.15012253887	84
88.5 80 -0.03860859375 0.123419696566	128
90 80 -0.0616576086957 0.0883602612042	276
91.5 80 -0.155944594595 0.0639246156998	185
93 80 -0.172283333333 0.0512384574691	15
94.5 80 -0.28595 NaN	1
96 80 -0.30785 NaN	1
97.5 80 0.0548884615385 0.167240502455	26
99 80 0.0280082089552 0.097325527109	67
100.5 80 -0.01625 0.0697043757593	4
121.5 80 -0.02395 0.106504215879	6
123 80 0.0327202702703 0.119450186886	37
124.5 80 0.00922350157729 0.0750923763894	317
126 80 0.0639681818182 0.0652074341711	154
127.5 80 -0.006775 0.0479162724621	4
133.5 80 -0.0309586419753 0.0483794150376	81
135 80 -0.0339616788321 0.0539657040679	137
136.5 80 -0.0277347826087 0.0750461112772	138
138 80 -0.0339191860465 0.100250330728	172
139.5 80 -0.0124544280443 0.064868793921	271
141 80 -0.000124226804124 0.0581835677661	97
147 80 -0.28355 NaN	1
148.5 80 0.0256615384615 0.0797430128572	52
151.5 80 0.11295 NaN	1
153 80 0.25245 NaN	1
160.5 80 0.06055 0.0561442784262	2
174 80 -0.04265 0.153380931018	3
175.5 80 -0.0483 0.143520238991	6
177 80 0.00650714285714 0.247770020094	7
178.5 80 -0.06445 0.0159806132548	2
-180 79.5 -0.06045 NaN	1
-178.5 79.5 0.17525 NaN	1
-174 79.5 -0.00947 0.154573775266	5
-172.5 79.5 -0.0509928571429 0.0958201067477	7
-171 79.5 -0.0569227272727 0.159459059328	22
-169.5 79.5 -0.1397875 0.168082613778	24
-168 79.5 0.0284735294118 0.125645557408	34
-166.5 79.5 0.02919 0.146341696512	30
-165 79.5 0.0875416666667 0.13993115488	12
-163.5 79.5 0.05653 0.203829357552	5
-162 79.5 0.11945 0.0685712767855	7
-160.5 79.5 -0.04285 0.138603066344	3
-159 79.5 0.143757692308 0.0947809972299	13
-157.5 79.5 -0.027075 0.137452929606	8
-156 79.5 -0.162991666667 0.153228394344	12
-154.5 79.5 0.181292857143 0.220542065958	7
-153 79.5 -0.135725 0.127529635211	8
-151.5 79.5 0.093115 0.145694251864	20
-150 79.5 0.02155 0.166669827053	17
-148.5 79.5 -0.1077 0.142606711924	8
-147 79.5 0.15295 0.15442671401	3
-145.5 79.5 -0.01425 0.143180829722	3
-144 79.5 -0.10495 0.171544105116	2
-142.5 79.5 0.141207142857 0.104673426382	7
-141 79.5 0.1745 0.224506403027	2
-139.5 79.5 0.04048 0.130754936597	10
-138 79.5 -0.0591071428571 0.120106728331	7
-136.5 79.5 -0.1680375 0.1014607938	8
-135 79.5 -0.0510951612903 0.201737646195	31
-133.5 79.5 0.0904884615385 0.195909462671	13
-132 79.5 -0.0778 0.193419520731	6
-129 79.5 0.3062 0.0103944696834	2
-127.5 79.5 0.05745 0.27480722334	3
-126 79.5 0.25311 0.0549785685518	5
-124.5 79.5 0.23515 0.0946108873228	2
-118.5 79.5 0.2569 0.0352846283812	2
-114 79.5 0.16445 NaN	1
-112.5 79.5 0.559616666667 0.141876331124	3
-109.5 79.5 0.0406166666667 0.133158001387	3
-108 79.5 -0.08795 0.222297717037	5
-106.5 79.5 0.173638888889 0.122441408891	9
-105 79.5 0.8388 0.395362642393	6
-102 79.5 0.186225 0.129647351818	4
-99 79.5 -0.26575 0.0256986380962	4
-97.5 79.5 -0.124309615385 0.0928454691019	156
-96 79.5 -0.180815934066 0.0756435973934	91
-94.5 79.5 0.37775 NaN	1
-85.5 79.5 -0.170675 0.074795916778	4
-73.5 79.5 -0.21659 0.0650160595545	5
-72 79.5 -0.0185325 0.130970497534	40
-70.5 79.5 0.0718263157895 0.167039835731	38
-69 79.5 0.023525 0.177677080683	8
-67.5 79.5 -0.0592878378378 0.102168027047	37
-13.5 79.5 0.17595 NaN	1
-12 79.5 -0.0357821100917 0.132995833839	327
-10.5 79.5 0.0291272925764 0.134901329144	229
-9 79.5 0.0278430232558 0.127015570026	129
-7.5 79.5 -0.0411837078652 0.113965915901	89
-6 79.5 0.118665 0.128445836527	20
-4.5 79.5 0.0846952380952 0.140078389556	42
-3 79.5 -0.0537 0.133006785541	2
-1.5 79.5 0.100254761905 0.0961620947993	21
0 79.5 0.0560676470588 0.114947079246	68
1.5 79.5 0.0952 0.0951950658152	10
15 79.5 0.119605555556 0.457425552066	36
76.5 79.5 0.0262919354839 0.0795951119697	31
78 79.5 0.0503382629108 0.0784285590268	213
79.5 79.5 0.0411453947368 0.100984864999	152
81 79.5 0.0450972527473 0.110560919699	91
82.5 79.5 0.0624166666667 0.120307003121	9
84 79.5 -0.052675 0.135149094278	96
85.5 79.5 0.0522669230769 0.0966697981036	65
87 79.5 0.0347011363636 0.0790479338445	704
88.5 79.5 0.0283282716049 0.105415688576	405
90 79.5 -0.0599786486486 0.109794335854	185
91.5 79.5 -0.0970446666667 0.0908021369753	75
93 79.5 -0.00485 0.138707948583	5
100.5 79.5 -0.124023913043 0.0586241149761	184
102 79.5 -0.160945419847 0.0999897683368	262
103.5 79.5 -0.107322272727 0.0924629976802	220
105 79.5 -0.024543220339 0.113325565281	59
106.5 79.5 0.0969071428571 0.158150885667	14
111 79.5 0.14375 0.0388363232039	6
112.5 79.5 0.069 0.286896177504	4
121.5 79.5 -0.0183359649123 0.0514360103829	114
123 79.5 -0.0148024528302 0.0542176848631	265
124.5 79.5 -0.0539055555556 0.0826818229431	90
126 79.5 0.0760246666667 0.107166270275	75
127.5 79.5 -0.0112441176471 0.13052746105	17
130.5 79.5 0.23625 NaN	1
132 79.5 -0.03635 0.165523909498	14
133.5 79.5 0.12921 0.0276145432698	5
135 79.5 -0.0378302325581 0.0493108359879	86
136.5 79.5 -0.030685 0.0589116626397	200
138 79.5 -0.055628125 0.075141393704	192
139.5 79.5 -0.0663625 0.0762990446057	72
142.5 79.5 0.09235 0.189898209576	3
144 79.5 0.011540625 0.0833167425353	32
145.5 79.5 0.0257908450704 0.0616440803816	142
147 79.5 -0.0588375 0.0982088508886	8
151.5 79.5 -0.0836697368421 0.130128605126	76
163.5 79.5 0.29945 NaN	1
171 79.5 -0.04595 NaN	1
172.5 79.5 -0.134075 0.168239439986	4
174 79.5 -0.01218 0.236334170426	10
175.5 79.5 -0.05095 0.213823268145	3
177 79.5 0.0444833333333 0.164774391214	9
-175.5 79 -0.05595 0.179746543778	2
-174 79 0.171716666667 0.0945824684248	3
-172.5 79 0.1213 0.0767210857587	2
-171 79 0.0122111111111 0.143548250297	18
-169.5 79 -0.0849233333333 0.13393738658	15
-168 79 0.0177863636364 0.132283672032	33
-166.5 79 0.0441388888889 0.18868662885	63
-165 79 0.02468125 0.185655364295	16
-163.5 79 0.123525 0.0683677494632	4
-162 79 -0.08671 0.227230693349	5
-160.5 79 -0.01315 0.175994943109	4
-159 79 0.0587710526316 0.0803557669028	38
-157.5 79 -0.08394 0.139054916809	10
-156 79 -0.00311764705882 0.200394229217	34
-154.5 79 0.0280318181818 0.18558960541	11
-153 79 0.0232466666667 0.196469712474	30
-151.5 79 0.0417653846154 0.109067859963	13
-150 79 -0.11055 0.169227775498	4
-148.5 79 0.0817833333333 0.126979504908	6
-147 79 -0.0619318181818 0.146621443303	11
-145.5 79 0.02801 0.184809842811	5
-144 79 0.119127777778 0.16465684603	9
-142.5 79 -0.0393928571429 0.231072253182	7
-141 79 -0.0493863636364 0.213740479426	11
-139.5 79 -0.0909944444444 0.242314976379	9
-138 79 -0.030875 0.20078667577	4
-136.5 79 0.00918076923077 0.1614184073	26
-135 79 -0.00715 0.204152118529	9
-133.5 79 -0.0661576923077 0.224406273908	13
-132 79 -0.04625 0.18389961456	18
-130.5 79 0.03495 NaN	1
-129 79 0.20155 0.129471270945	3
-127.5 79 0.24425 NaN	1
-126 79 0.21895 NaN	1
-123 79 -0.1276 0.201596143316	2
-118.5 79 0.0603722222222 0.113381664939	9
-115.5 79 -0.00673571428571 0.238932015635	7
-114 79 -0.0701318181818 0.102532266318	11
-112.5 79 -0.0781439655172 0.12584316415	116
-111 79 -0.0739788209607 0.0730340592794	229
-109.5 79 -0.0441977777778 0.10533317523	90
-108 79 -0.147816666667 0.112715993326	12
-106.5 79 -0.184078571429 0.0849629667225	7
-105 79 0.14955 0.0914996174855	2
-102 79 0.54245 0.461445626988	4
-100.5 79 0.13775 NaN	1
-99 79 0.06786 0.150703243716	10
-97.5 79 -0.1842 0.0608453143038	34
-96 79 -0.109234210526 0.144990330188	19
-94.5 79 -0.147997058824 0.12873221779	17
-87 79 1.51897 0.662698209595	5
-85.5 79 -0.01595 NaN	1
-75 79 0.36765 NaN	1
-16.5 79 0.110575 0.0745952355494	4
-15 79 0.0173833333333 0.11007588567	12
-13.5 79 0.0571192307692 0.0601614686298	13
-12 79 0.0579722222222 0.14962394046	144
-10.5 79 0.0944988549618 0.11897209233	262
-9 79 0.0407098290598 0.138011007871	234
-7.5 79 0.0962532786885 0.162530178703	61
-6 79 0.0403136363636 0.205500522008	11
-4.5 79 0.132681481481 0.105376890698	108
-3 79 0.0122427835052 0.056964455744	97
-1.5 79 0.0725413580247 0.0559069678071	81
0 79 0.0811177419355 0.0748361649966	31
21 79 0.0174847826087 0.165037197447	46
78 79 -0.0266347826087 0.117079372825	46
79.5 79 0.0020578817734 0.0891957899649	203
81 79 0.0170468085106 0.0843118738691	188
82.5 79 -0.0464932098765 0.0868402546024	243
84 79 -0.00830921985816 0.0764138105823	564
85.5 79 0.0179778145695 0.0942258613891	151
87 79 0.0348529100529 0.0983930485727	378
88.5 79 0.0229043119266 0.0649332772981	545
90 79 0.125026816609 0.0968495435132	289
91.5 79 0.0349233990148 0.0929628217062	203
93 79 0.0175813043478 0.102136151276	115
94.5 79 -0.048787962963 0.0900207273303	108
96 79 -0.0231433333333 0.117190775275	15
100.5 79 -0.0659482857143 0.0556451384563	175
103.5 79 0.10161 0.356100694512	20
105 79 -0.00786029411765 0.0572836413306	68
106.5 79 -0.13795 0.0930319658325	4
121.5 79 -0.0232788461538 0.0621554734281	52
123 79 -0.0580906779661 0.15568923857	59
124.5 79 -0.105714285714 0.142345217461	14
126 79 0.01675 0.102083005442	6
127.5 79 -0.0286388888889 0.147924849539	9
129 79 -0.0988166666667 0.124196068107	3
130.5 79 0.0343833333333 0.0330599959669	3
132 79 -0.038006097561 0.118731925043	41
133.5 79 -0.0380557971014 0.0685875343568	207
135 79 -0.0119953846154 0.122319507348	130
136.5 79 0.00854896907216 0.0406671025289	97
138 79 -0.0201385135135 0.0440637950071	148
139.5 79 0.0128003496503 0.0535719837887	143
141 79 -0.00051582278481 0.0739909910104	237
142.5 79 -0.0174071428571 0.20317367983	14
144 79 -0.0367602040816 0.103110035799	98
145.5 79 -0.0773282608696 0.120964808313	46
147 79 -0.146325 0.110790714864	4
150 79 -0.11395 0.119218203308	2
151.5 79 0.02536875 0.104895600281	16
169.5 79 -0.13525 0.0452964126615	5
171 79 0.0356166666667 0.250689635472	3
172.5 79 -0.0713166666667 0.108627452024	3
174 79 -0.0905642857143 0.162576222417	7
175.5 79 -0.15121 0.163888477325	5
177 79 0.096325 0.217234088408	4
178.5 79 -0.1435 0.000212132034333	2
-180 78.5 -0.0730318181818 0.172534134699	11
-178.5 78.5 -0.0418 0.0190211724139	2
-175.5 78.5 -0.0318125 0.157794490292	16
-174 78.5 0.11805 NaN	1
-172.5 78.5 0.124238888889 0.0929205365412	9
-171 78.5 -0.0778409090909 0.124978345761	11
-169.5 78.5 -0.00534 0.15473704182	10
-168 78.5 -0.0194934782609 0.162828531747	23
-166.5 78.5 -0.0846 0.13283316353	16
-165 78.5 -0.062134375 0.151393081849	32
-163.5 78.5 -0.0254404761905 0.0652678921027	84
-162 78.5 0.1517 0.116177644149	2
-160.5 78.5 0.00214090909091 0.166742930612	11
-159 78.5 -0.0426722222222 0.146722365831	36
-157.5 78.5 -0.0766860655738 0.121741606189	61
-156 78.5 -0.088244 0.14248931705	50
-154.5 78.5 -0.0122216666667 0.147299838438	60
-153 78.5 0.0542423076923 0.171422051312	39
-151.5 78.5 -0.0195088235294 0.200229765079	17
-150 78.5 -0.0201192307692 0.17773061256	13
-148.5 78.5 0.0186088235294 0.112652130799	17
-147 78.5 -0.0721394736842 0.148786744835	19
-145.5 78.5 -0.1038 0.228183358289	2
-144 78.5 -0.0541277777778 0.0680688540295	18
-142.5 78.5 0.24655 0.0281428498912	2
-141 78.5 0.00184 0.170295497755	10
-139.5 78.5 -0.00323 0.172508154397	25
-138 78.5 0.0616346153846 0.114238295142	13
-136.5 78.5 0.0103837662338 0.144663804998	77
-135 78.5 -0.0192227272727 0.172792733992	33
-133.5 78.5 0.0769615384615 0.22091205006	26
-132 78.5 -0.155222727273 0.11713409565	22
-130.5 78.5 -0.0649227272727 0.152868283767	11
-129 78.5 -0.00589285714286 0.202610437845	7
-127.5 78.5 0.0408 0.13456242046	2
-126 78.5 -0.1266 0.0632860569162	2
-123 78.5 0.35745 NaN	1
-121.5 78.5 0.2737 0.00615182899632	2
-118.5 78.5 0.03435 0.147517083756	5
-117 78.5 -0.0714122641509 0.0823167573986	53
-115.5 78.5 -0.0591766666667 0.11973349649	45
-114 78.5 -0.100939215686 0.0808051205451	102
-112.5 78.5 -0.086975 0.140673469425	8
-109.5 78.5 0.372466666667 0.965676203324	6
-108 78.5 -0.16405 NaN	1
-106.5 78.5 0.06905 NaN	1
-105 78.5 0.02286 0.192941669078	10
-103.5 78.5 0.00830833333333 0.0987231082445	24
-100.5 78.5 1.18525 NaN	1
-99 78.5 0.0467723880597 0.0982276681705	67
-97.5 78.5 -0.10565 0.12063241687	2
-94.5 78.5 -0.133053875969 0.0731939294818	129
-93 78.5 -0.147777586207 0.103044397146	29
-88.5 78.5 0.31895 0.107621652097	2
-87 78.5 0.411225 0.350347303773	24
-73.5 78.5 0.184483333333 0.0236527658707	3
-21 78.5 0.00255 NaN	1
-19.5 78.5 0.20135 0.227072059047	3
-18 78.5 0.31525 NaN	1
-16.5 78.5 0.0507666666667 0.0817164591558	12
-15 78.5 0.0321 0.102328831254	18
-13.5 78.5 0.16927 0.0408214036995	5
-12 78.5 -0.0362391566265 0.079489803443	166
-10.5 78.5 0.142586363636 0.0974414527291	22
-9 78.5 0.162332432432 0.200483103166	148
-7.5 78.5 0.1594 0.128767674515	36
-6 78.5 0.07875 0.0573588266965	5
-4.5 78.5 -0.0318851851852 0.104892321287	162
-3 78.5 0.00753320610687 0.0711708141918	131
27 78.5 -0.0703651515152 0.0560789160916	165
28.5 78.5 -0.0695079617834 0.059187860553	157
81 78.5 0.0242532258065 0.133565029065	31
82.5 78.5 0.0610166666667 0.0917782366111	42
85.5 78.5 0.107028787879 0.133177050288	33
87 78.5 -0.0259 0.0368659282626	4
90 78.5 0.0100866336634 0.0912057714432	101
91.5 78.5 0.0116346325167 0.100778552361	449
93 78.5 0.0393977564103 0.122403370622	312
94.5 78.5 0.0312882352941 0.102461371922	34
96 78.5 -0.00786875 0.0867411523632	48
97.5 78.5 -0.07039 0.108325172513	5
99 78.5 -0.0380635416667 0.106170703284	96
100.5 78.5 -0.115386842105 0.0523474313338	19
105 78.5 -0.0548545454545 0.191037469467	22
106.5 78.5 -0.024359375 0.0991058162395	32
108 78.5 -0.0726722222222 0.0803819596952	9
121.5 78.5 -0.26595 NaN	1
123 78.5 -0.0215121794872 0.0767301474528	156
124.5 78.5 -0.0357472477064 0.081827531429	109
126 78.5 -0.0269744444444 0.0683818129581	45
127.5 78.5 -0.00537945736434 0.0408010240642	258
129 78.5 -0.0217575342466 0.0500700489805	146
130.5 78.5 -0.0228204280156 0.0637740847657	257
132 78.5 0.126653597122 0.0408536295198	139
139.5 78.5 -0.0112512345679 0.0979935616429	81
141 78.5 -0.0865882352941 0.124184947643	34
142.5 78.5 0.0131393617021 0.104961984752	141
144 78.5 -0.0174128865979 0.11983924764	97
145.5 78.5 -0.0137135416667 0.151452127659	96
147 78.5 -0.17115 0.0817415439052	2
148.5 78.5 0.0277342105263 0.11151046918	19
150 78.5 -0.0347214285714 0.0844044616289	21
151.5 78.5 -0.0362956 0.0669046342288	125
153 78.5 0.0239 0.114339166518	2
168 78.5 0.20005 NaN	1
169.5 78.5 0.0406954545455 0.136210105085	11
171 78.5 0.039025 0.191951174968	8
172.5 78.5 -0.06115 0.204294020144	4
174 78.5 -0.0203928571429 0.158161719527	7
175.5 78.5 -0.14855 0.133518762726	5
177 78.5 -0.102978571429 0.103799224697	7
178.5 78.5 0.0318166666667 0.0691358324846	3
-180 78 0.0172642857143 0.0574869384751	7
-178.5 78 0.0311875 0.140189456926	16
-177 78 -0.0235764705882 0.154422278792	34
-175.5 78 -0.08721 0.148124923629	5
-174 78 -0.05415 0.14653593416	8
-172.5 78 -0.0196357142857 0.0723953826468	7
-171 78 -0.0314908163265 0.0918506916105	49
-169.5 78 -0.0392133802817 0.111347465478	71
-168 78 -0.0174968468468 0.142424249608	111
-166.5 78 -0.0683810344828 0.147745408687	29
-165 78 -0.117821428571 0.122761268516	7
-163.5 78 -0.045555 0.0862707275726	40
-162 78 -0.0541806818182 0.117268740735	88
-160.5 78 0.00205 0.136358394483	64
-159 78 -0.0581712121212 0.168691081858	33
-157.5 78 0.109155882353 0.0969287913276	17
-156 78 -0.0880409090909 0.167498612029	44
-154.5 78 -0.0683381355932 0.112578519855	59
-153 78 -0.0871954545455 0.128735090592	22
-151.5 78 0.00529210526316 0.158509597732	19
-150 78 -0.06739 0.214834179983	10
-148.5 78 0.19645 NaN	1
-147 78 -0.2343 0.0344361002438	2
-145.5 78 -0.0932833333333 0.188122336083	3
-144 78 -0.06975 0.138776828037	6
-142.5 78 -0.1583375 0.127384451142	8
-141 78 -0.02505 0.202942849098	5
-139.5 78 -0.15575 0.134718873956	5
-138 78 -0.0814227272727 0.160897272139	11
-136.5 78 -0.0622924242424 0.141451354338	33
-135 78 -0.0354683908046 0.130908231241	87
-133.5 78 -0.0364155737705 0.12528916405	61
-132 78 -0.117803333333 0.171266700402	15
-130.5 78 -0.0371722222222 0.0984738261897	9
-129 78 -0.0699071428571 0.160000331845	7
-127.5 78 -0.0929423076923 0.16059045977	13
-126 78 -0.10245 0.229691379899	3
-123 78 -0.06315 0.109035865659	2
-121.5 78 -0.176916666667 0.151364802161	3
-120 78 -0.0232833333333 0.135386069737	12
-118.5 78 0.0252695530726 0.121761727663	179
-117 78 -0.0458613839286 0.099670774742	448
-115.5 78 -0.0832668789809 0.0902683783477	314
-114 78 0.02365 NaN	1
-111 78 0.14255 NaN	1
-109.5 78 -0.114125 0.156940896518	8
-106.5 78 -0.038675 0.0579973336826	8
-103.5 78 0.03675 0.169690207928	7
-102 78 -0.0451565217391 0.153634768059	46
-100.5 78 -0.09001 0.170118927029	10
-99 78 0.118473287671 0.161956270264	73
-97.5 78 -0.0709011111111 0.101999091475	90
-96 78 -0.1218 0.075970540343	6
-94.5 78 -0.17293 0.107307511387	5
-93 78 0.0179879310345 0.080697625498	174
-91.5 78 -0.0671731981982 0.108152452501	444
-90 78 -0.124474444444 0.0926668103909	225
-88.5 78 0.1027 0.0963786542757	2
-85.5 78 0.39391 0.133949768248	30
-75 78 -0.0254220720721 0.127626742831	111
-73.5 78 0.0107625 0.126823782079	184
-70.5 78 0.588307894737 0.528106234384	19
-18 78 0.92175 NaN	1
-13.5 78 -0.0287549180328 0.100555161356	61
-12 78 0.0106961538462 0.105053785552	195
-10.5 78 0.0608525 0.0868882447696	200
-9 78 0.20725 0.1234261446	83
-7.5 78 0.090065862069 0.104168931759	145
-6 78 0.07125 0.0732564786669	13
93 78 -0.03925 0.0468094919789	90
94.5 78 0.0517323529412 0.0764858058067	68
96 78 0.0243896226415 0.0752907389224	106
97.5 78 0.04305 0.10047895302	4
102 78 -0.0628710526316 0.107244608402	38
105 78 -0.134049606299 0.0883782633382	254
106.5 78 0.013222815534 0.0911127777722	103
108 78 -0.09245 0.0527901735576	100
109.5 78 0.0200160377358 0.0819194539809	159
111 78 0.0288467213115 0.0574565313004	61
112.5 78 -0.0806852941176 0.0479390689252	51
114 78 0.03975 NaN	1
118.5 78 0.00183524590164 0.0376866237811	61
120 78 0.0187993975904 0.0385175034787	249
124.5 78 0.0174439393939 0.0844975463982	66
126 78 0.032899132948 0.0789265213321	173
127.5 78 -0.0480420634921 0.152186532724	63
129 78 -0.083534 0.0612420789436	25
141 78 -0.0452961538462 0.0982635445352	26
142.5 78 -0.00592575757576 0.132102508054	66
144 78 -0.085064 0.12213459957	50
145.5 78 -0.0302872093023 0.100885810091	43
147 78 -0.027562465374 0.072171643668	361
148.5 78 -0.0194792857143 0.0731582719817	280
150 78 -0.02446875 0.0549769460795	112
151.5 78 -0.0637136363636 0.0857911099442	11
153 78 0.16675 NaN	1
154.5 78 0.15981 0.0502365205802	5
163.5 78 -0.00785 0.216169470555	7
165 78 -0.0194833333333 0.0627928605284	3
166.5 78 -0.0755357142857 0.114176039935	7
168 78 -0.063925 0.116580187971	12
169.5 78 -0.0227 0.0450427019616	2
171 78 0.0390590909091 0.201985848289	11
172.5 78 -0.0644625 0.1278110469	32
174 78 -0.0371961538462 0.15691672422	39
175.5 78 -0.14875 0.0826817271227	6
177 78 -0.20145 NaN	1
-180 77.5 -0.00529166666667 0.186500691027	24
-178.5 77.5 -0.05738 0.124803419202	10
-177 77.5 -0.0733288461538 0.121173714772	52
-175.5 77.5 -0.0373222222222 0.134362191835	18
-174 77.5 -0.0437202702703 0.151408088851	37
-172.5 77.5 0.00819455445545 0.0676350759226	101
-171 77.5 -0.0064625 0.0989704781019	8
-169.5 77.5 -0.0831803030303 0.132962166811	33
-168 77.5 0.012623015873 0.109486510886	126
-166.5 77.5 -0.016256122449 0.123981380336	49
-165 77.5 -0.0571 0.139632257052	44
-163.5 77.5 0.04950625 0.0922208765182	96
-162 77.5 -0.0209816455696 0.110115501767	79
-160.5 77.5 -0.0275061403509 0.10497702983	57
-159 77.5 -0.18171 0.113177375046	10
-157.5 77.5 -0.111521428571 0.108375791314	21
-156 77.5 -0.058626119403 0.115088198181	67
-154.5 77.5 -0.0723472222222 0.181630789533	36
-153 77.5 -0.02475 0.125166095364	15
-151.5 77.5 -0.114933333333 0.136329377402	36
-150 77.5 -0.11018125 0.110567986438	16
-148.5 77.5 -0.0721617647059 0.162964328468	17
-147 77.5 -0.206016666667 0.106824263786	3
-145.5 77.5 0.04975 0.233485852534	7
-144 77.5 0.11715 0.157543390848	2
-142.5 77.5 -0.0684928571429 0.177217344672	14
-141 77.5 -0.00871875 0.127912515514	16
-139.5 77.5 -0.1619125 0.0625863275233	8
-138 77.5 -0.0875203703704 0.17897621418	27
-136.5 77.5 -0.067935 0.121548635484	60
-135 77.5 -0.068489408867 0.102375036231	203
-133.5 77.5 -0.0462795180723 0.117761990199	166
-132 77.5 -0.0276069230769 0.147648956533	65
-130.5 77.5 -0.0709258064516 0.16108077974	62
-129 77.5 -0.0793409090909 0.168048471903	11
-127.5 77.5 -0.0194428571429 0.250568220295	14
-126 77.5 -0.006775 0.195510202511	8
-123 77.5 -0.0608722222222 0.186626523957	9
-121.5 77.5 -0.0891057142857 0.141225681052	140
-120 77.5 -0.0225512269939 0.119116557262	326
-118.5 77.5 0.0515661290323 0.0725024181541	279
-117 77.5 -0.0575303030303 0.0705002737217	198
-115.5 77.5 -0.0693934782609 0.108595526104	46
-114 77.5 -0.179025 0.163814821775	4
-112.5 77.5 -0.084925 0.159888051982	4
-105 77.5 -0.0846633333333 0.140315653677	15
-103.5 77.5 -0.0499227272727 0.132590347242	11
-102 77.5 -0.0319965116279 0.168954581596	43
-100.5 77.5 -0.0828209401709 0.0973954966563	117
-99 77.5 -0.0053765060241 0.0976701518231	83
-97.5 77.5 -0.0279735135135 0.0924005983954	370
-96 77.5 -0.134899159664 0.150600817471	238
-94.5 77.5 0.0321 0.166806489682	2
-93 77.5 -0.24325 0.0546322859367	4
-91.5 77.5 -0.0486208333333 0.0805533899843	120
-90 77.5 -0.136461111111 0.12243343543	9
-88.5 77.5 0.05764375 0.160269259197	32
-84 77.5 -0.224938571429 0.0667866082536	35
-82.5 77.5 0.03005 0.190295151319	14
-78 77.5 1.99625 NaN	1
-19.5 77.5 -0.0212404761905 0.248380776037	21
-18 77.5 0.26266875 0.144762952928	32
-15 77.5 -0.0247857142857 0.10471034485	14
-13.5 77.5 -0.00795588235294 0.089949103126	102
-12 77.5 0.072208 0.093191976483	100
-7.5 77.5 0.08265 NaN	1
22.5 77.5 0.00941486486486 0.175026342779	74
91.5 77.5 0.103483944954 0.0575558315419	109
93 77.5 0.0672732142857 0.0491288694653	56
105 77.5 0.10299556962 0.431856949487	79
108 77.5 0.0385297169811 0.182705595714	212
109.5 77.5 0.158302808989 0.0711704186786	178
111 77.5 -0.0840428571429 0.0486866405919	42
112.5 77.5 -0.08685 0.0395361859567	9
120 77.5 0.00214090909091 0.0383564561355	33
121.5 77.5 -0.018994137931 0.0580188054713	145
123 77.5 -0.08565 0.0896306643956	11
126 77.5 -0.0576815789474 0.0788007753101	76
141 77.5 -0.0939863636364 0.093761946148	11
142.5 77.5 0.0880973684211 0.0899462454804	19
144 77.5 -0.0723401408451 0.127875228423	71
145.5 77.5 -0.0533905714286 0.112836874474	175
147 77.5 -0.00816853658537 0.0995239854222	205
148.5 77.5 0.000958076923077 0.0588085779149	520
150 77.5 0.02337 0.230961462153	5
154.5 77.5 0.13988030303 0.044493612497	33
156 77.5 0.02515 NaN	1
160.5 77.5 -0.0204114173228 0.0424288705379	127
162 77.5 -0.0160334821429 0.0437884185645	224
163.5 77.5 -0.0269096491228 0.0602697938371	285
165 77.5 0.0043594972067 0.0669090248466	179
166.5 77.5 9.44444444444e-05 0.157749668075	9
168 77.5 -0.0234875 0.105210256168	88
169.5 77.5 -0.0047 0.170010466511	48
171 77.5 -0.00373194444444 0.126484795419	72
172.5 77.5 0.0118214285714 0.150150543503	7
174 77.5 -0.04100625 0.13896924345	16
175.5 77.5 -0.033512962963 0.108715493723	27
177 77.5 -0.04485 0.0791655859575	5
178.5 77.5 -0.07832 0.111405266682	10
-180 77 0.0192625 0.171050067656	32
-178.5 77 0.0234863636364 0.176060298039	11
-175.5 77 -0.0752838983051 0.143601308238	59
-174 77 0.0118527777778 0.0834496777979	72
-172.5 77 -0.0448294871795 0.0840244776923	117
-171 77 -0.038471192053 0.0933441179074	151
-169.5 77 -0.0326537735849 0.114332381808	159
-168 77 -0.0630842105263 0.13357821634	76
-166.5 77 -0.00790842696629 0.08274463515	178
-165 77 -0.0226017647059 0.115976246143	85
-163.5 77 -0.0234413705584 0.098592536439	197
-162 77 -0.00252781569966 0.0995229650273	293
-160.5 77 -0.0594775 0.112443878037	120
-159 77 -0.147920588235 0.141495736529	17
-157.5 77 -0.176716666667 0.0785883621579	6
-156 77 -0.047102173913 0.157833928458	23
-154.5 77 -0.0332573394495 0.148097961015	109
-153 77 -0.135586585366 0.133982554379	41
-151.5 77 -0.04431 0.128239999809	50
-150 77 -0.0596659090909 0.140363524658	88
-148.5 77 -0.0375183098592 0.0963738019268	142
-147 77 -0.00750319148936 0.127921657158	47
-145.5 77 -0.0196625 0.129571527318	48
-144 77 0.05945 NaN	1
-142.5 77 -0.0340642857143 0.125331526076	7
-141 77 -0.05109 0.0921185014847	20
-139.5 77 -0.107525 0.129004736132	28
-138 77 -0.0535233333333 0.212447161386	15
-136.5 77 -0.101720833333 0.114007369029	96
-135 77 -0.0258637566138 0.105753618826	189
-133.5 77 -0.0421719230769 0.102122201479	260
-132 77 -0.0286545454545 0.111941659331	132
-130.5 77 -0.0365428571429 0.136550313837	70
-129 77 -0.0513180412371 0.138712822757	97
-127.5 77 -0.111795454545 0.126544335026	11
-126 77 0.028325 0.150503552402	8
-124.5 77 -0.00875 NaN	1
-123 77 0.0392125 0.227681895494	8
-121.5 77 -0.115559375 0.125907434917	32
-120 77 -0.0975338709677 0.0700609358429	31
-115.5 77 0.07899 0.235910614428	5
-114 77 0.000625 0.151414093984	8
-103.5 77 0.0502306451613 0.120929399291	31
-102 77 -0.00889285714286 0.0925626025547	63
-100.5 77 -0.09441 0.0806212937133	5
-99 77 -0.00261012793177 0.0784019691721	469
-97.5 77 0.00441625 0.0994363941166	320
-96 77 -0.125769607843 0.0778452902098	51
-94.5 77 -0.228305339806 0.106994083333	103
-93 77 -0.0324642857143 0.151722097144	7
-91.5 77 -0.206716666667 0.115841457749	3
-90 77 0.0541277777778 0.221322009625	9
-88.5 77 0.0417166666667 0.165238993582	9
-78 77 -0.132864285714 0.200052488351	7
-76.5 77 -0.042408984375 0.0854194627989	256
-18 77 0.19545 NaN	1
-16.5 77 0.122775 0.217262657859	4
-13.5 77 0.02615 0.118554217555	9
-10.5 77 0.0490611111111 0.0993548242971	9
18 77 0.216107142857 0.0819640067552	35
19.5 77 0.089505 0.102355996276	20
123 77 -0.0604561538462 0.065121225603	65
144 77 0.099885828877 0.0901888106078	187
145.5 77 0.0679911616162 0.102344800429	396
147 77 0.0539086538462 0.0665900510632	208
148.5 77 0.00690217391304 0.166439939671	23
150 77 -0.0156447368421 0.126866018455	76
153 77 0.22045 NaN	1
156 77 -0.23345 NaN	1
160.5 77 -2.17391304348e-05 0.0749772790875	92
162 77 -0.01385 0.0798075503905	303
163.5 77 -0.0167962046205 0.0579777798592	303
165 77 -0.0393518518519 0.0824092476586	486
166.5 77 -0.0420029850746 0.0977234338822	402
168 77 -0.0280943037975 0.147858820178	79
169.5 77 -0.0375360335196 0.118261142551	179
171 77 -0.0624990566038 0.152160470231	53
172.5 77 -0.06005625 0.163571963648	16
174 77 -0.01595 0.122876541473	10
175.5 77 -0.07115 NaN	1
177 77 -0.00108571428571 0.136608050259	14
178.5 77 -0.0596363636364 0.159678986969	44
-180 76.5 0.00111296296296 0.112965782591	54
-178.5 76.5 -0.0102403225806 0.116655225104	62
-177 76.5 -0.0534219512195 0.0995860199847	82
-175.5 76.5 -0.12465 0.116725301456	16
-174 76.5 -0.0014673553719 0.0691324175031	242
-172.5 76.5 0.0198649746193 0.0638810321124	394
-171 76.5 -0.00468846153846 0.074517267823	195
-169.5 76.5 0.00389686346863 0.0984219072804	271
-168 76.5 -0.0399534482759 0.101600827325	145
-166.5 76.5 -0.0353776595745 0.108067876325	94
-165 76.5 -0.062612 0.13050282019	50
-163.5 76.5 -0.051974137931 0.0758438404323	87
-162 76.5 0.0025525 0.0952539096553	120
-160.5 76.5 -0.0248199074074 0.0879418368674	216
-159 76.5 -0.0346724719101 0.10701124596	89
-157.5 76.5 -0.017073580786 0.103726476781	229
-156 76.5 -0.0058762962963 0.093207831557	270
-154.5 76.5 -0.0414355633803 0.0961108894822	284
-153 76.5 -0.062078 0.12933061087	75
-151.5 76.5 -0.021425 0.147878885895	48
-150 76.5 -0.00389461538462 0.128105893735	65
-148.5 76.5 0.0107796296296 0.166512316049	27
-147 76.5 -0.0706727272727 0.138458211081	44
-145.5 76.5 -0.00248636363636 0.136828258727	33
-144 76.5 -0.0670071428571 0.172406678691	7
-142.5 76.5 0.0391642857143 0.217370723485	7
-141 76.5 -0.090766 0.111167061519	25
-139.5 76.5 -0.0324410447761 0.163586917617	67
-138 76.5 -0.0567558823529 0.114318915568	119
-136.5 76.5 -0.0215505617978 0.0831185692451	178
-135 76.5 -0.00921612529002 0.0948007333088	431
-133.5 76.5 -0.0347985981308 0.0909885999819	214
-132 76.5 -0.0148354545455 0.144387675705	55
-130.5 76.5 -0.0531352941176 0.173312898743	102
-129 76.5 -0.0209869863014 0.138653807048	146
-127.5 76.5 -0.0239477011494 0.169597259588	87
-126 76.5 -0.000162903225806 0.190664582871	31
-124.5 76.5 0.07955 NaN	1
-123 76.5 -0.06375 0.177946670382	17
-121.5 76.5 -0.150022727273 0.063257600197	22
-118.5 76.5 -0.0276613636364 0.0838068521812	44
-114 76.5 0.40165 NaN	1
-112.5 76.5 -0.0947833333333 0.216879052316	3
-106.5 76.5 -0.04195 NaN	1
-105 76.5 -0.186077272727 0.0661145915875	22
-103.5 76.5 -0.07813 0.150801399198	5
-102 76.5 0.0450653846154 0.135654603351	13
-99 76.5 -0.0823571428571 0.0943364111338	28
-97.5 76.5 -0.101494086022 0.150221033157	186
-96 76.5 -0.000109649122807 0.087641499792	285
-93 76.5 0.15617 0.0855572167227	10
-91.5 76.5 0.31985 0.0431335136524	2
-79.5 76.5 -0.181505882353 0.0553774989377	34
-78 76.5 0.14115 NaN	1
-73.5 76.5 0.09367 0.0505097713319	5
-16.5 76.5 0.163683333333 0.107225681004	6
-15 76.5 0.02865 0.0589502271897	29
-13.5 76.5 0.0560184931507 0.0728531225532	73
-12 76.5 -0.016161023622 0.0987932860552	127
100.5 76.5 0.0292218085106 0.0742401523236	188
112.5 76.5 0.0127590909091 0.0915126424214	22
114 76.5 -0.204114285714 0.0972704129824	14
123 76.5 -0.0546989361702 0.0694303096787	94
142.5 76.5 -0.0002109375 0.0451690883806	64
144 76.5 0.0796703296703 0.162588355039	364
145.5 76.5 -0.0160091036415 0.0838551935859	357
147 76.5 0.00257352941176 0.104389565313	306
148.5 76.5 -0.0694239534884 0.107162628925	215
150 76.5 -0.0951008474576 0.103199163756	177
151.5 76.5 -0.017384375 0.122629940588	32
156 76.5 0.02745 NaN	1
160.5 76.5 -0.024614516129 0.0415314166392	124
162 76.5 -0.0445136363636 0.0661530374684	275
163.5 76.5 -0.0371434131737 0.151078934582	167
165 76.5 -0.0274193227092 0.0909422272387	251
166.5 76.5 -0.0391848484848 0.100296543732	330
168 76.5 -0.0208797777778 0.132272370348	225
169.5 76.5 -0.019938976378 0.114696801702	254
171 76.5 -0.0142913978495 0.130614853492	186
172.5 76.5 0.01925 0.11381904032	67
174 76.5 -0.0174346153846 0.162592736852	13
175.5 76.5 -0.100418181818 0.10912895555	22
177 76.5 -0.0442269230769 0.174144031163	13
178.5 76.5 -0.03415 NaN	1
-180 76 0.0101136363636 0.0737912226857	11
-178.5 76 0.020226754386 0.054580023568	228
-177 76 -0.0964980769231 0.102499380181	52
-175.5 76 -0.0733151685393 0.110254279551	89
-174 76 -0.0746609090909 0.108361491508	55
-172.5 76 -0.0214275510204 0.123238972234	49
-171 76 -0.0458291208791 0.134821050546	91
-169.5 76 -0.0470889473684 0.10041973635	190
-168 76 -0.0202554263566 0.119567438679	129
-166.5 76 0.0243985714286 0.16510283849	35
-165 76 -0.0981055555556 0.11715671664	36
-163.5 76 -0.0137013513514 0.0820998577464	74
-162 76 0.0145975308642 0.0524301389238	324
-160.5 76 -0.0679018518519 0.11555822296	108
-159 76 0.0364538961039 0.0864483992911	385
-157.5 76 0.0321752252252 0.0725697654086	666
-156 76 0.0155731707317 0.0879474811314	410
-154.5 76 -0.0428698412698 0.112430732467	126
-153 76 0.0327375 0.180709741021	16
-151.5 76 -0.0184923529412 0.0956662158316	85
-150 76 -0.0281952380952 0.167933438037	42
-148.5 76 -0.00229523809524 0.17223476633	42
-147 76 0.0268494413408 0.0654247638038	179
-145.5 76 -0.001944 0.0984528612161	50
-144 76 -0.031825 0.15948664998	24
-142.5 76 0.000755263157895 0.161224823956	19
-141 76 -0.0193944444444 0.119137484772	9
-139.5 76 -0.0613035714286 0.114184971711	28
-138 76 -0.0643224137931 0.0898190243608	87
-136.5 76 -0.0322844262295 0.0897173098258	244
-135 76 -0.0507865671642 0.118409817555	134
-133.5 76 -0.0280003597122 0.126801567776	139
-132 76 -0.0407484848485 0.137806807348	66
-130.5 76 -0.0915067567568 0.148882329265	74
-129 76 -0.0382414529915 0.131432188214	117
-127.5 76 -0.00886538461538 0.146567124935	52
-126 76 0.0188 0.193984083227	12
-124.5 76 0.13245 NaN	1
-123 76 -0.00516428571429 0.0961332683607	21
-120 76 -0.00641176470588 0.0872603315571	34
-118.5 76 0.070797826087 0.152885654787	46
-112.5 76 -0.0354447368421 0.0705524507306	19
-111 76 -0.0573420634921 0.0564867363866	63
-108 76 0.236 0.1796758331	2
-106.5 76 -0.0098012195122 0.0612464044739	41
-105 76 -0.03815625 0.282843169218	64
-103.5 76 -0.21205 NaN	1
-97.5 76 -0.141556666667 0.12345085469	15
-96 76 -0.0495701970443 0.116220974811	203
-94.5 76 -0.0209128571429 0.110345972196	35
-93 76 -0.195578688525 0.0681031770469	122
-81 76 1.535325 0.259884181622	8
-64.5 76 0.0684576923077 0.0702217575527	52
-19.5 76 0.288897058824 0.142282931236	85
-18 76 0.33361969697 0.165435719172	33
-16.5 76 -0.04578 0.133173020708	10
-15 76 0.0394414728682 0.0756515883333	129
-13.5 76 -0.0727263157895 0.0853816248166	38
114 76 -0.0575143678161 0.0891956485238	87
115.5 76 0.0578772727273 0.149820687051	22
117 76 -0.00893923076923 0.0419939992852	65
136.5 76 -0.0149796875 0.0478677632176	64
142.5 76 0.244970987654 0.147161547046	81
144 76 0.0117904 0.0974105315377	250
145.5 76 -0.116913030303 0.132468202915	165
147 76 0.002905 0.0825260693077	300
148.5 76 -0.0161219535783 0.0732974229816	517
150 76 -0.0623946280992 0.0861985014858	121
151.5 76 -0.0356125 0.083279944081	120
153 76 -0.132507142857 0.171483778214	7
162 76 -0.0564515873016 0.0454062504297	63
163.5 76 -0.0433775862069 0.104878296463	29
165 76 0.0112202702703 0.123158257494	148
166.5 76 -0.0493524691358 0.097294407493	243
168 76 -0.0223355072464 0.0984856316548	138
169.5 76 0.0188681818182 0.107189633997	11
171 76 0.0327108333333 0.119340846724	120
172.5 76 0.0367317307692 0.147541778032	104
174 76 -0.0180385714286 0.174547667625	70
175.5 76 0.0305351851852 0.162239824153	27
177 76 0.0224071428571 0.165798333082	14
178.5 76 -0.0182166666667 0.105385403796	3
-180 75.5 -0.00776677419355 0.0753416769672	155
-178.5 75.5 -0.17985 0.0765948301127	6
-177 75.5 0.00480840707965 0.0718190928227	113
-175.5 75.5 0.0139775 0.0562509167447	40
-174 75.5 0.0363590909091 0.145963321003	44
-172.5 75.5 0.0777346153846 0.156990842865	13
-171 75.5 -0.0436680722892 0.142557563166	83
-169.5 75.5 -0.0481039622642 0.0924017540979	265
-168 75.5 -0.0867957142857 0.11379900497	70
-166.5 75.5 -0.0920807692308 0.120604466367	13
-165 75.5 -0.0415875 0.158056596392	24
-163.5 75.5 -0.0739804347826 0.170914868322	23
-162 75.5 -0.0520642857143 0.0872826459596	21
-160.5 75.5 0.0323826732673 0.0788267316447	101
-159 75.5 0.0156263948498 0.100372318536	233
-157.5 75.5 0.0378339788732 0.0723808293118	568
-156 75.5 -2.27678571429e-05 0.0743926758406	448
-154.5 75.5 0.0146856521739 0.0770319830263	230
-153 75.5 -0.0169011111111 0.148163364418	45
-151.5 75.5 -0.0292510309278 0.0856323336213	97
-150 75.5 -0.0423102040816 0.13114363318	98
-148.5 75.5 -0.0445464285714 0.13625611908	28
-147 75.5 -0.0803547619048 0.155876035606	21
-145.5 75.5 0.0232886554622 0.111795336695	119
-144 75.5 -0.00878070175439 0.1282659979	114
-142.5 75.5 0.0312155913978 0.111892787869	93
-141 75.5 0.0244388888889 0.144924279981	18
-139.5 75.5 0.00531111111111 0.162101584486	18
-138 75.5 -0.0272007246377 0.104256235611	138
-136.5 75.5 -0.0680921686747 0.122024409914	83
-135 75.5 -0.0595038461538 0.136561164148	52
-133.5 75.5 -0.0287774193548 0.143502399785	62
-132 75.5 0.00132142857143 0.13881089388	56
-130.5 75.5 -0.05018671875 0.124715415177	128
-129 75.5 -0.0502540816327 0.123222231421	49
-127.5 75.5 -0.0519628205128 0.160466574941	39
-126 75.5 -0.0286269230769 0.190684530721	13
-124.5 75.5 -0.160483333333 0.09048042606	9
-123 75.5 0.03225 0.165850916991	4
-121.5 75.5 0.000775 0.134948886788	12
-120 75.5 0.0283 0.110911888619	28
-118.5 75.5 0.0601461538462 0.11316046467	78
-117 75.5 0.151444736842 0.125096875677	19
-111 75.5 -0.101727358491 0.156561295003	53
-105 75.5 0.328785714286 0.288064711232	14
-103.5 75.5 -0.05315 NaN	1
-102 75.5 -0.0561618644068 0.0783819188438	59
-100.5 75.5 -0.0253441176471 0.0582111873742	136
-97.5 75.5 -0.172347619048 0.117652372377	42
-96 75.5 -0.026355982906 0.179731471776	117
-94.5 75.5 -0.250171428571 0.0300665461569	14
-88.5 75.5 -0.20685 NaN	1
-87 75.5 -0.2228 0.0400929544933	2
-16.5 75.5 -0.117830225989 0.0636938505305	177
-15 75.5 -0.089875974026 0.0833947756277	154
114 75.5 0.0340859756098 0.113565305062	164
115.5 75.5 0.0022466442953 0.0996068694148	149
117 75.5 0.00673316831683 0.0870951446055	101
118.5 75.5 0.0284022580645 0.043946237875	310
136.5 75.5 -0.025204954955 0.0643566030093	222
138 75.5 0.0301272727273 0.0979656836508	22
142.5 75.5 0.0513237288136 0.0980290619981	118
145.5 75.5 -0.101135714286 0.108812717421	14
147 75.5 -0.15019527845 0.0844672577355	413
148.5 75.5 -0.015492739726 0.0762864550444	365
150 75.5 0.0679481515712 0.155806979817	541
151.5 75.5 0.140820526316 0.140887780055	95
153 75.5 -0.0334035211268 0.0969781475105	71
154.5 75.5 0.00710333333333 0.121825899584	15
156 75.5 0.00342368421053 0.154114203117	19
157.5 75.5 -0.113591935484 0.168308789183	31
162 75.5 0.0968166666667 0.0590516158402	3
163.5 75.5 -0.0197071428571 0.0851120589072	21
165 75.5 -0.0173325 0.137772679528	40
166.5 75.5 -0.0384049295775 0.104299890454	284
168 75.5 -0.0542118421053 0.128021713749	76
169.5 75.5 0.0063 0.0850649457767	2
171 75.5 0.00688764705882 0.0792375931846	425
172.5 75.5 -0.00288790613718 0.123632780114	277
174 75.5 -0.00761418604651 0.112473044626	215
175.5 75.5 0.0205297619048 0.122256036665	84
177 75.5 -0.0207317073171 0.129824496089	82
178.5 75.5 -0.0175689189189 0.0441917402906	37
-180 75 -0.0104263888889 0.140397699204	72
-178.5 75 0.00939722222222 0.138412793558	36
-177 75 -0.0267898773006 0.0649483826768	163
-175.5 75 -0.0312818181818 0.158521145912	22
-174 75 -0.0450642857143 0.130992638834	7
-172.5 75 0.0341954545455 0.11631165433	77
-171 75 -0.0453638613861 0.132133014822	101
-169.5 75 -0.0223184782609 0.131850547891	184
-168 75 -0.0229784313725 0.16420448154	102
-166.5 75 -0.024220212766 0.124077240773	141
-165 75 -0.0933375 0.10126954681	64
-163.5 75 -0.0521833333333 0.145371837168	33
-162 75 -0.05264375 0.167713495656	16
-160.5 75 -0.24525 NaN	1
-159 75 -0.0628333333333 0.175686734809	12
-157.5 75 0.0272710526316 0.148428031865	19
-156 75 -0.0332765765766 0.0688664762634	222
-154.5 75 -0.0109888888889 0.0711216313783	306
-153 75 0.00526985815603 0.100342853842	141
-151.5 75 -0.0178546511628 0.138112178273	43
-150 75 -0.136533333333 0.129807787388	6
-148.5 75 -0.061631147541 0.0985777222683	122
-147 75 -0.02086875 0.127520814658	96
-145.5 75 -0.112507142857 0.0942215929149	21
-144 75 -0.0409823529412 0.161846108575	34
-142.5 75 0.0144836 0.117811665549	125
-141 75 0.0548614035088 0.0876832372216	228
-139.5 75 0.0414602941176 0.104521975322	68
-138 75 -0.0589323529412 0.143947307877	68
-136.5 75 -0.00803717948718 0.103969669614	39
-135 75 -0.051645 0.148241300086	40
-133.5 75 4.41176470588e-05 0.103204416452	119
-132 75 -0.0519728813559 0.120963956213	118
-130.5 75 -0.0297827586207 0.197917681265	58
-129 75 -0.038825 0.119463154045	44
-127.5 75 -0.101292857143 0.13998069935	7
-126 75 -0.0756642857143 0.160913446772	42
-124.5 75 -0.051725 0.199222946721	4
-123 75 0.0045 0.124906751886	4
-121.5 75 0.0596681818182 0.157047022489	22
-120 75 -0.104932608696 0.0884091129148	46
-118.5 75 -0.02495 NaN	1
-117 75 0.102781756757 0.0594596237164	296
-115.5 75 0.0272945255474 0.131320668885	137
-114 75 -0.1605 0.0497827101296	80
-112.5 75 -0.153428571429 0.12688776714	28
-109.5 75 -0.0356554347826 0.0641919261024	92
-108 75 -0.0109260869565 0.038129912026	92
-106.5 75 -0.130553174603 0.0825508909088	126
-105 75 -0.0587432038835 0.115365684793	103
-103.5 75 0.51945 NaN	1
-102 75 -0.0112994252874 0.102917639089	87
-100.5 75 -0.130727358491 0.0777120118463	53
-97.5 75 -0.0762695718654 0.112237868225	327
-96 75 -0.138173076923 0.0558120097574	104
-93 75 0.187792307692 0.12431884225	26
-18 75 0.2992 0.0248194480196	2
114 75 0.10705 0.0554951349219	3
115.5 75 0.009615 0.0730991317547	80
117 75 0.0241932098765 0.0884292131287	81
118.5 75 0.000123214285714 0.0995723756709	56
120 75 0.0158324 0.0472591859376	125
136.5 75 -0.00537777777778 0.0770545041147	108
138 75 -0.104171568627 0.0774079022161	51
142.5 75 0.149983333333 0.215804343484	6
144 75 -0.00785909090909 0.0857618554619	33
145.5 75 -0.00363565891473 0.0880106607652	258
147 75 0.0403693877551 0.0851959471692	98
148.5 75 -0.238455882353 0.029420028692	17
150 75 0.0933796296296 0.128273319412	27
151.5 75 0.0643171641791 0.112984939895	335
153 75 -0.00134123376623 0.0947878379465	308
154.5 75 0.00891138613861 0.161787458704	101
156 75 0.0098 0.197126904979	4
159 75 -0.16724 0.15094393698	10
160.5 75 -0.0780666666667 0.162110646371	6
162 75 0.0739045454545 0.117237261975	143
163.5 75 0.0379722222222 0.0629510563221	36
165 75 -0.0349290322581 0.0809513837494	186
166.5 75 -0.0926790909091 0.0708046195425	165
168 75 -0.0533893305439 0.0890968680257	239
169.5 75 0.0171977419355 0.0984500805244	155
171 75 -0.0200073839662 0.0667297483904	237
172.5 75 -0.0977421195652 0.0529686552509	368
174 75 -0.0344177419355 0.0877141828481	186
175.5 75 -0.0436984848485 0.112983788261	132
177 75 0.0063246031746 0.152110001546	63
178.5 75 0.0218055555556 0.0984887737778	72
-180 74.5 0.00719 0.120714256269	25
-178.5 74.5 0.123792857143 0.11568627147	14
-177 74.5 0.054025 0.0985387698658	4
-175.5 74.5 -0.083258 0.141555948656	25
-174 74.5 -0.0465134146341 0.130098769702	41
-172.5 74.5 0.0450148648649 0.155647022011	74
-171 74.5 0.0365726744186 0.105537584048	172
-169.5 74.5 0.02436375 0.103419248439	80
-168 74.5 0.0729645454545 0.108967683873	165
-166.5 74.5 -0.00220833333333 0.159035822917	24
-165 74.5 -0.116860810811 0.115991562873	37
-163.5 74.5 -0.0651970588235 0.175849673435	17
-162 74.5 0.1476 0.15055235302	6
-160.5 74.5 0.0751269230769 0.0822180956749	13
-159 74.5 -0.13525 0.0425678282274	2
-157.5 74.5 -0.015025 0.0819470342878	8
-156 74.5 0.0881375 0.108580879154	104
-154.5 74.5 -0.0696795081967 0.122468502541	61
-153 74.5 -0.0501815789474 0.128313552816	19
-151.5 74.5 -0.0496125 0.119989582202	24
-150 74.5 -0.0532166666667 0.217870657348	3
-148.5 74.5 0.0585772727273 0.0420801415931	55
-147 74.5 -0.0655192307692 0.117804552609	26
-145.5 74.5 -0.0267956140351 0.13356817557	57
-144 74.5 -0.0212411764706 0.150259257503	34
-142.5 74.5 -0.0670608247423 0.109689516299	194
-141 74.5 0.0472835403727 0.0893860477827	322
-139.5 74.5 -0.0304328571429 0.100602987279	105
-138 74.5 0.0216380952381 0.182658125553	42
-136.5 74.5 0.0150797297297 0.0567984064396	148
-135 74.5 -0.155121428571 0.0904456609375	14
-133.5 74.5 -0.0150454751131 0.124345851184	221
-132 74.5 -0.0154455947137 0.0882090902845	227
-130.5 74.5 -0.071402173913 0.153854886521	46
-129 74.5 -0.0602 0.15370646896	26
-127.5 74.5 -0.12925 0.0878587075935	9
-126 74.5 -0.0818833333333 0.0792691497068	15
-124.5 74.5 0.0615682692308 0.103216425242	104
-123 74.5 -0.0676863636364 0.0491113856026	66
-120 74.5 -0.123291798942 0.0834656229333	189
-117 74.5 0.00292745098039 0.0979783940261	204
-115.5 74.5 0.036672195122 0.0618242992722	410
-114 74.5 -0.0423476653696 0.110021899784	257
-111 74.5 -0.091174822695 0.0518429151514	282
-109.5 74.5 0.00907716049383 0.0662873702722	243
-108 74.5 -0.0213651138716 0.0455141011314	483
-106.5 74.5 -0.0383005617978 0.111204591472	89
-105 74.5 0.00308333333333 0.136857673028	6
-103.5 74.5 0.81487 0.751317828589	10
-102 74.5 -0.16925 NaN	1
-100.5 74.5 0.0160717391304 0.103960171379	23
-99 74.5 0.00908265306122 0.119414925065	49
-97.5 74.5 -0.1808125 0.143426167542	8
-96 74.5 0.00971007462687 0.213744101461	268
-94.5 74.5 0.00933604651163 0.0808507603555	86
-85.5 74.5 -0.0166490740741 0.0775019643952	108
-18 74.5 0.325097058824 0.231195164087	17
112.5 74.5 0.23247 0.194231889761	5
115.5 74.5 0.274278571429 0.252786522019	7
117 74.5 0.28185 NaN	1
118.5 74.5 0.22845 0.0744663346755	5
120 74.5 0.00268636363636 0.129103967969	11
136.5 74.5 -0.12415 0.211138047258	5
138 74.5 -0.0220239130435 0.147929363418	23
139.5 74.5 -0.09075 0.124923563999	20
141 74.5 0.166816666667 0.0397218243958	3
142.5 74.5 -0.0162961538462 0.0587505304661	130
144 74.5 -0.119239010989 0.0920237172938	91
145.5 74.5 0.0216331460674 0.124815002409	89
147 74.5 0.0571666666667 0.143650375333	66
148.5 74.5 -0.134588709677 0.119569976812	93
150 74.5 -0.125314122137 0.131883150536	131
151.5 74.5 0.0250111111111 0.130689852688	126
153 74.5 -0.03283125 0.181416497665	16
154.5 74.5 -0.02837 0.138935263866	45
156 74.5 0.11995 0.143415985859	25
157.5 74.5 -0.0863166666667 0.208015992975	3
159 74.5 0.22045 NaN	1
160.5 74.5 0.141616666667 0.127936598881	3
162 74.5 -0.00011261682243 0.121055888016	107
163.5 74.5 -0.06143 0.139620976218	5
165 74.5 0.0832959016393 0.129019578067	61
166.5 74.5 -0.0687389361702 0.0972059205408	235
168 74.5 0.0520835443038 0.0847739651859	158
169.5 74.5 0.00594408163265 0.0674326729718	490
171 74.5 0.0383166666667 0.111215961085	9
172.5 74.5 0.029374 0.113458322043	50
174 74.5 -0.0289745614035 0.0945691838912	114
177 74.5 0.0218366666667 0.145105118875	15
-178.5 74 -0.0345766666667 0.138334101088	15
-177 74 -0.072446969697 0.131212950687	33
-172.5 74 0.0690638888889 0.0550567952198	180
-171 74 -0.00987718446602 0.0628269947681	309
-169.5 74 -0.0181905660377 0.119648772328	106
-168 74 0.0226279411765 0.11573837435	68
-166.5 74 0.0121722222222 0.197773859356	9
-165 74 -0.0644384615385 0.171403762682	26
-163.5 74 -0.0325388888889 0.134543925441	36
-162 74 -0.01196 0.178238276535	10
-160.5 74 -0.21955 NaN	1
-159 74 0.07811 0.203265068322	5
-157.5 74 0.025975 0.114316355639	4
-156 74 0.00092037037037 0.161603164989	27
-154.5 74 -0.0559477777778 0.106835596913	45
-153 74 -0.18123 0.105182850313	5
-151.5 74 -0.15865 NaN	1
-150 74 0.06615 0.132690956738	3
-148.5 74 -0.13293 0.134733856176	5
-147 74 0.00802114427861 0.0660778590996	201
-145.5 74 0.075561827957 0.0769670078136	186
-144 74 -0.0441488505747 0.133084214896	87
-142.5 74 -0.0283910526316 0.0764419992818	95
-141 74 -0.0102188811189 0.0936275164427	286
-139.5 74 -0.01815 0.148354156247	38
-138 74 0.0355143564356 0.0847139322475	101
-136.5 74 0.0375468992248 0.0651668799864	258
-135 74 0.00966436170213 0.0761312773892	188
-133.5 74 -0.00439647058824 0.081764598714	170
-132 74 -0.0204887096774 0.0844440493824	217
-130.5 74 -0.0125422727273 0.0844892983649	220
-129 74 -0.103063333333 0.163507775554	15
-127.5 74 -0.067569047619 0.141860289084	21
-126 74 -0.0338196969697 0.150406151148	33
-124.5 74 0.0648108938547 0.0647969623307	179
-117 74 -0.141883333333 0.0939772029094	6
-115.5 74 -0.00862469387755 0.0696079437448	245
-114 74 -0.0418811827957 0.114092942641	93
-112.5 74 -0.0642333333333 0.0554129232113	18
-111 74 -0.0715471428571 0.0493418353522	175
-109.5 74 -0.0918819587629 0.0732370132777	97
-108 74 0.000557692307692 0.0922344036794	143
-106.5 74 -0.0401236842105 0.147479148658	38
-105 74 0.1149125 0.216938015752	8
-100.5 74 -0.0769545454545 0.0945113622661	22
-99 74 0.005466 0.181843471334	25
-97.5 74 0.09255 0.196336909418	21
-96 74 -0.0459430885529 0.102123138661	463
-94.5 74 0.25925 NaN	1
-93 74 0.46375 0.396149845387	5
-90 74 -0.1515 0.0418685641821	4
-88.5 74 -0.0425708333333 0.0785201717598	24
-19.5 74 0.00783536585366 0.0836891078964	41
-18 74 0.0604081395349 0.0531383089131	86
78 74 -0.0633892026578 0.0629737293747	301
115.5 74 0.04995 0.167254272492	13
117 74 0.148760638298 0.144328481377	47
118.5 74 0.0952045454545 0.124595965935	11
142.5 74 -0.153279166667 0.0520823134393	24
147 74 -0.0246919642857 0.123631549108	112
148.5 74 -0.01231 0.158979857711	20
150 74 -0.0228166666667 0.0677559099513	3
151.5 74 0.0299916666667 0.180981010849	12
153 74 -0.0649194117647 0.0858168911994	85
154.5 74 -0.0448806451613 0.159304439534	62
156 74 -0.0480416666667 0.173772052666	12
160.5 74 0.0309975 0.0875440606649	40
162 74 0.0452463414634 0.142617330034	82
168 74 0.07035 0.105141588346	26
169.5 74 0.0115069444444 0.0453058272109	72
174 74 0.071781835206 0.0607543710919	267
-175.5 73.5 -0.0178475609756 0.109477512073	123
-171 73.5 0.0218 0.127208509935	2
-165 73.5 0.169123333333 0.129902048079	15
-163.5 73.5 -0.058225 0.0901144537393	12
-162 73.5 0.0850166666667 0.204549488714	3
-160.5 73.5 0.0375625 0.177467618274	8
-157.5 73.5 -0.1491 0.0364643798795	6
-156 73.5 0.1032125 0.158696430219	8
-154.5 73.5 -0.0960071428571 0.189960310391	7
-153 73.5 -0.11792 0.11342849975	10
-151.5 73.5 -0.039402173913 0.0802499553643	23
-150 73.5 -0.0808811111111 0.118207319459	45
-148.5 73.5 0.0151048042705 0.0799325375376	281
-147 73.5 -0.049473255814 0.092057556755	215
-145.5 73.5 -0.0128866292135 0.061757983635	445
-144 73.5 0.0193495098039 0.0927812541949	408
-142.5 73.5 0.0372069343066 0.0769489011275	411
-141 73.5 -0.0120669270833 0.0756092693969	384
-139.5 73.5 -0.0321449367089 0.107883286768	79
-138 73.5 0.0256969945355 0.0885675335502	183
-136.5 73.5 -0.0135212598425 0.0779803588374	254
-135 73.5 -0.033405888651 0.0674799301161	467
-133.5 73.5 0.00368692946058 0.0694349529231	482
-132 73.5 -0.02354408867 0.0715470942635	203
-130.5 73.5 -0.0790765625 0.0884562060816	64
-129 73.5 -0.0656576923077 0.159294911906	52
-127.5 73.5 0.000127777777778 0.152433131166	18
-126 73.5 -0.0567316326531 0.103422432031	49
-124.5 73.5 -0.0396438574939 0.0975308890649	407
-115.5 73.5 -0.00866875 0.0822148228921	64
-114 73.5 0.0193893203883 0.0663498345433	206
-112.5 73.5 0.02615 0.157655979906	6
-109.5 73.5 -0.0288423913043 0.0920880147953	92
-108 73.5 0.0857875 0.166630312869	16
-106.5 73.5 -0.067025 0.0835348812132	88
-102 73.5 0.0369785714286 0.144586925576	7
-97.5 73.5 -0.0712154929577 0.0787704196611	142
-96 73.5 -0.176198901099 0.0550547921339	182
-91.5 73.5 0.11266038961 0.133771986471	77
-90 73.5 0.051 0.200464772466	2
-24 73.5 0.19141744186 0.539364802542	86
-21 73.5 0.146614 0.228462545946	25
-19.5 73.5 0.23365 0.0691504880677	3
-18 73.5 0.13855 0.0762439068604	13
75 73.5 0.360366853933 0.0658203619986	89
76.5 73.5 -0.0024337037037 0.0866529225484	135
117 73.5 0.211910526316 0.048705605091	38
118.5 73.5 0.0804725352113 0.0655459145445	71
120 73.5 0.119719590643 0.0900343327283	171
148.5 73.5 0.009525 0.0612811028901	8
150 73.5 0.02645 0.130745917718	5
151.5 73.5 -0.022663372093 0.0757453559167	172
153 73.5 -0.0275788194444 0.0732900821066	288
154.5 73.5 0.0143302816901 0.139072943471	71
156 73.5 0.08065 NaN	1
160.5 73.5 0.197216666667 0.127568974807	3
172.5 73.5 0.0495785714286 0.120212278597	70
174 73.5 0.0485136363636 0.0486170602305	11
-160.5 73 0.01077 0.191200802823	5
-159 73 -0.070166 0.0903574553279	25
-157.5 73 -0.00037 0.125022976174	15
-154.5 73 0.0415166666667 0.0789206352399	24
-151.5 73 -0.0531583333333 0.153357280162	12
-150 73 -0.0541166666667 0.105414736478	6
-148.5 73 -0.107468181818 0.167220727293	11
-147 73 -0.000253404255319 0.0625368334977	235
-145.5 73 -0.0393778592375 0.0594982576447	341
-144 73 0.048374691358 0.106799223042	405
-142.5 73 0.0236569518717 0.0852242831224	561
-141 73 -0.0335944444444 0.0803204048316	477
-139.5 73 -0.0142584269663 0.079362697001	356
-138 73 0.0250024663677 0.0406978389479	446
-136.5 73 0.0163932432432 0.0624153670404	481
-135 73 0.0123234072022 0.0562606070679	722
-133.5 73 -0.0072751572327 0.0849339345918	318
-132 73 -0.035287804878 0.0982603966232	246
-130.5 73 0.00214551282051 0.0874781744894	156
-129 73 0.0485833333333 0.161725269104	6
-127.5 73 -0.0272884615385 0.125836623233	52
-126 73 -0.0358532 0.127493257846	125
-124.5 73 -0.071599122807 0.10159182005	57
-118.5 73 -0.09471 0.17695448379	10
-114 73 -0.02992 0.089185849027	10
-112.5 73 0.0326295031056 0.0568844718684	161
-111 73 0.0356934782609 0.0453317923864	46
-109.5 73 -0.04633 0.159421069289	10
-108 73 0.00661 0.0757833952789	5
-105 73 -0.06615 NaN	1
-103.5 73 -0.10382 0.101765339462	20
-102 73 -0.0751406976744 0.122000616341	43
-99 73 0.525567241379 0.689339155625	29
-97.5 73 0.194152521008 0.244637042618	119
-96 73 -0.0800375 0.105445455602	8
-91.5 73 0.292213636364 0.13714100337	22
-21 73 0.00664090909091 0.171389547687	22
-19.5 73 0.222755882353 0.200942925624	34
76.5 73 0.189159659091 0.0669541014525	352
129 73 -0.02885 0.145147731639	6
148.5 73 -0.105222413793 0.0546184093543	29
151.5 73 -0.00631086956522 0.0984819858954	46
153 73 0.04565 0.127364584952	17
154.5 73 0.0556666666667 0.181365737134	12
157.5 73 0.0666 0.131546186253	18
159 73 0.10467 0.0978751602808	5
160.5 73 0.0356318181818 0.0620691850871	55
-157.5 72.5 -0.00940588235294 0.148276605137	34
-156 72.5 0.0194172316384 0.102516864742	177
-154.5 72.5 0.038066 0.0594997049819	100
-153 72.5 0.0330833333333 0.134801508399	6
-151.5 72.5 -0.0198055555556 0.201912234096	9
-147 72.5 -0.0905543478261 0.114130110851	46
-145.5 72.5 -0.0190458549223 0.113711388517	193
-144 72.5 0.0251232258065 0.0991665962488	310
-142.5 72.5 -0.00991894736842 0.099028431244	190
-141 72.5 -0.0193983870968 0.0814145633168	217
-139.5 72.5 -0.0109447368421 0.124575197344	57
-138 72.5 0.0197849593496 0.0940302122565	123
-136.5 72.5 0.0134269784173 0.0558840210972	139
-135 72.5 0.0156007177033 0.0602517874931	209
-133.5 72.5 -0.045175 0.145061770455	100
-132 72.5 -0.0657076923077 0.119383061355	26
-130.5 72.5 -0.264992857143 0.0515329298327	7
-129 72.5 -0.114269230769 0.12437576619	26
-127.5 72.5 -0.0665844497608 0.124405299401	209
-126 72.5 -0.00633679706601 0.0789303398621	409
-118.5 72.5 -0.0729775 0.047642553256	240
-108 72.5 -0.111443333333 0.158405873208	15
-96 72.5 -0.08695 0.175339423215	31
-93 72.5 -0.108223043478 0.0930539441758	460
-91.5 72.5 0.0391106060606 0.124457216524	198
-85.5 72.5 -0.06117 0.0987634706906	15
-73.5 72.5 -0.0198611111111 0.191411738436	9
-64.5 72.5 -0.000825126903553 0.127320940855	197
-22.5 72.5 0.51795 0.806681655508	4
-21 72.5 0.0876367924528 0.138207448644	53
-19.5 72.5 0.194515957447 0.180038484143	47
76.5 72.5 0.128388823529 0.0534591189916	85
150 72.5 -0.13759566474 0.0401577173539	173
151.5 72.5 -0.0629058823529 0.0558627584797	306
157.5 72.5 0.0500269230769 0.135446355641	13
159 72.5 0.05995 NaN	1
162 72.5 -0.0128427710843 0.0419945809022	83
-156 72 -0.00632534246575 0.0618539643439	146
-154.5 72 0.0220842105263 0.0693654337015	38
-153 72 0.04369 0.0978596852642	5
-151.5 72 -0.0511672413793 0.175562207268	29
-150 72 0.0959833333333 0.187185775813	6
-148.5 72 -0.09609 0.19079156952	5
-147 72 -0.0910111111111 0.118081742421	54
-145.5 72 -0.0966574074074 0.130374504722	27
-144 72 0.00799487179487 0.106071800783	78
-142.5 72 0.0317382113821 0.0779680535262	246
-141 72 -0.0145269784173 0.107007874095	139
-139.5 72 -0.115245454545 0.116316880645	44
-138 72 0.0519164310954 0.0813944238749	283
-136.5 72 0.0171317142857 0.105348557794	175
-135 72 -0.0903940677966 0.106611905383	59
-133.5 72 -0.051502173913 0.151668804456	23
-132 72 -0.0703443396226 0.119760601611	53
-130.5 72 -0.001695 0.129379443885	20
-129 72 -0.028346969697 0.147359660959	33
-127.5 72 0.000707983193277 0.119504492147	119
-124.5 72 0.388468461538 0.265314133324	65
-120 72 -0.0244513761468 0.0730933734502	218
-105 72 0.00295 NaN	1
-102 72 -0.03865 0.110811364573	28
-100.5 72 -0.000266438356164 0.166264162488	146
-96 72 0.5156 0.0281091240906	8
-94.5 72 -0.159301162791 0.0755955603764	43
-93 72 -0.143847196262 0.0810767368375	107
-90 72 -0.0253685 0.060393873926	200
-85.5 72 0.0284964912281 0.203735964468	114
-72 72 0.0137785714286 0.0890760670118	7
-66 72 0.0588568535826 0.0672744050727	321
-64.5 72 -0.0586747058824 0.0945596988376	85
-21 72 0.413264285714 0.187996927533	7
150 72 0.0241507692308 0.120410448242	130
151.5 72 0.00360754385965 0.0567266939263	285
162 72 -0.0500970588235 0.0470604813784	204
-180 71.5 -0.19342 0.0862071542533	10
-153 71.5 0.0704654639175 0.0834933397986	194
-151.5 71.5 0.00226802325581 0.0854066445683	172
-150 71.5 -0.0096518115942 0.104227112318	276
-148.5 71.5 -0.02285 0.082530466	56
-147 71.5 -0.00943510638298 0.0607436874277	141
-145.5 71.5 -0.0295743902439 0.0952671766839	82
-144 71.5 0.0601166666667 0.0683823320261	3
-142.5 71.5 0.00192412587413 0.0816158061822	143
-141 71.5 -0.0152976744186 0.127771667417	86
-139.5 71.5 -0.0385261589404 0.0921701525865	151
-138 71.5 -0.0155692307692 0.130756138698	78
-136.5 71.5 -0.0184243589744 0.127732572132	78
-135 71.5 -0.0767541666667 0.151070511838	24
-133.5 71.5 -0.0402943037975 0.102653650872	158
-132 71.5 -0.02837 0.0938706465339	115
-130.5 71.5 -0.0744269230769 0.194025286814	13
-129 71.5 0.008318 0.125056932768	25
-127.5 71.5 0.0314603896104 0.0543005906019	154
-126 71.5 0.293462121212 0.0399369092881	33
-124.5 71.5 0.255316666667 0.0516107163071	54
-105 71.5 0.16237 0.0778136684651	5
-102 71.5 -0.0654884615385 0.0726405251732	13
-100.5 71.5 -0.117748706897 0.0859961966745	232
-99 71.5 -0.0788166666667 0.0698373729937	6
-93 71.5 -0.0771244444444 0.0580495266288	90
-91.5 71.5 -0.0196417647059 0.0795725245559	255
-90 71.5 -0.0366753968254 0.0774997252196	63
-85.5 71.5 -0.15765 NaN	1
-84 71.5 0.62565 NaN	1
-72 71.5 0.133820886076 0.277022625269	79
-70.5 71.5 -0.0532166666667 0.145695023937	9
-67.5 71.5 0.0132398255814 0.0986444771386	344
-66 71.5 0.0296045038168 0.063390322632	655
-64.5 71.5 -0.22835 0.0390068583713	5
-21 71.5 0.047125 0.0531476010747	12
150 71.5 -0.0707115384615 0.0837603579511	13
151.5 71.5 0.661264285714 0.387185964917	7
-151.5 71 0.00890714285714 0.119937986357	21
-150 71 0.0194307692308 0.105448381645	52
-148.5 71 0.0566189045936 0.118051949533	283
-147 71 -0.00199074074074 0.090495037229	243
-145.5 71 -0.0440479899497 0.0843174862101	199
-144 71 -0.091997826087 0.105529389005	69
-142.5 71 0.0244728373702 0.0744944775468	289
-141 71 0.0287681818182 0.10113047035	132
-139.5 71 0.0114324267782 0.112168044817	239
-138 71 -0.0586833333333 0.0827869214848	207
-136.5 71 0.0130856877323 0.0905748259439	269
-135 71 -0.0192513953488 0.124809398415	215
-133.5 71 0.0181212765957 0.106741442941	188
-132 71 0.0250811827957 0.0546223297596	93
-130.5 71 0.0290488764045 0.0420614904158	89
-129 71 0.00283287292818 0.0436282360727	181
-127.5 71 -0.22315 NaN	1
-124.5 71 -0.228697435897 0.0386530109187	78
-100.5 71 -0.0361745 0.0904300281972	200
-99 71 0.0853922222222 0.0528079943254	90
-97.5 71 -0.06915 NaN	1
-91.5 71 -0.0944935146444 0.0762161077024	239
-90 71 -0.149955555556 0.0522178073316	54
-88.5 71 -0.0452833333333 0.165121904463	3
-69 71 -0.090941 0.273391298397	100
-67.5 71 -0.0752139534884 0.0856580011204	86
-66 71 0.0699991754123 0.0666799068727	667
-64.5 71 0.0873904958678 0.0411772845521	121
-63 71 0.0912480392157 0.108333275572	51
76.5 71 -0.0758 0.124945768236	2
-151.5 70.5 -0.0887087570621 0.10417979075	177
-150 70.5 0.00875 0.12045034175	88
-148.5 70.5 -0.0707875 0.0894511029637	8
-145.5 70.5 -0.104778382838 0.0727859297931	303
-144 70.5 -0.00258509433962 0.0625826605991	265
-142.5 70.5 -0.107381176471 0.0586730124935	170
-141 70.5 -0.0572951219512 0.0834395813828	82
-139.5 70.5 0.00419791666667 0.0688130266129	240
-138 70.5 -0.0252251572327 0.073551128888	318
-136.5 70.5 0.0294035087719 0.0704021535016	114
-135 70.5 -0.0577554298643 0.0514741070603	221
-133.5 70.5 -0.145372807018 0.0492834803442	57
-129 70.5 -0.00801438356164 0.0503664305362	73
-124.5 70.5 -0.2186996 0.0372235522563	125
-102 70.5 0.115356349206 0.0911942504732	126
-100.5 70.5 0.0330683206107 0.108087186888	131
-99 70.5 0.06021 0.165564090309	5
-91.5 70.5 0.2248 0.0495990927336	4
-90 70.5 -0.0213057692308 0.0745213679409	52
-88.5 70.5 -0.114228181818 0.0942499664818	55
-67.5 70.5 -0.0382957142857 0.0910397778959	105
-66 70.5 0.0245265625 0.0485598195629	256
-64.5 70.5 0.0492407849829 0.109690533631	293
-63 70.5 0.0317121621622 0.119951060278	37
-61.5 70.5 -0.014792 0.105303398573	50
160.5 70.5 -0.046653125 0.0356672569134	32
-144 70 -0.0789484615385 0.0545527024202	65
-142.5 70 -0.111909010601 0.075361421469	283
-138 70 -0.0110964285714 0.0434783539217	56
-102 70 4.47368421053e-05 0.0836331466274	38
-100.5 70 -0.0290409090909 0.108440282179	44
-99 70 0.0162864285714 0.0560149340451	140
-90 70 0.0376 0.105537337304	24
-88.5 70 -0.03775 NaN	1
-87 70 0.00940483870968 0.105584187775	124
-85.5 70 -0.0156236842105 0.0605297433049	19
-82.5 70 0.202876415094 0.0969728712082	53
-67.5 70 -0.0553777777778 0.112317003253	90
-66 70 -0.0669436170213 0.116199521276	141
-64.5 70 0.0784754901961 0.127668019121	102
-63 70 0.122680434783 0.138250955725	23
-61.5 70 0.0148821888412 0.0642777093269	233
-60 70 0.0221285407725 0.0826873247569	233
160.5 70 0.062199859944 0.0646052275621	357
169.5 70 0.76415 NaN	1
-136.5 69.5 0.185058080808 0.0421215483095	99
-102 69.5 -0.106973660714 0.0895951783566	224
-100.5 69.5 0.0595347750865 0.0822998656888	289
-99 69.5 0.0644854166667 0.0770362680256	48
-88.5 69.5 -0.0248833333333 0.15306339373	9
-87 69.5 -0.0435088235294 0.118891505473	17
-85.5 69.5 -0.0192525641026 0.129393238836	39
-82.5 69.5 0.220674444444 0.0550102611697	90
-81 69.5 0.110917521368 0.0757152752195	117
-76.5 69.5 0.027775 0.0325825490102	4
-66 69.5 -0.03705 0.0193747258045	2
-64.5 69.5 0.0548573333333 0.124705003907	150
-63 69.5 0.0773487755102 0.090042329063	245
-61.5 69.5 0.0159333333333 0.0605123841419	84
-60 69.5 0.122477692308 0.149447482945	65
160.5 69.5 -0.109071052632 0.0434564734846	19
-108 69 -0.04155 0.0308545338332	63
-102 69 -0.1207875 0.109945193327	8
-100.5 69 -0.00325571428571 0.156868588856	70
-87 69 -0.00711 0.0858794096393	5
-81 69 0.0627802325581 0.0562409374774	344
-79.5 69 -0.26365 NaN	1
-78 69 -0.0204287878788 0.0957607068347	33
-76.5 69 0.0840055555556 0.0478597818418	27
-66 69 0.0542557142857 0.139361000133	175
-64.5 69 -0.00546971830986 0.114087099083	71
-61.5 69 0.117990714286 0.108306731954	140
-60 69 0.0916406976744 0.0940742443066	86
57 69 0.10005 0.0447074679702	27
-103.5 68.5 -0.0475 0.206545890785	2
-102 68.5 -0.0837011111111 0.0914148128593	45
-100.5 68.5 -0.180932105263 0.0669999015225	95
-94.5 68.5 -0.147293037975 0.0406152260307	79
-87 68.5 0.0651706896552 0.131610210143	29
-81 68.5 0.00176313131313 0.0441616941927	99
-79.5 68.5 -0.111591666667 0.147296731367	36
-78 68.5 -0.0175405882353 0.132602854619	85
-76.5 68.5 0.442883870968 0.216632008523	186
-75 68.5 0.33205 0.436709148061	2
-64.5 68.5 0.151483333333 0.111983138612	3
-63 68.5 0.151075 0.0983984719684	8
-61.5 68.5 0.144476315789 0.132831868842	19
-60 68.5 0.01675 0.137374196995	27
-58.5 68.5 0.07734375 0.0934861396939	80
57 68.5 0.0992848837209 0.0419314700502	86
-102 68 -0.101177881041 0.0870198120539	269
-87 68 0.250731578947 0.263078925425	38
-81 68 -0.0643608695652 0.0523556943306	322
-79.5 68 -0.0419510869565 0.0731804680766	276
-78 68 -0.0436875634518 0.0816208888714	197
-76.5 68 0.248321875 0.0561057885253	32
-73.5 68 -0.27275 NaN	1
-64.5 68 -0.00565 0.109950157539	8
-63 68 -0.0588 0.0181726442765	2
-61.5 68 0.17777 0.0913101692037	5
-60 68 0.167856060606 0.145818806528	33
-58.5 68 0.0636243243243 0.125236244765	74
-87 67.5 0.04225 0.114641017803	28
-81 67.5 -0.0643825581395 0.0546989848005	602
-79.5 67.5 -0.0203372210953 0.0718215271855	493
-78 67.5 0.321603125 0.0626840350013	64
-63 67.5 0.0334726415094 0.066539880007	53
-61.5 67.5 0.0884988584475 0.0914527066632	219
-60 67.5 0.122030588235 0.07755910157	170
-58.5 67.5 0.06665 0.160824096453	3
-174 67 -0.0430166666667 0.0934731155645	3
-81 67 -0.0338376923077 0.0787807958886	130
-79.5 67 -0.00469162162162 0.109132636029	370
-78 67 0.258373776224 0.103589955117	286
-76.5 67 -0.0476656118143 0.183598825421	237
-75 67 -0.0121987179487 0.121210830324	78
-61.5 67 -0.0744327777778 0.0886823682542	180
46.5 67 0.60535 NaN	1
-82.5 66.5 0.022275 0.14610410235	48
-81 66.5 0.0353357142857 0.131681002635	28
-79.5 66.5 -0.0171865714286 0.0616607135652	175
-78 66.5 -0.015375 0.174973755894	508
-76.5 66.5 -0.0911626865672 0.118811513342	134
-75 66.5 -0.0128898230088 0.155503885195	113
-84 66 0.0875656862745 0.151031636411	102
-82.5 66 -0.0189731884058 0.113054690535	207
-79.5 66 -0.17085 0.0675602767904	101
-78 66 0.0807729508197 0.102323222183	61
-76.5 66 0.0959625 0.1525548752	96
-75 66 0.219363333333 0.104180289243	15
-84 65.5 -0.22886 0.0649305346762	10
-82.5 65.5 -0.109952857143 0.0965561816954	70
-81 65.5 0.08195 NaN	1
-79.5 65.5 -0.0430909090909 0.16276469624	22
-78 65.5 0.0555614754098 0.116798180777	61
-61.5 65.5 0.136216666667 0.216302867911	6
36 65.5 -0.104890425532 0.0352169157698	47
-82.5 65 0.0100233333333 0.126903723162	15
-79.5 65 0.00927960893855 0.138855444457	179
-64.5 65 0.0220227272727 0.0812201464036	11
-63 65 -0.07155 0.154062067382	34
-61.5 65 0.15205 NaN	1
-60 65 0.015794 0.128204389049	50
36 65 0.0097925170068 0.12634242001	294
-81 64.5 -0.0208294117647 0.128098723075	68
-79.5 64.5 -0.0779724137931 0.10456395677	174
-78 64.5 -0.147838888889 0.128837469748	9
-64.5 64.5 0.160952185792 0.13720716588	183
-63 64.5 0.104880769231 0.0546167310235	13
-61.5 64.5 0.204757692308 0.0961366857056	26
34.5 64.5 0.00236224489796 0.0624688076585	49
36 64.5 0.0407906779661 0.0780713288014	236
-165 64 0.01695 0.0657780358478	5
-82.5 64 0.27247 1.19294535374	5
-81 64 -0.08065 0.0507295224149	10
-78 64 0.073296875 0.123406333775	32
-64.5 64 0.13413 0.127840377033	5
-63 64 0.0568720883534 0.0420669641145	249
-61.5 64 0.228521428571 0.0752657672138	7
-81 63.5 -0.24425 NaN	1
-63 63.5 0.0381762589928 0.0495572250015	278
9 63.5 1.41685 0.290196622999	2
-64.5 63 0.0613397435897 0.0836676249871	39
-63 63 0.179378571429 0.122794472111	7
21 63 -0.0818976635514 0.0700426222608	107
-64.5 62.5 0.11219375 0.138728141672	16
-166.5 62 0.205822727273 0.238948321135	22
-151.5 61 1.65808333333 0.0713961530243	6
-78 61 0.118843243243 0.0529827584545	74
-151.5 60.5 0.871159375 0.0705330311425	64
21 60.5 -0.00508125 0.250181826056	32
-79.5 60 -0.03906 0.0375311238956	70
19.5 60 -0.067238700565 0.0838430133901	177
21 60 -0.0493658940397 0.115649671043	151
22.5 60 -0.0721125 0.0976551722018	104
