lon, lat, freeboard (m), standard deviation, count
-180 81.5 0.0900942424242 0.100929548303	330
-178.5 81.5 0.0744982828283 0.102285618763	495
-177 81.5 0.0739325995807 0.119668737674	477
-175.5 81.5 0.102568233618 0.117013524778	351
-174 81.5 0.0666203846154 0.134216636126	260
-172.5 81.5 0.0305813364055 0.119068931011	434
-171 81.5 0.0534797935103 0.131353551645	339
-169.5 81.5 0.0167011520737 0.138218896143	217
-168 81.5 0.109691699605 0.119494432118	506
-166.5 81.5 0.110002289157 0.129109210553	415
-165 81.5 0.132306631579 0.115485070789	475
-163.5 81.5 0.14764528536 0.130059480471	403
-162 81.5 0.118426836158 0.128704629345	354
-160.5 81.5 0.130125945017 0.144195287976	291
-159 81.5 0.121874489796 0.132395519439	392
-157.5 81.5 0.122829087452 0.180937088883	263
-156 81.5 0.117104212454 0.137594606726	273
-154.5 81.5 0.125242222222 0.135164168027	270
-153 81.5 0.194254950495 0.154134913364	202
-151.5 81.5 0.12614078341 0.129226109648	217
-150 81.5 0.0818212041885 0.141177903289	191
-148.5 81.5 0.0718435483871 0.135823502584	155
-147 81.5 0.0629400943396 0.113112544072	212
-145.5 81.5 0.0570370445344 0.117054595325	247
-144 81.5 0.0996841772152 0.121686109221	316
-142.5 81.5 0.0256283505155 0.148709411988	97
-141 81.5 0.10668539823 0.111683145387	226
-139.5 81.5 0.0229455882353 0.143901553214	136
-138 81.5 0.12155438247 0.138870086126	251
-136.5 81.5 0.14879822695 0.132583524404	141
-135 81.5 0.126740816327 0.125336066462	196
-133.5 81.5 0.103769064748 0.126920007341	278
-132 81.5 0.0837147272727 0.0964701615654	275
-130.5 81.5 0.0526313299233 0.112616057444	391
-129 81.5 0.0407966049383 0.11304710827	324
-127.5 81.5 0.0623967576792 0.112981755246	293
-126 81.5 0.0794250972763 0.12258772179	257
-124.5 81.5 0.0765429104478 0.107216005439	268
-123 81.5 0.0811141791045 0.119706916376	268
-121.5 81.5 0.0780947643979 0.126775932129	382
-120 81.5 0.0476422839506 0.104790973288	324
-118.5 81.5 0.0663753776435 0.0990351698599	331
-117 81.5 0.0666399053628 0.105177451434	317
-115.5 81.5 0.101334980237 0.0894820834892	253
-114 81.5 0.0911395238095 0.100877493968	210
-112.5 81.5 0.0555549019608 0.100898545716	204
-111 81.5 0.0456121722846 0.117212622943	267
-109.5 81.5 0.10157202381 0.128524788925	168
-108 81.5 0.114747647059 0.137944106828	255
-106.5 81.5 0.0708267326733 0.130054821212	202
-105 81.5 0.0580136363636 0.1308451947	77
-103.5 81.5 0.05175 0.158153109101	99
-102 81.5 0.121446052632 0.147790142604	76
-100.5 81.5 0.129386090226 0.167200830675	133
-99 81.5 0.137948895028 0.164669399771	181
-97.5 81.5 0.223516283525 0.160065414072	261
-96 81.5 0.1882125 0.19807773411	120
-94.5 81.5 0.022075 0.175885767157	52
-93 81.5 0.205916233766 0.187146481799	154
-91.5 81.5 0.144660457516 0.186608528143	306
-90 81.5 0.00974009009009 0.140885865447	111
-88.5 81.5 -0.21465 0.0185261976671	2
-66 81.5 1.89408285714 0.353809381136	70
-64.5 81.5 0.0241166666667 0.107418394786	27
-63 81.5 -0.090125 0.116518750995	16
-61.5 81.5 0.02375 NaN	1
-22.5 81.5 1.21165 0.46309163074	14
-12 81.5 0.0740888888889 0.138495240306	36
-10.5 81.5 0.0491516949153 0.16008082602	59
-9 81.5 0.0286723529412 0.162467625622	85
-7.5 81.5 0.0263027559055 0.16847225848	127
-6 81.5 0.039489055794 0.143799971743	233
-4.5 81.5 0.0612774131274 0.127825685197	259
-3 81.5 0.0928555194805 0.129521697661	308
-1.5 81.5 0.0375180203046 0.11367186728	197
0 81.5 0.0437347389558 0.114991041061	249
1.5 81.5 0.046718852459 0.114437766869	183
3 81.5 0.0895597276265 0.118842341493	257
4.5 81.5 0.0886324074074 0.12538467124	216
6 81.5 0.0420012195122 0.116984738918	164
7.5 81.5 0.0823185082873 0.0922994652235	181
9 81.5 0.0961926966292 0.100490467535	89
10.5 81.5 0.0756385057471 0.084258916339	87
12 81.5 0.104531666667 0.155427134262	60
13.5 81.5 0.0342192307692 0.144826311978	13
15 81.5 0.00849 0.16047758544	15
16.5 81.5 0.0161653465347 0.163743980823	202
18 81.5 0.151613352273 0.123866944021	352
19.5 81.5 -0.0223305243446 0.157175859301	267
21 81.5 0.0341518018018 0.111383454771	111
22.5 81.5 0.240442307692 0.0701542067017	91
24 81.5 0.19032826087 0.154142006648	184
27 81.5 0.022425 0.147810269715	4
28.5 81.5 0.159616666667 0.0502366665561	6
58.5 81.5 0.163032634731 0.0927327127929	167
60 81.5 0.0749164634146 0.113135067916	164
61.5 81.5 -0.0235342696629 0.188042198593	178
63 81.5 -0.0307661764706 0.0968630385745	68
64.5 81.5 0.08236875 0.184853221841	16
66 81.5 -0.115773717949 0.0776629733775	156
67.5 81.5 -0.00179949494949 0.0938532235768	297
69 81.5 0.0894381355932 0.0781754896881	177
70.5 81.5 0.112024418605 0.0416270464563	43
73.5 81.5 -0.00266875 0.0922068609285	208
75 81.5 -0.0230749169435 0.0959565148583	301
76.5 81.5 0.0350103076923 0.123810147847	325
78 81.5 0.151833478261 0.116085177386	115
79.5 81.5 0.16083125 0.0841339346419	16
81 81.5 0.00705 0.164754476419	17
82.5 81.5 -0.0554333333333 0.127594231066	48
84 81.5 -0.074430952381 0.167236069802	42
85.5 81.5 0.0131888888889 0.163187755952	18
87 81.5 0.172563114754 0.115921180083	244
88.5 81.5 0.148497169811 0.143399334302	53
90 81.5 -0.0105166666667 0.0742803289756	45
91.5 81.5 -0.00454111111111 0.0545193911384	45
93 81.5 -0.04377 0.237182908322	5
94.5 81.5 0.0574010204082 0.119333763598	49
96 81.5 0.138814545455 0.138500962529	110
97.5 81.5 0.113675 0.104964807219	276
99 81.5 0.0992766055046 0.114010831519	218
100.5 81.5 0.0408058441558 0.147477118193	154
102 81.5 0.06607 0.12464828909	150
103.5 81.5 0.0424034391534 0.117304343897	189
105 81.5 0.101365897436 0.116892468885	195
106.5 81.5 0.101944236311 0.08066992815	347
108 81.5 0.079923540856 0.107911484634	257
109.5 81.5 0.119823260073 0.104078331551	273
111 81.5 0.139182631579 0.113817368327	285
112.5 81.5 0.108100714286 0.116507881498	280
114 81.5 0.116272857143 0.120990953275	70
115.5 81.5 0.0917608108108 0.114746957457	111
117 81.5 0.123686231884 0.128468170664	69
118.5 81.5 0.0979846153846 0.169757761395	26
120 81.5 0.13601875 0.0943879068437	16
121.5 81.5 -0.00506578947368 0.2043245356	19
123 81.5 -0.0460782051282 0.185767296352	39
124.5 81.5 0.033129245283 0.170758005059	53
126 81.5 0.116061764706 0.1592433118	17
127.5 81.5 0.0765522727273 0.165824222553	44
129 81.5 0.0116621212121 0.170894115166	33
130.5 81.5 0.0388590909091 0.154244802055	22
132 81.5 0.0568973684211 0.17802671887	19
133.5 81.5 -0.0223065217391 0.157686293363	23
135 81.5 -0.0637666666667 0.139387411935	12
136.5 81.5 0.00717083333333 0.118772716744	24
138 81.5 0.0409106060606 0.129727849997	99
139.5 81.5 0.000264285714286 0.115135527456	91
141 81.5 -0.063763559322 0.165768594898	59
142.5 81.5 0.013369047619 0.144535922175	42
144 81.5 0.069769047619 0.135183288832	42
145.5 81.5 0.0748857142857 0.138112587498	28
147 81.5 0.0385944444444 0.131805463763	9
148.5 81.5 0.18174 0.16578320817	10
150 81.5 0.08175 0.203062976685	17
151.5 81.5 0.0735075757576 0.180850876122	33
153 81.5 -0.0459804347826 0.154663838867	46
154.5 81.5 0.0114728571429 0.129134660872	35
156 81.5 0.0623546875 0.117506766343	64
157.5 81.5 0.0791930769231 0.122846313476	130
159 81.5 0.0369595238095 0.133847860602	84
160.5 81.5 0.0828453125 0.138887563351	128
162 81.5 0.0222186746988 0.128847479888	166
163.5 81.5 0.0212153594771 0.132413769518	153
165 81.5 0.056891015625 0.132530701428	256
166.5 81.5 0.0336966898955 0.13797605491	287
168 81.5 0.0612092 0.129649382857	375
169.5 81.5 0.0970036259542 0.126575665164	524
171 81.5 0.0889911057692 0.12210220257	416
172.5 81.5 0.0933555956679 0.123730415936	554
174 81.5 0.0866885775862 0.121632614163	464
175.5 81.5 0.0677036057692 0.129705399416	416
177 81.5 0.062858 0.119601551427	275
178.5 81.5 0.112939571695 0.104546520938	537
-180 81 0.0188110328638 0.123866946392	213
-178.5 81 0.0665358237548 0.132641705901	261
-177 81 0.0299319047619 0.1199034582	210
-175.5 81 0.070595971564 0.132772788808	211
-174 81 0.0904260714286 0.131256840746	280
-172.5 81 0.0578119047619 0.123635998547	252
-171 81 0.0615659883721 0.119496638425	344
-169.5 81 0.114874347826 0.107812555298	345
-168 81 0.0875972868217 0.119786079154	258
-166.5 81 0.0928573170732 0.136491182743	246
-165 81 0.118064202899 0.128020051123	345
-163.5 81 0.117598026316 0.137656711405	152
-162 81 0.145650568182 0.137289278531	176
-160.5 81 0.0933471153846 0.147376320017	208
-159 81 0.137678908555 0.110686196665	339
-157.5 81 0.13740994152 0.124753952578	342
-156 81 0.112500753769 0.133808377563	199
-154.5 81 0.0931903669725 0.144480955082	218
-153 81 0.107792580645 0.16458737937	155
-151.5 81 0.08662875 0.132354785924	160
-150 81 0.091967816092 0.131172678733	174
-148.5 81 0.0488437777778 0.124405196465	225
-147 81 0.0211008333333 0.126113623137	240
-145.5 81 0.0930066037736 0.134094402572	159
-144 81 0.0860608695652 0.134863634391	184
-142.5 81 0.0791881756757 0.145017043751	296
-141 81 0.0959134328358 0.148211211584	134
-139.5 81 0.0407910526316 0.143117778825	95
-138 81 0.036595045045 0.169983231654	111
-136.5 81 0.134820149254 0.124931728574	201
-135 81 0.107348648649 0.134280791977	74
-133.5 81 0.0950154320988 0.139770372541	81
-132 81 0.0970966257669 0.117699522893	163
-130.5 81 0.0612849137931 0.127152161755	232
-129 81 0.0128261316872 0.114628600803	243
-127.5 81 0.039838961039 0.098011888409	154
-126 81 0.113920434783 0.101606988786	230
-124.5 81 0.053199122807 0.112730907275	171
-123 81 0.0608288043478 0.126314537307	184
-121.5 81 0.0514144351464 0.0998845886048	239
-120 81 0.0741875 0.0997615761625	256
-118.5 81 0.0799611801242 0.108107019311	161
-117 81 0.0616579096045 0.11020048901	177
-115.5 81 0.066240990991 0.115774502256	111
-114 81 0.0419071428571 0.143168639243	63
-112.5 81 0.0091012195122 0.111386798256	82
-111 81 0.0743998007968 0.108072402906	251
-109.5 81 0.147127480916 0.136889622974	262
-108 81 0.177018456376 0.118617815694	447
-106.5 81 0.23689260355 0.117660552177	338
-105 81 0.0727118320611 0.139383385754	131
-103.5 81 0.146007647059 0.130745566073	170
-102 81 0.20168630137 0.12304415517	146
-100.5 81 0.197098 0.164129815769	50
-99 81 0.168617164179 0.124617838098	67
-97.5 81 0.179004166667 0.168906781544	24
-96 81 0.105675 0.218234227527	32
-94.5 81 0.367325641026 0.214851379026	234
-91.5 81 0.246033333333 0.32066137005	12
-90 81 0.19104375 0.332336603398	16
-88.5 81 0.184612790698 0.203210520705	43
-87 81 -0.12405 0.17393112941	10
-67.5 81 0.03855 NaN	1
-12 81 0.09635 0.0956075101653	6
-10.5 81 0.02905 0.140800252384	57
-9 81 0.0692045454545 0.140373761422	55
-7.5 81 0.0684586206897 0.129791186523	116
-6 81 0.0435328451883 0.1315295765	239
-4.5 81 -0.00874321266968 0.146287023594	221
-3 81 0.0574341269841 0.125108095676	252
-1.5 81 0.0634399408284 0.146382712535	169
0 81 0.0763645539906 0.141998655071	213
1.5 81 0.0515754716981 0.113316041758	212
3 81 0.0719458762887 0.123298775605	194
4.5 81 0.0753647058824 0.10961826744	68
6 81 0.0789432432432 0.120106856911	74
7.5 81 0.0552572 0.106019270293	125
9 81 -0.00934658119658 0.161747385488	117
10.5 81 -0.0312333333333 0.148722633337	6
12 81 0.101934722222 0.12248839745	72
18 81 0.225668181818 0.0330940166706	22
19.5 81 0.216726 0.0621845049788	75
52.5 81 -0.0673325 0.0686763867436	40
54 81 -0.134728571429 0.0748169714104	154
55.5 81 -0.149546629213 0.128749822109	89
60 81 -0.0854055555556 0.0994168133556	9
61.5 81 -0.0984156565657 0.15909909578	99
63 81 -0.0956621212121 0.11186772188	99
67.5 81 -0.08485 0.107868392034	3
69 81 -0.00701086956522 0.171549366369	46
70.5 81 0.0528868421053 0.104907144067	38
72 81 0.2519 0.121693077042	2
73.5 81 0.00530802469136 0.102257755507	243
75 81 0.00125912547529 0.0796320612793	263
76.5 81 0.0267436170213 0.14771482101	94
78 81 0.0107674603175 0.135013568661	63
79.5 81 -0.0507 0.0103944696834	2
84 81 0.0332 0.25745757903	2
87 81 0.2241 0.102318351238	2
88.5 81 0.17545 0.039446595906	57
91.5 81 0.0359342105263 0.143191671325	19
93 81 0.0323375 0.15777643711	8
94.5 81 -0.2889 0.012515790027	2
96 81 0.0342950549451 0.0928136104288	91
97.5 81 0.0126208609272 0.122578826863	453
99 81 0.0420187635575 0.0972390987541	461
100.5 81 0.000573529411765 0.149806738245	34
102 81 -0.04593 0.137560129277	25
103.5 81 0.110205339806 0.131829954143	103
105 81 0.123047333333 0.109873312764	75
106.5 81 0.0661694444444 0.134373814978	72
108 81 0.0407536036036 0.0917903697939	111
109.5 81 0.0870200564972 0.119583082361	177
111 81 0.106838333333 0.127199969475	60
112.5 81 0.000357 0.139316430942	100
114 81 0.104913218391 0.113897804167	87
115.5 81 0.118889130435 0.111114757098	115
117 81 0.159855172414 0.128732691117	58
118.5 81 0.0137857142857 0.115620058196	14
120 81 0.0956708333333 0.151898432826	24
121.5 81 0.046096875 0.122999714095	32
123 81 0.0780588235294 0.151958481905	34
124.5 81 0.0330108695652 0.173534486327	23
126 81 0.0752722222222 0.129165113463	18
127.5 81 0.103136666667 0.120554915061	45
129 81 0.0181 0.083949542996	14
130.5 81 -0.0546166666667 0.176126566707	9
132 81 0.0444078947368 0.219016367516	19
133.5 81 -0.0044 0.113349217024	2
135 81 -0.19525 0.0873983981547	2
136.5 81 0.044925 0.0830863922579	52
138 81 0.0420833333333 0.0850624476488	9
139.5 81 0.0323533333333 0.1185085374	30
145.5 81 -0.07575 0.0839472876082	32
147 81 -0.0250079150579 0.102465978307	259
148.5 81 0.0206149484536 0.0934342728442	97
150 81 0.0620120689655 0.100117361181	29
151.5 81 0.161106 0.141347320692	25
153 81 0.00767142857143 0.196798523207	14
154.5 81 0.0742125 0.0916038026867	64
156 81 0.0480617647059 0.129432370933	34
157.5 81 0.0376201754386 0.134621428146	57
159 81 0.07219 0.133379210938	135
160.5 81 0.0542638888889 0.119201893247	72
162 81 0.0619237288136 0.111667998023	118
163.5 81 0.07050625 0.198481561552	96
165 81 0.0880504545455 0.12078623349	220
166.5 81 0.0807709090909 0.131463523837	220
168 81 0.0686278877888 0.113744739517	303
169.5 81 0.0642695454545 0.128736744691	220
171 81 0.0789587155963 0.135301545004	218
172.5 81 0.0671123966942 0.122064198601	242
174 81 0.0686884384384 0.113137819888	333
175.5 81 0.042166 0.127480476197	175
177 81 0.0372446969697 0.123758951447	132
178.5 81 0.0556085106383 0.13695962199	188
-180 80.5 0.0993285714286 0.119744092944	70
-178.5 80.5 0.00627058823529 0.136252637996	68
-177 80.5 0.0310697916667 0.140025219999	96
-175.5 80.5 0.062744047619 0.136985974439	84
-174 80.5 0.0598686915888 0.140700799324	107
-172.5 80.5 0.0786837254902 0.114747732724	255
-171 80.5 0.0713748803828 0.151147983565	209
-169.5 80.5 0.0644518292683 0.13763731458	164
-168 80.5 0.0830662303665 0.125024677978	191
-166.5 80.5 0.101670168067 0.122328331862	119
-165 80.5 0.0780707142857 0.114102876398	140
-163.5 80.5 0.110913636364 0.1171421706	242
-162 80.5 0.0923098130841 0.143735904055	214
-160.5 80.5 0.101042028986 0.130442770437	138
-159 80.5 0.07095 0.150118477771	153
-157.5 80.5 0.156038815789 0.142078587315	152
-156 80.5 0.18195310559 0.0957182123621	161
-154.5 80.5 0.125156956522 0.133117297386	115
-153 80.5 0.0636019607843 0.15126311463	102
-151.5 80.5 0.0561107843137 0.136551876884	102
-150 80.5 0.0830897058824 0.136835455812	136
-148.5 80.5 0.0819912280702 0.108562900336	114
-147 80.5 0.0994286206897 0.0984356658056	290
-145.5 80.5 0.101168808777 0.0832892887469	319
-144 80.5 0.111857368421 0.131199240014	190
-142.5 80.5 0.0974995575221 0.127182861269	113
-141 80.5 0.155678431373 0.125571992981	102
-139.5 80.5 0.122586690647 0.108630327887	139
-138 80.5 0.0437029411765 0.183708672661	119
-136.5 80.5 0.022546039604 0.135207509348	101
-135 80.5 0.022791509434 0.133894360532	53
-133.5 80.5 -0.0139233333333 0.147278359609	60
-132 80.5 0.00965375 0.125121508987	80
-130.5 80.5 0.0342676923077 0.127561420661	130
-129 80.5 0.0522698529412 0.119172569439	136
-127.5 80.5 0.121644791667 0.121265822295	96
-126 80.5 0.0486784444444 0.0991686036766	225
-124.5 80.5 0.094684375 0.123265144615	32
-123 80.5 0.025703125 0.113951732121	96
-121.5 80.5 0.0831257009346 0.0947894367982	107
-120 80.5 0.0751506289308 0.0933406829891	159
-118.5 80.5 0.050237704918 0.0845468881383	122
-117 80.5 0.0331667346939 0.095671615208	245
-115.5 80.5 0.0448111111111 0.0950508427925	126
-114 80.5 0.0909740963855 0.107326909533	83
-112.5 80.5 0.042762173913 0.104705895667	115
-111 80.5 0.0990247252747 0.117902432829	182
-109.5 80.5 0.169954072398 0.130486214987	221
-108 80.5 0.2178035 0.122910857054	200
-106.5 80.5 0.158687634409 0.143539905006	93
-105 80.5 0.156592016807 0.15633213746	119
-103.5 80.5 0.134947560976 0.188022607634	82
-102 80.5 0.135763043478 0.143217990193	46
-100.5 80.5 0.280420322581 0.17772555202	155
-99 80.5 0.271245 0.158014808821	120
-97.5 80.5 0.337105555556 0.230561858743	45
-96 80.5 -0.0788178571429 0.153296239604	28
-91.5 80.5 0.756775 0.49784266842	4
-90 80.5 0.16855 NaN	1
-88.5 80.5 1.33025 NaN	1
-82.5 80.5 0.413678571429 0.537674401658	14
-81 80.5 -0.241 0.0513468272308	4
-79.5 80.5 1.0684 0.989457113472	26
-69 80.5 0.115716666667 0.172118747768	3
-15 80.5 0.09957 0.0647828486074	20
-13.5 80.5 0.01175 0.125413205616	57
-12 80.5 -0.0257895348837 0.112037021238	129
-10.5 80.5 0.02721 0.159351085134	25
-9 80.5 0.0570766666667 0.171819793194	30
-7.5 80.5 0.0330918181818 0.12620657477	55
-6 80.5 0.0349069444444 0.157392994123	72
-4.5 80.5 0.0691756410256 0.125280724182	39
-3 80.5 0.09394 0.130517358797	20
-1.5 80.5 -0.104068421053 0.162625586989	38
0 80.5 -0.0719090909091 0.148210275384	44
1.5 80.5 0.0757403225806 0.0941548842948	31
3 80.5 0.03555 0.192655983556	6
4.5 80.5 0.0503333333333 0.132038236843	60
15 80.5 -0.0165138888889 0.074294164663	72
16.5 80.5 -0.0381967741935 0.08049061185	62
58.5 80.5 0.0390611111111 0.0445921231327	108
60 80.5 0.0272444444444 0.0572502423922	36
87 80.5 0.04855 0.036672151105	7
88.5 80.5 0.0577923529412 0.058461521005	170
90 80.5 0.0766134831461 0.048007189471	178
91.5 80.5 0.101256451613 0.0521183073112	31
97.5 80.5 0.0915373469388 0.092790475477	245
99 80.5 0.0928451048951 0.084764714761	429
100.5 80.5 -0.0113782555283 0.0614406491032	407
102 80.5 -0.127116666667 0.122895582681	12
103.5 80.5 0.146445348837 0.13472087008	43
105 80.5 0.0844488636364 0.136251546016	88
106.5 80.5 0.052376035503 0.110044451664	169
108 80.5 0.0558476923077 0.086778298528	130
109.5 80.5 0.0519429347826 0.10316975403	184
111 80.5 0.0751697740113 0.115346772642	177
112.5 80.5 0.0595170103093 0.0914691144614	97
114 80.5 0.05145 0.195899569751	15
115.5 80.5 0.0963444444444 0.0956495531936	18
117 80.5 0.0664865853659 0.160942809339	41
118.5 80.5 0.097752173913 0.124317436855	46
120 80.5 -0.05645 0.147534423102	11
121.5 80.5 0.0392783333333 0.139747062177	60
123 80.5 0.0646615384615 0.147368374699	26
124.5 80.5 -0.010402173913 0.106078975166	23
127.5 80.5 0.20085 NaN	1
130.5 80.5 -0.21675 0.076325552733	3
133.5 80.5 0.12806875 0.169632226572	16
135 80.5 -0.00510882352941 0.0839147190517	17
136.5 80.5 0.06239 0.0822582728826	60
138 80.5 0.0571462264151 0.0731652922199	106
139.5 80.5 0.08235 0.00254558441227	2
153 80.5 -0.0329125 0.0698362152775	8
154.5 80.5 -0.0956166666667 0.0400874460815	3
156 80.5 0.06099375 0.114066722981	16
157.5 80.5 0.18515 NaN	1
159 80.5 0.120145945946 0.115027904225	74
160.5 80.5 0.076162195122 0.131754983404	82
162 80.5 0.0788342696629 0.0965234790662	178
163.5 80.5 0.0169844086022 0.116699905457	93
165 80.5 0.0983408333333 0.0923033129918	240
166.5 80.5 0.0920476190476 0.128177308459	84
168 80.5 0.0375240740741 0.133405981013	108
169.5 80.5 -0.00682169811321 0.132623365469	53
171 80.5 0.0820865853659 0.128384371826	123
172.5 80.5 -0.00678409090909 0.145431550179	44
174 80.5 0.0787349315068 0.129015838467	73
175.5 80.5 0.01015 0.173460534586	69
177 80.5 0.0175912371134 0.177458192701	97
178.5 80.5 0.0480104651163 0.18442037918	43
-180 80 0.0629956521739 0.158701532173	46
-178.5 80 0.0432231707317 0.147231228047	41
-177 80 0.0595917910448 0.16038559233	67
-175.5 80 0.0606556818182 0.114701560139	88
-174 80 0.0482485294118 0.12218253227	68
-172.5 80 0.0825761261261 0.1284556745	111
-171 80 0.116022352941 0.119487563663	170
-169.5 80 0.0892534334764 0.119457533885	233
-168 80 0.0795821678322 0.116484249435	143
-166.5 80 0.1177015625 0.11369361507	128
-165 80 0.0630186746988 0.139283926486	83
-163.5 80 0.109268181818 0.113888916351	176
-162 80 0.139784090909 0.0836046934928	176
-160.5 80 0.0861113333333 0.138150508231	150
-159 80 0.175618181818 0.100439379415	220
-157.5 80 0.202634322034 0.112843617491	236
-156 80 0.178846153846 0.127214215012	156
-154.5 80 0.119853271028 0.134501788873	214
-153 80 0.0834533112583 0.134630075598	151
-151.5 80 0.0521592307692 0.136385884904	65
-150 80 0.131723387097 0.119220797491	124
-148.5 80 0.106372012579 0.0993558873972	159
-147 80 0.107965037594 0.100801201364	133
-145.5 80 0.125412790698 0.105294817579	215
-144 80 0.101281538462 0.109900841166	130
-142.5 80 0.0941909090909 0.0945640516831	110
-141 80 0.119966393443 0.138611746953	61
-139.5 80 0.0450686440678 0.133098933225	59
-138 80 0.0476989361702 0.132975934195	47
-136.5 80 0.0322418918919 0.164348416862	74
-135 80 0.0450818181818 0.160190837014	88
-133.5 80 0.0996208860759 0.134556913019	158
-132 80 0.0440342105263 0.096061979229	57
-130.5 80 0.0386691176471 0.0879857268909	68
-129 80 0.012099009901 0.121422936779	202
-127.5 80 0.0722611111111 0.11173638914	180
-126 80 0.0480037142857 0.0929214108397	175
-124.5 80 0.0516486842105 0.082704295705	152
-123 80 0.0746912790698 0.0898214901844	172
-121.5 80 0.076613190184 0.116455806251	163
-120 80 0.0657231481481 0.0917980671697	216
-118.5 80 0.0545628099174 0.0888321254712	242
-117 80 0.0484635 0.110540965679	200
-115.5 80 0.0468018987342 0.0929559129263	158
-114 80 0.0417975409836 0.100555979404	122
-112.5 80 0.0718387417219 0.0942919738847	151
-111 80 0.0991328571429 0.100695557513	210
-109.5 80 0.0695079545455 0.0915432309697	176
-108 80 0.10190942623 0.0972548416881	244
-106.5 80 0.0868564516129 0.0979809534841	248
-105 80 0.162869736842 0.120487090919	152
-103.5 80 0.121754716981 0.118134423339	106
-102 80 0.069125 0.0920227650406	120
-100.5 80 0.137652197802 0.156031231901	91
-99 80 -0.03221 0.203175547249	5
-97.5 80 0.0137842105263 0.154491984401	114
-96 80 -0.125 0.107096381825	6
-87 80 0.7892 0.0115258405333	2
-82.5 80 -0.06545 0.0492146319706	2
-72 80 -0.02385 NaN	1
-70.5 80 -0.04146 0.181536916662	10
-69 80 0.07005 0.0957422581727	2
-67.5 80 -0.008075 0.154632003773	12
-66 80 0.108728625954 0.0699968032321	131
-64.5 80 -0.153983333333 0.121245384792	3
-16.5 80 0.145652325581 0.0945256566037	43
-15 80 0.131752857143 0.0643638256354	35
-13.5 80 0.0758441176471 0.201489063306	136
-12 80 0.122497747748 0.207125887944	222
-10.5 80 0.0221232758621 0.131109080611	116
-9 80 0.0521158823529 0.134442507232	85
-7.5 80 0.0574688481675 0.134808082534	191
-6 80 0.047275 0.141362784036	20
-4.5 80 0.0404261904762 0.145656983714	21
-3 80 0.135376923077 0.13496260388	26
-1.5 80 -0.0242833333333 0.143797365598	18
0 80 -0.027602 0.157306821001	25
1.5 80 -0.0138166666667 0.184828349196	6
7.5 80 0.0980221518987 0.0601411415493	79
82.5 80 0.12998 0.135057996184	10
93 80 -0.0855777777778 0.0919477524631	18
97.5 80 -0.05545 0.14170419895	2
99 80 0.0891379518072 0.099703688311	83
100.5 80 -0.0396026582278 0.0832072073324	395
102 80 -0.0316770471464 0.0812648375306	403
103.5 80 0.058873853211 0.105325099436	218
105 80 0.164062912088 0.0835882428977	364
106.5 80 0.123469708029 0.0654200851228	411
108 80 -0.0155049618321 0.096215563441	131
109.5 80 -0.000838888888889 0.195341621988	18
111 80 0.0765576923077 0.165916191	13
112.5 80 -0.00587 0.131566931364	15
114 80 0.0595642857143 0.11378691175	21
115.5 80 0.13074 0.0537340811188	20
117 80 0.181407142857 0.249434820191	7
118.5 80 0.18445 NaN	1
120 80 0.1714 0.0710642315092	2
123 80 -0.18715 NaN	1
130.5 80 0.267283333333 0.048111363869	3
132 80 0.0558416666667 0.127163033925	12
148.5 80 0.0182821428571 0.0786420893719	56
150 80 -0.13705 0.0963959024025	3
156 80 -0.136464285714 0.124041316082	7
157.5 80 0.11015 0.040028775364	8
159 80 0.033 0.110751765768	30
160.5 80 0.005825 0.10796264819	48
162 80 0.0397620689655 0.118512588831	58
163.5 80 0.0291666666667 0.112823405555	108
165 80 0.0898330985915 0.107799234837	142
166.5 80 0.039453125 0.129351314727	96
168 80 0.0206603448276 0.15265313016	87
169.5 80 0.0954068181818 0.102918522394	88
171 80 0.0871373015873 0.140983090375	63
172.5 80 0.0500192307692 0.106467847577	143
174 80 -0.0147048387097 0.120227411126	62
175.5 80 0.0627382352941 0.151600651248	51
177 80 -0.09799 0.129544907272	5
178.5 80 0.0440676470588 0.170826579589	17
-180 79.5 0.0839625 0.147139090093	16
-178.5 79.5 0.180773809524 0.115037376121	21
-177 79.5 0.0621086206897 0.146245032925	29
-175.5 79.5 0.0558980769231 0.124565925136	104
-174 79.5 0.06931 0.144759084056	145
-172.5 79.5 0.0310897260274 0.141217589929	73
-171 79.5 0.0461740740741 0.118590809773	108
-169.5 79.5 0.0750941176471 0.155120608386	34
-168 79.5 0.113848969072 0.141194985964	97
-166.5 79.5 0.0600709302326 0.165878844	129
-165 79.5 0.105219897959 0.126746623733	196
-163.5 79.5 0.055625 0.152087955854	96
-162 79.5 0.0988276595745 0.139781304728	94
-160.5 79.5 0.085326744186 0.0983467800309	129
-159 79.5 0.113622222222 0.123907380661	126
-157.5 79.5 0.0324611111111 0.1587643277	81
-156 79.5 0.135895588235 0.135625516502	68
-154.5 79.5 0.125026351351 0.118241553961	148
-153 79.5 0.132087073171 0.111953614306	205
-151.5 79.5 0.0693081818182 0.166600251979	55
-150 79.5 0.118235542169 0.118480704295	249
-148.5 79.5 0.125278313253 0.0999269702098	166
-147 79.5 0.106634337349 0.124063748839	83
-145.5 79.5 0.0502349056604 0.140044927344	106
-144 79.5 0.0864728070175 0.138276130335	57
-142.5 79.5 0.0904862903226 0.131308503081	124
-141 79.5 0.071781292517 0.130169593172	147
-139.5 79.5 0.0828361538462 0.155918326854	65
-138 79.5 0.0599543478261 0.156396098213	46
-136.5 79.5 0.0157618644068 0.126942643965	59
-135 79.5 0.140390816327 0.111113385793	98
-133.5 79.5 -0.00527027027027 0.118777827574	74
-132 79.5 -0.0249753968254 0.135348497576	63
-130.5 79.5 -0.0906023809524 0.108273887666	42
-129 79.5 0.0802253731343 0.0916862354988	134
-127.5 79.5 0.045322519084 0.11403360372	131
-126 79.5 0.0479119318182 0.123922698369	176
-124.5 79.5 0.101290601504 0.100053678046	133
-123 79.5 0.0284930769231 0.103993423616	195
-121.5 79.5 0.0380451807229 0.110421140499	83
-120 79.5 0.0686086666667 0.115310605327	75
-118.5 79.5 0.0875776190476 0.0792829493446	105
-117 79.5 0.0559514285714 0.103172837248	70
-115.5 79.5 0.0185861502347 0.137628677211	213
-114 79.5 0.0373389830508 0.092271568515	118
-112.5 79.5 0.0187928571429 0.100803290482	112
-111 79.5 0.0337231958763 0.155494952702	97
-109.5 79.5 0.0730344155844 0.114101725234	77
-108 79.5 0.008925 0.0933273965603	40
-106.5 79.5 0.0708592307692 0.117153125923	65
-105 79.5 0.102263235294 0.101363695604	136
-103.5 79.5 0.11614893617 0.17427281017	94
-102 79.5 0.139589739414 0.0832312887995	307
-100.5 79.5 0.0878953703704 0.113026159725	108
-99 79.5 0.306753703704 0.107311632753	27
-97.5 79.5 0.317360810811 0.146308310766	74
-96 79.5 -0.1341 0.234264476607	2
-72 79.5 -0.199895454545 0.116531891107	22
-70.5 79.5 0.00147769230769 0.136993664894	65
-69 79.5 0.0412886363636 0.153598731547	44
-67.5 79.5 -0.0763928571429 0.036821952562	7
-66 79.5 -0.107394444444 0.107701301189	9
-18 79.5 -0.086475 0.0462026243843	4
-16.5 79.5 0.101939423077 0.123182518239	104
-15 79.5 0.0276384057971 0.105883359155	69
-13.5 79.5 0.0192841463415 0.120707109587	41
-12 79.5 0.00429130434783 0.149003978435	46
-10.5 79.5 0.00213333333333 0.0789965434336	78
-9 79.5 -0.0241583333333 0.137625377274	12
-7.5 79.5 -0.0894722222222 0.0868592949786	18
-6 79.5 -0.0158966666667 0.161566544745	15
-4.5 79.5 0.04244375 0.119942066397	16
-3 79.5 0.0945125 0.238625300643	8
-1.5 79.5 0.163715625 0.0961644277648	32
0 79.5 0.0672115384615 0.100478324337	26
81 79.5 -0.0725 0.100445661927	6
100.5 79.5 0.122516473988 0.259607362582	173
102 79.5 0.232507006369 0.118020725282	314
103.5 79.5 0.0561812820513 0.119637853868	195
105 79.5 0.119433333333 0.0629346931189	132
106.5 79.5 0.0136003875969 0.0769294117642	129
108 79.5 0.00485163934426 0.141813557758	61
109.5 79.5 0.00112142857143 0.221813019713	7
111 79.5 -0.07915 0.23106799865	4
114 79.5 -0.07185 NaN	1
151.5 79.5 0.00975 NaN	1
153 79.5 -0.0111322222222 0.133531872751	45
154.5 79.5 0.02563 0.198661903027	15
156 79.5 0.0890653846154 0.103343503635	13
157.5 79.5 0.10078 0.056088462866	10
159 79.5 0.04399 0.248087409999	5
160.5 79.5 0.04155 0.160153481074	17
162 79.5 0.0619225490196 0.115011771708	51
163.5 79.5 0.0391355072464 0.113231287605	69
165 79.5 -0.00480555555556 0.143987117369	36
166.5 79.5 0.0228115384615 0.149140733743	26
168 79.5 0.0261718181818 0.116821319228	55
169.5 79.5 0.0924853846154 0.119314369984	65
171 79.5 0.013970754717 0.180159122358	53
172.5 79.5 0.078625 0.127462317961	4
174 79.5 -0.11249 0.170360068678	5
175.5 79.5 -0.0411878640777 0.0979601520793	103
177 79.5 -0.0126071428571 0.155226274163	7
178.5 79.5 0.0467083333333 0.130398095867	24
-180 79 -0.0201209677419 0.148984055508	31
-178.5 79 0.0692071428571 0.121144362802	35
-177 79 -0.111838888889 0.135512282443	18
-175.5 79 0.0215875 0.152379267386	32
-174 79 -0.03395 0.109305791246	6
-172.5 79 -0.0619833333333 0.158373733091	21
-171 79 -0.0645285714286 0.116694793012	84
-169.5 79 -0.047603968254 0.138221963645	63
-168 79 0.112238957055 0.116334033218	163
-166.5 79 0.0829994623656 0.163270078081	93
-165 79 0.0221106060606 0.133728921095	33
-163.5 79 0.0665791666667 0.120904315308	24
-162 79 0.114695882353 0.124410465561	85
-160.5 79 0.0695463636364 0.154990765512	55
-159 79 0.0854559405941 0.112044556157	101
-157.5 79 -0.00340555555556 0.149621398803	45
-156 79 0.0109992537313 0.135083578363	67
-154.5 79 0.0175638613861 0.135199239665	101
-153 79 0.0916995726496 0.138788189292	117
-151.5 79 0.0407675675676 0.139037489055	148
-150 79 0.133556956522 0.101726824355	115
-148.5 79 0.0455566666667 0.133987411332	60
-147 79 0.0281308510638 0.173031029686	47
-145.5 79 0.0871923728814 0.0851120502903	59
-144 79 0.109710606061 0.185891486857	66
-142.5 79 0.0461545977011 0.124113780233	87
-141 79 0.041874137931 0.15348606464	58
-139.5 79 0.0420664179104 0.144511636077	134
-138 79 -0.0403151162791 0.15290184197	43
-136.5 79 0.0895215151515 0.160428744082	165
-135 79 0.1063475 0.118279483206	40
-133.5 79 -0.0430166666667 0.145596563177	60
-132 79 -0.0105866666667 0.144050059506	30
-130.5 79 0.00044756097561 0.141511230098	41
-129 79 -0.11073 0.110709166538	10
-127.5 79 0.0141204918033 0.143048155463	61
-126 79 0.0601221518987 0.110035325256	79
-124.5 79 0.0143158227848 0.141373227515	79
-123 79 0.0433583916084 0.116078488803	143
-121.5 79 0.0444516666667 0.137381363324	120
-120 79 0.0512053191489 0.0946371556055	47
-118.5 79 0.119826404494 0.106751460521	89
-117 79 0.0827435483871 0.099871607584	93
-115.5 79 0.0226081395349 0.117859048883	86
-114 79 0.0864204545455 0.178498894783	88
-112.5 79 0.0571190265487 0.13316183835	113
-111 79 0.0778216814159 0.122482582923	113
-109.5 79 0.0323215189873 0.0817845796218	158
-108 79 0.00912037037037 0.0855783419512	81
-106.5 79 0.0164609090909 0.130064140022	220
-105 79 0.0294166666667 0.114534626597	117
-103.5 79 -0.0401919354839 0.0832742608261	31
-102 79 0.15481 0.175301905929	10
-100.5 79 -0.0023201754386 0.0838520068122	171
-99 79 0.141830295567 0.127101092944	203
-97.5 79 0.130764634146 0.143143050957	410
-96 79 0.173274516129 0.146522126489	155
-94.5 79 0.120579090909 0.189594740973	55
-85.5 79 0.0600033333333 0.204646688798	90
-73.5 79 -0.239568181818 0.0479424200095	11
-72 79 -0.033538 0.150489037031	25
-70.5 79 -0.0593852941176 0.121561938642	17
-69 79 0.13387 0.0758086237085	15
-67.5 79 0.138216666667 0.070462779773	3
-19.5 79 0.21295 NaN	1
-18 79 0.19405 0.140768954973	153
-16.5 79 0.086545890411 0.0583879350131	73
-15 79 0.191715454545 0.250482400062	110
-13.5 79 0.227336772487 0.204673014739	189
-12 79 -0.0546569444444 0.121777217576	144
-10.5 79 0.0142387445887 0.111160805001	231
-9 79 0.106901282051 0.117630542165	156
-7.5 79 0.0656957831325 0.118534978167	83
-6 79 -0.06525 NaN	1
-4.5 79 -0.0133166666667 0.0566961962275	6
-3 79 -0.0435807692308 0.112316380599	65
-1.5 79 -0.0490476190476 0.109199440471	42
82.5 79 0.0475333333333 0.149122076389	6
100.5 79 0.267299425287 0.158590898334	174
103.5 79 0.253690322581 0.0560270966636	62
105 79 0.081855625 0.063183002896	160
106.5 79 -0.0001525 0.129951666533	40
108 79 -0.15005 NaN	1
109.5 79 0.04375 0.177763649265	9
111 79 0.10225 NaN	1
115.5 79 -0.01535 NaN	1
148.5 79 0.11525 NaN	1
150 79 -0.0393976190476 0.132779714637	21
153 79 0.20325 0.115423080448	9
154.5 79 0.1569 0.157439534425	6
156 79 -0.09554375 0.126318034969	16
157.5 79 0.09083 0.0961197203054	20
159 79 0.09355 0.0720402202477	10
160.5 79 0.0480261904762 0.141040288233	21
162 79 0.0370364864865 0.158492061074	37
163.5 79 0.0549349673203 0.0993637137062	153
165 79 0.0360541237113 0.131081281175	97
166.5 79 0.0407045454545 0.106822006062	66
168 79 0.0466666666667 0.120955378401	66
169.5 79 -0.0223818181818 0.152309666974	22
171 79 0.0823888888889 0.152314797429	54
172.5 79 -0.034625 0.167905388041	16
174 79 0.0654357142857 0.146614502628	28
175.5 79 -0.061395 0.199676320909	20
177 79 0.0276961538462 0.176578144131	26
178.5 79 0.05548 0.118118312156	10
-180 78.5 0.0795203703704 0.221338112076	27
-178.5 78.5 -0.0935727272727 0.127628914965	22
-177 78.5 0.017875 0.1955153538	8
-175.5 78.5 -0.085165 0.112894441964	20
-174 78.5 0.16415 0.121244711225	3
-172.5 78.5 0.0483708333333 0.127252374981	24
-171 78.5 -0.00511976744186 0.15923433097	43
-169.5 78.5 0.0787196969697 0.158890682713	33
-168 78.5 0.00508823529412 0.187510266409	34
-166.5 78.5 -0.0325428571429 0.151437686928	14
-165 78.5 -0.0129528985507 0.109242233498	69
-163.5 78.5 0.0124198113208 0.142604509025	53
-162 78.5 0.0252361538462 0.111552224144	65
-160.5 78.5 -0.0049358974359 0.13379335076	78
-159 78.5 0.130346610169 0.155334650557	118
-157.5 78.5 0.0221221649485 0.112685618853	97
-156 78.5 -0.00246964285714 0.144261495423	56
-154.5 78.5 0.093335786802 0.115666764938	197
-153 78.5 0.0254867346939 0.1934769029	49
-151.5 78.5 0.10820952381 0.122845808687	42
-150 78.5 0.06141875 0.102777498956	16
-148.5 78.5 -0.151278571429 0.0779766143209	7
-147 78.5 -0.0194092592593 0.168648271353	27
-145.5 78.5 0.0363363636364 0.150504093586	22
-144 78.5 0.0336349056604 0.14988592508	53
-142.5 78.5 0.0907473333333 0.14750915315	75
-141 78.5 0.05639375 0.155306919064	48
-139.5 78.5 0.0925652173913 0.146085709952	46
-138 78.5 0.0940206666667 0.143591001161	75
-136.5 78.5 0.0196878640777 0.154546446548	103
-135 78.5 0.0490020547945 0.156770664161	73
-133.5 78.5 0.0413903508772 0.146688818908	57
-132 78.5 0.0141011111111 0.156562451411	45
-130.5 78.5 -0.023399122807 0.146916110809	57
-129 78.5 0.0443669491525 0.130146477362	59
-127.5 78.5 -0.0292007462687 0.143835479853	67
-126 78.5 -0.00155543478261 0.115075209391	92
-124.5 78.5 -0.0134794117647 0.156523895	17
-123 78.5 0.0161321052632 0.128784986553	95
-121.5 78.5 0.0428154205607 0.128851576237	107
-120 78.5 0.0442778481013 0.14223939277	79
-118.5 78.5 0.0958136363636 0.152566687045	44
-117 78.5 0.0702932432432 0.139280576271	74
-115.5 78.5 0.0529932692308 0.152592935721	104
-114 78.5 0.101373809524 0.147757351248	84
-112.5 78.5 0.0450716216216 0.141093485456	148
-111 78.5 0.209919230769 0.219499266458	39
-109.5 78.5 0.0316032163743 0.0820049189963	171
-108 78.5 -0.0043685106383 0.0726491925558	470
-106.5 78.5 0.0230525210084 0.0925246245815	238
-105 78.5 0.0531947058824 0.114146946339	85
-103.5 78.5 0.0382311320755 0.149033589472	53
-100.5 78.5 1.34075 NaN	1
-99 78.5 0.163120422535 0.162709315208	71
-96 78.5 0.0269865384615 0.175768433859	104
-94.5 78.5 -0.106003608247 0.117233493918	97
-93 78.5 0.0441277777778 0.185182530899	81
-88.5 78.5 0.835926923077 0.0842175444027	78
-73.5 78.5 -0.0526590909091 0.0942979316497	22
-72 78.5 -0.039225 0.0542818800338	4
-21 78.5 0.0602318181818 0.152196490224	11
-19.5 78.5 0.209588235294 0.129381341483	34
-18 78.5 0.66795 1.18682624887	5
-16.5 78.5 0.0146347058824 0.0935113457668	85
-15 78.5 0.0802596774194 0.10023338218	31
-13.5 78.5 -0.04775 NaN	1
-12 78.5 0.044112 0.113799718249	50
-10.5 78.5 0.0642884 0.119681569298	125
-9 78.5 0.0561508547009 0.131742388706	117
-7.5 78.5 0.003975 0.186064397101	20
-6 78.5 0.02081 0.162916644331	5
-4.5 78.5 -0.0219357142857 0.0498279181641	7
105 78.5 -0.2304 0.0411670615483	24
106.5 78.5 -0.159315030675 0.0988107010085	163
150 78.5 0.0678868421053 0.154017066913	19
151.5 78.5 0.0172120689655 0.0583640815044	29
153 78.5 0.176407142857 0.145658471534	14
154.5 78.5 0.113581578947 0.155661438358	19
156 78.5 0.025075 0.1312409752	8
157.5 78.5 0.08013 0.0810779437427	105
159 78.5 0.0835744444444 0.133238235291	45
160.5 78.5 -0.0196222222222 0.124011459649	18
162 78.5 0.0850489473684 0.0804833000978	95
163.5 78.5 0.121636666667 0.0947325288515	60
165 78.5 0.0230908536585 0.080279843228	164
166.5 78.5 -0.0860875 0.140021066156	24
168 78.5 0.0210155172414 0.123448269316	29
169.5 78.5 0.00899285714286 0.217386582361	7
171 78.5 -0.0288462962963 0.0870311548173	27
172.5 78.5 -0.03931 0.0996478005489	390
174 78.5 -0.00414136904762 0.104899806994	336
175.5 78.5 0.0381490353698 0.0867992721411	311
177 78.5 -0.00392142857143 0.10808047975	98
178.5 78.5 0.00872105263158 0.136434922429	38
-180 78 -0.02033 0.152412888052	10
-178.5 78 0.0720333333333 0.108224644452	6
-177 78 0.135683333333 0.102209562501	6
-175.5 78 0.0524175675676 0.157874352386	37
-174 78 -0.0402465517241 0.137848883313	29
-172.5 78 -0.00296632653061 0.129287752944	49
-171 78 -0.0615859550562 0.115802174818	89
-169.5 78 -0.01095 NaN	1
-168 78 -0.00596481481481 0.0723073325633	54
-166.5 78 0.000362698412698 0.127036380987	63
-165 78 -0.01513 0.0819611924324	155
-163.5 78 -0.0286169421488 0.0693149021938	242
-162 78 0.0013367816092 0.0704165713713	174
-160.5 78 0.1157375 0.125876327486	8
-159 78 0.0291187258687 0.0916536008309	259
-157.5 78 -0.00834473684211 0.104595492439	76
-156 78 -0.0305810344828 0.149386521919	29
-154.5 78 -0.0320208333333 0.119020895641	48
-153 78 0.01885 NaN	1
-151.5 78 0.0451714285714 0.173477394575	14
-150 78 0.0425967741935 0.137054084954	62
-148.5 78 0.0202034883721 0.115397291684	43
-147 78 0.0419953125 0.11896671127	64
-145.5 78 0.110565 0.0656200858478	40
-142.5 78 0.137253225806 0.109289314769	31
-141 78 -0.0325678571429 0.164212391948	28
-139.5 78 0.0324 0.225856344988	8
-138 78 0.0704460784314 0.186439471101	51
-136.5 78 0.0516233333333 0.108793000694	45
-135 78 0.0558612359551 0.11084579526	89
-133.5 78 -0.0661347222222 0.136576256015	72
-132 78 0.001736 0.164628340866	50
-130.5 78 0.0522755813953 0.153084449294	43
-129 78 0.0349730769231 0.110875917341	26
-127.5 78 -0.0504277777778 0.131280653812	18
-126 78 -0.04561 0.144254958503	20
-124.5 78 -0.00363387096774 0.122022959853	31
-123 78 -0.0183628205128 0.0889991570936	78
-121.5 78 -0.070802 0.0901760981047	50
-120 78 -0.0166972727273 0.222029863569	55
-118.5 78 -0.0242664705882 0.16325094388	85
-117 78 -0.0540030612245 0.142682219901	49
-115.5 78 0.0304675 0.117563625736	40
-114 78 -0.0322389655172 0.0999074252866	145
-112.5 78 0.00583394160584 0.17646554831	137
-111 78 0.0707390243902 0.0919294079764	82
-109.5 78 -0.0094490990991 0.125915785346	111
-108 78 -0.0429863157895 0.113049541966	190
-106.5 78 0.0249690114068 0.0720965617581	263
-105 78 0.0278875 0.163040961799	40
-103.5 78 -0.0413367647059 0.111655226137	68
-102 78 -0.00637331081081 0.0968881205073	296
-100.5 78 -0.0858052631579 0.106901904257	38
-99 78 0.123896464646 0.0655554420492	99
-97.5 78 0.0131375 0.179402352569	8
-96 78 -0.02715 NaN	1
-94.5 78 -0.206913636364 0.0463916861674	11
-93 78 0.238663333333 0.158931968561	75
-91.5 78 0.0527008474576 0.169722904366	59
-90 78 0.0833059585492 0.289465805581	386
-88.5 78 0.279056493506 0.247041617008	539
-76.5 78 0.33185 0.168742318344	3
-75 78 0.0692055555556 0.163748413054	9
-73.5 78 0.0554385714286 0.150832667373	175
-72 78 -0.0861307017544 0.111716353897	57
-19.5 78 0.154833333333 0.236512132433	12
-18 78 0.322083566434 0.164468185178	143
-16.5 78 0.141409119497 0.173752815919	159
-15 78 0.0174308219178 0.147822309489	73
-13.5 78 0.00440740740741 0.123399009834	162
-12 78 5.76923076923e-05 0.156522363266	39
-9 78 0.0560727272727 0.144284162234	44
-7.5 78 0.101002941176 0.124588815474	51
-6 78 0.0319214285714 0.190191129431	7
-4.5 78 0.08411 0.182387646999	10
106.5 78 -0.0511 0.116842061015	10
145.5 78 0.170492105263 0.153840831582	19
147 78 0.136983333333 0.116563806897	69
148.5 78 -0.11055 0.191022223838	5
150 78 -0.06117 0.0957995947007	30
151.5 78 -0.010125308642 0.0623313742369	243
153 78 0.0275487951807 0.141415970477	83
154.5 78 0.071782 0.172886134782	25
156 78 0.0787225 0.145837969428	40
157.5 78 0.102703191489 0.113065538615	47
159 78 0.0564315789474 0.13196346926	38
160.5 78 0.102548360656 0.0869755564218	183
162 78 0.0918763157895 0.150830680795	19
163.5 78 0.00175297619048 0.0807931471464	168
165 78 0.00310762711864 0.0410364648751	59
166.5 78 0.14225 0.0148492424049	2
168 78 -0.0434666666667 0.157390894485	6
169.5 78 -0.0336348484848 0.158613947844	33
171 78 -0.0134250972763 0.10117844309	257
172.5 78 -0.0136099378882 0.0743138225068	322
174 78 -0.0117243902439 0.107091677364	82
175.5 78 -0.0625067567568 0.121710533623	74
177 78 -0.0374331858407 0.118923476974	113
178.5 78 -0.0366484615385 0.107419368732	65
-180 77.5 -0.041302173913 0.149548134147	23
-178.5 77.5 6.5e-05 0.172292222004	20
-177 77.5 -0.0705766666667 0.164953475981	15
-175.5 77.5 0.0369071428571 0.175809000257	21
-174 77.5 -0.0435611111111 0.218359562674	9
-172.5 77.5 -0.0186020547945 0.128076279474	73
-171 77.5 0.00776642651297 0.0442421697578	347
-169.5 77.5 0.018178021978 0.0574281606037	182
-168 77.5 -0.00707 0.0575796551033	265
-166.5 77.5 -0.07413 0.230722250769	5
-165 77.5 0.144290983607 0.0496989295229	122
-163.5 77.5 0.12785 0.0440936125382	4
-162 77.5 0.00536911764706 0.0660634863173	136
-160.5 77.5 0.0190180851064 0.0507909188493	47
-159 77.5 0.00432818181818 0.057488959262	110
-156 77.5 -0.122471428571 0.0944665441679	14
-154.5 77.5 0.0169776595745 0.082422318374	47
-153 77.5 -0.0541095744681 0.157251166664	47
-151.5 77.5 0.0554026315789 0.108087451057	19
-150 77.5 -0.00719615384615 0.155863282053	13
-148.5 77.5 0.0995586206897 0.120608469466	58
-147 77.5 0.0553573170732 0.148297384317	41
-145.5 77.5 -0.037402 0.134890687596	25
-144 77.5 -0.0498 0.192459190479	16
-142.5 77.5 -0.0788034883721 0.170522079772	43
-141 77.5 0.0102196969697 0.170930138296	33
-139.5 77.5 0.0521423076923 0.106561317271	26
-138 77.5 -0.0482772727273 0.182853559391	11
-136.5 77.5 -0.0249911764706 0.133079974717	51
-135 77.5 -0.0792375 0.175776504124	24
-133.5 77.5 0.0327145833333 0.147740752301	96
-132 77.5 0.0129983146067 0.144212199327	89
-130.5 77.5 0.0321679487179 0.138123969626	39
-129 77.5 -0.0415 0.109369988266	106
-127.5 77.5 -0.0144909090909 0.100815453604	66
-126 77.5 0.082977027027 0.102979023346	37
-124.5 77.5 0.0501595652174 0.105047234133	115
-123 77.5 -0.0585777777778 0.134863510672	108
-121.5 77.5 -0.0510153846154 0.108735074289	208
-120 77.5 -0.0344123853211 0.134300402866	218
-118.5 77.5 0.0309796296296 0.139283872401	81
-117 77.5 -0.0171558823529 0.260272469052	34
-115.5 77.5 0.021500877193 0.182375956007	57
-114 77.5 -0.0474922535211 0.0953758517424	142
-112.5 77.5 -0.136675 0.0796939758622	72
-111 77.5 -0.0327514285714 0.09868393919	140
-109.5 77.5 0.0528173366834 0.0710236031932	199
-108 77.5 0.0726066666667 0.0625767097984	30
-106.5 77.5 0.032338372093 0.078433928831	129
-105 77.5 0.02226 0.138095324302	70
-103.5 77.5 0.0706634615385 0.118830754633	52
-102 77.5 -0.000528423236515 0.111863245897	241
-100.5 77.5 -0.0320305755396 0.103072168946	139
-99 77.5 0.0275034534535 0.0827270659176	333
-97.5 77.5 0.0262647368421 0.139124004818	95
-96 77.5 -0.0269192307692 0.0655847918122	52
-94.5 77.5 0.00315 0.136703284525	6
-93 77.5 0.138857692308 0.136097680293	104
-91.5 77.5 -0.0676459459459 0.177398662131	74
-90 77.5 -0.0906667938931 0.0672395581286	131
-88.5 77.5 0.364839583333 0.264086467541	144
-79.5 77.5 0.723725 0.685956548321	20
-78 77.5 0.12897 0.239811582521	10
-76.5 77.5 0.0858558823529 0.241532835425	17
-75 77.5 -0.0554166666667 0.112534895329	6
-73.5 77.5 -0.0720611111111 0.0808143465674	9
-72 77.5 -0.172755882353 0.0580805742112	119
-19.5 77.5 0.16 0.0597505230103	2
-18 77.5 0.390367647059 0.0935952271439	17
-16.5 77.5 0.200227777778 0.118824889836	9
-15 77.5 0.0511575 0.14051367191	40
-13.5 77.5 -0.00445 0.119544060915	17
-12 77.5 -0.0626153846154 0.128427688424	26
-10.5 77.5 0.0693147058824 0.0614899999976	119
-9 77.5 -0.0222772727273 0.164749137465	33
-7.5 77.5 -0.0859576923077 0.108754115042	26
150 77.5 -0.0108176691729 0.0617660720697	133
151.5 77.5 0.0219376923077 0.153104760405	65
153 77.5 0.0254590909091 0.123082740094	11
154.5 77.5 0.0537239130435 0.118890771939	23
156 77.5 0.0245366666667 0.118800708672	15
157.5 77.5 0.1150375 0.087227964647	80
159 77.5 0.0888205882353 0.110358211594	34
160.5 77.5 0.10035 0.154749798061	5
162 77.5 0.0141321428571 0.112869045895	28
163.5 77.5 -0.08105625 0.0569050140585	16
165 77.5 0.03701 0.0944586840899	5
166.5 77.5 -0.109347727273 0.0996879911329	44
168 77.5 0.05045 0.124167950776	2
169.5 77.5 0.00997527472527 0.0945100401408	91
171 77.5 0.0105724334601 0.0714824975619	526
172.5 77.5 0.03835 0.121552304959	177
174 77.5 -0.0114987179487 0.185418881216	39
175.5 77.5 -0.02795 0.165412665136	48
177 77.5 0.00272407407407 0.158306843218	27
178.5 77.5 -0.112883333333 0.152892522163	3
-180 77 -0.121425 0.120719356469	20
-178.5 77 -0.0368968253968 0.0751716656051	126
-177 77 -0.0353473913043 0.102737130505	230
-175.5 77 -0.00802708333333 0.0907228880529	96
-174 77 0.063887704918 0.107356960904	61
-172.5 77 -0.0220072815534 0.0537650181517	103
-171 77 -0.0121444827586 0.0667945361662	435
-169.5 77 0.0165728621291 0.0771769152153	573
-168 77 0.0505692878338 0.104398890545	337
-166.5 77 -0.0131570866142 0.0528751264865	254
-163.5 77 -0.01905 0.0812327314982	7
-162 77 0.0272136363636 0.10836136007	198
-160.5 77 0.0121401060071 0.0883610808613	283
-159 77 -0.0574603703704 0.0465707426477	135
-157.5 77 -0.031594 0.0650347821779	100
-156 77 -0.0340333333333 0.176349385218	6
-154.5 77 0.0411116740088 0.0538726923027	227
-153 77 -0.04645 0.115291283278	4
-151.5 77 -0.0467441176471 0.122750506468	17
-150 77 -0.0112944444444 0.146572526897	27
-147 77 0.00407716049383 0.156429093372	81
-145.5 77 -0.0472431034483 0.136992348407	29
-144 77 0.0814787401575 0.0992411619346	254
-142.5 77 -0.00611923076923 0.118930255618	52
-141 77 0.025235 0.121018168601	20
-139.5 77 -0.082845 0.113236389797	40
-138 77 -0.0619785714286 0.179216995602	35
-136.5 77 0.0523009433962 0.125879998751	53
-135 77 -0.0225571895425 0.109416785314	153
-133.5 77 -0.0483886363636 0.134048681223	44
-132 77 0.0145817073171 0.140288350263	41
-130.5 77 -0.0191470588235 0.16432488658	68
-129 77 -0.0213166666667 0.133069825029	129
-127.5 77 0.0181879310345 0.123514575235	29
-126 77 0.0746321428571 0.0895872679816	56
-124.5 77 0.0256666666667 0.0851753113682	6
-123 77 -0.0398442857143 0.109721304061	175
-121.5 77 -0.00350612903226 0.157017057177	155
-120 77 0.00926463414634 0.218711599556	41
-115.5 77 0.0264919354839 0.0880059424561	186
-114 77 -0.0257600775194 0.114907328044	129
-112.5 77 -0.141386111111 0.116926437021	108
-111 77 -0.0336412280702 0.126692421806	57
-109.5 77 0.0135935483871 0.102444180116	62
-108 77 0.023825 0.0624483368292	12
-106.5 77 0.079675 0.0597172140019	28
-105 77 0.00698860759494 0.104183552331	158
-103.5 77 0.0178403846154 0.0851608866595	156
-102 77 0.0528267676768 0.139226037639	99
-100.5 77 -0.0813754901961 0.114414907845	51
-99 77 0.0390636929461 0.106774514843	241
-97.5 77 0.0242308080808 0.108341934433	198
-96 77 0.0084875 0.0693964786571	8
-94.5 77 0.01025 0.182384008802	7
-93 77 0.17526 0.110767717604	20
-91.5 77 -0.0188666163142 0.1264268925	331
-90 77 -0.0738199029126 0.081769682328	103
-79.5 77 -0.262125 0.035630359246	4
-78 77 -0.25130862069 0.0578445362109	29
-76.5 77 -0.07345 0.12882560822	46
-75 77 -0.140175 0.0730523862469	12
-16.5 77 0.005475 0.0668162343047	4
-15 77 0.149975 0.0818957656327	8
-13.5 77 -0.0636404761905 0.051125687328	21
-12 77 0.0125652173913 0.101337648959	46
-10.5 77 0.0694302197802 0.0374526447805	182
96 77 0.0455954545455 0.0519321345539	55
97.5 77 0.0356264227642 0.0703275370843	123
105 77 0.354678571429 0.0398069107424	21
106.5 77 0.38223358209 0.0576235000384	67
150 77 0.05233 0.168525302043	15
151.5 77 -0.0414308 0.100467588816	125
153 77 0.075978 0.0943003734528	25
154.5 77 0.0589772727273 0.106803728625	44
156 77 -0.0545863636364 0.132505710732	22
157.5 77 0.0166614285714 0.144199197949	35
159 77 0.053775 0.126230777414	4
166.5 77 -0.0434071428571 0.210827867048	7
168 77 -0.0856676470588 0.120062781677	17
169.5 77 0.0108057003257 0.0602202324567	307
171 77 -0.00711517857143 0.0478483673078	112
172.5 77 0.0517164 0.0442520711088	125
174 77 0.004926 0.0909448329433	175
175.5 77 -0.0390611111111 0.136555319059	18
177 77 -0.0341730769231 0.0777701912442	26
178.5 77 -0.0594288321168 0.091872655977	137
-180 76.5 -0.0379923631124 0.0685193927923	347
-178.5 76.5 0.0179808767471 0.0674277828712	787
-177 76.5 -0.0373725903614 0.085491481185	332
-175.5 76.5 0.00402564102564 0.0540128475509	312
-174 76.5 0.0138514736842 0.0643401841901	475
-172.5 76.5 0.0446730964467 0.0519546504107	394
-171 76.5 -0.00363627118644 0.065696051916	590
-169.5 76.5 0.00177740384615 0.0939191803297	208
-168 76.5 0.0111612244898 0.0734203048352	490
-166.5 76.5 -0.0208481132075 0.0639231328695	212
-165 76.5 -0.0158943243243 0.0708197603742	185
-163.5 76.5 -0.0429467741935 0.146301217775	31
-160.5 76.5 -0.166207142857 0.128474431401	7
-159 76.5 -0.0356416666667 0.126956022868	12
-156 76.5 0.117183333333 0.229428077329	6
-154.5 76.5 -0.0861769230769 0.0462365098829	26
-150 76.5 -0.0159012820513 0.0914754847577	234
-148.5 76.5 0.0138285714286 0.0336745244641	28
-147 76.5 0.0332805676856 0.0848614476048	229
-145.5 76.5 0.0825020435967 0.0864595150839	367
-144 76.5 0.0373126415094 0.0811916993665	265
-142.5 76.5 0.0872626760563 0.0870310994162	71
-141 76.5 -0.13675 0.13698359188	10
-139.5 76.5 -0.0926797297297 0.140224339829	37
-138 76.5 -0.0333959459459 0.123032408997	37
-136.5 76.5 -0.00635882352941 0.0730082687846	204
-135 76.5 -0.0344752747253 0.123086869589	91
-133.5 76.5 -0.0398883333333 0.12296567537	60
-132 76.5 -0.0122085106383 0.129676815322	94
-130.5 76.5 -0.0561025423729 0.119176030852	59
-129 76.5 0.00632847222222 0.14709973885	144
-127.5 76.5 -0.0110007246377 0.127038591431	69
-126 76.5 -0.0282289473684 0.129992882621	19
-124.5 76.5 0.120221428571 0.107123870141	42
-123 76.5 0.0347722222222 0.15426697222	27
-121.5 76.5 -0.161432352941 0.111741102751	17
-118.5 76.5 0.0806573770492 0.101488777353	122
-117 76.5 0.0750761904762 0.382724066085	42
-115.5 76.5 -0.115697368421 0.134493090977	19
-114 76.5 -0.0365666666667 0.102025489853	24
-112.5 76.5 -0.0225172413793 0.0915114227132	58
-111 76.5 -0.00421168582375 0.101740189413	261
-109.5 76.5 0.142762 0.0794507830882	25
-108 76.5 0.0200269230769 0.113102554084	65
-106.5 76.5 0.106454395604 0.0958911337717	91
-105 76.5 0.0128733333333 0.0961085532908	150
-103.5 76.5 0.0136582474227 0.127078767954	97
-102 76.5 0.0507240740741 0.110843377833	54
-100.5 76.5 -0.172004545455 0.0800702986586	11
-99 76.5 -0.0784757142857 0.0840831393285	35
-97.5 76.5 0.0854214285714 0.305141609914	35
-96 76.5 0.0239164473684 0.0478660146328	152
-93 76.5 0.143018181818 0.17092088503	22
-91.5 76.5 -0.135964285714 0.105309486451	28
-90 76.5 0.19411 0.105717425243	15
-87 76.5 -0.0754318181818 0.189220350145	33
-84 76.5 -0.19165 NaN	1
-82.5 76.5 -0.0385295454545 0.221538067052	44
-78 76.5 0.0269166666667 0.197581940808	3
-76.5 76.5 -0.0444590909091 0.0693621864498	11
-18 76.5 0.0802 0.185191265993	2
-16.5 76.5 -0.0651 0.0610233152164	2
-15 76.5 0.0728107142857 0.150572960878	28
-13.5 76.5 0.0857615384615 0.0495746442695	52
97.5 76.5 0.0638833333333 0.04800002331	144
99 76.5 0.0956094736842 0.0549773227875	190
100.5 76.5 0.01815 0.0601471196318	6
151.5 76.5 -0.0645743902439 0.0574931638566	41
153 76.5 -0.0127850649351 0.0603046031113	231
154.5 76.5 0.013587037037 0.20885370321	27
156 76.5 0.000316666666667 0.0993162792967	3
157.5 76.5 0.02475 0.0537375722067	4
159 76.5 0.0349605263158 0.150041564222	19
160.5 76.5 -0.0336722222222 0.157522187253	18
162 76.5 -0.107207142857 0.149745961071	7
163.5 76.5 -0.0945409090909 0.174239481488	11
165 76.5 0.175347461929 0.0585072273894	197
169.5 76.5 -0.00282227722772 0.143096459159	101
171 76.5 -0.0215005154639 0.118988988569	97
172.5 76.5 0.0618203703704 0.111289114773	162
174 76.5 0.0210412863071 0.0818620631434	241
175.5 76.5 -0.0572919354839 0.120265829947	93
177 76.5 -0.00966 0.100982508072	190
178.5 76.5 -0.0217851851852 0.0575557784788	162
-180 76 -0.017300955414 0.0764127798369	314
-178.5 76 0.051814 0.0416413048473	50
-177 76 -0.0771735294118 0.104993127163	68
-175.5 76 -0.0467598159509 0.0879273270453	163
-174 76 -0.00282857142857 0.0657735378433	406
-172.5 76 -0.0137997093023 0.0756173754072	344
-171 76 0.00235916334661 0.084177613388	251
-169.5 76 -0.0101875 0.182348555885	16
-168 76 0.037042173913 0.0543029532133	115
-166.5 76 0.00406953488372 0.0954528620259	215
-165 76 0.0104310526316 0.146987363978	95
-163.5 76 -0.102871052632 0.0823128758589	19
-162 76 0.0517972727273 0.0993298080755	110
-160.5 76 0.0487965909091 0.0930339073057	352
-159 76 -0.0301418032787 0.0544073259988	122
-157.5 76 -0.1531 0.121127391617	2
-147 76 0.0630111111111 0.0397801999514	54
-145.5 76 0.0708149700599 0.0751273093692	334
-144 76 0.109235990338 0.0868226422688	207
-142.5 76 0.00961578947368 0.0972474353726	114
-141 76 0.0777681818182 0.134694091179	110
-139.5 76 -0.023245 0.144670076472	20
-138 76 -0.067121641791 0.0938431386863	134
-136.5 76 -0.0606858024691 0.114940118441	81
-135 76 -0.0189814540059 0.0740171960913	337
-133.5 76 -0.0277986238532 0.08109154935	218
-132 76 -0.0381263157895 0.10351454883	152
-130.5 76 -0.0209164 0.138403710527	125
-129 76 -0.00401571428571 0.145451133171	70
-127.5 76 0.0613433333333 0.136643134335	30
-126 76 0.0720833333333 0.107299906116	114
-124.5 76 0.188940140845 0.121344446167	71
-123 76 -0.00550263157895 0.134287297374	38
-120 76 0.0568429078014 0.147214290186	141
-118.5 76 -0.0185620649652 0.0771635502164	431
-117 76 -0.00230357142857 0.0983205164302	112
-112.5 76 0.120429338843 0.159726548575	121
-111 76 0.04699 0.114047016396	40
-109.5 76 -0.041825 0.154302553446	16
-108 76 0.150484615385 0.125112126784	52
-106.5 76 0.167275 0.1338272803	64
-105 76 -0.0286989795918 0.130920809592	49
-103.5 76 0.0410382352941 0.0284014058268	17
-102 76 -0.0394428571429 0.0483864525339	70
-100.5 76 0.114821428571 0.287798969444	14
-97.5 76 0.115264393939 0.106187155196	132
-96 76 0.0965941087613 0.133192773896	331
-90 76 -0.06765 NaN	1
-88.5 76 -0.115450986842 0.128301883974	304
-87 76 -0.000705737704918 0.0716089252458	61
-84 76 -0.0725695804196 0.166477323355	143
-78 76 -0.04575 0.22514279913	2
-76.5 76 -0.124748591549 0.0541008881377	142
-64.5 76 -0.1576625 0.0606870058462	8
-63 76 -0.29175 NaN	1
-18 76 0.40035 0.246856138942	4
-16.5 76 -0.0707566666667 0.0446697319488	15
-15 76 0.00475186335404 0.0742348658583	161
99 76 0.391383333333 0.119085025647	3
153 76 -0.0247033333333 0.136309070376	15
154.5 76 -0.0139011111111 0.0736381805042	90
156 76 -0.148716666667 0.0842805038745	3
157.5 76 0.118002941176 0.0706294655017	17
159 76 0.0165053846154 0.130234290116	65
160.5 76 0.0550410828025 0.110146441203	157
162 76 0.0131944444444 0.173979758622	27
163.5 76 0.0250333333333 0.191012653159	6
171 76 -0.0111369863014 0.127264522924	146
172.5 76 -0.0707896551724 0.130210091963	58
174 76 -0.0671166666667 0.127656190298	90
175.5 76 -0.0811572463768 0.142620497371	69
177 76 0.00378793103448 0.166430965434	58
178.5 76 -0.00331146788991 0.087532824617	436
-180 75.5 -0.0196344339623 0.0490316489016	424
-178.5 75.5 -0.0406334710744 0.0780479386115	242
-177 75.5 0.1891 0.132496050256	4
-175.5 75.5 -0.00670172413793 0.125459403088	116
-174 75.5 -0.0054 0.126255766745	78
-172.5 75.5 -0.0237028455285 0.148686577787	123
-171 75.5 0.00539466019417 0.132156276867	103
-169.5 75.5 0.0136838888889 0.0721861955914	180
-168 75.5 -0.0860171641791 0.142414311704	67
-166.5 75.5 -0.0190653061224 0.14416786275	98
-165 75.5 0.0714405660377 0.146689768486	53
-163.5 75.5 0.001725 0.138282034578	24
-162 75.5 0.0508051724138 0.0999402272271	145
-160.5 75.5 0.052125 0.0537477953036	156
-159 75.5 0.00175185185185 0.0552844670897	270
-157.5 75.5 0.0236241666667 0.0620034757711	120
-145.5 75.5 0.157822727273 0.0551966629583	22
-144 75.5 0.159543129771 0.0622770373244	262
-142.5 75.5 0.172503333333 0.0746053916314	195
-141 75.5 0.00610625 0.0951762185275	112
-139.5 75.5 -0.0812467032967 0.103433415459	91
-138 75.5 -0.0535405759162 0.0878134159225	191
-136.5 75.5 0.000455068226121 0.0679810403661	513
-135 75.5 -0.0136252475248 0.103274458663	202
-133.5 75.5 -0.0333216981132 0.122119965689	212
-132 75.5 -0.0334104719764 0.0839525861242	339
-130.5 75.5 -0.0304788888889 0.122039944874	90
-129 75.5 -0.0153952380952 0.138597850611	84
-127.5 75.5 -0.0557956521739 0.148509842108	46
-126 75.5 0.135625 0.120436398917	20
-124.5 75.5 0.0865756410256 0.17021835778	39
-123 75.5 0.017303125 0.197747543493	32
-121.5 75.5 0.0476048611111 0.11941531618	144
-120 75.5 0.111457774799 0.0697804268905	373
-118.5 75.5 0.130581318681 0.0735583592676	182
-117 75.5 0.122783333333 0.0667884603784	48
-115.5 75.5 0.538787931034 0.384612046106	29
-114 75.5 0.164683333333 0.207573838268	21
-109.5 75.5 -0.05832 0.185518872079	40
-105 75.5 -0.0686543478261 0.106839900904	46
-103.5 75.5 0.00504367816092 0.0843035179515	174
-102 75.5 -0.02413375 0.0982217725189	240
-100.5 75.5 -0.0325327906977 0.0658907644006	215
-97.5 75.5 0.314923529412 0.0740767383829	68
-96 75.5 -0.135170353982 0.0764874548062	113
-93 75.5 -0.136633333333 0.0305704050786	6
-79.5 75.5 0.109535714286 0.120262729559	105
-78 75.5 -0.0542269230769 0.0810699989802	130
-76.5 75.5 -0.0728445454545 0.0613182481998	55
-21 75.5 0.886078571429 0.516965789142	21
-18 75.5 -0.03595 NaN	1
-16.5 75.5 -0.109665277778 0.0372001312269	72
115.5 75.5 0.0892847826087 0.142191598041	23
117 75.5 0.054025 0.0810245106948	16
154.5 75.5 -0.11365 0.10569115384	13
156 75.5 0.0325139344262 0.090639314562	61
157.5 75.5 -0.0258974576271 0.0415476475783	59
159 75.5 0.0182227272727 0.0645288659861	33
160.5 75.5 0.120383333333 0.094843560416	15
162 75.5 -0.0941055555556 0.110663624456	9
163.5 75.5 0.0574433333333 0.0862962212934	15
169.5 75.5 -0.0305861702128 0.115449272552	47
171 75.5 0.0447433333333 0.116502232272	60
172.5 75.5 0.0343598360656 0.103713597156	61
174 75.5 -0.02544 0.146397129588	30
175.5 75.5 -0.0479052631579 0.142743984958	38
177 75.5 -0.0302791666667 0.152774295987	48
178.5 75.5 -0.0136317391304 0.0707177970999	230
-180 75 -0.0566281818182 0.117826045179	55
-178.5 75 -0.0506012195122 0.129463541435	41
-177 75 0.0248725352113 0.144398651752	71
-175.5 75 -0.00067 0.204803361789	5
-174 75 0.0438099337748 0.101611271924	302
-172.5 75 -0.0298225274725 0.114025891861	91
-171 75 0.0136409663866 0.0773875767421	476
-169.5 75 0.037723126615 0.0952434480974	387
-168 75 0.0332825991189 0.100910686848	227
-166.5 75 0.00121330275229 0.111465489409	218
-165 75 -0.024265 0.0898234307435	20
-163.5 75 0.0366277777778 0.174712269015	9
-162 75 -0.0605357142857 0.131628941752	28
-160.5 75 -0.0814277777778 0.150634421328	18
-159 75 0.200825 0.0180085859152	4
-157.5 75 0.0134396296296 0.053042091407	270
-156 75 0.23109296875 0.256842919779	256
-144 75 0.156380434783 0.031735503989	23
-142.5 75 0.153371459227 0.0642279417624	233
-141 75 0.118754347826 0.157032523343	92
-139.5 75 0.0481811764706 0.060453703973	170
-138 75 0.00231843575419 0.0828393990304	358
-136.5 75 -0.0263438566553 0.0955437135295	293
-135 75 0.00199351851852 0.0860920446025	216
-133.5 75 -0.0242163507109 0.10620976036	211
-132 75 -0.0418396907216 0.109608093178	194
-130.5 75 -0.0400987603306 0.13227797821	121
-129 75 0.0228041666667 0.161991035946	48
-127.5 75 0.06015 0.185598536273	19
-126 75 -0.0379586956522 0.115100757317	69
-124.5 75 -0.0331466666667 0.101633205992	120
-123 75 0.0667836683417 0.117274824092	199
-121.5 75 0.00401828358209 0.0916453664135	268
-120 75 -0.00447782608696 0.14216291826	345
-118.5 75 0.0500591666667 0.0465342875267	240
-117 75 0.00124180327869 0.098895330687	61
-115.5 75 0.0953069620253 0.0896268799589	79
-114 75 0.00221904761905 0.188820231952	84
-112.5 75 0.098226744186 0.390938662731	43
-108 75 -0.0944142857143 0.0750586192165	14
-106.5 75 0.110660526316 0.371002855477	19
-105 75 -0.00749968152866 0.077197482225	314
-103.5 75 -0.0452534482759 0.11177676248	29
-102 75 0.038424301676 0.0785263757946	179
-100.5 75 -0.062795106383 0.0584377637339	235
-99 75 -0.107080582524 0.209701058505	206
-97.5 75 -0.1106625 0.154837848065	32
-93 75 0.0276091836735 0.15556371394	196
-79.5 75 0.695928571429 0.139864347349	14
-21 75 0.656303125 0.0525886431362	64
-19.5 75 0.137745238095 0.326997789711	21
-18 75 0.131461428571 0.076568129259	70
-16.5 75 -0.13135 NaN	1
84 75 0.26905 NaN	1
115.5 75 -0.06395 0.186676190233	2
117 75 -0.00229814814815 0.117535747002	27
156 75 0.13874 0.088965404637	10
157.5 75 0.0858892727273 0.0753033349039	275
159 75 0.00618872180451 0.0544815804485	266
160.5 75 -0.0495166666667 0.0352273365172	15
172.5 75 -0.00408333333333 0.0906293926835	45
174 75 -0.0189468379447 0.0663043672539	253
175.5 75 0.0135080645161 0.140750613437	31
177 75 0.00419507042254 0.13016307818	213
178.5 75 0.00821666666667 0.105076226299	21
-180 74.5 0.0193807692308 0.134736007865	26
-178.5 74.5 -0.0124192307692 0.154569382396	13
-177 74.5 0.0753589285714 0.112180971125	56
-175.5 74.5 -0.0149554298643 0.118736716262	221
-174 74.5 0.00415740740741 0.0709431000482	81
-172.5 74.5 -0.000841428571429 0.112394056196	105
-171 74.5 0.0111650197628 0.0842305067394	253
-169.5 74.5 -0.0516524793388 0.0629497256597	242
-168 74.5 0.0168725721785 0.080154189336	381
-166.5 74.5 -0.0673290697674 0.127551617111	43
-165 74.5 0.127964864865 0.12250036811	74
-163.5 74.5 0.0503111111111 0.121358518319	54
-162 74.5 -0.0412963917526 0.105785878529	97
-160.5 74.5 -0.0421346153846 0.100985220509	117
-159 74.5 -0.001686 0.0730298448125	25
-157.5 74.5 0.0196086419753 0.0786719974687	162
-156 74.5 0.0259533557047 0.0464649394358	149
-154.5 74.5 -0.11125 0.155746749565	5
-141 74.5 0.165523684211 0.0597727103137	76
-139.5 74.5 0.120485648995 0.0778437718194	547
-138 74.5 0.0181465517241 0.0742788493549	377
-136.5 74.5 -0.00718881401617 0.113809312081	371
-135 74.5 -0.0192810832025 0.094451251815	637
-133.5 74.5 -0.00751666666667 0.0737859948246	621
-132 74.5 -0.037441015625 0.0989642900408	256
-130.5 74.5 -0.0231141025641 0.134962238947	117
-129 74.5 -0.0307525 0.155107702015	40
-127.5 74.5 -0.0561136363636 0.131238654921	11
-126 74.5 -0.0524979400749 0.0801694489766	534
-124.5 74.5 0.0647584745763 0.0914546289868	354
-123 74.5 0.197297619048 0.0745276366125	21
-121.5 74.5 -0.0254978991597 0.0601277352861	119
-120 74.5 -0.0349 0.105287621938	4
-118.5 74.5 0.108076495726 0.0492507227203	117
-115.5 74.5 -0.0778715686275 0.0589110718089	102
-114 74.5 -0.01545 0.0430172692595	12
-112.5 74.5 -0.149987254902 0.0623869889024	51
-111 74.5 -0.102902734375 0.0740233041759	256
-109.5 74.5 -0.0447208633094 0.0803381669031	278
-108 74.5 -0.0530366666667 0.0725343699096	45
-106.5 74.5 -0.00417574257426 0.13257459303	202
-105 74.5 -0.0198333333333 0.115963320846	30
-103.5 74.5 -0.0721833333333 0.0757305585613	9
-102 74.5 -0.00880642023346 0.0585885111627	257
-100.5 74.5 0.0554378787879 0.113947281554	33
-99 74.5 0.00177960288809 0.0675009800588	277
-97.5 74.5 -0.140832089552 0.0460579299349	134
-96 74.5 0.0971293103448 0.0612513928664	29
-94.5 74.5 0.09554375 0.0806090377594	128
-79.5 74.5 0.0441785714286 0.0472135825897	7
-18 74.5 0.0903722222222 0.141469721927	45
-16.5 74.5 0.0792111111111 0.163647002233	18
114 74.5 0.0189705128205 0.0794818422809	39
115.5 74.5 0.0249042857143 0.0970028280997	105
117 74.5 -0.124407142857 0.112407886099	7
118.5 74.5 0.09349 0.0726474232342	40
120 74.5 0.0738520833333 0.131763094409	96
121.5 74.5 0.131075 0.0483439327458	4
156 74.5 0.0672722222222 0.112320887773	18
157.5 74.5 0.102057608696 0.108382798637	92
159 74.5 0.0586568181818 0.0433503810113	44
172.5 74.5 0.0267803030303 0.0350294294562	33
178.5 74.5 0.075082183908 0.0828526788584	87
-175.5 74 0.0477533333333 0.0678111009528	60
-172.5 74 0.00546517509728 0.0738660033338	257
-171 74 0.011744047619 0.100555680469	168
-168 74 0.006986 0.133124052047	25
-162 74 -0.0348267123288 0.0668955934451	73
-160.5 74 -0.080934375 0.103352899336	128
-159 74 -0.0125327981651 0.0852295715367	436
-157.5 74 0.0164847826087 0.0451378704449	92
-156 74 0.0269 0.0617820092476	4
-154.5 74 -0.16375 0.0731991347854	4
-151.5 74 0.0713202898551 0.0422466919353	138
-141 74 0.176126923077 0.0558615871872	13
-139.5 74 0.146995806452 0.0891742430045	155
-138 74 0.0910896624473 0.0803870511743	237
-136.5 74 0.0222347908745 0.108276145392	263
-135 74 -0.00122913669065 0.090868479733	556
-133.5 74 -0.0166335920177 0.0838246293504	451
-132 74 -0.00504439252336 0.0779453036854	428
-130.5 74 0.0048768852459 0.102565991907	305
-129 74 -0.0385966666667 0.147669767245	60
-127.5 74 -0.0151660606061 0.0843890582097	330
-126 74 0.0116075367647 0.0748513413029	544
-124.5 74 0.0835611111111 0.0552114319885	18
-114 74 0.03313 0.188946479195	5
-112.5 74 -0.0146286982249 0.106303704727	169
-111 74 -0.00894487179487 0.107946475403	39
-109.5 74 -0.15555 0.0489317892581	2
-108 74 0.0758669491525 0.0959995512787	59
-106.5 74 0.0497429292929 0.053957557494	99
-105 74 0.007706 0.0813709872539	25
-103.5 74 -0.116777272727 0.132533890691	11
-102 74 -0.0559583333333 0.173222706406	24
-100.5 74 0.0865413194444 0.0733686740276	288
-97.5 74 0.1214875 0.214293929902	8
-96 74 -0.00451182795699 0.105941475404	186
-19.5 74 -0.0288059633028 0.105877319321	109
-18 74 0.299578358209 0.0760912128204	67
-16.5 74 0.0562928571429 0.219552695703	7
78 74 -0.262210240964 0.0319266917147	83
114 74 -0.0422632653061 0.15904161333	98
115.5 74 0.0573065217391 0.113839735139	23
117 74 -0.0727440677966 0.0687147594745	118
118.5 74 -0.00899716981132 0.113442956868	53
120 74 0.0560667701863 0.0879052502954	161
121.5 74 0.0492475903614 0.0705915025908	83
-172.5 73.5 0.087185 0.0844111010098	20
-160.5 73.5 0.0186653846154 0.136367438115	39
-159 73.5 0.0350957943925 0.084436096102	214
-157.5 73.5 -0.0304373493976 0.0877005381081	166
-156 73.5 0.0402 0.175773926274	20
-154.5 73.5 0.038075 0.127663084039	20
-153 73.5 0.0558753472222 0.04713405321	288
-151.5 73.5 0.0772171232877 0.0424948135881	73
-150 73.5 0.0237530075188 0.0737627255994	133
-139.5 73.5 0.165918421053 0.0455055988073	76
-138 73.5 0.0422217902351 0.0697592087829	553
-136.5 73.5 0.0289028061224 0.0878224449303	392
-135 73.5 0.026175483871 0.0870522256793	310
-133.5 73.5 -0.00679365079365 0.0866644465406	252
-132 73.5 -0.002452 0.107534767527	200
-130.5 73.5 0.0198916666667 0.169335579608	72
-129 73.5 -0.0398097014925 0.111504713937	67
-127.5 73.5 -0.0265417525773 0.0883130638246	291
-126 73.5 -0.106608139535 0.106326460058	301
-124.5 73.5 -0.280708333333 0.0179205041697	12
-112.5 73.5 0.0237583333333 0.0921446762279	36
-105 73.5 -0.08307 0.0541231650959	5
-103.5 73.5 -0.0424194444444 0.0893870861248	72
-102 73.5 0.091033248731 0.0557534530239	197
-100.5 73.5 -0.0581078947368 0.0955161610281	19
-97.5 73.5 6.03658536585e-05 0.0794957818991	164
-96 73.5 -0.0406868421053 0.0372109648259	38
-19.5 73.5 0.0912413043478 0.0768800477311	23
-18 73.5 0.248556666667 0.102743627847	75
75 73.5 -0.0772170886076 0.0531624089321	79
118.5 73.5 0.129615517241 0.300528359121	145
120 73.5 0.344930068729 0.149408403313	291
-159 73 0.009190625 0.0528728289229	32
-157.5 73 0.0582592307692 0.146346656866	65
-156 73 -0.0216077235772 0.0973534301844	246
-154.5 73 0.0752491071429 0.0923126390725	112
-153 73 -0.0866944444444 0.126067711083	9
-151.5 73 0.0675 0.00954594154602	2
-150 73 0.0230290697674 0.113132710857	43
-148.5 73 -0.0300016129032 0.119973129967	31
-147 73 -0.0328277777778 0.078298894912	9
-141 73 0.2346 0.0921360135886	2
-139.5 73 0.065805489022 0.0787685614621	501
-138 73 0.0303893568147 0.0793525044789	653
-136.5 73 0.0119583044983 0.0715336073789	578
-135 73 -0.00441642201835 0.0713125828803	545
-133.5 73 -0.000610210526316 0.0870938055559	475
-132 73 -0.0069820754717 0.110362986792	265
-130.5 73 0.09807 0.0963850329223	15
-129 73 -0.0517325 0.107329822098	40
-127.5 73 -0.03101875 0.12713163977	32
-126 73 -0.0342447761194 0.0542831428537	268
-124.5 73 0.0491285714286 0.141946404764	154
-103.5 73 -0.0539608108108 0.101418749044	37
-102 73 0.115127419355 0.0435179404359	31
-100.5 73 -0.135235483871 0.103513947499	62
-99 73 0.1553 0.572607169009	4
-97.5 73 0.245056306306 0.160672121403	111
-21 73 0.0921913043478 0.161136275764	46
-19.5 73 -0.17495 0.0690136218438	2
70.5 73 1.95265 NaN	1
78 73 -0.128083333333 0.0425342607004	3
79.5 73 -0.134794827586 0.0572567562215	29
129 73 0.0916833333333 0.154549711528	3
-154.5 72.5 -0.00974393939394 0.149466381963	33
-153 72.5 0.11855 NaN	1
-151.5 72.5 0.00693421052632 0.167255052284	19
-150 72.5 0.00630507246377 0.146476423054	69
-148.5 72.5 0.0225006329114 0.0992185503426	158
-147 72.5 -0.00582307692308 0.106836920801	26
-141 72.5 0.0219731707317 0.0673977218701	82
-139.5 72.5 0.00492420382166 0.0562947327577	314
-138 72.5 0.0213612195122 0.0959017109223	205
-136.5 72.5 -0.00436673640167 0.1005028348	239
-135 72.5 0.0223016759777 0.0668488464709	358
-133.5 72.5 0.0177927937916 0.0703010713381	451
-132 72.5 0.0209327956989 0.117076036816	93
-130.5 72.5 -0.0526347826087 0.144252526983	46
-129 72.5 0.0366441176471 0.154599712046	51
-127.5 72.5 -0.0662461538462 0.0556128365093	26
-124.5 72.5 0.02839 0.0468625807408	20
-105 72.5 0.22765 NaN	1
-103.5 72.5 -0.150725925926 0.0771873280001	216
-21 72.5 0.0197455223881 0.0465771482298	67
-19.5 72.5 0.07435 0.125364682572	12
79.5 72.5 0.04533 0.0283502616096	10
81 72.5 0.01225 0.012289019489	4
-154.5 72 0.0730301369863 0.0421101979947	146
-150 72 0.0179683333333 0.0499768282161	120
-148.5 72 0.0411585714286 0.0786341620213	140
-147 72 0.0359951612903 0.0677243381789	93
-145.5 72 0.057875 0.0666290316389	8
-141 72 0.0324209401709 0.0641271009375	234
-139.5 72 0.0148838164251 0.0847104933633	207
-138 72 0.0618081818182 0.134514726842	55
-136.5 72 -0.0399226495726 0.111020790709	117
-135 72 -0.039996 0.126670967326	50
-133.5 72 -0.021616 0.142564382319	50
-132 72 0.0600785714286 0.159393646215	35
-130.5 72 -0.0225178571429 0.0782940707919	28
-105 72 0.05005 NaN	1
-103.5 72 0.062943 0.0599198189081	100
-102 72 0.0203365131579 0.0892497473849	304
-100.5 72 0.105256796117 0.0649334927658	103
-22.5 72 0.0735388888889 0.09473300267	27
-178.5 71.5 -0.0857833333333 0.148686661585	3
-148.5 71.5 0.101216666667 0.0981853101184	150
-139.5 71.5 -0.00568333333333 0.0898804391029	3
-138 71.5 0.0418716216216 0.11957729749	37
-136.5 71.5 0.019873880597 0.145388509914	67
-135 71.5 0.0888642857143 0.110060399002	7
-133.5 71.5 -0.0587071428571 0.214829869565	7
-132 71.5 0.0325046875 0.0782995792113	64
-129 71.5 0.00335 0.153198139675	3
-103.5 71.5 0.00049776119403 0.0776093308052	134
-102 71.5 -0.0345 0.0739510069477	8
-100.5 71.5 0.1005625 0.11663223625	24
150 71.5 -0.0997710526316 0.198960893921	19
-144 71 0.0555568965517 0.0585705370291	29
-136.5 71 -0.034946969697 0.114303226914	66
-130.5 71 0.00342456140351 0.0425791066205	114
-103.5 71 0.0290038461538 0.0888778432774	13
67.5 71 -0.29275 0.0118836021475	4
-135 70.5 -0.125634444444 0.0384383233131	90
-100.5 70.5 0.0244932432432 0.110046463513	74
67.5 70.5 -0.152383088235 0.0769512862311	136
-145.5 70 0.130816666667 0.0276297544928	3
-90 70 0.17255 0.150515248397	3
-88.5 70 0.0706666666667 0.0986335960227	30
-87 70 0.0338676470588 0.0765959384962	17
-85.5 70 0.0155 0.00827314933988	2
-69 70 -0.006875 0.0772976205511	8
-90 69.5 0.145685416667 0.0810456070438	48
-88.5 69.5 0.101108783784 0.129621333999	296
-87 69.5 0.0134649769585 0.0704278588959	434
-85.5 69.5 0.0966012820513 0.109472704773	39
-88.5 69 -0.0494334586466 0.0545633426457	133
-87 69 0.0411917763158 0.0735373374427	608
-85.5 69 0.0173739766082 0.0864301251844	171
-76.5 69 0.0603710526316 0.124299331732	38
-66 69 1.06659 0.470781852879	5
-87 68.5 0.0193127118644 0.0879003833958	118
-85.5 68.5 0.0446277777778 0.111484757023	72
-78 68.5 0.117367647059 0.101125647311	17
-66 68.5 0.02685 0.144472278771	31
55.5 68.5 0.32275 NaN	1
-88.5 68 -0.128167647059 0.132777587695	17
-63 68 -0.21355 NaN	1
13.5 68 -0.186363043478 0.146314708464	23
-63 67.5 0.01808046875 0.0996626013293	128
-82.5 66.5 0.135618571429 0.095480901898	175
-81 66.5 0.0305 0.0686600684532	2
-79.5 66.5 -0.0245114035088 0.107241589421	171
-82.5 66 -0.0489740740741 0.0457573207062	162
-81 66 0.0542574074074 0.120628023046	54
-79.5 66 0.089202284264 0.0949401710497	197
-78 66 0.123194615385 0.0922286222364	65
-81 65.5 0.114459677419 0.135936742412	62
-79.5 65.5 -0.0142922413793 0.113492403232	116
-78 65.5 -0.0489076923077 0.0971572736444	52
-66 65.5 0.263396153846 0.208338573062	13
34.5 65.5 -0.18650203252 0.0458483840457	123
36 65.5 -0.179451123596 0.0351739872244	178
-82.5 65 0.0637810344828 0.170119584208	29
-81 65 -0.128975 0.202216573257	4
-79.5 65 -0.0375867346939 0.0938263458349	98
-66 65 0.134378571429 0.22250237987	7
36 65 -0.0655456043956 0.102626220802	182
-81 64.5 0.125337878788 0.0608439795583	33
-79.5 64.5 0.01198125 0.129280921881	112
-78 64.5 -0.13235 0.185673841679	32
34.5 64.5 0.119742307692 0.123373892846	13
36 64.5 0.0249815 0.11936953753	200
-82.5 64 0.54305 NaN	1
-81 64 -0.105441666667 0.0621501361294	60
-79.5 64 -0.0552812267658 0.0495168845655	269
-78 64 -0.195858849558 0.0698226842968	113
-82.5 63.5 -0.0386898648649 0.101607374083	148
-81 63.5 0.04775 0.0725491557497	2
21 63 -0.14835 0.0872688588268	87
6 62.5 -0.0601214285714 0.178436886268	7
6 62 -0.0373214285714 0.166802595047	7
4.5 61.5 -0.13105 0.0503520605338	3
21 60.5 -0.129264285714 0.131321202002	7
21 60 -0.237696341463 0.0651728359731	41
22.5 60 0.0100323529412 0.176728815836	119
25.5 60 -0.00277911392405 0.119126578619	237
