lon, lat, freeboard (m), standard deviation, count
-117 81.5 0.31885 0.0453962553522	2
-112.5 81.5 0.35665 NaN	1
-102 81.5 0.37485 NaN	1
-100.5 81.5 0.37485 NaN	1
-99 81.5 1.74665 0.484226723757	2
-97.5 81.5 -0.112878169014 0.153484985941	71
-96 81.5 -0.10455 0.141630035099	39
-94.5 81.5 -0.246564285714 0.0749917117113	28
-93 81.5 -0.266163513514 0.0282281593268	37
-64.5 81.5 0.121733333333 0.262691510458	6
-22.5 81.5 0.97695 NaN	1
-12 81.5 0.27309 0.68720229045	5
-10.5 81.5 -0.0855572580645 0.130461826251	496
-9 81.5 -0.0910920485175 0.150863442315	371
-7.5 81.5 -0.0340647840532 0.141021098116	602
-6 81.5 -0.0607929885057 0.139402686489	435
-4.5 81.5 -0.0905952380952 0.136101028118	42
-1.5 81.5 0.32875 0.0753775828745	2
1.5 81.5 0.44435 NaN	1
3 81.5 0.21415 NaN	1
4.5 81.5 0.29795 0.011313708499	2
6 81.5 0.284425 0.056858559895	4
7.5 81.5 0.3246 0.029769195488	2
9 81.5 0.221125 0.0417433727275	4
25.5 81.5 0.02175 NaN	1
34.5 81.5 0.00675 NaN	1
36 81.5 -0.0487566666667 0.159946100147	15
37.5 81.5 -0.0279777777778 0.129015197129	108
39 81.5 -0.0263671052632 0.115753737099	152
40.5 81.5 -0.0208342857143 0.119206981893	70
42 81.5 0.0159384297521 0.124271514697	121
43.5 81.5 0.101465 0.102346757954	100
45 81.5 0.0269951612903 0.112027416291	248
46.5 81.5 0.109264193548 0.103475817689	310
48 81.5 0.121633271375 0.102450702283	269
49.5 81.5 0.0710755605381 0.0938142400759	223
51 81.5 0.0279003184713 0.141297961054	157
52.5 81.5 0.197903623188 0.0912570230549	138
54 81.5 0.0561724242424 0.0968369464058	165
55.5 81.5 -0.0828884 0.0956082217277	125
57 81.5 0.0399126865672 0.164833902474	67
58.5 81.5 -0.0167214285714 0.168637952572	7
60 81.5 -0.0975691780822 0.0913188943233	73
61.5 81.5 -0.004859375 0.135247384702	160
63 81.5 -0.00190384615385 0.155198475827	65
64.5 81.5 -0.0133794117647 0.108081131359	17
66 81.5 0.102022340426 0.187094436399	47
67.5 81.5 0.0261357142857 0.0972205188513	21
69 81.5 0.0300575 0.162460381581	40
70.5 81.5 -0.02098 0.167618393214	40
72 81.5 0.0241813253012 0.113175435721	83
73.5 81.5 0.00359705882353 0.129156430071	153
75 81.5 0.0277965116279 0.14369223452	43
79.5 81.5 0.07135 NaN	1
82.5 81.5 0.0119681818182 0.0683323030225	11
84 81.5 -0.0325241626794 0.0871425313477	418
85.5 81.5 -0.0243474099099 0.101067325859	888
87 81.5 -0.069995344436 0.0920630000608	1321
88.5 81.5 -0.0875775444265 0.0871478840072	1238
90 81.5 -0.0513226293103 0.112933797217	464
91.5 81.5 -0.0960482905983 0.104433553619	234
93 81.5 -0.133936714727 0.0838721169315	971
94.5 81.5 -0.123392116183 0.0814205426563	964
96 81.5 -0.0856888709677 0.0950957362453	620
97.5 81.5 -0.0569840909091 0.0863328281435	88
105 81.5 0.22411 0.0731004309153	5
106.5 81.5 0.08895 0.0589551524466	3
138 81.5 0.20515 NaN	1
148.5 81.5 0.21625 NaN	1
-151.5 81 -0.09855 NaN	1
-121.5 81 0.92015 NaN	1
-111 81 0.38215 NaN	1
-109.5 81 0.36145 NaN	1
-106.5 81 0.3126 0.0026162950904	2
-105 81 0.4096 0.148870379861	4
-100.5 81 0.55645 0.0552957502888	2
-99 81 0.2532 0.085206367133	2
-97.5 81 0.40015 0.0828729147551	2
-96 81 0.321561111111 0.366130705638	9
-88.5 81 -0.29675 NaN	1
-87 81 0.374721428571 0.0820760158691	7
-67.5 81 0.202734210526 0.275919463417	19
-66 81 -0.0266681818182 0.207968689077	11
-64.5 81 -0.140597058824 0.108703484981	17
-13.5 81 -0.171394318182 0.124884680468	88
-12 81 -0.1686830033 0.0872842970403	303
-10.5 81 -0.0630514344262 0.178263057293	488
-9 81 -0.0466456521739 0.144846706671	253
-7.5 81 -0.02107265625 0.170311139641	128
-6 81 -0.0139374074074 0.149959598753	135
-4.5 81 -0.0681722222222 0.0769099599821	9
0 81 0.26295 0.0690769860373	3
4.5 81 0.31625 0.0410121933088	2
7.5 81 0.33725 NaN	1
10.5 81 0.31655 0.118793939239	2
12 81 0.0250948598131 0.0694605307142	107
13.5 81 0.0117852657005 0.078753218845	207
15 81 0.0167421212121 0.0765038999388	165
16.5 81 -0.0415692982456 0.0722703881601	114
19.5 81 -0.149192857143 0.131739303838	14
21 81 0.0475722222222 0.125635442628	9
27 81 -0.10265 NaN	1
28.5 81 -0.15735 0.121048296147	7
33 81 -0.0204681818182 0.0893420485346	11
34.5 81 -0.02924375 0.126642241685	32
36 81 0.12075 NaN	1
37.5 81 -0.150427777778 0.0883411395922	9
39 81 0.04713 0.216350253062	5
40.5 81 0.00486680672269 0.043405604417	119
42 81 -0.00186152416357 0.0613116754444	269
43.5 81 0.0142427710843 0.0575273221688	166
45 81 0.041630952381 0.0468703383714	21
52.5 81 0.0395088235294 0.117067525496	34
60 81 -0.02302 0.103104122668	10
63 81 -0.019767218543 0.0727073272434	151
64.5 81 -0.0534477777778 0.0785393343517	45
66 81 -0.0391359649123 0.125551794148	57
67.5 81 -0.0405863636364 0.161877761937	44
69 81 -0.0661866197183 0.10962413217	71
70.5 81 -0.0111371369295 0.0891070486859	241
72 81 -0.019248603352 0.0916003138916	358
73.5 81 0.0126151933702 0.103081079905	362
75 81 -0.00540555555556 0.147736768537	9
76.5 81 -0.0985166666667 0.143425738625	9
78 81 0.030155 0.172185440044	20
79.5 81 -0.06125 0.0458205194209	2
81 81 0.20255 NaN	1
82.5 81 -0.00689285714286 0.148281914577	7
84 81 -0.020296961326 0.104878969156	181
85.5 81 0.00703 0.0990221534017	480
87 81 -0.0384601840491 0.111694594384	815
88.5 81 -0.0715198693313 0.099974170583	1301
90 81 -0.0805441526264 0.0938842228339	1009
91.5 81 -0.108602279635 0.0996846934842	658
93 81 -0.164259 0.0983084005722	400
94.5 81 -0.142196808511 0.0626261782014	47
97.5 81 -0.0531006802721 0.0826033904812	294
99 81 -0.065908490566 0.100183730128	53
102 81 0.0987 0.00572756492761	2
105 81 0.195083333333 0.180370849456	3
145.5 81 0.35525 0.105547714329	3
147 81 0.30215 NaN	1
-151.5 80.5 -0.06367 0.186511573367	5
-150 80.5 0.00755 NaN	1
-129 80.5 0.41655 NaN	1
-124.5 80.5 0.3251 0.00685893577751	2
-121.5 80.5 0.37755 NaN	1
-103.5 80.5 -0.04205 NaN	1
-100.5 80.5 0.0561833333333 0.284382090388	3
-99 80.5 -0.0439507518797 0.110303240767	133
-97.5 80.5 -0.176363461538 0.0633827287395	104
-69 80.5 0.13625 NaN	1
-16.5 80.5 -0.14635 NaN	1
-13.5 80.5 -0.170778070175 0.059875193869	57
-12 80.5 -0.162865555556 0.093511804755	945
-10.5 80.5 -0.13366062069 0.0992229783429	725
-9 80.5 -0.0750441043084 0.106485382316	441
-7.5 80.5 0.0461785714286 0.1717607316	42
-6 80.5 0.00520263157895 0.129156963393	76
-4.5 80.5 -0.004894 0.130142451246	50
-3 80.5 -0.04113 0.15919273434	25
-1.5 80.5 -0.129916666667 0.19070617015	3
0 80.5 0.48685 NaN	1
3 80.5 0.39495 NaN	1
7.5 80.5 -0.0351615384615 0.103924088938	26
9 80.5 -0.25939 0.0379506653433	5
12 80.5 0.121418888889 0.131182694989	45
13.5 80.5 0.086652 0.0985011746636	100
15 80.5 0.0372586556169 0.0902328223609	543
16.5 80.5 0.0168110714286 0.0588487633124	560
18 80.5 0.01885 0.067428120741	151
19.5 80.5 -0.156795454545 0.0974323392271	11
21 80.5 0.19065 0.152540781432	3
24 80.5 0.0178970588235 0.137828254168	17
30 80.5 0.00337142857143 0.0427177893812	42
31.5 80.5 -0.0179109756098 0.0976142414625	205
33 80.5 -0.0111994545455 0.0999085155876	275
34.5 80.5 0.0540455696203 0.0768196141826	316
36 80.5 0.0528326086957 0.118124940941	92
37.5 80.5 -0.0531753968254 0.0699124174864	63
39 80.5 -0.0617911594203 0.0531195660842	345
40.5 80.5 -0.0343268041237 0.0421598159498	194
43.5 80.5 -0.01657 0.0336674471857	5
48 80.5 -0.0858818181818 0.0901394073029	22
49.5 80.5 0.098985 0.0662805055069	40
51 80.5 -0.0266792553191 0.0722062423826	188
52.5 80.5 -0.0308491631799 0.0657926606923	239
54 80.5 -0.132863333333 0.0904074724856	120
55.5 80.5 -0.0554352941176 0.135090596161	34
58.5 80.5 0.381777272727 0.603189280559	11
60 80.5 0.01285 0.0681871261065	25
63 80.5 -0.03415 NaN	1
66 80.5 -0.0131333333333 0.162028953174	6
67.5 80.5 0.0455529411765 0.142520323878	34
69 80.5 -0.0738555555556 0.153706185291	36
70.5 80.5 -0.0837642857143 0.145611891399	49
72 80.5 -0.0709891304348 0.136150202151	46
73.5 80.5 -0.00905952380952 0.201451877392	21
75 80.5 -0.150783333333 0.122990921074	6
76.5 80.5 -0.19409 0.0929611908271	5
78 80.5 -0.0455014851485 0.0543860048429	101
84 80.5 5e-05 0.192437496346	3
85.5 80.5 -0.0739305555556 0.14299531225	36
87 80.5 -0.0869984615385 0.0937133689063	390
88.5 80.5 -0.0654377593361 0.0535071404243	964
90 80.5 -0.0884963848721 0.0729055756263	899
91.5 80.5 -0.0745900516796 0.0959859954325	387
97.5 80.5 0.206083333333 0.106240155622	6
105 80.5 0.54645 NaN	1
124.5 80.5 -0.0729 0.314450385594	2
126 80.5 -0.0373 0.227051987439	2
132 80.5 0.16365 NaN	1
136.5 80.5 -0.0388280952381 0.0592384084425	105
138 80.5 -0.10527125 0.0755692467986	80
139.5 80.5 -0.114237096774 0.144459033967	31
141 80.5 -0.00913 0.182058790348	15
153 80.5 0.11425 0.00438406204336	2
-156 80 -0.18475 NaN	1
-135 80 -0.24085 NaN	1
-111 80 0.43535 NaN	1
-106.5 80 1.34855 NaN	1
-105 80 0.30025 NaN	1
-102 80 0.52845 NaN	1
-100.5 80 0.17495 NaN	1
-69 80 -0.1115 0.128563175132	4
-66 80 0.00165 NaN	1
-13.5 80 -0.0561833333333 0.367907655986	3
-12 80 -0.15755625 0.08760092064	480
-10.5 80 -0.098094549763 0.114230301651	211
-9 80 -0.0684994186047 0.147668085414	172
-7.5 80 -0.005575 0.171583458781	140
-6 80 0.0131417355372 0.152285281947	121
-4.5 80 0.057566 0.215061570073	50
-3 80 0.0782125 0.201744427698	8
1.5 80 0.13855 0.36571562723	2
3 80 -0.000294444444444 0.122146285703	36
4.5 80 0.0282392857143 0.0971906653774	28
7.5 80 0.0195967336683 0.0783688763779	199
9 80 -0.0218018681319 0.073611625146	455
10.5 80 -0.0114791855204 0.055391195333	442
12 80 0.0250385826772 0.0513208306216	254
13.5 80 0.0549223404255 0.0625721209984	376
15 80 0.0714089673913 0.117209923816	368
16.5 80 -0.00570576208178 0.0702062054378	269
18 80 -0.0724079545455 0.0486216349404	88
21 80 1.00047222222 0.125895073154	9
24 80 -0.28055 NaN	1
25.5 80 -0.08255 NaN	1
30 80 -0.0435907407407 0.101269196696	27
31.5 80 -0.031545221843 0.0690927293647	293
33 80 -0.0357717032967 0.0650248598052	364
34.5 80 -0.00931430260047 0.0614574948666	423
36 80 0.0185806896552 0.0811853587816	290
37.5 80 -0.00559736842105 0.0773515978129	171
42 80 -0.0631277777778 0.0379621778148	9
43.5 80 0.0465154761905 0.0881024465205	84
45 80 0.0130248427673 0.0533614056812	159
46.5 80 0.0231349673203 0.0757359078183	153
48 80 0.027125 0.0985798842129	8
49.5 80 -0.0889290322581 0.100820917582	62
51 80 -0.0460736641221 0.081784070136	131
52.5 80 -0.0395199029126 0.0765566136251	206
54 80 -0.0410934782609 0.073091326742	92
55.5 80 0.0502533707865 0.114783151727	89
57 80 -0.131583333333 0.143364388242	30
58.5 80 0.00162391304348 0.161450057624	23
60 80 -0.0596452380952 0.177399778681	21
63 80 -0.00857487562189 0.0395646885254	201
64.5 80 -0.0115396848138 0.0566290552039	349
66 80 -0.00466404109589 0.0554948514118	584
67.5 80 -0.00777139303483 0.0775283662353	402
69 80 0.00678941176471 0.0726015438186	340
70.5 80 -0.0171212665406 0.0767608839293	529
72 80 -0.0389340163934 0.0900328231794	244
73.5 80 -0.00308458646617 0.107200116636	133
75 80 -0.0875630434783 0.135592250732	23
76.5 80 -0.218425 0.0375833628973	4
84 80 0.0679409090909 0.297377297232	11
85.5 80 -0.0583239130435 0.110374005428	69
87 80 -0.0258868821293 0.102811519394	263
88.5 80 -0.0484959697733 0.0586959127981	794
90 80 -0.0595613636364 0.0772767678316	704
91.5 80 0.012786 0.0438762642743	25
94.5 80 0.486033333333 0.229395068968	6
97.5 80 -0.0154928571429 0.114924828434	7
105 80 0.26045 NaN	1
124.5 80 0.03775 0.128127748751	2
135 80 -0.0594063218391 0.0848276703171	87
136.5 80 -0.0214129032258 0.0667051276874	124
138 80 -0.0980084615385 0.0938723300091	65
139.5 80 -0.0283386363636 0.0992303073278	88
141 80 -0.0768825581395 0.104900451043	43
142.5 80 -0.0417044554455 0.0817357272247	101
144 80 -0.1872 0.0849235244205	2
150 80 0.08245 NaN	1
-177 79.5 0.32445 0.0520430590953	2
-148.5 79.5 -0.0427 0.0398058287189	16
-136.5 79.5 -0.1568875 0.0788032439053	8
-135 79.5 -0.23705 NaN	1
-127.5 79.5 -0.27145 NaN	1
-115.5 79.5 0.39755 NaN	1
-114 79.5 0.8807 0.402697311886	2
-108 79.5 0.44855 0.069720728625	2
-106.5 79.5 -0.0880117283951 0.135729057839	81
-105 79.5 0.0233263157895 0.610668607628	38
-103.5 79.5 -0.15769 0.15306757658	5
-102 79.5 -0.1814 0.0624815536415	12
-87 79.5 0.00908333333333 0.101978641555	3
-69 79.5 0.103121428571 0.119889917762	7
-66 79.5 0.03145 0.0650538238692	2
-16.5 79.5 -0.20105 NaN	1
-15 79.5 0.04024 0.139440926959	10
-10.5 79.5 0.01392 0.148074753881	20
-9 79.5 -0.03314 0.180168064522	20
-7.5 79.5 0.0160177165354 0.115787084211	127
-6 79.5 -0.117203191489 0.131120677657	47
-4.5 79.5 0.0528712121212 0.143089260485	66
-3 79.5 0.15815 0.104585300114	5
-1.5 79.5 0.36835 NaN	1
0 79.5 0.0493948275862 0.0656183552713	87
1.5 79.5 -0.0190666666667 0.116250379316	42
3 79.5 0.09115 0.0787754276409	11
4.5 79.5 -0.02675 0.0528496846411	25
9 79.5 0.0610243243243 0.0432943669366	74
10.5 79.5 0.450276666667 0.313922223003	15
15 79.5 0.82551 0.749858329397	25
19.5 79.5 -0.12405 0.0485892992335	3
21 79.5 0.154770547945 0.122496648434	73
27 79.5 -0.00209626865672 0.0411166460737	67
28.5 79.5 -0.00748185840708 0.058990309836	113
30 79.5 0.0296178899083 0.0493874506813	327
31.5 79.5 0.000612921348315 0.0740678157452	178
33 79.5 0.0370201754386 0.127404643564	57
34.5 79.5 0.0563948979592 0.0672589780501	98
36 79.5 0.1862 0.0235466558135	2
40.5 79.5 0.09105 0.0374766594029	2
46.5 79.5 0.0651277777778 0.11418074194	18
48 79.5 0.0257833333333 0.147576567206	24
49.5 79.5 0.05665 0.0604101398773	5
51 79.5 -0.0544605919003 0.0577294618238	321
52.5 79.5 -0.00850202863962 0.0584369358228	419
54 79.5 0.0340127218935 0.0510079542786	169
55.5 79.5 0.0155892857143 0.161284258696	28
57 79.5 0.128332142857 0.0980957437815	56
58.5 79.5 0.120396808511 0.0387095418585	47
64.5 79.5 -0.0209332258065 0.0493897392196	155
66 79.5 -0.00786075268817 0.0790531720651	93
67.5 79.5 -0.0337896551724 0.108501936767	232
69 79.5 0.0014 0.0642041822137	438
70.5 79.5 0.0249894584139 0.0621509717139	517
72 79.5 0.00667197183099 0.0743915019412	355
73.5 79.5 0.017933625731 0.0764410383306	342
75 79.5 0.0364610275689 0.086591738199	399
76.5 79.5 0.0399728426396 0.0685982546934	197
78 79.5 0.08445 0.108918318019	6
79.5 79.5 0.0398 0.165339196805	4
81 79.5 0.0329 0.167083502078	4
84 79.5 -0.17145 0.123743686708	2
85.5 79.5 -0.0153928571429 0.148269337638	14
87 79.5 -0.0241585714286 0.0707991090234	70
88.5 79.5 -0.0458746445498 0.0617874225084	211
90 79.5 -0.0228922131148 0.108777424719	244
91.5 79.5 -0.0148328703704 0.0699031445086	216
100.5 79.5 -0.0691555555556 0.0483819679777	36
103.5 79.5 -0.0968681818182 0.0837980204128	22
105 79.5 -0.0476166666667 0.165086229993	3
126 79.5 -0.29795 NaN	1
127.5 79.5 -0.04885 NaN	1
135 79.5 0.076525 0.153803565195	16
136.5 79.5 -0.0764273809524 0.0949633025259	168
138 79.5 -0.0256269491525 0.0726672601062	295
139.5 79.5 -0.0252388111888 0.122460111991	143
141 79.5 -0.0638181318681 0.109587497137	91
142.5 79.5 -0.0473237864078 0.104303009715	103
144 79.5 -0.0547516666667 0.130703466285	60
147 79.5 -0.11389 0.132137742527	5
-159 79 -0.0539642857143 0.140879386102	7
-154.5 79 -0.0576833333333 0.101951181128	3
-153 79 -0.0074 0.111510739393	2
-148.5 79 -0.19865 NaN	1
-144 79 -0.01745 NaN	1
-138 79 -0.19225 NaN	1
-136.5 79 -0.0518625 0.184282209338	8
-133.5 79 -0.27875 0.0224859956417	2
-132 79 0.16315 NaN	1
-120 79 0.44365 NaN	1
-118.5 79 0.37495 NaN	1
-117 79 0.49145 NaN	1
-114 79 0.30665 0.103388200487	3
-112.5 79 -0.0376944444444 0.23861544434	9
-111 79 -0.0743831683168 0.0859055667977	202
-109.5 79 -0.113901351351 0.090670151186	185
-108 79 -0.0702323529412 0.172968390303	17
-75 79 -0.08255 NaN	1
-73.5 79 -0.0674897435897 0.103643212858	156
-72 79 -0.00521730769231 0.0943065301629	208
-18 79 0.17225 NaN	1
-16.5 79 0.29865 NaN	1
-15 79 0.0134928571429 0.220416499851	14
-13.5 79 -0.12385 NaN	1
-12 79 -0.131840909091 0.23097687094	11
-10.5 79 -0.0697928571429 0.202959362576	7
-9 79 -0.06673 0.113887936148	5
-7.5 79 -0.0709333333333 0.107108028022	6
-6 79 0.000613636363636 0.0469432268326	11
-4.5 79 0.00205 0.151106915791	12
-1.5 79 -0.00584047619048 0.0468054687484	21
1.5 79 -0.0565423076923 0.0759480904032	13
21 79 -0.0323553191489 0.0571114367527	94
22.5 79 -0.05736 0.0905897905608	40
24 79 0.0776693548387 0.0935046858696	31
25.5 79 0.150947694524 0.0669755398832	347
27 79 0.167957843137 0.0864592923264	255
28.5 79 -0.0264084158416 0.0669870919622	505
30 79 -0.0373547619048 0.112421579228	21
34.5 79 0.15975 0.0659023520066	2
43.5 79 0.0797391666667 0.0478821518928	120
45 79 0.108036428571 0.064942491672	140
49.5 79 0.13475 0.0812140997611	9
51 79 0.15043 0.0223046407727	5
52.5 79 0.0752323529412 0.114941366766	17
54 79 0.0582987804878 0.0370053517883	41
55.5 79 0.123623913043 0.130793571629	23
57 79 0.22655 0.0715592062561	2
58.5 79 -0.04755 0.0995606347911	2
66 79 -0.19579 0.0770799130773	5
67.5 79 -0.0310617647059 0.0764189021312	17
70.5 79 0.209785483871 0.14135608594	31
72 79 0.179651136364 0.124623891765	176
73.5 79 0.232660638298 0.157302113414	47
75 79 0.0252032258065 0.0672337486433	62
76.5 79 0.0703320512821 0.12982407909	39
78 79 0.0390951612903 0.167261714764	31
79.5 79 0.02427 0.160647854461	15
81 79 -0.0391294392523 0.12803419188	107
82.5 79 0.033625 0.163159806631	4
84 79 -0.067675 0.149219913215	4
85.5 79 0.0619666666667 0.132835137169	6
87 79 0.0790642857143 0.177191134358	7
88.5 79 -0.012875 0.153134958967	20
90 79 -0.0305396907216 0.126273778689	97
91.5 79 -0.05652 0.17574408193	10
93 79 -0.0592303921569 0.124036359217	51
99 79 -0.08797 0.0374632957215	20
100.5 79 -0.0803423076923 0.0649417163393	156
103.5 79 0.37635 0.373873080069	3
105 79 0.02825 NaN	1
106.5 79 -0.03645 0.129966226382	2
123 79 -0.116866666667 0.122060614723	6
124.5 79 -0.0136166666667 0.156466002697	9
126 79 0.0268388888889 0.171058195101	9
127.5 79 0.0108166666667 0.168984575233	6
130.5 79 0.00732 0.114900662893	10
132 79 -0.03855 0.175645324447	2
133.5 79 -0.09335 NaN	1
135 79 0.00483805970149 0.0628423894825	67
136.5 79 -0.0230588888889 0.106764121532	45
138 79 -0.00013502994012 0.0919418744018	167
139.5 79 -0.0350521008403 0.0958763714539	238
141 79 -0.0254951219512 0.0936348005051	164
142.5 79 -0.0180949152542 0.10506447723	118
144 79 -0.100159375 0.112937411612	32
145.5 79 0.0367166666667 0.150037406447	3
148.5 79 -0.13155 NaN	1
175.5 79 0.036675 0.221739372162	4
177 79 -0.17555 0.143542676581	2
178.5 79 -0.1247 0.175433192412	2
-172.5 78.5 -0.04085 0.213311884338	3
-169.5 78.5 -0.09585 NaN	1
-162 78.5 0.101692857143 0.0923145141557	7
-157.5 78.5 -0.08605 NaN	1
-156 78.5 0.119783333333 0.127657523606	3
-154.5 78.5 0.15915 0.152452222024	2
-153 78.5 0.0381 0.0515480843485	2
-132 78.5 -0.04085 0.119053307388	3
-129 78.5 0.31635 NaN	1
-117 78.5 0.26195 0.402834240104	5
-115.5 78.5 -0.130097647059 0.152169780687	170
-114 78.5 -0.110047959184 0.117590552964	147
-112.5 78.5 -0.17145 0.115431018362	3
-109.5 78.5 -0.051302173913 0.0466798464355	23
-75 78.5 -0.0445216216216 0.149143391994	74
-73.5 78.5 -0.0914379032258 0.102246681176	620
-72 78.5 -0.0877480769231 0.0477752889214	52
-19.5 78.5 -0.00735 0.127279220614	2
-18 78.5 0.5236 0.223516453533	2
-15 78.5 0.06707 0.144111318084	5
-10.5 78.5 -0.0372428571429 0.142756556979	14
-9 78.5 -0.0458175675676 0.198781636272	37
-7.5 78.5 -0.112816666667 0.180320945354	3
-6 78.5 0.27775 NaN	1
-4.5 78.5 -0.1383525 0.101301837601	40
-3 78.5 -0.0586266743649 0.0751842627595	433
-1.5 78.5 0.0212082706767 0.0796128008766	266
0 78.5 0.0815941860465 0.144589776531	43
22.5 78.5 0.0124625 0.297003619206	8
24 78.5 -0.186075 0.0554177092634	4
25.5 78.5 -0.0181910958904 0.0638336433522	146
27 78.5 -0.0374813636364 0.0711153687925	220
28.5 78.5 -0.0413661290323 0.107887736421	62
73.5 78.5 0.19335 0.0923027506512	10
75 78.5 -0.0319823529412 0.139103823708	34
76.5 78.5 -0.0282555555556 0.132735284871	18
78 78.5 -0.04301 0.113044634253	10
79.5 78.5 0.0190117021277 0.0844268737555	94
81 78.5 0.0770698019802 0.0863604157236	101
82.5 78.5 6.30841121495e-05 0.105406881989	107
84 78.5 -0.016063592233 0.095894044928	103
85.5 78.5 0.060725 0.199425029773	4
87 78.5 0.07045 NaN	1
88.5 78.5 -0.05714375 0.135261452842	16
90 78.5 0.0560346153846 0.20869648554	13
91.5 78.5 -0.109196666667 0.0764259557522	30
93 78.5 -0.0602148854962 0.108098946073	131
94.5 78.5 -0.0721633333333 0.158204135158	15
97.5 78.5 -0.1288 0.0615890006413	2
99 78.5 -0.0402981012658 0.0593743689594	553
100.5 78.5 -0.0599155913978 0.0935143066183	93
105 78.5 -0.0463 0.0615627407823	20
106.5 78.5 -0.00470217391304 0.05301100776	69
108 78.5 -0.0430071428571 0.115261046287	14
109.5 78.5 -0.12373 0.0837936194866	10
111 78.5 0.0133833333333 0.0927612167521	3
117 78.5 -0.02245 NaN	1
120 78.5 -0.0372088235294 0.0442471052559	17
124.5 78.5 -0.0598085365854 0.160165130374	41
126 78.5 -0.0242972972973 0.096425404802	74
127.5 78.5 -0.042704 0.0686715257808	50
129 78.5 0.03 0.124500306681	12
130.5 78.5 -0.05925 0.141883808097	5
132 78.5 0.36815 NaN	1
135 78.5 0.023962987013 0.0337339059118	77
136.5 78.5 0.00509344262295 0.0533267842251	366
138 78.5 -0.00329444444444 0.0828500197638	153
139.5 78.5 -0.0594073913043 0.109660077705	115
141 78.5 -0.036412745098 0.109953268131	102
142.5 78.5 -0.0445615044248 0.115557705708	113
144 78.5 -0.13243 0.144639455198	5
145.5 78.5 -0.22665 0.0715487945391	3
147 78.5 0.01205 NaN	1
148.5 78.5 -0.01415 NaN	1
150 78.5 0.03145 0.410970461226	2
165 78.5 -0.00875 NaN	1
168 78.5 -0.19755 NaN	1
175.5 78.5 -0.0463833333333 0.0999531056713	3
-175.5 78 -0.20335 NaN	1
-171 78 -0.224016666667 0.127656466085	3
-169.5 78 0.02235 NaN	1
-168 78 0.027 0.191130962955	2
-166.5 78 -0.30855 NaN	1
-163.5 78 -0.09415 NaN	1
-162 78 0.13795 NaN	1
-160.5 78 -0.0911833333333 0.219163097563	3
-159 78 0.19715 NaN	1
-156 78 0.05355 NaN	1
-154.5 78 -0.16585 0.0183847763109	2
-151.5 78 -0.16745 0.112288556852	2
-138 78 0.0150166666667 0.165984547474	9
-135 78 -0.29135 NaN	1
-133.5 78 -0.00405909090909 0.156513705194	22
-132 78 -0.0824631578947 0.129532516733	76
-130.5 78 -0.0959617647059 0.136427773687	34
-129 78 -0.222575 0.0726916948489	4
-123 78 0.20185 NaN	1
-121.5 78 -0.0844357142857 0.0852372850454	7
-120 78 -0.0361833333333 0.17822803635	18
-118.5 78 0.0117487179487 0.1689717186	78
-117 78 -0.0786833333333 0.0994935673736	66
-115.5 78 -0.10918125 0.116363381131	64
-97.5 78 -0.0126613207547 0.0875387489155	53
-96 78 0.01485 NaN	1
-94.5 78 0.32358 0.329010910233	20
-88.5 78 -0.30155 NaN	1
-75 78 -0.1223 0.0717028715486	138
-73.5 78 -0.0271828571429 0.0667129418515	140
-72 78 -0.0881744755245 0.0760761416366	143
-16.5 78 -0.00683333333333 0.226447083591	6
-12 78 -0.13885 NaN	1
-10.5 78 -0.0351777777778 0.130076261819	18
-9 78 -0.0378666666667 0.155629454056	12
-7.5 78 0.0226125 0.153789140779	8
-6 78 0.0328576923077 0.0489230565847	39
-4.5 78 0.03425 0.130522421446	9
-3 78 -0.0278457446809 0.124531143228	47
19.5 78 -0.0499326086957 0.0465708945856	69
21 78 -0.104245681063 0.0842011465556	301
78 78 -0.0389257575758 0.139235549139	33
79.5 78 -0.0345473880597 0.082260072825	268
81 78 -0.00230619047619 0.0661382912838	210
82.5 78 0.0230751428571 0.0742999342236	350
84 78 -0.03426 0.136629455097	80
85.5 78 -0.0371 0.171842893365	16
87 78 0.0624 0.253214938343	2
88.5 78 -0.0509144067797 0.0458763884981	59
90 78 -0.0307723826715 0.0419667061459	277
91.5 78 -0.0132986725664 0.0517005493806	113
94.5 78 -0.2288 0.032173358544	2
99 78 -0.0345440140845 0.0678104393764	284
100.5 78 -0.0792739583333 0.0469019680423	192
102 78 -0.20158814433 0.107536155202	97
103.5 78 -0.133439803922 0.0959383400549	255
105 78 -0.0628948979592 0.0551578706241	196
106.5 78 0.0824097014925 0.0991092988468	201
108 78 0.0100987544484 0.0904034833017	281
109.5 78 -0.0232657549234 0.0701149376958	457
111 78 -0.110336065574 0.0388758190699	122
112.5 78 -0.0852870786517 0.0522043515774	178
114 78 -0.0395622807018 0.0583506572477	171
115.5 78 -0.0503435483871 0.128205462534	31
117 78 -0.0362725609756 0.0518382709935	328
118.5 78 -0.00348116883117 0.0861487037214	154
120 78 -0.0142482222222 0.0593499097096	225
121.5 78 0.0204636170213 0.0914755494029	235
123 78 -0.0390393617021 0.0923211484416	47
124.5 78 0.1073875 0.199381779777	8
126 78 0.15085 0.132511810794	2
127.5 78 -0.04955 NaN	1
129 78 -0.135491176471 0.0910783183504	17
130.5 78 0.34135 NaN	1
132 78 -0.06868 0.160038662343	10
133.5 78 -0.0109339622642 0.0491816746734	318
135 78 -0.00480261845387 0.0450512890978	401
136.5 78 -0.0409912429379 0.0418769157585	177
138 78 -0.0603244525547 0.048668891809	274
139.5 78 -0.0970666666667 0.155544684216	12
141 78 -0.033872 0.162734761398	50
142.5 78 -0.16592 0.0899859871807	10
144 78 -0.0152918181818 0.070024188125	55
145.5 78 -0.0657166666667 0.0961984801894	102
147 78 -0.07409375 0.088731284939	208
148.5 78 -0.0497574074074 0.0862984086043	27
165 78 0.00015 0.162775981029	2
166.5 78 -0.0817944444444 0.103222079895	9
168 78 -0.0128 0.0180312229203	2
-172.5 77.5 -0.30015 NaN	1
-169.5 77.5 -0.1796125 0.134250000665	8
-168 77.5 0.11245 0.11200571414	2
-165 77.5 -0.114864285714 0.241831445629	7
-157.5 77.5 0.01585 0.270114790413	2
-154.5 77.5 -0.0728357142857 0.187926939958	7
-142.5 77.5 0.0145833333333 0.124824030806	6
-141 77.5 0.06675 0.110591500578	2
-136.5 77.5 -0.0252671428571 0.068349841799	35
-135 77.5 0.00085 0.160022556102	14
-133.5 77.5 -0.0744214285714 0.150777255113	14
-132 77.5 -0.0401447916667 0.0943694568896	96
-130.5 77.5 -0.0173362068966 0.113804130669	58
-129 77.5 0.06555 0.124956502432	9
-127.5 77.5 -0.19 0.056639253173	2
-121.5 77.5 -0.118263043478 0.0664663230129	23
-120 77.5 -0.0695023255814 0.0885618628498	344
-118.5 77.5 -0.00291555555556 0.109760640197	180
-117 77.5 -0.0650988888889 0.135931803795	45
-100.5 77.5 -0.20755 0.0554685496475	5
-99 77.5 -0.0140264705882 0.230101136811	17
-96 77.5 -0.219116666667 0.0552260325088	6
-94.5 77.5 -0.28725 NaN	1
-91.5 77.5 0.22605 NaN	1
-78 77.5 0.30235 NaN	1
-76.5 77.5 -0.169425 0.0341004765363	4
-75 77.5 -0.11066025641 0.0412019246485	78
-73.5 77.5 0.0945319444444 0.0553822270937	72
-72 77.5 -0.1377 0.0712056528655	2
-19.5 77.5 0.58995 NaN	1
-16.5 77.5 -0.236416666667 0.0458740122509	9
-15 77.5 0.11975 NaN	1
-13.5 77.5 0.14485 NaN	1
-10.5 77.5 0.0304 0.153673193448	14
-9 77.5 0.030075 0.123045386144	40
-7.5 77.5 0.0651078512397 0.150261886802	121
-6 77.5 0.118938461538 0.130538748769	78
-4.5 77.5 -0.00575 0.101244071431	21
-3 77.5 -0.0204403225806 0.0879493314541	31
19.5 77.5 0.0148413978495 0.0824507802804	186
21 77.5 -0.0213575709779 0.115195106395	317
22.5 77.5 0.194238235294 0.374206794237	17
78 77.5 0.0692081395349 0.125678341496	86
79.5 77.5 0.0056375 0.0321344365264	24
81 77.5 0.0939903846154 0.154305240224	52
82.5 77.5 -0.0388907407407 0.120205854123	54
84 77.5 -0.0319990196078 0.166720521079	51
85.5 77.5 0.0214967532468 0.0927262611087	154
87 77.5 -0.0213959930314 0.0807388203284	287
88.5 77.5 0.020516 0.0919901554625	150
90 77.5 -0.025440625 0.0904887851165	32
91.5 77.5 0.122028571429 0.589630332925	14
93 77.5 2.34685 NaN	1
94.5 77.5 -0.0303488372093 0.0480563777881	258
96 77.5 -0.0265025423729 0.0401464274871	59
99 77.5 -0.0303076923077 0.0410878659772	182
100.5 77.5 -0.0928586956522 0.0529311323733	368
102 77.5 -0.0396220164609 0.196897554956	243
103.5 77.5 -0.227235714286 0.0591398463692	7
105 77.5 -0.154609259259 0.0568326709857	162
106.5 77.5 0.121984042553 0.0820960013369	423
108 77.5 0.0217796360485 0.116425975105	577
109.5 77.5 0.104501919561 0.104979374614	547
111 77.5 0.0327629301356 0.1334182745	959
112.5 77.5 -0.139281015038 0.12445021239	532
114 77.5 -0.0593477099237 0.0660480355029	1048
115.5 77.5 -0.0084599533437 0.0539017927834	643
117 77.5 -0.00201654888104 0.0589812629145	849
118.5 77.5 0.0117399002494 0.0604323863387	802
120 77.5 0.0111505988024 0.0761547598453	334
121.5 77.5 0.000857954545455 0.081364601951	176
123 77.5 0.0328204402516 0.100014568909	159
124.5 77.5 -0.0432666666667 0.119030129722	30
126 77.5 -0.09041 0.0836952686835	5
127.5 77.5 -0.0277 0.257599000386	2
129 77.5 -0.0009375 0.0695894398518	136
130.5 77.5 -0.0286695652174 0.0527604627177	92
133.5 77.5 -0.0373166666667 0.0772055913347	3
135 77.5 -0.038737 0.0465676395825	200
136.5 77.5 -0.0624929003021 0.0438760841467	331
138 77.5 -0.0513352216749 0.0430921172907	203
139.5 77.5 -0.072852173913 0.0791828726967	46
141 77.5 0.0122531496063 0.102646584258	127
142.5 77.5 -0.07125625 0.125949860229	16
144 77.5 -0.0281364197531 0.11598319356	81
145.5 77.5 -0.0199739583333 0.0796629026055	96
147 77.5 -0.0515256756757 0.0836504114535	37
148.5 77.5 -0.0376901408451 0.0869377302709	142
150 77.5 -0.0458277777778 0.136697117124	18
151.5 77.5 -0.26505 NaN	1
162 77.5 -0.03285 NaN	1
165 77.5 -0.22555 0.0383251875403	2
175.5 77.5 0.04503 0.218061716035	5
177 77.5 -0.17515 0.0719834703248	2
178.5 77.5 -0.01325 NaN	1
-174 77 -0.126416666667 0.161242808625	3
-169.5 77 -0.0693833333333 0.117829933944	3
-168 77 -0.0844433333333 0.13175855335	15
-166.5 77 -0.230383333333 0.0871108680552	3
-163.5 77 -0.135216666667 0.116091013146	3
-162 77 -0.1431 0.117309014999	2
-159 77 -0.11915 0.125012959328	4
-157.5 77 0.15161 0.116455068589	5
-156 77 0.102916666667 0.0356955646171	3
-150 77 -0.18085 0.115965512115	2
-142.5 77 -0.03913 0.0886594169309	20
-139.5 77 -0.08513 0.0785097700926	10
-138 77 -0.226683333333 0.0880848643828	3
-136.5 77 -0.0568255555556 0.0721657180137	90
-135 77 -0.0261178571429 0.137686799856	28
-132 77 -0.115865789474 0.135625576346	19
-130.5 77 -0.0305911764706 0.17906571789	17
-129 77 0.10755 0.166034851763	6
-127.5 77 -0.19155 0.113985613127	2
-123 77 -0.085296875 0.152234596094	32
-121.5 77 -0.10071627907 0.127916959838	86
-120 77 -0.0333666666667 0.223596041259	6
-114 77 -0.01985 0.195868578389	2
-100.5 77 -0.14185 0.0212132034356	2
-97.5 77 -0.06731 0.13674502916	5
-96 77 0.06505 NaN	1
-94.5 77 -0.0868441176471 0.0870229922289	34
-93 77 -0.0427710526316 0.144244089341	19
-91.5 77 0.0599630434783 0.0486688252711	92
-90 77 -0.1024 0.151403338801	6
-78 77 0.033246 0.136030472934	25
-76.5 77 -0.0247484848485 0.0400448844036	66
-16.5 77 -0.08995 NaN	1
-13.5 77 0.19259 0.309452408296	5
-12 77 0.0746071428571 0.252817667217	7
-10.5 77 0.2623 0.0116672618896	2
-9 77 0.0591192307692 0.140528108987	26
-7.5 77 0.106657594937 0.128357314548	79
-6 77 0.190287037037 0.111674210741	27
18 77 0.0741833333333 0.0430114248388	6
19.5 77 0.2505 0.107550941418	2
22.5 77 0.117973333333 0.063774406732	30
27 77 -0.03857 0.0932301828809	5
81 77 0.0862528571429 0.119542299153	140
82.5 77 -0.0196221115538 0.0825751295435	251
84 77 -0.017276199262 0.0723289559348	271
85.5 77 0.00333575851393 0.0761228305077	323
87 77 -0.047023943662 0.0764765969668	142
88.5 77 -0.0694666666667 0.159089759779	42
91.5 77 -0.0562055555556 0.0316439611581	9
93 77 -0.0272222222222 0.0734345433365	216
94.5 77 -0.0159925373134 0.0878150058056	134
96 77 -0.0725 0.0833769508073	28
97.5 77 0.09499 0.0952876067493	5
99 77 -0.0616233905579 0.0811625129787	233
100.5 77 -0.0494093023256 0.0505753564214	86
108 77 0.386894761905 0.166454353403	210
109.5 77 0.485089393939 0.264551975314	363
111 77 0.338252657005 0.207857068412	414
112.5 77 0.0574658088235 0.106180088647	272
114 77 0.00662931034483 0.0516827131067	522
115.5 77 -0.0371521875 0.0800012219434	320
117 77 -0.0151328571429 0.0810103716756	490
118.5 77 -0.00333321299639 0.0883358930844	554
120 77 -0.0378413294798 0.088760488964	173
121.5 77 -0.3037 0.00502045814643	2
123 77 -0.26855 NaN	1
124.5 77 -0.27045 NaN	1
127.5 77 0.0207446666667 0.0357457269922	75
129 77 -0.0255980176211 0.0634062933976	454
130.5 77 -0.0027358546169 0.0579318388205	509
132 77 0.0177398477157 0.0576025929131	591
133.5 77 -0.0213773684211 0.0961354136291	95
135 77 -0.0639880327869 0.0482255848652	305
136.5 77 -0.0242348254932 0.0669380502087	659
138 77 -0.0375609533469 0.0851560929372	493
141 77 0.0533202508961 0.0664003955491	279
142.5 77 0.0663411439114 0.0787756805569	271
144 77 -0.08355 0.145031872359	6
145.5 77 0.0785785714286 0.260851284032	7
147 77 -0.152625 0.113498850949	4
148.5 77 -0.0988285714286 0.110017013176	42
150 77 -0.0379494565217 0.0975023925711	184
151.5 77 -0.079875 0.128570794377	4
160.5 77 -0.219 0.126925667223	2
166.5 77 -0.22115 0.0517602163829	2
168 77 0.0438642857143 0.145223786258	7
169.5 77 -0.0429 0.0890247437514	2
175.5 77 -0.134464285714 0.152880241023	7
177 77 0.080625 0.0314030120636	4
-180 76.5 0.13115 NaN	1
-174 76.5 -0.0496766666667 0.137332591422	15
-172.5 76.5 0.00115 NaN	1
-171 76.5 -0.14585 0.130304719792	3
-169.5 76.5 -0.0401205882353 0.196076642428	17
-168 76.5 -0.074175 0.16743680151	4
-166.5 76.5 -0.113377777778 0.103211677438	18
-165 76.5 -0.07065 0.127094232757	6
-159 76.5 -0.143125 0.131989554511	4
-157.5 76.5 -0.13889 0.056019219916	5
-153 76.5 -0.1626 0.0842871480911	4
-150 76.5 -0.22085 NaN	1
-147 76.5 0.0116166666667 0.148272935269	3
-144 76.5 0.16865 NaN	1
-141 76.5 -0.0285676470588 0.0546866326822	17
-139.5 76.5 -0.20637 0.0278854263012	5
-138 76.5 -0.08765 0.174955965889	5
-136.5 76.5 -0.103646774194 0.10875702118	31
-135 76.5 -0.13325 0.0362038671968	2
-132 76.5 0.00226923076923 0.17371755241	26
-130.5 76.5 0.02045 0.163506676724	4
-127.5 76.5 -0.0927833333333 0.16459716482	6
-126 76.5 -0.030825 0.0941419274287	4
-124.5 76.5 -0.04005 NaN	1
-123 76.5 -0.0761078947368 0.143262394522	19
-121.5 76.5 -0.1749828125 0.0535745795403	64
-106.5 76.5 0.86875 NaN	1
-97.5 76.5 -0.137980434783 0.079783566243	69
-96 76.5 -0.112939247312 0.0940524801032	93
-94.5 76.5 0.89075 NaN	1
-93 76.5 -0.0617529411765 0.162876918552	34
-91.5 76.5 0.07323 0.0261738801098	5
-90 76.5 -0.029119047619 0.0848855685632	42
-88.5 76.5 0.0880928571429 0.072965468023	7
-87 76.5 -0.26495 0.0427413868966	27
-84 76.5 -0.15835 NaN	1
-78 76.5 0.00203472906404 0.0849550114682	203
-18 76.5 -0.0282871428571 0.143020603381	35
-16.5 76.5 -0.21446875 0.0681512848375	16
-15 76.5 0.0671357142857 0.22010680308	7
-13.5 76.5 0.00798333333333 0.124273016647	6
-10.5 76.5 0.182216666667 0.174422638925	12
-9 76.5 0.126364035088 0.151408432298	57
-7.5 76.5 0.0972833333333 0.0969886939287	81
-6 76.5 0.092043 0.105991339702	100
18 76.5 0.0527166666667 0.0837133800536	9
19.5 76.5 0.10431 0.0736466428291	5
22.5 76.5 -0.0823772727273 0.0389152948487	22
24 76.5 0.33255 NaN	1
25.5 76.5 0.28163 0.0211631046872	5
79.5 76.5 -0.045511875 0.0538337364378	160
81 76.5 -0.0179310218978 0.0738639205217	137
82.5 76.5 0.0823983050847 0.0893116063638	118
84 76.5 0.0401723255814 0.0869324701079	215
85.5 76.5 -0.015197826087 0.168068747494	46
87 76.5 -0.0272785714286 0.126735929058	7
88.5 76.5 0.0956464285714 0.465110647514	28
90 76.5 -0.0468259450172 0.0908643356237	291
91.5 76.5 -0.068265625 0.0940076220269	448
93 76.5 -0.0715210344828 0.0392878160313	145
96 76.5 -0.0946 0.0732502949775	8
99 76.5 0.0181336956522 0.0697422965598	184
109.5 76.5 0.216602173913 0.114450377773	23
112.5 76.5 0.06135 0.139925384878	4
114 76.5 -0.07673 0.105844193668	25
115.5 76.5 -0.000320535714286 0.0601437435673	224
117 76.5 -0.0365731404959 0.0730690846167	121
118.5 76.5 0.02758 0.15123675369	10
120 76.5 -0.0956 0.135965615401	8
121.5 76.5 0.175216666667 0.228986993808	3
123 76.5 0.19425 0.0235688353552	3
126 76.5 -0.0141329971182 0.0406488540348	347
127.5 76.5 -0.0119586513995 0.0466036181093	393
129 76.5 0.00980721393035 0.0641333061693	201
130.5 76.5 -0.0025640397351 0.0755523363773	755
132 76.5 0.0320823033708 0.0871342499648	356
133.5 76.5 -0.150464285714 0.113510431658	7
135 76.5 0.0442657894737 0.190978792491	19
136.5 76.5 -0.0506786624204 0.0897760088426	314
138 76.5 0.213226419214 0.191041165223	229
139.5 76.5 -0.0232346994536 0.103141485486	183
141 76.5 0.119129850746 0.0475891956839	134
142.5 76.5 -0.0182230088496 0.0607167458268	226
144 76.5 -0.0814392682927 0.100844423383	205
145.5 76.5 -0.111907894737 0.0429055397163	57
147 76.5 0.0866398305085 0.0813513488749	59
148.5 76.5 0.00834536423841 0.0800745630337	151
150 76.5 -0.0416511363636 0.0689390206641	176
151.5 76.5 -0.0391247572816 0.0867187585361	103
153 76.5 -0.0935966666667 0.115114401896	15
154.5 76.5 -0.10557 0.0857429414004	5
166.5 76.5 -0.00271666666667 0.123923255821	3
168 76.5 -0.2083 0.0135057395207	2
169.5 76.5 0.0200192307692 0.129088880134	13
171 76.5 -0.14265 0.0972978930913	2
172.5 76.5 0.14715 0.0401915413987	3
174 76.5 0.0128576923077 0.138748738502	13
177 76.5 -0.16643 0.09943508938	5
178.5 76.5 -0.148 0.0719412028442	4
-175.5 76 -0.00855 NaN	1
-174 76 0.0153 0.122400183823	2
-171 76 -0.04608 0.171246294688	10
-169.5 76 0.04585 0.190468851347	7
-165 76 -0.12851 0.102951867934	10
-160.5 76 -0.05063 0.181934101623	10
-159 76 -0.13465 0.108551830938	4
-154.5 76 -0.24755 0.0842871283174	2
-151.5 76 -0.29985 NaN	1
-147 76 -0.00956428571429 0.177060540959	14
-145.5 76 -0.03773 0.0499382504413	15
-144 76 -0.09255 0.184692003075	6
-142.5 76 -0.175516666667 0.0802481360116	3
-141 76 -0.1481 0.175291771056	2
-139.5 76 -0.0679772727273 0.0729725166197	11
-135 76 -0.06275 0.210204008049	13
-133.5 76 -0.0869333333333 0.0987231769478	6
-132 76 -0.0992 0.159546701627	4
-130.5 76 -0.0883894736842 0.163679442054	38
-129 76 -0.0191 0.0797507157753	4
-127.5 76 -0.29645 NaN	1
-126 76 -0.18585 0.0714177848998	2
-124.5 76 0.0739794117647 0.139329464601	17
-123 76 -0.00705380952381 0.108694828555	105
-120 76 -0.0593640625 0.0625367596462	64
-118.5 76 -0.0952055555556 0.0748552209439	27
-105 76 0.0828454545455 0.271105124169	44
-103.5 76 1.93855 NaN	1
-96 76 -0.0867458333333 0.0676767566194	48
-94.5 76 -0.0386657894737 0.130563642477	19
-93 76 0.121028571429 0.139329113301	14
-88.5 76 0.17695 NaN	1
-87 76 -0.214989788732 0.0701075539295	284
-81 76 0.0544670940171 0.0560621273149	117
-79.5 76 0.155002317881 0.123730184318	151
-64.5 76 0.0409833333333 0.0437986681685	3
-63 76 -0.0344033333333 0.125177598787	15
-61.5 76 -0.15305 0.151617512181	3
-16.5 76 -0.01607 0.135673167739	10
-15 76 0.02549 0.167549248756	30
-13.5 76 0.084565 0.0917166303866	20
-12 76 0.049898 0.127878011923	25
-10.5 76 -0.0200121621622 0.139411460057	37
-9 76 0.15935 0.132997939277	28
-7.5 76 0.105885294118 0.150833065594	17
58.5 76 -0.156831818182 0.0589228598177	33
60 76 -0.22480625 0.0534240017065	16
78 76 -0.105784210526 0.0460647616145	190
79.5 76 -0.00635936555891 0.0735284818237	331
81 76 -0.00774150943396 0.118767985199	106
82.5 76 0.0535958333333 0.16029379935	48
84 76 -0.0219841463415 0.112795784544	164
85.5 76 -0.28165 NaN	1
90 76 0.220933823529 0.0505961169246	68
91.5 76 -0.175687179487 0.116041582131	234
99 76 0.160713157895 0.109186335699	38
114 76 0.00015 NaN	1
115.5 76 -0.102375 0.202309982865	4
123 76 0.11965 NaN	1
124.5 76 -0.0328722222222 0.0592910846925	63
126 76 -0.0238511764706 0.055039961801	170
127.5 76 -0.00425 0.0515471674352	341
129 76 -0.0182585492228 0.0442428252834	386
130.5 76 -0.0129371794872 0.0624623522613	546
132 76 0.0284381834215 0.0825446433534	567
133.5 76 -0.0432722222222 0.149525629958	63
135 76 -0.06365 0.207829285713	6
136.5 76 -0.146814285714 0.101559051293	28
139.5 76 0.218222222222 0.0770984476817	36
141 76 0.0137128571429 0.0836821254891	105
142.5 76 -0.0205744755245 0.155973337021	143
144 76 -0.112270258621 0.0992094743674	232
145.5 76 -0.117868066158 0.0944299411619	786
147 76 0.0727794871795 0.0938286022319	546
148.5 76 0.0181207692308 0.0642208285885	390
150 76 -0.0454731316726 0.10202914674	281
151.5 76 -0.0349159685864 0.116371610501	191
153 76 -0.0361447368421 0.149600428823	19
154.5 76 -0.0280629032258 0.110409567043	31
163.5 76 -0.0208166666667 0.116268267382	9
166.5 76 -0.20985 NaN	1
169.5 76 -0.14605 0.0275771644663	2
171 76 0.0303676470588 0.0839340309059	17
172.5 76 0.00628 0.0506686852668	10
174 76 -0.0765166666667 0.0529179238696	6
-180 75.5 0.00810714285714 0.111336080662	7
-178.5 75.5 -0.0248388888889 0.149657120148	9
-172.5 75.5 0.0585125 0.236822096027	16
-171 75.5 0.0770357142857 0.135288671964	7
-165 75.5 -0.14885 NaN	1
-163.5 75.5 0.0589346153846 0.16464017759	13
-162 75.5 -0.0166611111111 0.135398340943	36
-160.5 75.5 0.0454 0.177489072903	6
-159 75.5 0.32225 NaN	1
-157.5 75.5 -0.049275 0.154001696419	4
-153 75.5 -0.113725 0.141457140152	4
-148.5 75.5 -0.0688 0.0119501046021	2
-144 75.5 -0.05335 0.153420256159	5
-142.5 75.5 -0.108275 0.138252917389	4
-141 75.5 -0.0191625 0.178727049975	8
-139.5 75.5 -0.015925 0.126218154399	4
-138 75.5 -0.1982125 0.0603146970362	8
-136.5 75.5 -0.0933568965517 0.0884844374171	29
-135 75.5 0.12165 0.0205914221623	4
-133.5 75.5 -0.0830375 0.196736607368	8
-132 75.5 -0.0852795454545 0.0967668129242	44
-130.5 75.5 -0.0748735955056 0.0914506138735	89
-129 75.5 0.0110785714286 0.176131463348	7
-127.5 75.5 -0.1152375 0.0854988627744	8
-124.5 75.5 -0.000160526315789 0.151870145171	19
-123 75.5 -0.00977380952381 0.180837822108	21
-121.5 75.5 -0.14445 NaN	1
-120 75.5 -0.133438 0.06702066279	50
-118.5 75.5 -0.201707142857 0.041424584373	7
-88.5 75.5 1.10025 0.0934795164729	2
-87 75.5 2.12615 NaN	1
-63 75.5 0.007748 0.0868706086601	50
-61.5 75.5 0.0706405660377 0.08173460432	159
-60 75.5 -0.1690375 0.092309038019	16
-18 75.5 -0.20555 0.118511096527	2
-16.5 75.5 0.194523684211 0.158117304704	19
-15 75.5 -0.04885 0.174880787967	3
-13.5 75.5 0.057425 0.171343020617	8
-12 75.5 0.0592698019802 0.0558738114322	101
-10.5 75.5 0.121975 0.0691736566178	240
-9 75.5 0.15543 0.0806423111327	30
79.5 75.5 0.0404272727273 0.0350493520328	22
81 75.5 0.0273490797546 0.0417171785212	326
82.5 75.5 -0.0143753012048 0.0445798360272	166
84 75.5 -0.0735762626263 0.0411835992832	198
88.5 75.5 -0.265716666667 0.0259731271381	3
114 75.5 0.17795 NaN	1
120 75.5 -0.00381 0.0987469840407	15
121.5 75.5 -0.141594444444 0.103326873454	9
124.5 75.5 -0.0262132911392 0.0489048059544	79
126 75.5 -0.0810357142857 0.118693869942	7
127.5 75.5 0.0346722222222 0.142389381443	18
130.5 75.5 0.0230583179298 0.0517513530431	541
132 75.5 0.0271009803922 0.0677095833121	102
133.5 75.5 -0.0379203703704 0.0967476831255	135
135 75.5 -0.020525 0.149369902782	8
141 75.5 2.40445 NaN	1
142.5 75.5 0.4419 0.107550941418	2
145.5 75.5 -0.123491304348 0.0891239027075	46
147 75.5 0.155433832335 0.231625222402	167
148.5 75.5 0.210469565217 0.126682968838	230
150 75.5 -0.109024526678 0.0783339165874	581
151.5 75.5 -0.0454602325581 0.0873367121756	430
153 75.5 -0.0371120689655 0.12916158046	29
154.5 75.5 0.0330595238095 0.150225739821	21
165 75.5 -0.08715 NaN	1
169.5 75.5 -0.21395 NaN	1
171 75.5 0.00251666666667 0.114662562911	3
172.5 75.5 -0.0367 0.14357408242	8
174 75.5 0.0248 0.0168998520704	2
175.5 75.5 -0.0320681818182 0.189488199201	11
177 75.5 0.08875 0.165814836489	10
-180 75 0.07025 0.0878401388888	3
-178.5 75 -0.18395 0.147078210487	2
-177 75 -0.1025 0.0724784450716	2
-175.5 75 0.0975166666667 0.0865853528799	3
-168 75 0.01015 NaN	1
-162 75 0.12165 NaN	1
-157.5 75 -0.06905 NaN	1
-150 75 -0.05855 NaN	1
-145.5 75 -0.2077 0.102884036663	2
-144 75 -0.02914 0.139595442858	10
-142.5 75 -0.17885 NaN	1
-141 75 -0.2741 0.0193040151264	2
-138 75 -0.16525 NaN	1
-136.5 75 -0.09255 0.0600864615129	8
-135 75 -0.0853419354839 0.0940757878964	62
-133.5 75 -0.0587659574468 0.0726971140265	94
-132 75 -0.182822727273 0.0689667904271	11
-130.5 75 -0.158607894737 0.0841796446482	19
-129 75 -0.0910214285714 0.135699255402	49
-124.5 75 -0.08719 0.173081643041	20
-123 75 -0.269383333333 0.0311617286641	3
-121.5 75 0.02415 0.215763455134	8
-120 75 0.177878571429 0.77091011353	21
-102 75 1.58625 NaN	1
-93 75 0.0852078947368 0.0674067870172	38
-72 75 -0.025710483871 0.0462213019179	124
-66 75 0.035825 0.0410864211145	16
-64.5 75 0.0220465116279 0.0745039682286	86
-63 75 0.00449778325123 0.0755336973683	203
-61.5 75 -0.00840487804878 0.0482441710224	82
-16.5 75 -0.0687071428571 0.128478437067	14
-15 75 0.1326075 0.12292855521	40
-13.5 75 0.0163208333333 0.125001598178	24
-10.5 75 0.0624416666667 0.0467990609035	24
82.5 75 0.0287932432432 0.0432283378028	37
84 75 0.061831557377 0.0497495260026	244
112.5 75 0.31345 NaN	1
114 75 -0.01631 0.134888483571	5
121.5 75 -0.0516763157895 0.0636383169177	19
123 75 0.000288709677419 0.0430524731205	93
126 75 -0.0210785714286 0.131684961357	7
127.5 75 -0.000916666666667 0.116419013338	6
129 75 -0.00631981132075 0.0491887596013	53
130.5 75 -0.00931722222222 0.0408557893608	360
133.5 75 0.003 0.138722481956	6
135 75 -0.0429341269841 0.0607889982318	126
136.5 75 -0.0341323529412 0.155409383707	17
141 75 -0.0498648148148 0.106846596374	27
142.5 75 -0.15555 NaN	1
144 75 -0.201704545455 0.059724892024	11
145.5 75 -0.045115 0.135580716976	20
147 75 -0.0563305970149 0.118553711442	67
151.5 75 -0.0375875 0.116488942608	24
153 75 -0.0146275 0.130828350036	40
154.5 75 -0.0360558823529 0.148668542699	17
166.5 75 -0.12407 0.142999569929	5
168 75 -0.0562590163934 0.074770319391	122
169.5 75 -0.0595027027027 0.0602462395188	74
171 75 -0.17455 0.0515357157707	3
172.5 75 -0.0441 0.168770884422	8
174 75 -0.01261 0.115918518797	5
175.5 75 0.0766388888889 0.142101226635	9
177 75 -0.0651144444444 0.131588168084	45
178.5 75 -0.0109743243243 0.153560229598	37
-180 74.5 0.0833875 0.182705242223	8
-178.5 74.5 -0.16395 0.0292742207411	2
-177 74.5 0.0969166666667 0.146320875704	6
-175.5 74.5 0.0849 0.0242537625947	2
-174 74.5 -0.0873 0.0508409775673	2
-172.5 74.5 0.084125 0.125218858404	4
-168 74.5 0.0826125 0.160778649413	8
-166.5 74.5 -0.06627 0.0809156048677	10
-165 74.5 -0.00183 0.150563104526	10
-157.5 74.5 -0.21355 NaN	1
-156 74.5 -0.0469833333333 0.190700610032	6
-151.5 74.5 -0.30315 NaN	1
-150 74.5 0.0268 0.076862507115	2
-142.5 74.5 0.09209 0.0914754502585	5
-139.5 74.5 -0.04059 0.178501498282	10
-138 74.5 -0.0483388888889 0.181408850697	9
-136.5 74.5 -0.0849438325991 0.0834819277609	227
-135 74.5 -0.0419781879195 0.0979887942301	149
-133.5 74.5 -0.085556557377 0.107648761982	61
-132 74.5 -0.0779289473684 0.0448124806394	19
-130.5 74.5 -0.105007142857 0.139553192033	14
-129 74.5 -0.00055 0.112274351479	3
-127.5 74.5 0.037425 0.127705687031	4
-126 74.5 -0.0310191588785 0.0719077139316	107
-124.5 74.5 -0.0413384462151 0.0539618852141	502
-123 74.5 -0.0149987804878 0.107927350302	164
-121.5 74.5 -0.227417307692 0.047297497016	52
-120 74.5 -0.214835 0.0484723476549	40
-118.5 74.5 -0.16195 0.0835800215362	2
-117 74.5 -0.0448766666667 0.0801648878132	15
-108 74.5 0.00265 NaN	1
-105 74.5 0.16355 NaN	1
-103.5 74.5 1.03575 NaN	1
-96 74.5 -0.0107956375839 0.0505994638408	149
-94.5 74.5 0.00948197674419 0.0869064938834	172
-93 74.5 0.111741666667 0.0987610942974	132
-91.5 74.5 -0.0457306763285 0.0789706707657	414
-90 74.5 0.0537310344828 0.054655017533	116
-88.5 74.5 0.139713793103 0.12761772536	174
-87 74.5 -0.268191666667 0.023915474577	12
-85.5 74.5 -0.014893902439 0.0533790082747	41
-84 74.5 -0.0235896551724 0.122509009965	58
-81 74.5 0.635787777778 0.126734490335	45
-79.5 74.5 -0.0264673913043 0.18875378299	23
-72 74.5 0.0663765625 0.0740751307629	192
-70.5 74.5 0.0975681208054 0.0681852764636	298
-66 74.5 0.0103522222222 0.07855470625	315
-64.5 74.5 -0.07135 0.159299470107	18
-63 74.5 0.0247916666667 0.11379583359	12
-61.5 74.5 0.116883333333 0.0571578807631	3
-19.5 74.5 -0.1685 0.12149497932	4
-18 74.5 -0.0218042857143 0.139278257969	35
-16.5 74.5 0.09975 0.0100409162928	2
-15 74.5 -0.0108 0.145899527758	26
-13.5 74.5 -0.12595 NaN	1
-12 74.5 0.0635038461538 0.124521688977	13
63 74.5 0.0874833333333 0.0815802876517	3
111 74.5 0.309783333333 0.200134067565	9
112.5 74.5 0.113080769231 0.106066427372	26
120 74.5 0.1728 0.0338704148188	2
121.5 74.5 0.02745 0.135388472998	30
123 74.5 -0.000611290322581 0.0798679326997	62
126 74.5 -0.02105 NaN	1
127.5 74.5 -0.157335714286 0.0631502365867	28
129 74.5 -0.0260162100457 0.088208377689	438
130.5 74.5 -0.00689921135647 0.0659319113758	317
132 74.5 -0.0132245341615 0.0579810068897	161
133.5 74.5 -0.00775777777778 0.0747378132229	90
135 74.5 -0.0245529032258 0.147437717281	310
136.5 74.5 -0.079502293578 0.107950216232	109
138 74.5 -0.002725 0.167226806785	28
142.5 74.5 0.17585 0.0950351513915	2
144 74.5 -0.13065 0.176893640361	3
147 74.5 1.18495 NaN	1
148.5 74.5 0.0114125 0.151014917034	16
150 74.5 0.090502238806 0.174829812795	67
151.5 74.5 0.0534293103448 0.142268728065	29
153 74.5 -0.143057692308 0.167879641716	13
166.5 74.5 -0.03275 0.0929421325342	10
168 74.5 -0.0219671052632 0.0923064004833	76
169.5 74.5 0.0250841463415 0.108287427561	82
171 74.5 0.0211928571429 0.182360136883	7
172.5 74.5 0.0325166666667 0.167144592095	6
174 74.5 -0.0699857142857 0.132206029487	28
175.5 74.5 0.08645 0.137529550071	8
177 74.5 -0.03815 0.121402119197	34
178.5 74.5 -0.00869285714286 0.199574562985	7
-180 74 -0.0525916666667 0.149408454539	12
-178.5 74 0.13025 0.151001870849	5
-177 74 -0.0476681818182 0.105055088579	11
-174 74 -0.02797 0.105001319039	5
-172.5 74 0.0601 0.0777110352524	2
-171 74 0.02625 NaN	1
-169.5 74 -0.00723620689655 0.125463989495	29
-168 74 0.0415457446809 0.137831461287	47
-166.5 74 0.0462604166667 0.128848672975	48
-165 74 0.054468 0.153015103486	100
-163.5 74 0.0562833333333 0.113610433388	30
-162 74 -0.0716071428571 0.0958508915274	14
-159 74 -0.03751 0.0452981566954	5
-157.5 74 0.38325 NaN	1
-154.5 74 -0.07375 0.111298607359	2
-150 74 -0.12275 0.101663316885	3
-145.5 74 -0.05751 0.180938851549	5
-144 74 -0.07567 0.100298863403	5
-142.5 74 -0.0604271428571 0.0872519781866	35
-141 74 -0.0711 0.0924109120541	4
-139.5 74 -0.0534027272727 0.0938522358197	55
-138 74 -0.07403 0.107870055254	40
-136.5 74 -0.0405833333333 0.0661955480998	18
-135 74 -0.0341651515152 0.0995938324356	66
-133.5 74 -0.15361 0.108586431012	5
-132 74 -0.0771008474576 0.0973440439226	59
-130.5 74 -0.0941353658537 0.142589821798	41
-129 74 -0.06725 0.186763767899	5
-127.5 74 0.0247875 0.0772405409527	16
-126 74 -0.0134201176471 0.0644571184516	425
-124.5 74 -0.0120065320665 0.0963453855684	421
-114 74 0.1892 0.0941159125759	2
-111 74 1.29445 0.736561728574	5
-109.5 74 2.76855 NaN	1
-108 74 1.10005 1.06802318015	4
-97.5 74 1.96685 NaN	1
-96 74 0.0367426470588 0.0689909907944	68
-94.5 74 0.001317 0.0697980348411	100
-93 74 0.446060843373 0.609396118523	83
-91.5 74 0.117427857143 0.0728791451235	140
-90 74 -0.130143181818 0.117696392776	88
-88.5 74 0.294718253968 0.0515186525113	63
-85.5 74 0.04248 0.0420022499397	10
-84 74 0.222656666667 0.185736131829	15
-81 74 0.62875 0.0497071926385	5
-79.5 74 -0.0260064705882 0.29745734526	85
-75 74 -0.00549 0.05230171707	190
-73.5 74 0.0208094827586 0.145364710734	116
-72 74 0.0660776422764 0.104495183993	246
-70.5 74 0.0963645833333 0.0561869791606	96
-69 74 -0.0546723880597 0.0432220446794	201
-67.5 74 -0.000391176470588 0.14496690765	34
-66 74 0.00294150943396 0.0845518641826	106
-64.5 74 -0.01905 0.145944146324	14
-22.5 74 -0.0946524390244 0.064520246775	41
-21 74 -0.0921534482759 0.0705027176921	29
-19.5 74 -0.04539 0.0675856865441	40
-18 74 -0.0604911764706 0.215585806753	17
-16.5 74 0.217016666667 0.176996958543	3
-15 74 0.241111538462 0.110032885527	13
61.5 74 0.00055 NaN	1
78 74 0.351601351351 0.155695300046	37
111 74 0.15735 0.0731076375399	4
121.5 74 -0.17565 NaN	1
123 74 -0.0889028571429 0.0678723369434	70
126 74 -0.0590263754045 0.0564032287444	309
127.5 74 -0.0798997382199 0.111298837226	382
129 74 0.0653548780488 0.0412335661277	41
130.5 74 0.0585659010601 0.0606787032652	283
132 74 0.0168016483516 0.0670856669489	182
133.5 74 0.0670067567568 0.440050656823	74
135 74 -0.0598954545455 0.0465929463646	132
136.5 74 -0.0598246031746 0.107613614705	126
138 74 -0.0400676 0.0699083790538	125
139.5 74 -0.0251738938053 0.0825561348788	113
142.5 74 -0.0177220538721 0.0911053729474	297
144 74 0.0684092592593 0.38882490647	27
145.5 74 -0.183383333333 0.0760164675142	3
148.5 74 0.00354268292683 0.105681146356	41
150 74 0.0392 0.0836631499925	16
151.5 74 -0.21415 NaN	1
169.5 74 -0.14175 0.181356769319	10
174 74 0.0105495495495 0.079393510738	222
175.5 74 -0.01181 0.116290719989	10
177 74 0.02165 0.134009108832	33
178.5 74 -0.00153712871287 0.119483971865	101
-180 73.5 -0.09025 NaN	1
-178.5 73.5 0.02985 NaN	1
-177 73.5 -0.011925 0.151787613863	28
-174 73.5 -0.0355252808989 0.0895726054927	89
-172.5 73.5 0.00641111111111 0.098568197585	18
-171 73.5 -0.0775907407407 0.0998248899873	27
-169.5 73.5 -0.0499254901961 0.0740915735729	102
-168 73.5 0.1115 0.0772867711837	2
-166.5 73.5 0.052170979021 0.0854639515911	143
-165 73.5 -0.07665 0.139366874678	67
-163.5 73.5 0.0153992307692 0.096245233848	65
-162 73.5 0.17945 NaN	1
-160.5 73.5 -0.00655 NaN	1
-156 73.5 0.13705 NaN	1
-154.5 73.5 -0.02605 0.196442408863	4
-145.5 73.5 0.127592857143 0.190376800557	7
-144 73.5 -0.151319230769 0.107387564338	13
-142.5 73.5 -0.0794 0.179578004264	14
-141 73.5 -0.0450938356164 0.0853702800652	73
-139.5 73.5 0.00292547169811 0.149641408432	53
-138 73.5 -0.24895 NaN	1
-136.5 73.5 -0.127011111111 0.0690246302946	36
-135 73.5 -0.0593164 0.108232901461	125
-133.5 73.5 -0.0355166666667 0.0506205755268	6
-132 73.5 -0.0775586956522 0.128894413847	23
-130.5 73.5 0.26125 NaN	1
-129 73.5 -0.0993269230769 0.110301239344	39
-127.5 73.5 -0.00612777777778 0.0497876512627	225
-126 73.5 -0.043434063745 0.0779248231632	251
-124.5 73.5 -0.11655 0.0570258792926	111
-114 73.5 1.36108333333 0.566484618797	3
-111 73.5 1.11975 1.31532862244	5
-91.5 73.5 0.16772 0.138548203004	10
-90 73.5 -0.0406789156627 0.125229844812	83
-88.5 73.5 -0.013028125 0.0809631367108	32
-75 73.5 0.151804824561 0.0518188051476	228
-73.5 73.5 0.0111479310345 0.0728726261944	145
-72 73.5 0.044217611336 0.078602804127	247
-70.5 73.5 -0.00803939393939 0.0980767895835	66
-69 73.5 -0.121669047619 0.104371795132	21
-67.5 73.5 -0.160475 0.119064754791	4
-64.5 73.5 -0.0233375 0.143376372207	8
-63 73.5 -0.168816666667 0.154150716292	3
-24 73.5 -0.104627160494 0.287230579194	162
-21 73.5 -0.00243571428571 0.0771336378971	7
-19.5 73.5 -0.0742716216216 0.146364169369	37
-18 73.5 -0.0130911764706 0.170843814121	17
-16.5 73.5 -0.120468238994 0.0508396210676	159
-12 73.5 0.0814023809524 0.124868657473	21
57 73.5 0.0152132911392 0.0425102496757	79
58.5 73.5 0.0200318181818 0.0592971584195	55
60 73.5 0.029160787172 0.0520806440032	343
61.5 73.5 -0.04904 0.102908512767	20
69 73.5 -0.0483684210526 0.0594076397119	76
76.5 73.5 0.0642081967213 0.0407629609063	122
118.5 73.5 -0.202460526316 0.152098103921	19
120 73.5 -0.1555125 0.0640140075817	16
121.5 73.5 0.11235 NaN	1
126 73.5 0.0681673913043 0.0733555613129	92
127.5 73.5 0.0076124 0.118483617803	125
129 73.5 0.0618315508021 0.110256996431	374
130.5 73.5 -0.0387774509804 0.0552408034671	102
132 73.5 -0.1301 0.206828733497	2
133.5 73.5 0.0621282608696 0.163830158608	23
135 73.5 0.20525 NaN	1
138 73.5 0.01135 0.143401255225	2
139.5 73.5 -0.06975 0.0469635809009	30
141 73.5 -0.0683152777778 0.0814577107249	72
142.5 73.5 0.12204 0.0576063401116	20
144 73.5 0.169624038462 0.346052135641	104
147 73.5 -0.0295462616822 0.0494332519767	107
148.5 73.5 -0.0914595238095 0.111298912415	21
150 73.5 0.05907 0.202869267154	10
151.5 73.5 -0.144766666667 0.151457761989	6
153 73.5 -0.12179 0.0985663380673	5
156 73.5 -0.05495 0.155705855167	4
157.5 73.5 0.09418 0.107452863568	10
159 73.5 -0.00291086956522 0.118130589292	23
160.5 73.5 0.0339625 0.150720332072	16
162 73.5 -0.0458 0.20109181272	8
168 73.5 -0.165180769231 0.11183058157	13
171 73.5 -0.0717845070423 0.0465038670638	142
172.5 73.5 -0.0136948154657 0.091770341292	569
174 73.5 -0.0103965558195 0.0627232896578	421
175.5 73.5 -0.0333310810811 0.0748525719718	148
177 73.5 0.064345 0.0781556037321	20
178.5 73.5 -0.0331414893617 0.0732464196484	94
-180 73 -0.19585 NaN	1
-178.5 73 0.00959392523364 0.0488509712492	107
-177 73 0.0299 0.0402037933534	34
-175.5 73 -0.0413467948718 0.0402053622164	156
-174 73 -0.0113538834951 0.0708610486802	103
-172.5 73 -0.0871 0.142070510663	4
-171 73 0.0804166666667 0.262549811147	3
-169.5 73 0.0136833333333 0.0573231483201	3
-168 73 0.03141 0.146071430015	10
-166.5 73 -0.0284132 0.127161256232	125
-165 73 -0.0290083710407 0.106169201086	221
-163.5 73 0.00780208333333 0.101861221359	96
-162 73 -0.00498896103896 0.0943676867586	77
-160.5 73 -0.112717142857 0.0773920655062	70
-156 73 -0.0722166666667 0.112231472116	3
-154.5 73 -0.00938333333333 0.27277647137	3
-151.5 73 -0.196625 0.0514101400504	4
-145.5 73 -0.104094444444 0.155550749132	18
-144 73 0.00735 NaN	1
-142.5 73 -0.02089 0.124620395602	5
-141 73 -0.24155 0.00480832611207	2
-139.5 73 -0.0620136363636 0.190043554338	11
-138 73 -0.0208833333333 0.0727244342249	3
-136.5 73 -0.0542681818182 0.111406281853	11
-135 73 -0.0780055555556 0.122868199218	18
-133.5 73 -0.13943 0.148504316436	5
-132 73 -0.160278571429 0.0778697569511	7
-130.5 73 -0.0633735772358 0.106951331111	123
-129 73 -0.0595782608696 0.122530547054	46
-127.5 73 -0.05621 0.176936914056	10
-126 73 -0.042475 0.130399082178	80
-118.5 73 0.161545 0.369742124182	20
-114 73 0.13855 NaN	1
-103.5 73 1.00385 NaN	1
-97.5 73 1.05245 NaN	1
-91.5 73 -0.00300652173913 0.0802670702665	23
-90 73 0.0440377192982 0.150012321006	57
-73.5 73 -0.0187807692308 0.0609524111793	169
-72 73 0.0291878787879 0.0710616295582	132
-70.5 73 0.039638973384 0.0833685242292	263
-69 73 -0.0592352941176 0.16651566153	34
-67.5 73 0.04125 NaN	1
-66 73 -0.06753 0.158097845833	15
-64.5 73 0.0692166666667 0.0338747496916	6
-63 73 -0.140726923077 0.153465404103	13
-61.5 73 -0.140183333333 0.0989737507288	3
-57 73 -0.0538321052632 0.080267707636	95
-22.5 73 -0.0100160714286 0.108232319617	56
-21 73 0.02625 0.17711198082	17
-19.5 73 0.0154332826748 0.0847390481098	329
-18 73 -0.0415605263158 0.0943681084277	114
-16.5 73 -0.0462222580645 0.0603029532729	155
57 73 -0.0176914285714 0.0701568094991	280
58.5 73 0.0945869565217 0.0865780937161	92
60 73 0.105097272727 0.0456343553759	55
69 73 -0.0431136363636 0.0486445537307	77
70.5 73 0.0933209677419 0.0563748241301	31
72 73 -0.10856375 0.0775034678583	80
75 73 0.193484615385 0.21774181214	26
76.5 73 0.045534 0.0463739481462	25
120 73 -0.27277 0.0236025846042	5
129 73 -0.110438028169 0.0753569731462	142
130.5 73 -0.0489243801653 0.0418248919682	121
133.5 73 -0.0241181818182 0.101840599525	88
135 73 0.0052 0.177081327832	4
138 73 0.0589166666667 0.0316506450698	3
141 73 0.14395 0.138970104699	3
142.5 73 2.50195 NaN	1
144 73 0.351887275986 0.178213402232	279
145.5 73 0.168985955056 0.221031252545	89
147 73 -0.122775 0.0563045746949	20
148.5 73 -0.126268181818 0.0710186844682	99
150 73 0.02425 0.182016478544	14
151.5 73 0.10535 0.158391918986	2
153 73 -0.202992857143 0.0558250498475	7
154.5 73 0.09897 0.139209166365	5
156 73 -0.0728409090909 0.123071990758	11
157.5 73 -0.18195 0.136330187413	2
160.5 73 -0.19685 NaN	1
162 73 -0.0312351851852 0.0657533251789	27
166.5 73 -0.00455 NaN	1
168 73 -0.0545 0.120142623577	4
169.5 73 0.00905 NaN	1
171 73 0.26765 NaN	1
172.5 73 0.0655856643357 0.10094678099	143
174 73 -0.0304459183673 0.149308455832	49
175.5 73 -0.00489086956522 0.0812363664296	230
-177 72.5 -0.07773 0.082256683619	5
-175.5 72.5 0.0209667832168 0.0788565782155	286
-174 72.5 0.0811333759591 0.105810762163	391
-172.5 72.5 -0.0529227272727 0.111490184625	110
-171 72.5 -0.0526301369863 0.0908733537971	146
-165 72.5 0.0452734200743 0.0619919013263	269
-163.5 72.5 -0.0316252808989 0.0771358274908	178
-162 72.5 0.0286672494172 0.0638602140989	429
-160.5 72.5 0.053524015748 0.128593366651	254
-159 72.5 0.0465192307692 0.104706938717	26
-157.5 72.5 -0.088921875 0.130792959351	32
-156 72.5 0.0289409090909 0.0994899839637	11
-150 72.5 -0.00985 0.0462447834896	2
-145.5 72.5 0.0295 0.0120915259583	2
-132 72.5 0.00629 0.0523443693247	5
-130.5 72.5 0.0348566666667 0.118228111636	15
-129 72.5 -0.0678985436893 0.135478279038	103
-127.5 72.5 -0.0805701388889 0.0963212846224	144
-126 72.5 -0.0431363013699 0.0833193579417	219
-118.5 72.5 -0.239035135135 0.0532674018896	148
-73.5 72.5 -0.0614520618557 0.0712099988313	194
-72 72.5 0.00232726396917 0.0636223108634	519
-70.5 72.5 0.0129420689655 0.0610891495516	290
-69 72.5 -0.0828833333333 0.156073862856	6
-67.5 72.5 -0.0907166666667 0.163591900778	9
-66 72.5 -0.12505 NaN	1
-61.5 72.5 0.0341 0.189078388884	8
-22.5 72.5 0.000857142857143 0.0893090801595	28
-21 72.5 0.0131333333333 0.172543755737	30
-19.5 72.5 0.00225625 0.113276207968	16
-18 72.5 -0.0532589820359 0.0479520216001	334
55.5 72.5 -0.0772593023256 0.0701030344697	86
57 72.5 -0.0504023809524 0.148665085407	21
58.5 72.5 0.0509190851735 0.0788871966845	317
75 72.5 0.0720809090909 0.137594585146	110
76.5 72.5 -0.0872818181818 0.096242319228	176
130.5 72.5 -0.0342750681199 0.0545950359383	367
132 72.5 0.0234646825397 0.0911252930124	252
133.5 72.5 -0.0142525641026 0.105700822558	78
135 72.5 -0.02385 0.15744307736	24
138 72.5 -0.105416666667 0.325631330393	3
139.5 72.5 -0.0667833333333 0.0605519886819	3
148.5 72.5 -0.058185472973 0.0562015609149	296
150 72.5 0.0237923631124 0.0815399477837	347
151.5 72.5 -0.038525 0.131226025554	24
153 72.5 0.168305555556 0.137245237723	9
154.5 72.5 -0.10295 NaN	1
156 72.5 0.0282571428571 0.148343683406	14
157.5 72.5 0.08705 0.137461558263	2
159 72.5 0.1167 0.112964361637	6
165 72.5 0.0605884615385 0.162606935852	39
166.5 72.5 0.0948444444444 0.117681194562	54
168 72.5 -0.0679833333333 0.144026503064	54
169.5 72.5 -0.0668192307692 0.138476070913	26
171 72.5 -0.03465 0.0652921894257	3
172.5 72.5 0.15185 NaN	1
174 72.5 -0.0220174943567 0.0598780705278	443
175.5 72.5 -0.098225862069 0.118751251588	29
177 72.5 -0.03628 0.132751296708	10
-180 72 0.0105835106383 0.131891367122	188
-178.5 72 -0.0769166666667 0.0581632832007	198
-177 72 -0.0374325396825 0.0991594033406	63
-175.5 72 -0.0152035031847 0.0642389340092	314
-174 72 0.0415161016949 0.143720445116	177
-172.5 72 0.014425 0.129354538347	12
-171 72 -0.0486083333333 0.12006490591	48
-165 72 0.0961388888889 0.0374491136225	9
-163.5 72 0.0499675 0.1341773621	80
-162 72 0.0441635338346 0.075447480453	266
-160.5 72 0.14029 0.0768879444386	10
-159 72 -0.0304317073171 0.0676794975399	164
-157.5 72 -0.0634120481928 0.0698087651464	332
-156 72 -0.071625890411 0.0791371352487	365
-154.5 72 0.0194018518519 0.147484435607	27
-148.5 72 -0.143803333333 0.101920661488	15
-142.5 72 0.01407 0.093043938929	15
-141 72 0.10005 NaN	1
-139.5 72 -0.21125 NaN	1
-138 72 -0.0869730769231 0.118648052012	26
-136.5 72 -0.220516666667 0.134215399017	3
-135 72 -0.0786012820513 0.0811736341424	39
-133.5 72 -0.0335125 0.0987060273677	32
-132 72 -0.0215772727273 0.152706388621	22
-130.5 72 -0.0795576923077 0.154714142111	13
-129 72 -0.00331111111111 0.146786727995	126
-127.5 72 0.0157552795031 0.117335833232	322
-126 72 -0.0228862244898 0.0834542537917	196
-120 72 -0.103355 0.0744858056065	20
-118.5 72 1.02695 NaN	1
-85.5 72 1.23625 NaN	1
-72 72 0.0529931192661 0.0747066179911	109
-70.5 72 0.00618402061856 0.0866967078323	291
-69 72 -0.0142626436782 0.0845076462821	87
-67.5 72 -0.023275 0.106740954911	68
-66 72 -0.0268264705882 0.0754190650557	119
-64.5 72 -0.0102196428571 0.101395373607	56
-58.5 72 -0.14875 0.082262451945	21
-22.5 72 0.111542 0.0613474593334	25
-21 72 0.00825 0.196117072179	11
-19.5 72 0.00414264705882 0.121961338768	68
-18 72 0.0354333333333 0.0998700038383	6
55.5 72 0.28135 0.0402284725039	3
75 72 0.175634180791 0.178450028906	177
129 72 -0.143240322581 0.0517902452116	124
130.5 72 -0.0708247881356 0.0751503519136	472
132 72 0.10295 0.183989184465	2
133.5 72 0.04635 0.0973707005897	25
138 72 0.591403846154 0.468691248079	13
148.5 72 0.54151 0.278639055052	5
150 72 -0.113766402116 0.135693381656	189
151.5 72 -0.086602 0.132787927939	125
153 72 -0.05925 0.137121272359	19
156 72 -0.0995815789474 0.0631762442399	19
157.5 72 -0.0147409090909 0.132012080649	22
159 72 -0.0162233333333 0.134961414944	15
166.5 72 0.06545 0.0861256059485	2
168 72 -0.0200866666667 0.159595511309	30
169.5 72 0.0141772727273 0.12828266476	22
171 72 0.023125 0.220640422029	4
172.5 72 -0.0692333333333 0.118747226593	18
174 72 -0.0160017857143 0.132678106697	112
175.5 72 -0.0604516666667 0.115923710775	120
177 72 -0.0281280952381 0.118165691185	105
178.5 72 0.0770388888889 0.0919297818631	243
-180 71.5 0.291427472527 0.0994272647789	182
-178.5 71.5 0.114319955157 0.150130613235	223
-177 71.5 -0.0248948780488 0.0945603917186	205
-175.5 71.5 -0.0366206896552 0.125573175715	58
-168 71.5 -0.101908333333 0.138541614741	12
-160.5 71.5 0.054725 0.0723825021511	52
-159 71.5 -0.10397 0.0810808069151	65
-157.5 71.5 -0.112117567568 0.0613908495579	222
-156 71.5 -0.0642328571429 0.121732758927	140
-154.5 71.5 -0.045138 0.124307140851	25
-147 71.5 0.0331375 0.215020938764	8
-145.5 71.5 -0.00807121212121 0.183259445114	33
-144 71.5 -0.0589057142857 0.0861203398617	70
-142.5 71.5 -0.0603048387097 0.0934190552964	31
-141 71.5 -0.00263529411765 0.0612796032721	34
-139.5 71.5 -0.0819614285714 0.0575179755607	35
-138 71.5 -0.0533388888889 0.055034496729	90
-136.5 71.5 -0.0797734375 0.104739399504	128
-135 71.5 -0.0704685 0.0842638766751	200
-133.5 71.5 -0.0355830769231 0.0855680960179	260
-132 71.5 -0.033464893617 0.0982253509226	282
-130.5 71.5 -0.12485 0.103096168697	2
-129 71.5 -0.0780339416058 0.0751669800331	137
-127.5 71.5 -0.0511124161074 0.0946698055951	149
-126 71.5 0.0099012 0.060277001199	125
-124.5 71.5 -0.0472167938931 0.0853946635932	524
-123 71.5 -0.0799360465116 0.045775708787	43
-120 71.5 -0.05935 0.0961807078963	36
-118.5 71.5 -0.19296 0.0484591110571	10
-117 71.5 -0.0614262711864 0.111207219344	59
-115.5 71.5 -0.0110833333333 0.0610808480622	9
-72 71.5 1.25315 0.126390624652	3
-70.5 71.5 -0.0681434306569 0.0920307638817	137
-69 71.5 0.009924 0.0492414669178	300
-67.5 71.5 0.0396202755906 0.0818112698115	508
-66 71.5 0.015044047619 0.0828806521105	84
-64.5 71.5 0.00386617647059 0.0642685237406	136
-57 71.5 0.05544125 0.0746127999908	80
-25.5 71.5 -0.20925 0.0614924602424	16
-21 71.5 -0.126765789474 0.0786236624204	19
-19.5 71.5 -0.0595881578947 0.11100797565	76
55.5 71.5 0.161625 0.111676955994	4
57 71.5 0.10715 NaN	1
130.5 71.5 0.0110543478261 0.0926220491064	46
133.5 71.5 -0.1619 0.0514066629923	2
136.5 71.5 -0.178240566038 0.0851819032428	53
148.5 71.5 0.602666666667 0.033232479093	6
150 71.5 0.13160974026 0.397305954378	77
151.5 71.5 -0.0454024916944 0.105075041925	301
154.5 71.5 0.0112810861423 0.0445400618851	267
156 71.5 -0.0561388888889 0.0832126559552	9
157.5 71.5 0.02375 0.0847491986196	7
159 71.5 0.059129047619 0.0436043635238	105
160.5 71.5 -0.07215 0.0824788804136	15
165 71.5 -0.0570824324324 0.0713954832607	37
166.5 71.5 -0.0886790322581 0.0429522476737	155
168 71.5 -0.0194318181818 0.0892530987494	11
169.5 71.5 0.0633214285714 0.121724904522	7
171 71.5 -0.12379 0.153560486454	5
172.5 71.5 0.0301045454545 0.166572424871	11
174 71.5 -0.037025 0.0854020198824	8
175.5 71.5 0.14895 NaN	1
177 71.5 0.0126071428571 0.165266292349	42
178.5 71.5 -0.0145166666667 0.108079806372	45
-177 71 0.015830952381 0.0781321164378	21
-175.5 71 0.05116 0.10751076897	10
-160.5 71 0.0237018518519 0.0473583876763	54
-157.5 71 -0.0618257731959 0.075244053907	194
-156 71 0.0324833333333 0.291385146041	3
-153 71 -0.0337007692308 0.111772215525	65
-151.5 71 0.0684401639344 0.100948124805	61
-150 71 -0.0938532258065 0.0844133539351	31
-148.5 71 -0.111884649123 0.0508155737805	228
-147 71 -0.00526085714286 0.0792131037961	350
-145.5 71 -0.0460182634731 0.108937349127	167
-144 71 -0.102815384615 0.0868061055102	26
-142.5 71 -0.0566369565217 0.104971903323	92
-141 71 -0.0384998269896 0.0661036642558	578
-139.5 71 -0.0565623046875 0.0661054668282	512
-138 71 -0.048185326087 0.0954060405341	184
-136.5 71 -0.0342366666667 0.12110379395	45
-135 71 -0.0160479591837 0.0799092356267	245
-133.5 71 0.0103837190083 0.0679494225635	605
-132 71 -0.00770940766551 0.0754284495538	574
-130.5 71 0.00925998080614 0.0578806468935	521
-129 71 0.0132296296296 0.071817216347	162
-127.5 71 0.00726785714286 0.0520333492706	84
-124.5 71 0.0178907534247 0.0841844057731	292
-123 71 -0.0400524390244 0.0814280833297	164
-121.5 71 -0.03283 0.0831184536269	10
-120 71 -0.0336111764706 0.0865476170811	85
-118.5 71 0.72575 NaN	1
-69 71 -0.0159017426273 0.0829344013244	373
-67.5 71 0.00387937062937 0.0920018430864	143
-66 71 0.0402694690265 0.0933241492797	339
-64.5 71 -0.0318657894737 0.0848997792378	19
-61.5 71 -0.238 0.0750240294839	2
-60 71 0.045562195122 0.0357916584193	82
-58.5 71 -0.0118583333333 0.0648172376438	72
-57 71 0.0600965346535 0.0608904089344	303
-25.5 71 0.635404385965 0.462056262406	228
-24 71 1.18933358209 0.135504314587	67
-21 71 0.000272222222222 0.202724442229	18
-19.5 71 0.0997833333333 0.182776156359	3
57 71 -0.0268833333333 0.0420510166346	36
130.5 71 -0.1083875 0.190878068317	8
153 71 0.01775 0.0261629509039	2
157.5 71 0.130933333333 0.0933731313958	6
159 71 0.03801 0.0987017799318	95
160.5 71 -0.069703164557 0.069720076951	158
162 71 0.11815 0.0281746339817	3
165 71 0.04745 0.120059285355	6
166.5 71 -0.104422794118 0.0389786136213	272
168 71 -0.0219208333333 0.0426597221881	48
169.5 71 -0.0507922535211 0.108610710682	71
171 71 0.030240625 0.146721422143	32
172.5 71 -0.022372826087 0.059724189575	184
174 71 0.0159568965517 0.135210024277	29
175.5 71 0.25135 NaN	1
177 71 0.0383633333333 0.182711106343	15
178.5 71 0.0201151315789 0.125075694305	152
-178.5 70.5 -0.01855 0.107661723313	4
-177 70.5 0.0656509090909 0.0459165807142	110
-150 70.5 0.151879508197 0.0935978389071	61
-148.5 70.5 0.081820212766 0.103550411825	47
-147 70.5 -0.179422727273 0.13476595615	66
-145.5 70.5 -0.0938717391304 0.0616514534804	115
-144 70.5 -0.126796511628 0.0477566008582	258
-142.5 70.5 -0.115556635071 0.0929730635706	422
-141 70.5 -0.0685328125 0.0864475353412	64
-139.5 70.5 0.034821657754 0.0824752070855	187
-138 70.5 -0.0335702185792 0.0877590124107	183
-136.5 70.5 -0.068247826087 0.0763725369864	230
-135 70.5 -0.0236572033898 0.0529378703586	236
-133.5 70.5 -0.0280008064516 0.116742800823	124
-132 70.5 -0.0706641414141 0.0677131283959	99
-130.5 70.5 0.0109741860465 0.0740450448351	215
-129 70.5 0.0182322580645 0.0734942052454	62
-121.5 70.5 0.03855625 0.0936029947438	16
-120 70.5 1.4476 0.241550581314	4
-118.5 70.5 0.0211308695652 0.0430073145465	115
-115.5 70.5 -0.0182642857143 0.0570161054941	21
-114 70.5 -0.207624509804 0.043408083482	204
-69 70.5 -0.14555 0.0640638743755	2
-67.5 70.5 -0.00979411764706 0.0747288452446	102
-66 70.5 -0.0577991525424 0.0558973126271	177
-64.5 70.5 0.000108558558559 0.0843344084512	111
-60 70.5 0.0542212328767 0.0840896635864	73
-57 70.5 0.0565 0.0173939644705	4
-55.5 70.5 0.106263333333 0.0892273169788	15
-24 70.5 -0.0283076470588 0.119425663646	85
-22.5 70.5 -0.105516666667 0.137189516294	141
-21 70.5 -0.072562037037 0.0926737556914	108
-19.5 70.5 -0.02201 0.0927273853832	5
67.5 70.5 0.0836222580645 0.118730480849	155
162 70.5 -0.0480616666667 0.0798447776774	180
163.5 70.5 -0.105220588235 0.128196193224	34
165 70.5 0.00592840909091 0.0891018356415	88
168 70.5 -0.0252143192488 0.0764382507238	213
169.5 70.5 -0.0128075091575 0.0778692051736	273
171 70.5 -0.0651166666667 0.118211561758	3
172.5 70.5 -0.07225 0.249608693759	2
174 70.5 0.0275944444444 0.15800658837	36
175.5 70.5 0.117735714286 0.110666336775	7
177 70.5 -0.01455 0.162111196405	3
178.5 70.5 -0.21235 0.0777746423971	5
-144 70 -0.103966666667 0.0246547696535	6
-142.5 70 -0.0242981327801 0.105198000252	241
-141 70 -0.0284753968254 0.0639654755442	252
-139.5 70 -0.037650754717 0.0735451139594	265
-138 70 -0.0556073529412 0.0592639008599	68
-133.5 70 0.29081728972 0.224412268766	107
-132 70 -0.104671428571 0.0336393583258	14
-118.5 70 0.0483862831858 0.0837449988506	113
-91.5 70 -0.02655 NaN	1
-90 70 0.00605 NaN	1
-67.5 70 -0.015320212766 0.112991826548	94
-66 70 -0.05155 0.174848862467	18
-63 70 -0.030325 0.232053591152	4
-60 70 0.0017152173913 0.131332771679	23
-24 70 -0.0162583333333 0.118036077717	36
-22.5 70 -0.0387320652174 0.179734858925	184
-21 70 0.0936822580645 0.311313029374	31
160.5 70 -0.18385952381 0.0659386658173	63
162 70 0.0394303468208 0.133908530173	346
163.5 70 -0.0430954545455 0.0886594576558	33
166.5 70 0.337121428571 0.111752181826	21
168 70 0.314857777778 0.112891367398	180
169.5 70 -0.00393571428571 0.0753367158649	84
171 70 -0.0963329113924 0.0937216186802	158
172.5 70 -0.0416382352941 0.10326753359	34
174 70 -0.08793 0.106479608376	5
175.5 70 -0.064551369863 0.0615882169763	73
177 70 -0.0262530769231 0.100336580395	65
178.5 70 -0.0152833333333 0.128239320543	3
-180 69.5 -0.21775 NaN	1
-141 69.5 -0.00285 NaN	1
-139.5 69.5 -0.0685006666667 0.0768899219723	75
-133.5 69.5 0.250770289855 0.156726033518	69
-118.5 69.5 0.062847515528 0.0520948593317	161
-99 69.5 0.0635 0.0788424061023	2
-90 69.5 -0.0386 0.274710984491	2
-67.5 69.5 0.49985 NaN	1
-66 69.5 -0.0683294117647 0.0731490765062	102
-60 69.5 0.0497923728814 0.115799361566	59
-24 69.5 -0.0284383333333 0.131452757631	60
-22.5 69.5 0.111209375 0.15294634158	64
-21 69.5 -0.135921428571 0.0836039216442	7
72 69.5 1.88705 NaN	1
162 69.5 -0.130033333333 0.034073900438	42
166.5 69.5 0.325898148148 0.0515909978013	27
169.5 69.5 0.0976833333333 0.189552366178	15
177 69.5 -0.091625 0.129409334413	4
178.5 69.5 -0.10311 0.0605927608437	10
-178.5 69 -0.04345 0.157301642289	4
-118.5 69 0.161216666667 0.0796740492108	18
-100.5 69 -0.0535735294118 0.175809565046	17
-99 69 0.01905 0.0719193529819	7
-94.5 69 2.00825 0.732025826047	3
-90 69 0.142988709677 0.178878382665	31
-81 69 0.0416526315789 0.0669085963323	38
-78 69 0.374792857143 0.155109078363	7
-76.5 69 0.396174431818 0.161971886537	176
-25.5 69 0.216864285714 0.0600485200642	7
-24 69 0.2236 0.0667755485855	10
-21 69 0.117483333333 0.142496404633	21
-112.5 68.5 -0.096725 0.0378698978962	4
-102 68.5 0.01385 NaN	1
-99 68.5 -0.11495 0.131831597123	3
-97.5 68.5 0.11835 NaN	1
-96 68.5 0.19805 NaN	1
-87 68.5 -0.137534615385 0.0811846336667	13
-78 68.5 0.3285 0.0409414826307	2
-76.5 68.5 0.355926470588 0.127778383165	119
-66 68.5 0.29385 NaN	1
-63 68.5 -0.1674 0.0275064537882	2
-60 68.5 0.116916666667 0.178441988706	3
-25.5 68.5 0.11215 0.219203102168	2
-24 68.5 0.0701603773585 0.0729415355307	106
-115.5 68 -0.13755 NaN	1
-112.5 68 -0.16025 0.109954126798	3
-102 68 -0.0612223809524 0.0583303333399	105
-100.5 68 0.0203071428571 0.140348564381	7
-99 68 0.0211940366972 0.193395526123	109
-78 68 0.74525 NaN	1
-76.5 68 0.79835 0.0366065567897	3
-64.5 68 -0.0457981481481 0.0587508649388	27
-63 68 -0.0195604575163 0.0913282088515	153
-60 68 -0.0666558823529 0.0439209157263	17
-25.5 68 0.09545 0.0138592929113	2
13.5 68 -0.0947 0.170825324235	26
-79.5 67.5 0.0291609865471 0.0857436214572	446
-78 67.5 0.132567307692 0.102601266516	52
-63 67.5 -0.0122330188679 0.112994408874	53
-61.5 67.5 0.00760183098592 0.120658116558	355
-60 67.5 0.11481440678 0.151931556463	59
-58.5 67.5 0.0552710526316 0.118018023948	19
-33 67.5 0.20975 NaN	1
-31.5 67.5 -0.129331944444 0.07466554219	72
12 67.5 -0.129425 0.111859297781	4
13.5 67.5 -0.0396083333333 0.0781419507672	12
-81 67 0.006 0.0891661651076	2
-79.5 67 -0.0120832518337 0.0993860218672	409
-78 67 -0.00415 0.142820716785	22
-76.5 67 0.246616666667 0.0721695746142	9
-75 67 -0.0484598591549 0.157245457036	71
-63 67 0.0492166666667 0.090451110183	3
-61.5 67 -0.0775244485294 0.100220171939	544
-60 67 0.0457706779661 0.128063854235	295
-58.5 67 0.0412128930818 0.105812356935	159
-79.5 66.5 0.00932910447761 0.154296772819	67
-78 66.5 0.00934620253165 0.126615793224	158
-76.5 66.5 0.0099516 0.123806086009	125
-61.5 66.5 -0.0864136882129 0.069693418374	526
-60 66.5 -0.00782163841808 0.103522683254	885
-58.5 66.5 0.165651408451 0.135535074525	71
70.5 66.5 0.169158474576 0.110211230243	59
-79.5 66 0.0530940677966 0.0853878662697	177
-78 66 0.0425245098039 0.156833737206	102
-76.5 66 0.0245219512195 0.0962630735381	82
-61.5 66 -0.0926944444444 0.0828104463109	306
-60 66 0.0590950617284 0.0976908687904	162
-58.5 66 0.175692857143 0.161175420553	7
-57 66 0.32685 NaN	1
-79.5 65.5 -0.03332 0.142206347849	20
-78 65.5 0.181988709677 0.158866694276	217
-76.5 65.5 -0.19525 0.0684515400362	4
-63 65.5 0.11325 NaN	1
-61.5 65.5 0.03395 0.115258752379	17
-36 65.5 -0.0395371794872 0.121805699848	39
-22.5 65.5 -0.26105 0.0384574006749	13
37.5 65.5 0.530517307692 0.0550945274004	52
-81 65 0.110325 0.03675	4
-79.5 65 -0.0213783783784 0.112404885235	74
-78 65 0.30756122449 0.14880100798	98
-66 65 -0.05061875 0.147480917268	16
-60 65 0.133095 0.0786039270145	20
-40.5 65 2.18005 NaN	1
-22.5 65 -0.043672556391 0.123517901792	133
25.5 65 -0.00295819672131 0.108714544098	61
-87 64.5 -0.039887254902 0.0614847817294	51
-64.5 64.5 0.00307857142857 0.146675795712	7
-63 64.5 -0.0168233333333 0.0426257210524	15
-61.5 64.5 0.2096875 0.0164059168334	8
-165 64 0.692529444444 0.0469001681897	180
-163.5 64 0.663372222222 0.0426164222389	9
-162 64 0.211425 0.0498825523832	32
-82.5 64 -0.111333333333 0.0903702919474	6
-78 64 -0.162031443299 0.123748140836	97
-76.5 64 0.228572222222 0.0581256995179	9
-75 64 -0.124897008547 0.0472534993644	117
-64.5 64 -0.01176 0.111018828292	120
-63 64 0.100363513514 0.0579514069571	74
-61.5 64 0.106050662252 0.0512710711112	151
-163.5 63.5 0.682206164384 0.0307158933991	73
-82.5 63.5 -0.125745964126 0.071994341193	223
-81 63.5 0.456265333333 0.175569359795	150
-79.5 63.5 -0.0249125 0.120027064854	80
-78 63.5 0.0242166666667 0.138114103617	90
-76.5 63.5 0.0808166666667 0.1222030046	21
-73.5 63.5 0.0654672161172 0.123782104705	273
-64.5 63.5 -0.12105 NaN	1
-82.5 63 -0.264393678161 0.0348785757562	87
-81 63 0.157555813953 0.163441893687	258
-79.5 63 0.024433640553 0.074112987736	434
-78 63 -0.01953875 0.115729481593	80
-76.5 63 0.0450833333333 0.179633011072	6
-73.5 63 -0.0383962264151 0.152854431326	106
-72 63 0.28965 NaN	1
-64.5 63 -0.00305606060606 0.0840457574011	33
-82.5 62.5 0.182214893617 0.0578931880916	94
-81 62.5 -0.00443388278388 0.0527398892277	273
-79.5 62.5 -0.0355652671756 0.0921561963969	131
-78 62.5 0.0442681818182 0.135896022878	33
-73.5 62.5 -0.03254375 0.0758951774379	16
-72 62.5 -0.0760788461538 0.0961808779933	156
-70.5 62.5 -0.0177434782609 0.120554513998	46
-64.5 62.5 0.128289130435 0.211603152879	23
-84 62 -0.0598965116279 0.0428234402929	129
-82.5 62 -0.065009375 0.0427947076874	32
-81 62 0.00793626609442 0.10426773181	233
-79.5 62 0.05825 0.146671776426	3
-72 62 -0.07265 NaN	1
-70.5 62 0.00583346456693 0.143101884985	127
-84 61.5 -0.0536746575342 0.0466505841753	219
-81 61.5 0.00725506329114 0.103586707021	79
-79.5 61.5 0.0287115384615 0.145716468633	13
-72 61.5 0.0388045454545 0.115192568112	66
-70.5 61.5 0.0288086956522 0.149808696436	92
4.5 61.5 -0.154483333333 0.0229351985676	3
-165 61 0.366060655738 0.0965104942758	122
-147 61 0.783016666667 0.881947625807	6
-84 61 0.09285 0.218853855346	3
-82.5 61 -0.0669 0.267074231254	2
-81 61 -0.0189879518072 0.0809609382395	166
-79.5 61 -0.0582640625 0.088135225949	64
-78 61 -0.0612833333333 0.0554077087091	48
-70.5 61 -0.2379 0.0432042243305	2
21 61 0.047225 0.132936034117	4
-165 60.5 0.529861578947 0.0660595631728	285
-147 60.5 -0.29945 NaN	1
-85.5 60.5 -0.0240617647059 0.0574238822058	68
-81 60.5 -0.150475 0.0890575235452	4
-79.5 60.5 0.0803928571429 0.109883572584	7
-78 60.5 -0.0441177419355 0.059018468313	155
-69 60.5 0.0515882198953 0.123717860069	191
21 60.5 0.0383928571429 0.22528815453	21
22.5 60.5 -0.134521428571 0.131742902583	7
-85.5 60 -0.130975 0.168717799397	4
-84 60 0.0712115384615 0.100729698012	26
-82.5 60 0.0202669014085 0.0952554160229	71
-81 60 0.0578931034483 0.151313659489	58
-79.5 60 -0.27875 NaN	1
-78 60 0.0575 0.0934088057947	2
-69 60 0.0950634146341 0.130084473753	82
21 60 -0.0379340707965 0.0946722424684	113
22.5 60 0.0111841269841 0.296501878082	126
24 60 -0.0749961538462 0.288150080455	39
