lon, lat, freeboard (m), standard deviation, count
-180 81.5 0.0805625 0.202279032439	8
-178.5 81.5 0.09625 0.1364536085	12
-177 81.5 0.14757 0.0877285415358	5
-175.5 81.5 0.02245 0.172243560112	6
-174 81.5 0.103046969697 0.0846465463148	33
-172.5 81.5 0.082925862069 0.108378123304	29
-171 81.5 0.0455863636364 0.133952874346	11
-169.5 81.5 -0.0196266666667 0.19687548609	30
-168 81.5 0.089662195122 0.108087044078	41
-166.5 81.5 0.0505338709677 0.177483477347	31
-165 81.5 0.0560316326531 0.149039932618	98
-163.5 81.5 0.0846681208054 0.100975997987	149
-162 81.5 0.0580194736842 0.118816832554	190
-160.5 81.5 0.108095245902 0.107789756916	305
-159 81.5 0.059034591195 0.104822870492	318
-157.5 81.5 0.0785574889868 0.133197828739	227
-156 81.5 0.055912890625 0.114533775093	256
-154.5 81.5 0.0680575163399 0.119995314017	306
-153 81.5 0.0261686567164 0.130796713168	134
-151.5 81.5 0.0637920168067 0.155564066859	119
-150 81.5 0.0671173076923 0.133422954046	156
-148.5 81.5 0.0560492063492 0.104602107797	252
-147 81.5 0.0562235 0.111333864546	200
-145.5 81.5 0.0719823232323 0.115081270183	198
-144 81.5 0.0119705128205 0.10763784229	117
-142.5 81.5 0.0205061403509 0.14120626253	57
-141 81.5 -0.0367026315789 0.170638771663	57
-139.5 81.5 0.0811843065693 0.128828940641	137
-138 81.5 0.098721967655 0.122283358666	371
-136.5 81.5 0.118394626168 0.127975649558	428
-135 81.5 0.0985711267606 0.108911737423	284
-133.5 81.5 0.0591759259259 0.128491017124	270
-132 81.5 0.105655142857 0.126774121815	175
-130.5 81.5 0.10305 0.122571288928	185
-129 81.5 0.151848662207 0.125367684728	299
-127.5 81.5 0.110873278689 0.131625165626	305
-126 81.5 0.161387770898 0.128835596514	323
-124.5 81.5 0.143874471299 0.140345906783	331
-123 81.5 0.159489642857 0.142310557846	280
-121.5 81.5 0.173846061269 0.131673524302	457
-120 81.5 0.218672477876 0.120678632967	565
-118.5 81.5 0.225881651376 0.127286747179	436
-117 81.5 0.239706181818 0.0946817734509	1100
-115.5 81.5 0.263564656772 0.0990491242481	1078
-114 81.5 0.236905405405 0.108341605429	666
-112.5 81.5 0.231792989214 0.103897407632	649
-111 81.5 0.166334126984 0.159371898007	189
-109.5 81.5 0.262738837209 0.135807089908	215
-108 81.5 0.293765351812 0.129351661977	469
-106.5 81.5 0.220574553571 0.148699459364	224
-105 81.5 0.207105769231 0.159631735958	260
-103.5 81.5 0.232370888889 0.137163280759	225
-102 81.5 0.282338142292 0.124161890359	253
-100.5 81.5 0.280296202532 0.179751203724	158
-99 81.5 0.232861111111 0.216735111481	99
-97.5 81.5 0.167805555556 0.244907428296	45
-96 81.5 0.207308947368 0.19154832427	95
-94.5 81.5 0.0370447674419 0.125673196473	172
-93 81.5 -0.0409940909091 0.0974752974753	220
-91.5 81.5 0.141956435644 0.215673414448	202
-90 81.5 0.0342928571429 0.177976233134	14
-66 81.5 0.35555 NaN	1
-64.5 81.5 -0.1376 0.0509645955542	12
-63 81.5 -0.12213 0.0917826393655	10
-12 81.5 0.097475 0.199438765256	24
-10.5 81.5 0.229482 0.338189162698	25
-9 81.5 0.189111702128 0.170732459858	47
-7.5 81.5 0.192873333333 0.159200553079	180
-6 81.5 0.116242361111 0.178549161544	144
-4.5 81.5 0.141170967742 0.119580943349	62
-3 81.5 0.172266666667 0.122151001618	108
-1.5 81.5 0.133302542373 0.137989088948	118
0 81.5 0.036481372549 0.149908595471	51
1.5 81.5 0.103963559322 0.122629597116	59
3 81.5 0.028762 0.150823802609	25
4.5 81.5 0.170095882353 0.0948694711708	85
6 81.5 0.101214634146 0.129285080128	82
7.5 81.5 0.0634971428571 0.0686119749582	70
9 81.5 0.0778634328358 0.0880825076287	67
10.5 81.5 0.0951656862745 0.102196323559	51
12 81.5 0.11516954023 0.114534359462	87
13.5 81.5 0.184890178571 0.151768868521	112
15 81.5 0.183601612903 0.177826081679	62
16.5 81.5 0.132636153846 0.205494528777	130
18 81.5 0.0926758064516 0.117587760043	31
21 81.5 0.37945 0.0132936074863	2
24 81.5 0.07458125 0.191052393228	16
25.5 81.5 -0.1508 0.0907218000262	2
27 81.5 -0.0557857142857 0.0904938517015	28
28.5 81.5 0.0339115384615 0.152649494141	26
30 81.5 0.114892857143 0.107423445363	28
31.5 81.5 0.072425862069 0.0765680898913	58
33 81.5 -0.02505 0.0448977059548	6
69 81.5 -0.0263708333333 0.0807163416414	24
96 81.5 -0.0034775 0.112888601946	80
97.5 81.5 0.092375862069 0.0766815070923	58
99 81.5 0.0573263888889 0.0505377972324	144
100.5 81.5 -0.0550758064516 0.0768270442809	62
102 81.5 -0.11075 NaN	1
103.5 81.5 0.0386633333333 0.104021761917	15
105 81.5 0.09666 0.0776546667185	20
106.5 81.5 0.0583717391304 0.0942316582419	23
108 81.5 0.0452973684211 0.183158253881	19
109.5 81.5 0.056103125 0.11579581859	32
111 81.5 0.1140375 0.108133701718	72
112.5 81.5 0.0340079710145 0.123770985631	69
114 81.5 0.0595526315789 0.0834548308547	76
115.5 81.5 -0.008522 0.0797651214504	25
117 81.5 0.032428125 0.104074778471	64
118.5 81.5 0.135739473684 0.113380689219	76
120 81.5 0.0975597087379 0.117117541522	103
121.5 81.5 0.118651818182 0.168198651832	55
123 81.5 0.0715089285714 0.155775618091	56
124.5 81.5 0.100027108434 0.120622147711	83
126 81.5 0.1406204 0.134996289689	125
127.5 81.5 -0.0493797297297 0.158379145767	37
129 81.5 0.0530908450704 0.14793865097	71
130.5 81.5 -0.0628206896552 0.142749491053	58
132 81.5 -0.0249085365854 0.14809748287	82
133.5 81.5 0.0325720338983 0.15951015649	59
135 81.5 0.0356053571429 0.143026422123	56
136.5 81.5 0.057853125 0.170438077838	32
138 81.5 -0.0413629032258 0.159112592718	31
139.5 81.5 0.009755 0.147394502772	20
141 81.5 -0.0605590909091 0.138744465043	22
142.5 81.5 0.0470409090909 0.147895496918	22
144 81.5 0.0130675438596 0.124404007921	57
145.5 81.5 -0.0039921686747 0.114119386695	83
147 81.5 0.0938318181818 0.164584974461	66
148.5 81.5 -0.00966449275362 0.162312045397	69
150 81.5 0.0162768656716 0.162343366545	67
151.5 81.5 0.0342675925926 0.172877005508	108
153 81.5 -0.0153441935484 0.152333728492	155
154.5 81.5 -0.0545093406593 0.116380899192	182
156 81.5 -0.0389027363184 0.131936480948	201
157.5 81.5 -0.002025 0.171109884054	96
159 81.5 -0.0214939393939 0.177702433323	66
160.5 81.5 -0.0522950381679 0.118908738253	131
162 81.5 -0.00703246153846 0.0973828439848	325
163.5 81.5 -0.00797061068702 0.125171982437	131
165 81.5 -0.0235132183908 0.180964503853	87
166.5 81.5 0.013475210084 0.129296483769	119
168 81.5 0.0360343373494 0.0658334991729	498
169.5 81.5 0.0361048969072 0.0810085203146	388
171 81.5 0.045742 0.131368098994	25
172.5 81.5 -0.00527711864407 0.121355027376	177
174 81.5 0.0163295604396 0.107993418586	455
175.5 81.5 0.00544411764706 0.0828753174679	408
177 81.5 -0.0107171568627 0.0894076982268	204
178.5 81.5 -0.0260863636364 0.0905021530844	77
-180 81 0.02825 0.0736364719416	3
-178.5 81 -0.0127264705882 0.165090552915	17
-177 81 -0.0772166666667 0.204615061355	3
-175.5 81 0.02885 0.105358910397	7
-174 81 0.0123304878049 0.165881191248	41
-172.5 81 -0.0463323529412 0.164636201008	51
-171 81 -0.0340346153846 0.0870654336898	13
-169.5 81 -0.00473666666667 0.136652446879	15
-168 81 0.009746 0.150901812669	25
-166.5 81 0.038165 0.161797044001	20
-165 81 0.00363461538462 0.132513684707	65
-163.5 81 0.132340643275 0.1220675735	171
-162 81 0.0362191780822 0.139706634288	146
-160.5 81 0.050232967033 0.0947222119837	182
-159 81 0.0225868055556 0.112313301647	144
-157.5 81 0.0555962585034 0.13472576676	147
-156 81 0.0526909836066 0.151616371995	122
-154.5 81 0.074904109589 0.124475806333	146
-153 81 0.10765625 0.136684570975	112
-151.5 81 0.0816811827957 0.114927559394	93
-150 81 0.0732648148148 0.202698466283	27
-148.5 81 0.0392042857143 0.164227665404	35
-147 81 0.0073625 0.197846219322	16
-145.5 81 0.0577515384615 0.115986410158	65
-144 81 0.0860096153846 0.124177150908	52
-142.5 81 0.0748033333333 0.112435606379	60
-141 81 -0.0847823529412 0.136585481549	34
-139.5 81 0.02087 0.177029679715	25
-138 81 0.0623375912409 0.122534070559	137
-136.5 81 0.0819910358566 0.126387629574	251
-135 81 0.0149881578947 0.122848328354	152
-133.5 81 0.0772380851064 0.128238274928	235
-132 81 0.0786322033898 0.116483514575	118
-130.5 81 0.0866979381443 0.116984824847	194
-129 81 0.089475 0.114259127417	112
-127.5 81 0.109281147541 0.152286419568	183
-126 81 0.119591414141 0.122973233033	198
-124.5 81 0.162899074074 0.114294744224	216
-123 81 0.145133561644 0.123295390451	219
-121.5 81 0.204242163009 0.14993215248	319
-120 81 0.229718421053 0.113351384053	323
-118.5 81 0.230191642229 0.107386611728	341
-117 81 0.202344117647 0.111687199207	340
-115.5 81 0.23353880597 0.11592420367	402
-114 81 0.240725900277 0.124260079184	361
-112.5 81 0.176253846154 0.148267785765	104
-111 81 0.244320765027 0.120551499109	366
-109.5 81 0.250774712644 0.172116922279	174
-108 81 0.266129710145 0.110486926372	138
-106.5 81 0.228449130435 0.181505368678	115
-105 81 0.246332478632 0.175138012019	234
-103.5 81 0.31386423221 0.130256552314	267
-102 81 0.3028625 0.145200401345	80
-100.5 81 0.388486 0.140173738926	150
-99 81 0.343262121212 0.148791057632	99
-97.5 81 0.369486538462 0.16646816457	52
-96 81 0.418846907216 0.152408151612	97
-94.5 81 0.08185 0.0442853625178	7
-91.5 81 0.1045375 0.11966195881	56
-90 81 -0.13845 0.0906510893481	2
-66 81 0.446670408163 0.251438908962	98
-64.5 81 -0.180956666667 0.0800246675246	60
-13.5 81 0.0896928571429 0.0620320040286	7
-12 81 -0.04415 0.18097720851	3
-10.5 81 0.0689954545455 0.0868303560241	11
-9 81 0.32338592233 0.209427113932	103
-7.5 81 0.10181557377 0.160999149821	122
-6 81 0.131735542169 0.125980828132	83
-4.5 81 0.117936486486 0.145708435954	74
-3 81 0.178924117647 0.118883315295	85
-1.5 81 0.11614125 0.13346196651	80
0 81 0.0657266666667 0.1080761854	30
1.5 81 0.137322881356 0.110502795768	59
3 81 0.134737301587 0.102938319289	63
4.5 81 0.094347008547 0.108766008005	234
6 81 0.133768103448 0.0802585134036	116
7.5 81 0.0926692307692 0.0565704164328	26
9 81 0.0883375 0.0558074054226	16
10.5 81 0.03755 0.061152563315	6
16.5 81 0.043 0.209091475197	2
19.5 81 0.144747297297 0.0530378566608	74
21 81 0.0920264705882 0.0414816575662	34
27 81 0.120355263158 0.181357058723	19
28.5 81 0.19225 NaN	1
30 81 0.0861628571429 0.148100305729	70
94.5 81 0.172467073171 0.0745705909742	82
96 81 0.0114409090909 0.0954888522765	11
97.5 81 0.13579 0.0899671103215	150
99 81 0.133925757576 0.120240810538	33
100.5 81 0.0310471731449 0.105676147488	283
102 81 0.0234225 0.111182173598	240
103.5 81 0.0397160714286 0.0851335459163	112
105 81 -0.00921666666667 0.051343068341	6
106.5 81 -0.0358666666667 0.133577609946	12
108 81 0.0409617647059 0.147386370746	34
109.5 81 -0.0160833333333 0.118227756188	21
111 81 0.0247944444444 0.0810705228379	18
112.5 81 0.0303529411765 0.0983834073387	34
114 81 0.039593956044 0.0828670128831	91
115.5 81 0.0335517857143 0.103268996476	56
117 81 0.0458375 0.115671873934	32
118.5 81 0.0836310810811 0.106336985248	74
120 81 0.053746875 0.12997921686	64
121.5 81 0.08275 0.111279252044	63
123 81 0.137689655172 0.154615577549	58
124.5 81 0.0589802325581 0.127840554589	43
126 81 0.0130172727273 0.115025345121	55
127.5 81 0.0212285714286 0.202156991354	28
129 81 -0.00448235294118 0.145120430073	34
130.5 81 -0.0264196202532 0.179878529779	79
132 81 -0.0756708333333 0.156183685324	96
133.5 81 -0.0770192307692 0.119307680383	91
135 81 0.0460321428571 0.164866514943	84
136.5 81 0.0489513333333 0.165781748004	75
138 81 0.00230769230769 0.157580673645	78
139.5 81 0.00677638888889 0.129022365124	72
141 81 -0.0646369565217 0.152886239063	23
142.5 81 -0.0490285714286 0.152197740182	28
144 81 0.0841840425532 0.163609717577	47
145.5 81 -0.00311956521739 0.176864869925	23
147 81 -0.0515818181818 0.211167300829	22
148.5 81 -0.0457666666667 0.154018787666	30
150 81 -0.0282882608696 0.153140252528	115
151.5 81 -0.0155866666667 0.140269188209	30
153 81 -0.0663918918919 0.142092222616	74
154.5 81 -0.0662029411765 0.102518106759	136
156 81 -0.0762278571429 0.116809679842	140
157.5 81 -0.0377276397516 0.112360788298	161
159 81 0.0111716494845 0.176930358962	97
160.5 81 -0.0117786219081 0.104343472274	283
162 81 -0.0149801960784 0.0911561267219	255
163.5 81 -0.00846666666667 0.0903964327277	168
165 81 0.0237836700337 0.0887861917698	297
166.5 81 0.0750199438202 0.0736564742075	356
168 81 0.091982231405 0.0687001446079	121
169.5 81 0.12593 0.0460493973902	5
171 81 -0.0559055555556 0.117784859819	18
172.5 81 0.0542688405797 0.116198283757	207
174 81 -0.0223318181818 0.0744881442671	11
175.5 81 0.25665 NaN	1
177 81 0.00720555555556 0.0830352669385	18
178.5 81 0.0543868421053 0.162726533418	19
-178.5 80.5 0.0388409090909 0.0772939836819	22
-177 80.5 0.0512 0.161262878555	16
-175.5 80.5 -0.0268671428571 0.157272796881	35
-174 80.5 0.0412785714286 0.150276109744	35
-172.5 80.5 0.0751409090909 0.166889307354	11
-171 80.5 -0.0119051724138 0.153783919804	29
-169.5 80.5 -0.000603846153846 0.134897201909	52
-168 80.5 0.00936 0.15210666482	30
-166.5 80.5 0.111565384615 0.0927559064968	52
-165 80.5 0.0835198795181 0.127931660239	83
-163.5 80.5 0.089555 0.115570095373	100
-162 80.5 0.0415254716981 0.111956583112	53
-160.5 80.5 -0.000991463414634 0.140335604847	41
-159 80.5 0.0865890243902 0.137489516329	82
-157.5 80.5 0.044825 0.131744703846	60
-156 80.5 -0.0136897959184 0.137098306019	98
-154.5 80.5 0.0298209677419 0.127400552521	62
-153 80.5 0.0386396551724 0.0893260973897	29
-151.5 80.5 -0.047105 0.166707723584	40
-150 80.5 -0.0400815789474 0.123200114306	38
-147 80.5 -0.02159 0.134009357882	5
-145.5 80.5 0.0818852941176 0.14379624448	17
-144 80.5 0.0538236842105 0.165639484162	19
-142.5 80.5 -0.0129115384615 0.166093836623	13
-141 80.5 0.0848857142857 0.105746195474	14
-139.5 80.5 -0.0326590909091 0.116078468758	11
-138 80.5 0.0725421052632 0.0967813232529	38
-136.5 80.5 0.0574227272727 0.128218586628	77
-135 80.5 0.0246170212766 0.15325882345	94
-133.5 80.5 0.0806875 0.107102928615	104
-132 80.5 0.0441083333333 0.16363085873	36
-130.5 80.5 0.0196222222222 0.135698122812	54
-129 80.5 0.0548166666667 0.138825941767	156
-127.5 80.5 0.0269043478261 0.109101922721	92
-126 80.5 0.123755232558 0.110776496947	344
-124.5 80.5 0.0827695266272 0.131565660449	169
-123 80.5 0.145593529412 0.114613362148	255
-121.5 80.5 0.120255691057 0.113627287837	123
-120 80.5 0.213139082969 0.136120537765	229
-118.5 80.5 0.209453174603 0.126269236434	252
-117 80.5 0.21827012987 0.107999146922	154
-115.5 80.5 0.274085127479 0.117721036107	353
-114 80.5 0.226080337079 0.134982790489	89
-112.5 80.5 0.147686065574 0.166962292183	61
-111 80.5 0.228598214286 0.150692981065	56
-109.5 80.5 0.28345877193 0.108422173683	171
-108 80.5 0.311795348837 0.122583090004	172
-106.5 80.5 0.26255 0.253676893844	137
-105 80.5 0.357339304813 0.119424683122	187
-103.5 80.5 0.320415591398 0.184908507044	93
-102 80.5 0.3083628 0.119893260307	125
-100.5 80.5 0.113046428571 0.205258380047	28
-99 80.5 0.0882233333333 0.215320858477	15
-97.5 80.5 0.297954545455 0.109646581504	22
-96 80.5 0.4784 0.157614101526	2
-81 80.5 0.03683 0.157217356972	10
-67.5 80.5 -0.044925 0.135128444188	8
-15 80.5 0.11026 0.151003248309	10
-13.5 80.5 0.130232608696 0.0792319130618	23
-12 80.5 0.0895924242424 0.117713311775	33
-10.5 80.5 -0.00705 0.125044983906	11
-9 80.5 0.108286363636 0.168423323081	22
-7.5 80.5 0.212523469388 0.143519352318	49
-6 80.5 0.163702307692 0.184065306097	65
-4.5 80.5 0.0852957627119 0.111958722877	59
-3 80.5 -0.00863813559322 0.12230437453	59
-1.5 80.5 0.11765 0.147726224702	72
0 80.5 0.127705555556 0.139793618175	36
1.5 80.5 0.0931811111111 0.13587669347	45
3 80.5 0.0868946153846 0.0939896022021	65
4.5 80.5 0.0552835820896 0.0892424090479	402
6 80.5 0.121861020408 0.0872788793918	245
15 80.5 0.0856754545455 0.0909850297377	55
16.5 80.5 0.23783 0.0440321549174	10
97.5 80.5 -0.02935 0.0440045039017	12
99 80.5 -0.0499269230769 0.0517711495244	13
100.5 80.5 0.0471629411765 0.0853734789145	85
102 80.5 0.0705558510638 0.113071199555	188
103.5 80.5 -0.00827592592593 0.130853354742	54
105 80.5 0.1463 0.13191556643	4
106.5 80.5 0.1009 0.0361331565186	2
108 80.5 0.08805 0.095162508778	14
109.5 80.5 -0.0222235294118 0.133321162268	34
111 80.5 0.0404166666667 0.103757843077	27
112.5 80.5 0.0481706896552 0.0910820563296	29
114 80.5 0.03474 0.0725693934706	100
115.5 80.5 0.0770057142857 0.0814564320922	70
117 80.5 0.039752173913 0.100931429945	46
118.5 80.5 0.0737261904762 0.0644538276967	21
120 80.5 -0.0272318181818 0.152746501225	11
121.5 80.5 0.10966372549 0.103824623321	51
123 80.5 0.169785294118 0.136904987806	34
124.5 80.5 0.18397 0.134783511603	25
126 80.5 0.0423203703704 0.121128170562	27
127.5 80.5 -0.0100014285714 0.163380644277	35
129 80.5 0.00683387096774 0.137712524513	62
130.5 80.5 0.0813944444444 0.192068275919	18
132 80.5 -0.0258047169811 0.140807671019	53
133.5 80.5 -0.0824406976744 0.110446452959	86
135 80.5 -0.0954209677419 0.164651023265	31
136.5 80.5 -0.032529 0.144073064583	100
138 80.5 -0.0403663636364 0.155571089816	55
139.5 80.5 -0.028515 0.135462487539	100
141 80.5 -0.0110230337079 0.12282402856	89
142.5 80.5 -0.0567067567568 0.146178618935	37
144 80.5 0.0732338709677 0.168551547203	31
145.5 80.5 -0.00171428571429 0.155264501897	14
147 80.5 0.0110653846154 0.157699348616	26
148.5 80.5 -0.0537875 0.147970522366	24
150 80.5 -0.0693018518519 0.151525355921	54
151.5 80.5 -0.0897555555556 0.164123201472	18
153 80.5 -0.0995438271605 0.126023298784	81
154.5 80.5 -0.0735275510204 0.117109919756	98
156 80.5 -0.0298672413793 0.142101007481	87
157.5 80.5 -0.0313143410853 0.104749227174	129
159 80.5 0.001789453125 0.0700666571013	256
160.5 80.5 -0.0124917431193 0.0809057154548	218
162 80.5 -0.00762010676157 0.0668941693193	281
163.5 80.5 0.0248939790576 0.0724012042127	191
171 80.5 -0.0812525316456 0.0494131405099	79
172.5 80.5 -0.0571764150943 0.0906007177568	53
174 80.5 0.092375 0.0389603537801	4
177 80.5 0.15585 NaN	1
178.5 80.5 0.15975 NaN	1
-178.5 80 0.0989277777778 0.0799588922162	9
-177 80 0.07985 NaN	1
-175.5 80 0.07315 NaN	1
-174 80 -0.0621714285714 0.188221228994	14
-172.5 80 -0.114741666667 0.126266057185	12
-171 80 0.029525 0.146600065238	44
-169.5 80 -0.0771766666667 0.140783677385	45
-168 80 0.03365 0.17507077426	11
-166.5 80 0.06429 0.116177923893	25
-165 80 0.0013196969697 0.164897702161	33
-163.5 80 -0.0114928571429 0.132732631363	28
-162 80 -0.00553854166667 0.140439268665	96
-160.5 80 -0.0364086592179 0.0947428054272	179
-159 80 0.0150712121212 0.151614951764	33
-157.5 80 -0.0907142857143 0.118855180149	112
-156 80 -0.0374355932203 0.121588263657	118
-154.5 80 -0.0251195652174 0.123437427116	184
-153 80 0.0158055555556 0.116321154043	144
-151.5 80 0.112283333333 0.280310405325	3
-150 80 -0.26475 NaN	1
-148.5 80 0.246316666667 0.0628032111706	3
-145.5 80 0.22525 0.149265926007	7
-144 80 0.000463953488372 0.114806700031	43
-142.5 80 0.139131818182 0.078167446142	11
-141 80 0.139626470588 0.1004514219	17
-139.5 80 0.0891071428571 0.0726436933978	7
-138 80 0.089814 0.099172719199	25
-136.5 80 0.17267 0.104645291342	5
-135 80 0.154525 0.0899709471626	16
-133.5 80 0.0159205882353 0.108644347576	34
-132 80 -0.0441653846154 0.128011326675	39
-130.5 80 0.0332695652174 0.129473603693	46
-129 80 0.0273378787879 0.127425315768	33
-127.5 80 0.0421411392405 0.134621542356	158
-126 80 0.0862704301075 0.123550762811	93
-124.5 80 0.131594339623 0.150376033476	106
-123 80 0.125125247525 0.110026887992	101
-121.5 80 0.176692857143 0.0973632775972	154
-120 80 0.188794502618 0.111708994401	191
-118.5 80 0.228160355987 0.105467161241	309
-117 80 0.253754186047 0.110404758427	215
-115.5 80 0.246988414634 0.114226460248	164
-114 80 0.240519178082 0.142058934135	146
-112.5 80 0.179053571429 0.166775016509	84
-111 80 0.26801374269 0.143359387456	171
-109.5 80 0.241393617021 0.171493571502	94
-108 80 0.276703153153 0.154051447026	111
-106.5 80 0.00170925925926 0.181262129057	27
-105 80 0.236390625 0.242877748167	32
-103.5 80 0.220498275862 0.207755179789	29
-102 80 0.110938235294 0.18713391222	17
-100.5 80 0.365046551724 0.229485479595	29
-99 80 0.384292857143 0.155627352199	42
-97.5 80 0.31225 NaN	1
-82.5 80 -0.0519642857143 0.175580526906	7
-70.5 80 0.18385 0.112995663634	2
-69 80 0.00571168224299 0.0935390642286	107
-67.5 80 -0.0802846938776 0.0695254594057	98
-16.5 80 0.03145 0.0978798696816	10
-15 80 -0.147275 0.0520745219213	4
-13.5 80 0.0373230769231 0.137098251752	52
-12 80 0.06315 0.111486715701	19
-10.5 80 0.0727625 0.108630852021	24
-9 80 0.01157 0.218744707365	5
-7.5 80 0.276063114754 0.199430820483	61
-6 80 0.139628125 0.0548316940039	32
-4.5 80 -0.10695 0.139833170441	10
-3 80 0.0188 0.167142701838	10
-1.5 80 0.09404 0.0964572150403	10
0 80 0.131727777778 0.108031242909	9
3 80 0.0076875 0.129557267398	8
99 80 -0.09285 0.170991958875	3
100.5 80 -0.0278166666667 0.133143549568	33
102 80 -0.0394916666667 0.134176542174	12
103.5 80 -0.0209535714286 0.113562285616	56
105 80 0.110800724638 0.135755630737	138
106.5 80 0.0356309885932 0.129439514079	263
108 80 0.1397 0.0486527931954	8
109.5 80 0.03704 0.169698349694	10
111 80 0.0440375 0.155281747962	8
112.5 80 0.0489423076923 0.118617971398	26
114 80 0.0593016129032 0.0768138219809	31
115.5 80 -0.00142 0.152670575277	10
117 80 0.10223 0.151645794535	5
118.5 80 0.0654590909091 0.134675652373	22
120 80 0.146307142857 0.0869726366383	7
121.5 80 0.0769661290323 0.137835946199	31
124.5 80 0.0264954545455 0.170830965364	11
126 80 -0.0330269230769 0.159515820677	26
127.5 80 0.0395227272727 0.207337716647	22
129 80 -0.0527253246753 0.169476827446	77
130.5 80 -0.0306375 0.145351883928	32
132 80 -0.0459323529412 0.085920706434	17
133.5 80 -0.0693141025641 0.153202098184	39
135 80 -0.0363752747253 0.112709430339	91
136.5 80 -0.0177482758621 0.128030622011	58
138 80 -0.0263192307692 0.0748717034391	52
139.5 80 -0.0416142857143 0.116541706397	98
141 80 -0.0194554545455 0.121149212281	55
142.5 80 -0.08015 0.106388954851	36
144 80 -0.0243785714286 0.189661608435	7
145.5 80 -0.00500588235294 0.189530274532	34
147 80 0.00378548387097 0.175352809213	31
148.5 80 -0.0551217391304 0.161615167967	46
150 80 -0.0164931818182 0.133661925834	44
151.5 80 -0.0566058823529 0.169568463319	34
153 80 -0.0414681818182 0.237105473653	11
154.5 80 -0.0736256756757 0.127168056798	37
156 80 -0.0308877622378 0.114820101055	143
157.5 80 -0.0269440740741 0.10360371886	135
159 80 -0.0212092105263 0.109361023133	76
160.5 80 0.30335 NaN	1
168 80 -0.0291175675676 0.0499631487287	259
169.5 80 -0.0399059782609 0.0573487801703	184
172.5 80 0.17915 NaN	1
174 80 0.11615 NaN	1
175.5 80 0.05005 0.153442171517	2
177 80 0.00265434782609 0.130430334865	23
-180 79.5 0.135494444444 0.0677296808881	18
-178.5 79.5 0.1654 0.0476445484814	6
-174 79.5 -0.0294334042553 0.0656488920782	235
-172.5 79.5 -0.02916875 0.0987829557225	64
-171 79.5 0.0598166666667 0.0878087943649	30
-169.5 79.5 -0.14835 NaN	1
-168 79.5 -0.0339425925926 0.130912560148	27
-166.5 79.5 -0.000908333333333 0.167373461585	36
-165 79.5 -0.00220555555556 0.140623936698	54
-163.5 79.5 0.0837840659341 0.088442976255	91
-162 79.5 0.06155 0.129531772164	22
-160.5 79.5 0.0256166666667 0.130195521465	15
-159 79.5 -0.0705286516854 0.117796175536	89
-157.5 79.5 0.0228642156863 0.113755288055	204
-156 79.5 0.00423026315789 0.083029373317	228
-154.5 79.5 -0.0230191666667 0.0846221773938	120
-153 79.5 -0.0334888489209 0.0787022903657	139
-151.5 79.5 -0.00389609375 0.0607517589867	256
-150 79.5 0.0300403225806 0.0897416547782	248
-148.5 79.5 0.0644435251799 0.0847448491091	139
-147 79.5 0.08155 0.232776906071	6
-145.5 79.5 0.003925 0.0952897648529	8
-144 79.5 0.0687884615385 0.0915515568633	13
-142.5 79.5 0.03945 0.104690368866	10
-141 79.5 0.162675 0.224790248528	4
-139.5 79.5 0.11679 0.104081857209	5
-135 79.5 0.158 0.147676364295	8
-132 79.5 0.01045 0.229821822288	3
-130.5 79.5 0.0331260869565 0.11116232994	92
-129 79.5 0.086618164794 0.0959813496021	267
-127.5 79.5 0.118277741935 0.0997810756434	155
-126 79.5 0.1709 0.107610918378	62
-124.5 79.5 0.138188095238 0.0814913157161	126
-123 79.5 0.196717821782 0.105518540986	202
-121.5 79.5 0.184273913043 0.123760535894	184
-120 79.5 0.196855 0.0959945685436	80
-118.5 79.5 0.242016470588 0.0860863382107	170
-117 79.5 0.259946666667 0.118185727432	90
-115.5 79.5 0.277833333333 0.102108455463	162
-114 79.5 0.287691216216 0.140846479326	148
-112.5 79.5 0.344330769231 0.211065411326	52
-111 79.5 0.250666666667 0.257048022102	6
-109.5 79.5 0.3274875 0.154363590956	136
-108 79.5 0.259973287671 0.0903206152424	219
-106.5 79.5 0.32307 0.168557302791	75
-105 79.5 0.278145238095 0.24333892717	21
-103.5 79.5 0.23459962963 0.222141845525	135
-102 79.5 0.118675842697 0.156678759861	178
-100.5 79.5 0.123364285714 0.313325664901	21
-99 79.5 0.396740697674 0.121566890883	43
-97.5 79.5 -0.15745 NaN	1
-96 79.5 -0.13699 0.0959202429105	5
-85.5 79.5 -0.02827 0.222930886792	15
-72 79.5 0.03172 0.148206740363	10
-70.5 79.5 0.0681679487179 0.129560524104	39
-69 79.5 0.0202426829268 0.0792189228502	164
-67.5 79.5 -0.0679171875 0.0949224964633	64
-16.5 79.5 -0.0187625 0.0822367390526	8
-15 79.5 0.103372222222 0.100676795361	18
-13.5 79.5 0.00669761904762 0.1319829853	42
-12 79.5 0.0287353658537 0.113861004213	41
-10.5 79.5 -0.10905 0.097889850634	8
-9 79.5 0.08225 0.0781004737502	6
-7.5 79.5 0.20435 0.0234759451354	2
-6 79.5 0.0704708333333 0.156175497658	24
-4.5 79.5 -0.0964166666667 0.152985631134	3
-3 79.5 -0.0757966666667 0.170899113375	15
0 79.5 0.143 0.0669630121784	2
102 79.5 -0.119705813953 0.0725517034106	43
103.5 79.5 0.0229682291667 0.106312601544	192
105 79.5 0.106987777778 0.0819056571027	180
106.5 79.5 0.069804887218 0.115952901532	133
108 79.5 -0.0112057692308 0.122908970641	52
109.5 79.5 -0.0320681818182 0.152796748396	22
111 79.5 0.0477227272727 0.159578495361	11
112.5 79.5 0.0504328571429 0.127591848084	35
114 79.5 0.021097826087 0.135103141978	23
115.5 79.5 0.0904884615385 0.10424275785	13
117 79.5 0.139158333333 0.162722163984	12
118.5 79.5 0.0548555555556 0.130488182674	54
120 79.5 0.10385 0.0981249840764	9
121.5 79.5 0.0724225806452 0.087453204666	62
123 79.5 0.06283 0.157280615462	5
124.5 79.5 0.0952138297872 0.100227889084	47
126 79.5 0.00901 0.164925465994	10
127.5 79.5 0.06285 0.109832387452	19
129 79.5 0.00683214285714 0.143668708554	28
130.5 79.5 0.0289887096774 0.167265767921	31
132 79.5 -0.00170714285714 0.115203225255	35
133.5 79.5 -0.08365 0.112896430413	6
135 79.5 -0.0829625 0.220920350466	8
136.5 79.5 -0.0758681818182 0.0928373366822	22
138 79.5 -0.00807 0.146020826303	15
139.5 79.5 -0.0548785714286 0.0920201139733	28
141 79.5 -0.0199982758621 0.0978866547453	87
142.5 79.5 -0.0547471428571 0.105740560657	35
144 79.5 -0.0345833333333 0.14488673896	30
145.5 79.5 -0.00498780487805 0.107435196247	82
147 79.5 0.0645272727273 0.127954463373	22
148.5 79.5 -0.0479475609756 0.176857881487	41
150 79.5 -0.00864482758621 0.147197961254	58
151.5 79.5 -0.0142 0.140346355903	14
153 79.5 -0.0605357142857 0.134307054029	7
154.5 79.5 -0.0367984848485 0.156777111008	66
156 79.5 0.0360846938776 0.14978033993	49
157.5 79.5 -0.0234277777778 0.12672199293	36
159 79.5 0.0121646341463 0.105506941859	41
160.5 79.5 0.0329797935103 0.0700729706114	339
162 79.5 -0.0329983870968 0.130610946124	31
163.5 79.5 -0.0954038461538 0.105092067695	13
169.5 79.5 0.0339 0.0360715816121	6
171 79.5 -0.00704655172414 0.11133480871	29
174 79.5 0.12875 NaN	1
177 79.5 -0.02847 0.0426036618144	5
-180 79 0.0712318181818 0.101846284352	11
-178.5 79 0.0791166666667 0.19000316664	3
-177 79 -0.0813692307692 0.137621579759	26
-171 79 0.0335282352941 0.0540818112174	170
-169.5 79 -0.029525974026 0.0950486288027	154
-168 79 -0.0160222222222 0.0759499538042	108
-166.5 79 0.0431471428571 0.106865444275	70
-165 79 -0.126 0.113914902449	2
-163.5 79 -0.0684833333333 0.142558642904	15
-162 79 -0.07595 0.135342439759	26
-160.5 79 0.02795625 0.159529606945	48
-159 79 0.0026724 0.0910231013428	125
-157.5 79 -0.0217686046512 0.137811581613	43
-156 79 -0.00818692307692 0.115058855278	65
-154.5 79 0.0748626436782 0.132619580795	87
-153 79 0.0175604651163 0.0700822609578	86
-151.5 79 -0.10485 NaN	1
-145.5 79 -0.0226875 0.203228147217	8
-139.5 79 0.0209166666667 0.0868630109233	6
-138 79 0.00715789473684 0.134387550464	38
-136.5 79 0.1063 0.0995546522156	46
-133.5 79 0.02605 0.193587267143	3
-132 79 -0.22515 0.0910753534168	2
-130.5 79 0.103842682927 0.109604779093	82
-129 79 0.0588186440678 0.113511490212	118
-127.5 79 0.0396691176471 0.147981810356	68
-126 79 0.141303631285 0.106173291811	179
-124.5 79 0.152493076923 0.100706611188	195
-123 79 0.150698031496 0.102049422926	254
-121.5 79 0.088843220339 0.168041148352	59
-120 79 0.134098888889 0.120646053739	45
-118.5 79 0.205937142857 0.110791773515	70
-117 79 0.191559589041 0.160151918472	73
-115.5 79 0.25262972973 0.146076331125	74
-114 79 0.369312352941 0.139247233004	85
-112.5 79 0.453283333333 0.120580969375	39
-111 79 0.256315789474 0.198995370415	38
-109.5 79 0.161241304348 0.178357326518	46
-108 79 0.326560638298 0.10464563647	47
-106.5 79 0.25025 0.300576620847	9
-105 79 0.764913157895 0.593330944949	19
-103.5 79 0.49914 0.236697852924	20
-102 79 0.0389457142857 0.137707335829	140
-100.5 79 -0.0619696428571 0.0626492238061	56
-99 79 0.216830392157 0.245392871926	102
-97.5 79 -0.0242966666667 0.121408904516	300
-96 79 -0.0216391891892 0.152801081264	37
-94.5 79 -0.1168 0.00883883476483	2
-85.5 79 -0.0935195652174 0.141997489602	46
-84 79 -0.171326923077 0.0617662415057	13
-75 79 1.55038571429 0.198566739825	14
-73.5 79 -0.0413666666667 0.331514883024	6
-70.5 79 -0.0322973684211 0.0630928513759	57
-69 79 0.0962098837209 0.0917524986736	172
-19.5 79 -0.0317333333333 0.0757581931116	18
-18 79 0.0232677777778 0.155095877978	90
-16.5 79 0.0677133333333 0.121366965577	30
-15 79 0.053925 0.184554136551	12
-13.5 79 0.0444852941176 0.11218516512	68
-12 79 0.006371484375 0.108729838101	256
-10.5 79 0.0603678294574 0.13063178538	129
-9 79 0.205792857143 0.0903264836623	28
-7.5 79 0.08118125 0.160508081271	32
-6 79 0.142511538462 0.0955955066802	13
-4.5 79 0.133501851852 0.132876997403	27
-3 79 0.0355869863014 0.0823421427589	73
-1.5 79 0.0308926470588 0.0940639482641	68
97.5 79 0.04695 0.0410692301689	13
103.5 79 -0.03865 0.113329078351	3
105 79 -0.0444863636364 0.150852790977	11
106.5 79 0.000986111111111 0.0908611854185	72
108 79 -0.1824 0.0654073772598	2
109.5 79 0.00631734693878 0.11298573359	49
111 79 -0.0368583333333 0.138833054594	60
112.5 79 -0.00362631578947 0.067337586541	152
114 79 0.0177033333333 0.109243370092	45
115.5 79 0.08275 0.124752000385	26
117 79 0.06826 0.0901107616682	20
118.5 79 -0.0149642857143 0.119508968811	14
120 79 0.0281717391304 0.112658141518	46
121.5 79 0.0424009803922 0.0943960430792	51
123 79 0.0425287878788 0.103125947746	33
124.5 79 0.08125 0.0982739560351	24
126 79 0.00948 0.15614316002	20
127.5 79 0.0882139344262 0.104497306238	61
129 79 -0.00147571428571 0.0975498193771	35
130.5 79 -0.00166428571429 0.10568572108	28
132 79 -0.0191730769231 0.0776829684663	13
133.5 79 0.0430289473684 0.139664787493	19
135 79 0.04647 0.13758032459	50
136.5 79 -0.00867666666667 0.116032418294	15
138 79 -0.0352944444444 0.122840418823	18
139.5 79 -0.016485483871 0.138299039641	31
141 79 -0.0645714285714 0.142386765691	14
142.5 79 -0.0191416666667 0.134652499579	36
144 79 -0.0189970588235 0.171213164351	17
145.5 79 -0.01865 0.126313081727	53
147 79 -0.0632917721519 0.102792173462	79
148.5 79 -0.0682892857143 0.13188114853	56
150 79 -0.06496875 0.14993327502	16
151.5 79 -0.0720928571429 0.157464768779	14
153 79 -0.0248 0.131127846558	22
154.5 79 -0.0422631147541 0.150847551605	61
156 79 0.0726676470588 0.138524270864	34
157.5 79 0.063347706422 0.0610091127458	218
159 79 0.0358224409449 0.0888068062574	127
160.5 79 0.0854536697248 0.125394390363	109
162 79 0.0344979166667 0.103402043252	48
166.5 79 -0.140756896552 0.0936789423321	29
168 79 -0.103233870968 0.0808061091538	62
175.5 79 0.25105 0.0733976838872	2
177 79 0.1622 0.0789838274585	2
178.5 79 0.0395961538462 0.150936910746	13
-180 78.5 0.08815 0.0461637303519	5
-178.5 78.5 -0.0191348484848 0.149450953747	33
-177 78.5 0.0605357142857 0.191532852603	14
-175.5 78.5 0.01295 0.000141421356237	2
-172.5 78.5 -0.0374045454545 0.144223945331	22
-171 78.5 -0.0240485507246 0.165106945282	69
-169.5 78.5 -0.0216583333333 0.176893293703	36
-168 78.5 -0.00615483870968 0.125274306797	62
-166.5 78.5 0.00938783783784 0.097715600368	111
-165 78.5 -0.102763333333 0.133556616495	15
-163.5 78.5 -0.0409658536585 0.0845264287248	82
-162 78.5 -0.054012 0.114315349533	50
-160.5 78.5 -0.0116833333333 0.15872460045	12
-159 78.5 -0.0933720338983 0.0744584036179	118
-157.5 78.5 0.00343507462687 0.0951122881105	67
-156 78.5 -0.11227 0.0894247281237	5
-144 78.5 -0.05455 NaN	1
-142.5 78.5 -0.07995 NaN	1
-139.5 78.5 -0.14875 0.0537278946793	4
-138 78.5 0.214883333333 0.00985511711414	3
-133.5 78.5 0.13085 0.138168665044	2
-132 78.5 0.01150625 0.119625749562	16
-130.5 78.5 0.00969255319149 0.121999997763	47
-129 78.5 0.073765 0.118527470688	40
-127.5 78.5 0.0729737623762 0.124638994018	101
-126 78.5 0.0476169642857 0.148890536845	112
-124.5 78.5 0.0860757575758 0.119983895067	264
-123 78.5 0.123660465116 0.128014388924	86
-121.5 78.5 0.175665706806 0.10912346057	191
-120 78.5 0.140732608696 0.115253918197	115
-118.5 78.5 0.244953225806 0.0736881859343	186
-117 78.5 0.259728640777 0.0933797849922	103
-115.5 78.5 0.259923170732 0.0848293218127	82
-114 78.5 0.398906115108 0.173874888018	139
-112.5 78.5 0.26295 0.133204484217	53
-111 78.5 0.383486065574 0.314806049832	61
-109.5 78.5 -0.132591176471 0.192545718788	17
-108 78.5 0.120682142857 0.23092218034	28
-106.5 78.5 -0.04835 0.180233921235	23
-105 78.5 -0.00575 0.199500426065	4
-100.5 78.5 0.639828571429 0.233426147697	14
-99 78.5 0.000981313131313 0.152744602528	99
-96 78.5 -0.103125 0.125680981722	4
-94.5 78.5 -0.17125 0.190323601619	10
-93 78.5 -0.0379123188406 0.184770958456	69
-90 78.5 -0.11445 0.0854831562356	3
-88.5 78.5 0.694591666667 0.0601899667839	24
-73.5 78.5 -0.0555775 0.12244986622	40
-72 78.5 0.108026388889 0.10097043005	72
-19.5 78.5 0.02195 0.182340012065	5
-18 78.5 0.090575 0.137184166936	20
-15 78.5 0.0113926470588 0.134361793073	68
-13.5 78.5 -0.0141772727273 0.106164832227	22
-12 78.5 0.0578668141593 0.143434828346	113
-10.5 78.5 0.00147894736842 0.0974931625853	76
-9 78.5 0.218116666667 0.0321624522282	3
-7.5 78.5 0.17175 0.0651911548192	7
106.5 78.5 -0.1091 0.139327639038	6
108 78.5 -0.0724125 0.100664590703	8
109.5 78.5 0.0844923357664 0.0834400821677	137
111 78.5 0.012494375 0.0859014029999	160
112.5 78.5 -0.00963837209302 0.0369748769875	43
114 78.5 0.00582311827957 0.0695095415113	279
115.5 78.5 0.0853322368421 0.0639990263812	152
118.5 78.5 0.0236928571429 0.0117102315865	7
120 78.5 0.1625 0.14092638149	2
121.5 78.5 0.02715 0.179778784701	8
123 78.5 -0.07744375 0.0505465523882	16
124.5 78.5 -0.0357802325581 0.0805905687938	43
126 78.5 0.0314817460317 0.0635011908077	63
127.5 78.5 0.0437233333333 0.116035145333	15
129 78.5 -0.16045 0.0264457936164	2
130.5 78.5 0.0263914414414 0.0859222401821	111
132 78.5 0.0168158536585 0.0874934672126	41
133.5 78.5 -0.0205366666667 0.128323006882	15
135 78.5 -0.0217579545455 0.0892216125325	88
136.5 78.5 -0.18571 0.0924630088197	5
138 78.5 -0.0204611111111 0.143038920614	18
139.5 78.5 0.0115351851852 0.112655080851	135
141 78.5 0.0281061643836 0.0622242672969	73
142.5 78.5 -0.0448198113208 0.11113945949	53
144 78.5 -0.0424436170213 0.159903604664	47
145.5 78.5 -0.07425375 0.146778580719	80
147 78.5 -0.0808566666667 0.180680797725	15
148.5 78.5 -0.0469055555556 0.13348843895	27
150 78.5 -0.0108105263158 0.106273604222	76
151.5 78.5 -0.1343625 0.182916448042	8
153 78.5 0.2148375 0.110194859065	8
154.5 78.5 0.0557122807018 0.103507427283	114
156 78.5 0.00912619047619 0.139411563729	63
157.5 78.5 -0.0972 0.171983962431	4
159 78.5 0.108881944444 0.0816392749766	72
168 78.5 -0.0586516393443 0.061464943961	122
169.5 78.5 -0.0325838235294 0.0681061369824	204
171 78.5 0.33245 NaN	1
174 78.5 -8.33333333333e-05 0.256712627919	3
175.5 78.5 -0.0592879310345 0.117901140228	29
177 78.5 -0.0359756410256 0.0806595206569	39
-180 78 0.29735 NaN	1
-175.5 78 -0.028355 0.107274146957	20
-174 78 -0.03126 0.173048181819	40
-172.5 78 0.000792857142857 0.107519964923	7
-171 78 0.05295 0.00183847763109	2
-168 78 -0.0291823076923 0.147752618534	65
-166.5 78 0.009691 0.101289793317	200
-165 78 -0.00837840909091 0.114431659904	176
-163.5 78 -0.0400536585366 0.0854802084452	82
-160.5 78 0.03867 0.208393542233	10
-157.5 78 -0.0200744444444 0.132589195173	90
-148.5 78 -0.0453045454545 0.160658035909	22
-147 78 0.0620833333333 0.171293500558	3
-142.5 78 0.1091625 0.103655603356	8
-141 78 -0.0603357142857 0.174209944498	7
-139.5 78 0.22735 NaN	1
-138 78 0.05975 NaN	1
-136.5 78 0.14045 NaN	1
-135 78 -0.0800916666667 0.144822703257	12
-133.5 78 0.04515 NaN	1
-132 78 -0.117283333333 0.0975355046466	6
-130.5 78 -0.158372222222 0.0504516297501	9
-129 78 0.22705 NaN	1
-127.5 78 0.125026315789 0.100996634769	38
-126 78 0.06251796875 0.113220938587	128
-124.5 78 0.0668222513089 0.107294829005	191
-123 78 0.0964099033816 0.114820214409	207
-121.5 78 0.131459302326 0.113808024153	215
-120 78 0.177033908046 0.154127241962	87
-118.5 78 0.240178409091 0.0762110107513	176
-117 78 0.14995 0.182935220775	5
-115.5 78 0.494271052632 0.159947790078	76
-114 78 0.578283333333 0.374506346186	3
-112.5 78 0.6272 0.279861212627	10
-111 78 0.0319342105263 0.0842689824521	19
-109.5 78 -0.0529136363636 0.108795638679	22
-108 78 -0.172516666667 0.11122249173	6
-106.5 78 0.06735 NaN	1
-105 78 0.00048125 0.0804986405495	48
-103.5 78 0.00292142857143 0.147969430562	7
-102 78 0.00145 0.213994953212	4
-100.5 78 -0.2774 0.0256679761571	2
-99 78 -0.14426875 0.0795085590256	16
-97.5 78 -0.0338357142857 0.209419817591	98
-96 78 0.69425 NaN	1
-94.5 78 -0.136069337017 0.0828297739785	181
-93 78 0.170442741935 0.373113335334	124
-91.5 78 -0.0403947368421 0.103419901627	38
-90 78 -0.103297222222 0.0960472370268	144
-88.5 78 0.2684925 0.230044036678	160
-87 78 0.588865 0.34816767327	20
-73.5 78 -0.0874875 0.06004700391	8
-15 78 -0.00232260273973 0.0675764757316	73
-13.5 78 0.03676 0.183656832465	10
-12 78 0.18605 NaN	1
-10.5 78 0.08159 0.0705186986348	15
-9 78 0.0954961538462 0.171907440748	26
-7.5 78 -0.05925 0.0760896182143	11
-6 78 0.2298 0.0205768073325	2
115.5 78 0.10577 0.0607677857872	20
117 78 0.0424161764706 0.119958282065	68
120 78 0.0427921052632 0.14067308167	19
121.5 78 0.00824620253165 0.117754117401	79
123 78 0.01765 NaN	1
124.5 78 0.04035 0.0236512156136	4
126 78 0.07415 0.028717764537	3
127.5 78 -0.0304961538462 0.0562958842771	65
129 78 -0.0531957013575 0.0406735545319	221
130.5 78 -0.02001875 0.120015636308	16
132 78 0.0846833333333 0.128115592338	9
133.5 78 0.0398331932773 0.0853442930676	119
135 78 0.0367370748299 0.0717771777471	294
136.5 78 0.0425375 0.134530789469	24
138 78 -0.0163875 0.12975966727	8
141 78 0.019425 0.156608890765	16
142.5 78 0.00790294117647 0.116864553638	17
144 78 -0.0270318181818 0.147344228114	22
145.5 78 -0.1697 0.163826666531	4
147 78 0.0783 0.102591807665	6
148.5 78 -0.032769047619 0.16046240231	42
150 78 -0.010078 0.147891980626	25
151.5 78 0.0132975247525 0.0713230721137	202
153 78 0.0438606382979 0.104597312275	94
154.5 78 0.0366666666667 0.154353838154	18
156 78 -0.01915 0.17401281562	11
157.5 78 0.00565344827586 0.097307272826	29
159 78 -0.251216666667 0.0506255205735	3
168 78 -0.00535 NaN	1
169.5 78 0.137075 0.155825658456	4
177 78 0.00185869565217 0.180849510299	23
178.5 78 0.178378571429 0.120892289722	7
-180 77.5 0.06393 0.0562589281803	5
-178.5 77.5 -0.0254416666667 0.171918434457	12
-177 77.5 0.0102961538462 0.152596836006	13
-175.5 77.5 0.0153428571429 0.172874482252	28
-174 77.5 -0.21985 NaN	1
-172.5 77.5 0.001875 0.219215217189	20
-171 77.5 -0.0508683673469 0.131079387004	49
-169.5 77.5 -0.05485 0.11366657639	18
-168 77.5 0.000780985915493 0.11053230115	71
-166.5 77.5 0.0192634615385 0.119340020125	52
-165 77.5 -0.0875208333333 0.149996488304	24
-163.5 77.5 -0.0265878571429 0.0931584088103	140
-162 77.5 -0.100000961538 0.105575160725	104
-160.5 77.5 0.0127330645161 0.109154867771	124
-159 77.5 -0.01970625 0.0814015623973	176
-154.5 77.5 -0.038940625 0.0829153675692	128
-153 77.5 -0.0740404761905 0.0783531680556	84
-151.5 77.5 -0.0425071428571 0.0704259657729	42
-150 77.5 -0.0374810160428 0.0687135991653	187
-145.5 77.5 0.107383333333 0.0784380222426	3
-144 77.5 0.16945 NaN	1
-141 77.5 -0.03515 NaN	1
-139.5 77.5 -0.0211471223022 0.115461901579	139
-138 77.5 -0.24345 0.0930552524041	2
-135 77.5 -0.00619444444444 0.117361025378	9
-132 77.5 -0.121 0.0854686241511	8
-130.5 77.5 0.039175 0.114083482245	20
-129 77.5 -0.0197714285714 0.14901579771	14
-127.5 77.5 0.139478333333 0.0842798730754	120
-126 77.5 0.127062711864 0.0783026841804	118
-124.5 77.5 0.0744314814815 0.143601585691	27
-123 77.5 0.160533809524 0.0999539799144	105
-121.5 77.5 0.125233898305 0.107425006217	118
-120 77.5 0.159692857143 0.113273852968	56
-118.5 77.5 0.21335 0.000848528137438	2
-117 77.5 0.39442826087 0.163362935132	138
-115.5 77.5 -0.0862785714286 0.120621483911	7
-114 77.5 0.117975 0.120150915519	4
-112.5 77.5 0.103116666667 0.185664287088	9
-111 77.5 0.16007 0.100729424698	5
-109.5 77.5 0.0756 0.207702640811	6
-108 77.5 0.0779333333333 0.0790203623547	6
-106.5 77.5 0.387628571429 0.161470979429	14
-105 77.5 -0.03347875 0.13813075643	80
-103.5 77.5 0.00600377358491 0.119255185511	106
-102 77.5 -0.0196338709677 0.171357799349	31
-100.5 77.5 0.26202 0.193903126157	10
-99 77.5 0.0245916666667 0.198035526924	12
-97.5 77.5 -0.03281 0.128256906247	65
-96 77.5 -0.133168421053 0.13229161248	38
-94.5 77.5 -0.168625 0.0384043725809	4
-93 77.5 0.156504716981 0.136100242421	53
-91.5 77.5 0.126326 0.172899457396	225
-90 77.5 -0.0767582568807 0.108538295109	109
-88.5 77.5 0.0143673913043 0.170001584624	23
-78 77.5 -0.0720833333333 0.176939626752	12
-73.5 77.5 -0.0973323529412 0.0283497406358	17
-72 77.5 -0.133869653179 0.0642349164803	173
-70.5 77.5 -0.20405 NaN	1
-18 77.5 -0.24989 0.0453661547853	5
-12 77.5 0.0901055555556 0.0855694763206	9
-10.5 77.5 0.154327272727 0.065122024157	22
91.5 77.5 0.194075 0.285698388457	4
123 77.5 0.010275 0.151061924389	8
124.5 77.5 -0.21685 NaN	1
129 77.5 -0.0101230337079 0.086645902652	89
130.5 77.5 0.0195333992095 0.0749361069188	253
133.5 77.5 -0.1908 0.0409414826307	2
135 77.5 0.0190576923077 0.0858440274249	39
136.5 77.5 0.0405433884298 0.0479098628251	121
138 77.5 -0.0169423076923 0.156213947636	13
139.5 77.5 -0.00328333333333 0.145168060242	36
141 77.5 0.0685181818182 0.0925261214474	44
142.5 77.5 0.105484136546 0.0725789164445	249
144 77.5 0.0376625 0.14859608732	16
145.5 77.5 -0.0497681818182 0.18949870616	11
147 77.5 -0.0308045454545 0.05113761757	22
148.5 77.5 0.00466176470588 0.129468412568	17
150 77.5 -0.00105943396226 0.0727621342356	53
151.5 77.5 0.0559291666667 0.0855818059764	48
156 77.5 0.07415 0.0920965254502	9
168 77.5 0.157516666667 0.0617648227823	3
172.5 77.5 -0.1252 0.112653584053	4
175.5 77.5 -0.032775 0.118525863115	12
178.5 77.5 -0.08265 0.094814218343	6
-180 77 0.0692 0.255901944111	2
-178.5 77 0.0364033333333 0.164167806776	30
-177 77 0.0446923076923 0.193901158683	26
-175.5 77 -0.135663333333 0.119985605486	15
-172.5 77 -0.0880205882353 0.126605488451	17
-171 77 -0.0703637931034 0.120703478835	29
-169.5 77 -0.041908 0.153759175586	100
-168 77 -0.138159090909 0.119248068404	22
-166.5 77 -0.0577723684211 0.114853342542	76
-165 77 -0.126234931507 0.0885718582584	73
-163.5 77 -0.030025 0.143633740233	16
-162 77 -0.0111203125 0.0988551132073	192
-160.5 77 -0.0266891509434 0.076346596961	212
-159 77 -0.0817642857143 0.0999169217926	35
-157.5 77 -0.0647696581197 0.0809243540335	117
-156 77 -0.014855027933 0.0921862454544	179
-154.5 77 0.102171794872 0.157104639998	156
-153 77 0.105335067873 0.119050694334	221
-151.5 77 -0.0138161016949 0.0846462416811	177
-148.5 77 0.0621130434783 0.082925455995	138
-147 77 0.066136437247 0.0769874816505	494
-145.5 77 0.024420625 0.135634357068	160
-144 77 -0.00545212765957 0.137918072906	94
-141 77 -0.125883333333 0.109079527563	3
-138 77 0.01505 NaN	1
-135 77 -0.166586363636 0.129662772396	11
-133.5 77 0.0198863636364 0.117943217463	11
-130.5 77 -0.0513166666667 0.15189140419	6
-129 77 0.0702477011494 0.0895593216124	87
-127.5 77 0.0781645631068 0.125384102729	103
-126 77 0.0966857142857 0.135896287418	14
-124.5 77 0.12749 0.135851351536	15
-123 77 0.125713333333 0.0874604560234	30
-121.5 77 0.0176621212121 0.143034372525	33
-120 77 0.492631818182 0.745228348653	11
-115.5 77 0.00527180851064 0.101300272146	188
-114 77 0.0305752336449 0.125376078858	107
-112.5 77 0.189905555556 0.11063803721	9
-111 77 -0.0632928571429 0.111283289722	21
-109.5 77 0.127657692308 0.255125431443	13
-108 77 -0.00881756756757 0.115393459891	37
-106.5 77 0.135372222222 0.173766803344	9
-105 77 0.12081 0.192874215488	5
-103.5 77 -0.000838888888889 0.208350824599	9
-102 77 0.128511538462 0.185299308314	26
-100.5 77 -0.0131264705882 0.179359623137	17
-99 77 0.167463953488 0.266726636038	43
-97.5 77 -0.0181676470588 0.198154757183	17
-94.5 77 -0.0862621621622 0.19183298883	74
-93 77 -0.112256818182 0.0987179489199	176
-91.5 77 0.0385714689266 0.107915980008	177
-90 77 -0.0594670940171 0.103649887545	117
-78 77 -0.108636666667 0.149064520387	15
-76.5 77 -0.12915 0.148050363053	3
-73.5 77 0.0481989795918 0.0460900076049	49
-72 77 0.05181 0.0674362884507	5
-70.5 77 -0.23147962963 0.0395155160841	27
-10.5 77 0.25705 NaN	1
-7.5 77 -0.1802 0.167372175107	2
88.5 77 -0.2826 0.0129400540957	2
130.5 77 0.164895255474 0.0539080616731	137
132 77 0.0438957446809 0.0981051977237	94
133.5 77 0.0590875 0.0583991512386	40
138 77 -0.0728611111111 0.156472045782	9
139.5 77 0.0232394736842 0.144608505569	19
141 77 -0.0521833333333 0.0638351783893	9
144 77 -0.0541833333333 0.22948094329	3
145.5 77 -0.01575 0.0385485148871	6
147 77 -0.27755 NaN	1
150 77 -0.0814453488372 0.0912654473643	43
151.5 77 -0.096525 0.0318602547594	4
172.5 77 -0.00995 0.081973636452	42
174 77 0.0213192307692 0.152706135487	26
175.5 77 0.10645 0.0227462084753	3
178.5 77 -0.00787222222222 0.161540651059	9
-180 76.5 -0.02185 0.125215887855	15
-178.5 76.5 0.0386574074074 0.162009638664	27
-177 76.5 -0.0999 0.199792300486	4
-175.5 76.5 -0.0616333333333 0.107196798568	24
-174 76.5 -0.120236956522 0.137776922148	23
-172.5 76.5 -0.0764131578947 0.156723351407	38
-171 76.5 -0.0663160377358 0.126373143969	53
-169.5 76.5 -0.145021428571 0.1229087221	28
-168 76.5 -0.05683 0.110427981263	110
-166.5 76.5 -0.110164893617 0.0958782836548	141
-165 76.5 -0.0695365900383 0.101007247704	261
-163.5 76.5 0.00511325301205 0.0967471056914	166
-162 76.5 -0.0165699170124 0.0861394882443	241
-160.5 76.5 0.0139241496599 0.0867740461233	147
-159 76.5 -0.0373757352941 0.0950718059982	136
-157.5 76.5 -0.0244434659091 0.075055056999	352
-156 76.5 0.00217030456853 0.0724894312769	197
-154.5 76.5 -0.0678652542373 0.14131528069	59
-153 76.5 0.00369528985507 0.0751093802126	276
-151.5 76.5 0.0339416666667 0.0833360527761	144
-150 76.5 0.0343087912088 0.118100743139	182
-148.5 76.5 -0.0115611111111 0.194581084926	9
-147 76.5 -0.00385708661417 0.0692233263982	127
-145.5 76.5 0.0445916342412 0.0751865966413	257
-144 76.5 0.0307511764706 0.107406850555	85
-142.5 76.5 0.0234817919075 0.0556262556767	173
-141 76.5 0.0882096491228 0.0413505213272	114
-133.5 76.5 0.09335 NaN	1
-130.5 76.5 -0.101178571429 0.0981529030694	7
-129 76.5 0.0767471428571 0.100943645223	105
-127.5 76.5 0.0929008108108 0.114376690826	185
-126 76.5 0.0730678571429 0.113863808772	56
-124.5 76.5 0.0841446236559 0.116575018173	93
-123 76.5 0.0155653846154 0.165812891398	26
-121.5 76.5 0.1179125 0.118209824797	8
-118.5 76.5 -0.0641005882353 0.0494073159509	170
-115.5 76.5 -0.02345 0.0472745386017	11
-114 76.5 0.30005 0.0663266160753	2
-112.5 76.5 0.0354064516129 0.104384522517	248
-111 76.5 -0.0928088235294 0.143110353471	51
-109.5 76.5 0.228555555556 0.196667008724	18
-108 76.5 -0.11375 NaN	1
-106.5 76.5 0.201129661017 0.182497731474	59
-103.5 76.5 -0.00400161290323 0.163158658716	31
-102 76.5 -0.04525 0.0991182374742	9
-99 76.5 -0.12543 0.106772571384	5
-97.5 76.5 0.0460350746269 0.106221905025	67
-96 76.5 0.0104897260274 0.1017486633	73
-93 76.5 -0.0203863636364 0.115637228592	33
-87 76.5 -0.228385 0.0632698065056	60
-78 76.5 -0.0522327067669 0.0614266531225	133
-73.5 76.5 0.00308333333333 0.0647059760249	3
-12 76.5 -0.0543166666667 0.0677600423062	3
-10.5 76.5 0.0946642857143 0.172119555625	7
-9 76.5 -0.0132 0.115046273299	2
111 76.5 -0.05765 0.0568395328974	9
112.5 76.5 -0.0481257009346 0.0806780999967	107
130.5 76.5 -0.0453444444444 0.110529013876	18
132 76.5 -0.0763 0.193110861942	2
144 76.5 0.0550815789474 0.132806622378	19
145.5 76.5 -0.02425 0.17713221051	4
172.5 76.5 -0.17131 0.0636022248039	5
174 76.5 0.0509863636364 0.0677348694946	11
175.5 76.5 0.00881802030457 0.0697646637548	197
177 76.5 -0.0441913793103 0.140149115784	29
178.5 76.5 0.12935 NaN	1
-180 76 -0.0770590909091 0.145789803858	11
-177 76 0.012266 0.147502535931	50
-175.5 76 0.00696176470588 0.151655085832	51
-174 76 -0.0152796650718 0.153813329298	209
-172.5 76 0.0078125 0.154681231665	40
-171 76 -0.10075 0.223445742855	2
-169.5 76 -0.0962376712329 0.121507449412	73
-168 76 -0.0638209401709 0.091335374604	234
-166.5 76 -0.0189664583333 0.0747065759107	480
-165 76 0.0253409502262 0.101693412719	221
-163.5 76 -0.05285 0.119336171458	12
-162 76 -0.02819 0.110961928791	40
-160.5 76 -0.0373623893805 0.0874339088487	113
-159 76 0.0168019163763 0.100177244957	287
-157.5 76 0.0109110738255 0.079156674722	298
-156 76 -0.0154752059308 0.0761897118081	607
-154.5 76 0.0512058375635 0.0989068445916	197
-153 76 0.0557473684211 0.0894094335469	114
-151.5 76 -0.0565323529412 0.0913076533371	34
-150 76 -0.04929375 0.13577716042	16
-148.5 76 -0.000319105691057 0.0797652201727	123
-147 76 0.05101875 0.0825958329906	208
-145.5 76 0.0777252941176 0.0375852361652	85
-144 76 0.02755 NaN	1
-141 76 0.108325 0.0584535356786	4
-139.5 76 -0.1044875 0.182008005613	8
-132 76 0.0736611111111 0.073823631793	9
-129 76 0.097062244898 0.0807536969746	147
-127.5 76 0.0912571428571 0.110542271013	210
-126 76 -0.0121166666667 0.189131749494	6
-124.5 76 0.098690625 0.0889677429162	96
-123 76 0.0463934782609 0.195885009928	23
-121.5 76 0.11255 NaN	1
-120 76 0.0212166666667 0.168539204144	3
-118.5 76 -0.173837096774 0.0899892539582	31
-117 76 -0.0233239795918 0.186926701627	196
-112.5 76 1.06129 0.191820548951	5
-111 76 0.0207441176471 0.180097090033	17
-109.5 76 1.54853235294 0.430575532333	17
-108 76 0.225719230769 0.198527778848	13
-106.5 76 0.168624074074 0.203579456408	27
-105 76 -0.0266608695652 0.0692284678115	184
-103.5 76 -0.0508636363636 0.126184978713	22
-97.5 76 -0.0695920512821 0.0648561220941	195
-96 76 -0.00818969072165 0.0873544617728	194
-94.5 76 -0.0339435483871 0.132679422436	62
-93 76 -0.112903658537 0.0982307260931	41
-88.5 76 -0.0160427710843 0.21803143798	166
-87 76 0.00485243055556 0.190790014533	288
-81 76 0.0770515228426 0.381468948836	197
-79.5 76 0.171093434343 0.144933752045	99
-78 76 -0.156440566038 0.0667697158731	106
-60 76 0.442283333333 0.152383244923	3
126 76 0.139905555556 0.0589050106339	9
127.5 76 0.12213 0.0889696177854	10
129 76 0.0477444444444 0.137133522191	18
171 76 -0.123216666667 0.149454608494	9
172.5 76 -0.00683125 0.183137056941	16
177 76 0.013681097561 0.0955524630702	164
178.5 76 -0.00391590909091 0.149212174426	44
-180 75.5 -0.0653466292135 0.132378703871	89
-178.5 75.5 -0.0604888059701 0.129893947365	67
-177 75.5 -0.0756877358491 0.127014336299	53
-175.5 75.5 -0.0789669082126 0.105108523917	207
-174 75.5 -0.115306637168 0.125931963544	113
-172.5 75.5 -0.0113623809524 0.121692271652	105
-171 75.5 0.0168064516129 0.0768630851611	124
-169.5 75.5 -0.0127862962963 0.112327548493	135
-168 75.5 -0.0276609170306 0.125787615885	229
-166.5 75.5 -0.0222330985915 0.0897771776203	284
-165 75.5 -0.063974137931 0.155508646189	29
-163.5 75.5 -0.0965550847458 0.106672575773	59
-162 75.5 -0.00308166666667 0.0890673854434	60
-160.5 75.5 -0.0466428571429 0.151166451133	56
-159 75.5 0.0147376712329 0.111905726625	73
-157.5 75.5 -0.0288616666667 0.129600431695	60
-156 75.5 0.0480546357616 0.0791269649976	302
-154.5 75.5 0.0373295107034 0.0708893411546	327
-153 75.5 0.0540845454545 0.0832822114708	55
-148.5 75.5 0.0108161971831 0.0661704162289	71
-147 75.5 0.0698693181818 0.0740116173825	88
-132 75.5 0.000235714285714 0.120907230348	98
-130.5 75.5 0.0863636 0.0764020851121	250
-126 75.5 -0.0566611111111 0.179797743621	9
-124.5 75.5 0.100126923077 0.135167877026	39
-123 75.5 0.0385166666667 0.13690869707	21
-121.5 75.5 0.07715 0.102555513422	13
-120 75.5 -0.25045 NaN	1
-118.5 75.5 -0.0356970588235 0.180704019455	17
-117 75.5 -0.143113636364 0.13833448791	11
-109.5 75.5 0.22125 NaN	1
-105 75.5 0.105434615385 0.11553379459	117
-103.5 75.5 0.0688 0.038113055506	2
-102 75.5 -0.0435346153846 0.0995118070562	13
-97.5 75.5 -0.0414758064516 0.0711682605649	31
-96 75.5 0.0884914414414 0.211781770813	111
-94.5 75.5 -0.0411472222222 0.107713886851	36
-93 75.5 0.0801169456067 0.128585183303	239
-88.5 75.5 0.446153896104 0.719779441445	77
-87 75.5 0.0904921052632 0.0564890758952	57
117 75.5 0.00241363636364 0.127603217578	33
118.5 75.5 0.0757833333333 0.153885400774	36
120 75.5 0.0488233333333 0.140562321577	90
121.5 75.5 -0.0465573394495 0.0597327329868	109
126 75.5 0.0485907894737 0.0824475770472	152
127.5 75.5 0.0179346590909 0.0850297920422	176
129 75.5 -0.0043 0.206807531294	6
174 75.5 -0.0432709302326 0.149235588054	43
175.5 75.5 0.114183333333 0.0881707471901	102
177 75.5 -0.0152337837838 0.140524710191	37
178.5 75.5 -0.00701470588235 0.176562598464	17
-180 75 0.0224188888889 0.168278544549	45
-178.5 75 -0.0716155737705 0.136291500781	122
-177 75 -0.0402674603175 0.13413422447	63
-175.5 75 -0.0595833333333 0.118730592312	93
-174 75 -0.03606875 0.0721688044697	128
-172.5 75 -0.0189726600985 0.0933293077334	203
-171 75 -0.0313789473684 0.116590122394	152
-169.5 75 -0.0373176258993 0.0967186508518	139
-168 75 0.00688636363636 0.0850336770765	231
-166.5 75 0.00848776595745 0.0592722162984	188
-165 75 0.0463541666667 0.159056277924	24
-163.5 75 0.0589825581395 0.102381472867	86
-162 75 -0.0380231958763 0.052038079906	388
-160.5 75 -0.00947920353982 0.0508136488298	113
-159 75 0.0504055555556 0.111744737188	54
-157.5 75 0.0671484848485 0.0965969158489	66
-156 75 0.00636363636364 0.0702511626682	44
-154.5 75 0.00618623188406 0.0612976118443	138
-153 75 0.0522751082251 0.0444752287856	231
-130.5 75 0.049465625 0.109615536095	96
-123 75 0.0325120535714 0.0777316190969	224
-121.5 75 0.118175 0.151191182188	8
-120 75 0.0295 0.128631380717	20
-114 75 0.000196825396825 0.0881984250984	126
-112.5 75 0.308194444444 0.284696300979	18
-108 75 0.049324789916 0.084593458715	119
-106.5 75 -0.0344666666667 0.0592779023975	30
-105 75 -0.0513026315789 0.088989898415	38
-103.5 75 -0.0252452380952 0.10773351603	21
-102 75 -0.00191 0.155481375805	10
-100.5 75 -0.0329467741935 0.144292689775	31
-99 75 -0.118975 0.107317216699	8
-97.5 75 -0.0777105839416 0.0812038496603	137
-93 75 -0.0134719512195 0.122799066593	41
114 75 -0.131857058824 0.0963653820329	85
115.5 75 0.0516127118644 0.0823846589718	59
117 75 -0.0171261363636 0.0888096414388	88
121.5 75 -0.0320052325581 0.0746001773704	172
123 75 -0.0212361111111 0.0727391234899	72
126 75 -0.00651750788644 0.0406286749197	317
132 75 0.151932872928 0.0570272545419	181
139.5 75 0.07035 NaN	1
174 75 -0.06185 0.0680945665968	3
175.5 75 -0.088975 0.1534577443	8
177 75 -0.070375 0.104054645099	4
178.5 75 -0.0341733333333 0.159244231603	30
-180 74.5 -0.00271833333333 0.124137642977	60
-178.5 74.5 -0.0643630434783 0.150268107368	69
-177 74.5 -0.0113842696629 0.113350859254	178
-175.5 74.5 0.0404333333333 0.0850993223998	108
-174 74.5 -0.0546475308642 0.0773736228271	162
-172.5 74.5 -0.00735164609053 0.0986725610025	243
-171 74.5 -0.00542774193548 0.0764442127196	310
-169.5 74.5 0.0309812649165 0.0746073745414	419
-168 74.5 -0.135015 0.0748663670887	20
-166.5 74.5 0.0249910876133 0.0597493329799	331
-165 74.5 0.082556557377 0.0411979848571	61
-163.5 74.5 -0.00581153846154 0.154202900302	26
-162 74.5 -0.093075 0.0999646849679	28
-124.5 74.5 -0.00362272727273 0.0809423318846	66
-123 74.5 0.0412644385027 0.0505474806609	187
-121.5 74.5 -0.1064125 0.15215469513	8
-120 74.5 -0.0396166666667 0.131590073714	9
-118.5 74.5 -0.27025 NaN	1
-114 74.5 -0.0437719512195 0.11821546327	41
-112.5 74.5 -0.0913525974026 0.077255628598	154
-111 74.5 -0.11154109589 0.0862880867801	146
-109.5 74.5 -0.113205927052 0.0626598572955	329
-108 74.5 0.0595813253012 0.0767875481009	83
-106.5 74.5 -0.0597292035398 0.063832434537	226
-105 74.5 -0.0411352941176 0.132002807896	34
-103.5 74.5 -0.0444785714286 0.143923021753	28
-102 74.5 -0.057245 0.106397903271	40
-100.5 74.5 -0.0486633333333 0.188694821137	15
-99 74.5 -0.0286625 0.155690998341	8
-97.5 74.5 -0.0617166666667 0.0995834559848	18
-96 74.5 -0.01978125 0.0833106138737	112
-94.5 74.5 -0.00646625 0.121554982552	80
-93 74.5 0.2526 0.0798734867706	10
-91.5 74.5 -0.0935388888889 0.144909715115	54
-90 74.5 -0.0382061983471 0.124922450539	121
-88.5 74.5 -0.0819543478261 0.0734329470164	23
-87 74.5 -0.292192857143 0.0245080161813	7
-84 74.5 -0.2726171875 0.0297854766713	64
114 74.5 -0.0126375 0.135133765867	32
115.5 74.5 -0.00360855614973 0.0743261418046	374
121.5 74.5 -0.128836666667 0.0355901258423	30
123 74.5 -0.157849640288 0.049396059781	278
124.5 74.5 0.0355936241611 0.0962857925558	298
132 74.5 0.2145375 0.0189883752032	8
175.5 74.5 0.0879794117647 0.0434956860606	17
177 74.5 0.00838333333333 0.0969266251691	6
178.5 74.5 -0.0234423076923 0.16288594764	26
-180 74 -0.0262794117647 0.164068578657	34
-178.5 74 -0.0771862318841 0.122942398003	69
-177 74 0.0262291666667 0.121235564998	144
-175.5 74 0.0273939506173 0.0815694649855	405
-174 74 0.033312195122 0.0883023035733	492
-172.5 74 0.0101166666667 0.0882377362314	78
-171 74 0.0291945812808 0.0924475488672	406
-169.5 74 0.0397272532189 0.060906853326	233
-168 74 -0.0321685185185 0.0530116097734	297
-165 74 0.0656131355932 0.0482763123836	236
-163.5 74 0.066474822695 0.0459941163256	141
-162 74 0.0147928571429 0.0577610558372	21
-117 74 -0.0345521390374 0.0713620746218	187
-115.5 74 -0.0926717391304 0.0521899673093	23
-114 74 -0.0596256756757 0.0746697931094	37
-112.5 74 -0.0645072727273 0.0998026138716	110
-111 74 -0.127832857143 0.12010924391	105
-109.5 74 0.00737738095238 0.0734834795091	168
-108 74 -0.03055 0.135307095158	3
-106.5 74 -0.00862179487179 0.103816460043	78
-105 74 -0.0771015789474 0.0605923330294	95
-103.5 74 -0.09281 0.0935632692263	90
-102 74 -0.0534366666667 0.12567711956	15
-100.5 74 0.132083333333 0.106431198434	45
-99 74 0.238872222222 0.0906518262076	18
-97.5 74 -0.12285 0.131464025497	3
-96 74 0.0110928571429 0.210285932498	14
-94.5 74 0.09425 NaN	1
-90 74 0.136574137931 0.170966597939	29
-88.5 74 -0.0401560150376 0.120131241842	133
-87 74 -0.203112121212 0.261895980387	66
-84 74 -0.226242307692 0.0811921685127	182
114 74 -0.02605 0.157805935672	4
123 74 0.0997486577181 0.107150545134	149
124.5 74 0.0901578431373 0.0860801553045	51
175.5 74 0.0195934782609 0.128956950726	69
177 74 -0.0760801886792 0.128255713001	53
178.5 74 -0.038758 0.0897277638192	25
-180 73.5 -0.0989785714286 0.198383619937	14
-178.5 73.5 0.00541888888889 0.144410467422	45
-177 73.5 -0.0449353932584 0.106924209972	178
-175.5 73.5 0.0614528436019 0.114013002723	422
-174 73.5 0.0715325396825 0.0858298255365	378
-172.5 73.5 0.0356412529551 0.0766808665995	423
-171 73.5 -0.00934541284404 0.0680902455986	218
-169.5 73.5 0.0117056962025 0.0673432071553	395
-168 73.5 0.0359250929368 0.0728070498248	269
-166.5 73.5 -0.0476262135922 0.0897433640035	206
-165 73.5 -0.00225588235294 0.0660532998219	85
-163.5 73.5 -0.00305098522167 0.0507155136166	609
-114 73.5 -0.25975 NaN	1
-112.5 73.5 -0.0248457746479 0.0791340173135	71
-111 73.5 -0.0230134146341 0.141927098815	41
-109.5 73.5 -0.0126192307692 0.127940679283	26
-108 73.5 0.07975 0.147263573228	3
-103.5 73.5 -0.101956451613 0.104858920891	31
-102 73.5 -0.0595111111111 0.126970176883	54
-90 73.5 0.115948795181 0.0780855526658	83
-85.5 73.5 0.193283333333 0.317540191682	3
177 73.5 -0.0137807692308 0.162879179195	26
178.5 73.5 0.0197813953488 0.118102692365	86
-180 73 0.00619897959184 0.101660232971	49
-178.5 73 -0.077525 0.189214006399	24
-177 73 -0.0470020547945 0.129824569783	73
-175.5 73 -0.0184259036145 0.106010485664	83
-174 73 0.0543981012658 0.110395131505	158
-172.5 73 0.000473275862069 0.0834513232489	232
-171 73 0.0369691176471 0.153062698359	68
-169.5 73 0.0257627840909 0.0717226760359	352
-168 73 -0.020008974359 0.124794991292	39
-166.5 73 0.139675 0.151020271818	4
-165 73 0.00838962264151 0.104521402555	53
-163.5 73 -0.0387359813084 0.0937551723842	107
-162 73 -0.00162931034483 0.0671470623742	58
-160.5 73 -0.10355 0.0599772649234	40
-141 73 0.0459452380952 0.0337456586273	21
-139.5 73 0.0677239130435 0.0377582628766	46
-112.5 73 -0.00440405405405 0.104656410311	37
-111 73 0.194316666667 0.0846716796416	3
-105 73 -0.00848913043478 0.110155694522	23
-103.5 73 -0.123358474576 0.12432983124	118
-102 73 0.0540679487179 0.086114369532	273
-100.5 73 -0.0209246835443 0.0476634528279	79
-85.5 73 0.313179487179 0.139952789375	156
70.5 73 -0.131702747253 0.0908751834364	91
75 73 -0.237106716418 0.0329981965709	67
177 73 0.073364893617 0.146119029768	47
178.5 73 0.0525351239669 0.094135843033	121
-180 72.5 -0.0167791338583 0.0618535894305	127
-178.5 72.5 -0.0610083333333 0.142524673834	12
-177 72.5 -0.00154166666667 0.122569924076	12
-175.5 72.5 -0.0396431034483 0.108881354025	87
-174 72.5 0.0450296437659 0.0776069603763	393
-172.5 72.5 0.00702368421053 0.169029683439	38
-171 72.5 -0.0309107843137 0.152202374592	51
-169.5 72.5 0.00230111111111 0.125922231813	45
-168 72.5 0.105253703704 0.0889333054385	54
-165 72.5 -0.0875166666667 0.14445258507	21
-163.5 72.5 -0.00829603174603 0.110986841454	63
-162 72.5 -0.00475 0.0876812408671	2
-160.5 72.5 -0.15578 0.0829740993196	20
-159 72.5 0.0532214285714 0.143461036688	7
-157.5 72.5 0.036475 0.0205952057528	4
-124.5 72.5 0.02918 0.108905984429	10
-103.5 72.5 0.0135769230769 0.0716285002367	26
178.5 72.5 -0.0178829896907 0.110426620358	97
-180 72 -0.0566590909091 0.120566252106	66
-178.5 72 -0.0203907894737 0.0952895155865	76
-177 72 0.00357926829268 0.138371502203	41
-175.5 72 -0.03487 0.210930668704	5
-174 72 0.0782625 0.038255344137	120
-172.5 72 0.0105237704918 0.0967252240484	61
-171 72 0.0566490654206 0.118060397475	107
-169.5 72 0.0580091397849 0.0871930582056	93
-163.5 72 -0.0351103825137 0.0415957938978	366
-159 72 0.041872265625 0.0920562978448	256
-157.5 72 0.0456113095238 0.0544766707478	168
67.5 72 -0.0675671052632 0.0491429842756	76
69 72 -0.101424324324 0.0437918396752	74
-180 71.5 -0.00723333333333 0.0280956520954	6
-178.5 71.5 0.0371662037037 0.0765335388796	216
-177 71.5 0.142812801932 0.0837718846519	207
-163.5 71.5 -0.0313328125 0.0406247815318	64
-160.5 71.5 0.1793 0.0437699097554	2
-159 71.5 0.1030875 0.10609172497	8
-103.5 71.5 0.0708587349398 0.0615308446874	332
67.5 71.5 -0.0337374045802 0.0575899113276	262
-160.5 71 -0.00418333333333 0.0683901648476	72
-103.5 71 0.188553076923 0.0551586319436	65
-102 71 0.427257643312 0.0468839272407	157
-162 70.5 -0.140084351145 0.0591243146273	131
-102 70.5 0.555175163399 0.0660912770773	306
-100.5 70.5 0.15905 0.00339411254969	2
49.5 69 -0.0167333333333 0.0751559024074	6
-75 68.5 -0.293516666667 0.0127954418968	3
49.5 68.5 0.0758049019608 0.0518916884047	51
12 66 -0.137775 0.0310876583229	4
12 65.5 0.07391 0.192490932101	35
25.5 65 0.0368462025316 0.0848897738443	79
24 64 0.25635 NaN	1
22.5 63.5 -0.0444 0.0927016990136	2
21 63 0.071 0.198756341618	4
22.5 63 -0.19205 NaN	1
21 60.5 0.00836818181818 0.14412351789	33
21 60 0.011914 0.143401235699	150
22.5 60 0.0111833333333 0.222926038829	12
