lon, lat, freeboard (m), standard deviation, count
-180 81.5 0.0480568846816 0.0994605285811	581
-178.5 81.5 0.0432920382166 0.129179668116	471
-177 81.5 0.033666255144 0.129239441983	486
-175.5 81.5 0.0693518867925 0.112640602754	689
-174 81.5 0.068822815534 0.100380954299	618
-172.5 81.5 0.0443021008403 0.10805553687	476
-171 81.5 0.0164149484536 0.122547182954	388
-169.5 81.5 0.0252810569106 0.108714844382	615
-168 81.5 0.035981 0.104775117254	800
-166.5 81.5 0.0462016728625 0.111695606274	538
-165 81.5 0.0621607594937 0.108464891797	632
-163.5 81.5 0.0955429339478 0.101208642741	651
-162 81.5 0.0535417006803 0.120499988577	735
-160.5 81.5 0.0662001529052 0.102722719856	654
-159 81.5 0.084266644474 0.115641928163	751
-157.5 81.5 0.0762805813953 0.104150462405	860
-156 81.5 0.0835611273792 0.0997155253962	683
-154.5 81.5 0.0810575533662 0.112901602662	609
-153 81.5 0.109658187135 0.123966407257	513
-151.5 81.5 0.114961174785 0.110224216203	698
-150 81.5 0.0842468363136 0.114505997068	727
-148.5 81.5 0.0979404171364 0.10085324009	887
-147 81.5 0.10450108055 0.0977691347047	1018
-145.5 81.5 0.120797135135 0.0972940148724	925
-144 81.5 0.147713653603 0.0955070198535	1582
-142.5 81.5 0.105675810324 0.12279076655	833
-141 81.5 0.112144463277 0.115454480966	885
-139.5 81.5 0.125499315068 0.0972109970827	876
-138 81.5 0.142442088608 0.11693145391	632
-136.5 81.5 0.163345115681 0.107798844686	778
-135 81.5 0.136098078818 0.110714907681	1015
-133.5 81.5 0.146435137795 0.114969277651	1016
-132 81.5 0.178660875955 0.0983565123559	1701
-130.5 81.5 0.18814638027 0.0926285750923	2514
-129 81.5 0.147552605571 0.0962085568034	2226
-127.5 81.5 0.16909763062 0.0968773388145	2469
-126 81.5 0.203211660079 0.100340751831	2024
-124.5 81.5 0.230980701347 0.107150813922	2153
-123 81.5 0.187595749614 0.0983905527724	2588
-121.5 81.5 0.192494694308 0.0919550587774	2846
-120 81.5 0.207032498158 0.0941181953668	2714
-118.5 81.5 0.242155732199 0.0987187893753	2233
-117 81.5 0.24014171695 0.0952560385417	1823
-115.5 81.5 0.267406010568 0.102470907935	1514
-114 81.5 0.288867209302 0.0790985242587	3010
-112.5 81.5 0.230330084746 0.0948796375031	1888
-111 81.5 0.250099550129 0.0925355888769	1556
-109.5 81.5 0.27645431746 0.0979759626494	1575
-108 81.5 0.327652669405 0.0931159409126	1948
-106.5 81.5 0.306467637408 0.11129542017	1219
-105 81.5 0.344657636364 0.117620501219	1375
-103.5 81.5 0.405096297578 0.121995755037	1445
-102 81.5 0.446950525855 0.107915859685	1141
-100.5 81.5 0.428435448916 0.13561267922	969
-99 81.5 0.524057686018 0.135458979084	1223
-97.5 81.5 0.463114690382 0.147028239501	759
-96 81.5 0.453375 0.14860547837	368
-94.5 81.5 0.322957179487 0.255648086586	195
-93 81.5 0.344955217391 0.241245259509	115
-91.5 81.5 0.407341558442 0.216375709905	154
-90 81.5 0.417646202532 0.152471633716	79
-64.5 81.5 -0.127804545455 0.116017027747	11
-63 81.5 0.0944685185185 0.106891738696	54
-61.5 81.5 0.13775 0.299389011154	2
-12 81.5 0.267061111111 0.249676822395	27
-10.5 81.5 0.160119090909 0.29888575166	55
-9 81.5 0.177355882353 0.152479735416	357
-7.5 81.5 0.178230566802 0.203831947227	247
-6 81.5 0.169827993528 0.170725375954	309
-4.5 81.5 0.191555185185 0.140952478994	405
-3 81.5 0.211756205674 0.160613241362	564
-1.5 81.5 0.251916826923 0.120440176523	624
0 81.5 0.223182731377 0.103281303861	443
1.5 81.5 0.20488883871 0.130300422999	775
3 81.5 0.208784315789 0.13890597665	950
4.5 81.5 0.202517975831 0.119221795119	662
6 81.5 0.162862974684 0.154370143885	316
7.5 81.5 0.186210888889 0.157979493832	450
9 81.5 0.161674334601 0.131867813241	263
10.5 81.5 0.113640710383 0.131666315963	183
12 81.5 0.0957110778443 0.106709412786	167
13.5 81.5 0.111863297872 0.134740603569	188
15 81.5 0.103669285714 0.102432393494	140
16.5 81.5 0.1225609375 0.14892531407	128
18 81.5 0.141295673077 0.152070709718	208
19.5 81.5 0.0453847826087 0.0999328139391	69
21 81.5 0.0403327586207 0.158946289376	29
22.5 81.5 0.16224516129 0.16422846085	62
24 81.5 0.201950520833 0.121302083863	192
25.5 81.5 0.0395989795918 0.157316926831	49
27 81.5 0.0147388888889 0.138444294683	36
28.5 81.5 0.0496950980392 0.169814488562	51
30 81.5 0.0330563492063 0.151262987044	63
31.5 81.5 0.0407458762887 0.133622005671	97
33 81.5 0.09593625 0.11937322256	80
34.5 81.5 0.107156557377 0.186692479646	61
36 81.5 0.13315625 0.165400725775	80
37.5 81.5 0.0651051724138 0.101123709902	29
39 81.5 0.08835 0.262624812232	6
40.5 81.5 0.10065 0.12402652942	2
49.5 81.5 -0.03385 NaN	1
51 81.5 0.0312916666667 0.134014066143	12
52.5 81.5 0.0469136363636 0.160770801284	11
54 81.5 -0.0172085 0.0844467000748	200
55.5 81.5 -0.0198922018349 0.152037063632	218
57 81.5 -0.0297931034483 0.127514288311	58
58.5 81.5 0.0464212041885 0.106788648905	191
60 81.5 -0.00780609756098 0.153267545568	41
61.5 81.5 -0.0669833333333 0.133564544322	9
63 81.5 0.0965112244898 0.1217905974	98
64.5 81.5 0.0620181818182 0.161498274493	66
66 81.5 0.0239284313725 0.166423789542	51
67.5 81.5 -0.0464018518519 0.194167623305	54
69 81.5 -0.0472036585366 0.1861724981	41
70.5 81.5 0.0668318181818 0.149028743986	33
72 81.5 -0.0452 0.142482016409	2
87 81.5 0.30185 NaN	1
88.5 81.5 0.06155 0.0506074105245	3
93 81.5 -0.1672 0.0598919443665	2
94.5 81.5 0.00595909090909 0.133986525103	11
96 81.5 0.0340147058824 0.161073985101	17
97.5 81.5 0.0944121212121 0.160484266917	66
99 81.5 0.0444113636364 0.205546631631	44
100.5 81.5 0.0637676470588 0.158722157607	34
102 81.5 0.0120772727273 0.11678147668	33
103.5 81.5 0.0395764705882 0.192349971932	34
105 81.5 0.04315625 0.185595170753	48
106.5 81.5 0.0476015789474 0.108655796433	95
108 81.5 0.0279969565217 0.114966587306	115
109.5 81.5 0.0312042168675 0.133989674066	83
111 81.5 0.121567777778 0.141852485403	180
112.5 81.5 0.0908114197531 0.112106680006	324
114 81.5 0.0568390052356 0.100402110091	382
115.5 81.5 0.0455329562594 0.11045252919	663
117 81.5 0.0601623329908 0.103150631056	973
118.5 81.5 0.0708633584906 0.0937620115711	1325
120 81.5 0.0478336168308 0.0951078236919	1117
121.5 81.5 0.0923810577644 0.10729563777	1333
123 81.5 0.131697244094 0.101682891753	1016
124.5 81.5 0.116441307471 0.0920584607994	1392
126 81.5 0.112940791897 0.0961787584351	1086
127.5 81.5 0.114820935412 0.0972283411034	898
129 81.5 0.142060460251 0.099802229541	956
130.5 81.5 0.139992607174 0.0976551570473	1143
132 81.5 0.138723747017 0.106718125482	838
133.5 81.5 0.133196581876 0.122191371553	629
135 81.5 0.14305229709 0.105455458036	653
136.5 81.5 0.176777190083 0.0996718676651	1210
138 81.5 0.161817801288 0.100160647449	1087
139.5 81.5 0.140127707006 0.101221301932	1256
141 81.5 0.129493088235 0.104666100992	1360
142.5 81.5 0.133560799136 0.109044318647	926
144 81.5 0.132154028926 0.100253485418	968
145.5 81.5 0.157386291038 0.0931027591043	1127
147 81.5 0.172526241135 0.0944055311686	1128
148.5 81.5 0.160278289474 0.117248758544	1216
150 81.5 0.166144930876 0.105216103193	868
151.5 81.5 0.129853773585 0.106892708965	636
153 81.5 0.103807806913 0.101126890602	839
154.5 81.5 0.0769223404255 0.110822978905	893
156 81.5 0.0849127819549 0.100189917146	1064
157.5 81.5 0.0859188465032 0.107273216523	1101
159 81.5 0.126077966881 0.109987524614	1087
160.5 81.5 0.169780454545 0.116049975327	880
162 81.5 0.143997502904 0.104890004441	861
163.5 81.5 0.141225623583 0.111619739719	882
165 81.5 0.139981375167 0.124004973985	749
166.5 81.5 0.142322620791 0.114099140009	683
168 81.5 0.15852030303 0.113284434333	660
169.5 81.5 0.11646179173 0.108129672772	653
171 81.5 0.093684625 0.108523908712	800
172.5 81.5 0.0910985054348 0.107986820173	736
174 81.5 0.0482773972603 0.12365972533	438
175.5 81.5 0.0244067398119 0.115469078371	319
177 81.5 0.0426929357798 0.115862356815	545
178.5 81.5 0.0505055932203 0.105148151093	590
-180 81 0.042117012987 0.109264784839	385
-178.5 81 0.0595115023474 0.126384927979	213
-177 81 0.0597721518987 0.109144226482	316
-175.5 81 0.0593472527473 0.106237656776	546
-174 81 0.0670790766208 0.0926595619916	509
-172.5 81 0.0580815946349 0.10437235302	671
-171 81 0.0497440944882 0.11013950847	508
-169.5 81 0.0509550847458 0.115657414263	413
-168 81 0.0388715517241 0.109862808453	348
-166.5 81 0.0448903800475 0.11838517778	421
-165 81 0.0487524282561 0.115585027387	453
-163.5 81 0.0847471374046 0.129930092733	524
-162 81 0.084315913371 0.107458691607	531
-160.5 81 0.073989055794 0.114183565181	466
-159 81 0.0782449300699 0.109469777637	572
-157.5 81 0.072530661157 0.113944956821	605
-156 81 0.0992251332149 0.101692572188	563
-154.5 81 0.111522254335 0.108311305239	519
-153 81 0.122645805142 0.104786017972	739
-151.5 81 0.101026754386 0.110746816823	456
-150 81 0.0860306185567 0.111537161263	485
-148.5 81 0.109561516035 0.101189164613	686
-147 81 0.107892378049 0.0985277068165	656
-145.5 81 0.124357978723 0.115115737888	376
-144 81 0.125355227656 0.114023387787	593
-142.5 81 0.140969190141 0.108710449037	568
-141 81 0.121625784753 0.117411460483	446
-139.5 81 0.136021917808 0.113404166624	584
-138 81 0.153354103967 0.105576217795	731
-136.5 81 0.0973303069054 0.120555058369	391
-135 81 0.124242497069 0.109055430149	853
-133.5 81 0.178275965801 0.0974438446567	1579
-132 81 0.199859394904 0.106025874423	1256
-130.5 81 0.170271270903 0.104589720084	1495
-129 81 0.159314863445 0.100416683266	1904
-127.5 81 0.171685122598 0.101922692132	1509
-126 81 0.191738586596 0.104567024528	1507
-124.5 81 0.222847047244 0.092247152559	2032
-123 81 0.222620366886 0.0937241742765	2126
-121.5 81 0.214502830189 0.0834554429652	2226
-120 81 0.240226966292 0.0885177680681	1958
-118.5 81 0.286678060981 0.0889145075648	2099
-117 81 0.270995876887 0.08585863466	1722
-115.5 81 0.299540196078 0.0887902657297	1785
-114 81 0.301402926078 0.082827739552	1948
-112.5 81 0.285359547069 0.0841109450235	2252
-111 81 0.268182885906 0.103256809395	1341
-109.5 81 0.294227318971 0.0973297148637	1671
-108 81 0.313258892356 0.0937627771304	1282
-106.5 81 0.332132251908 0.105243268539	1572
-105 81 0.371167744253 0.0983009542541	1392
-103.5 81 0.417446305125 0.106426185677	1678
-102 81 0.409879324425 0.102033108106	1347
-100.5 81 0.489743803419 0.139033973319	936
-99 81 0.484675888325 0.159701322675	591
-97.5 81 0.419887842779 0.160310262632	547
-96 81 0.414504761905 0.256133461074	420
-94.5 81 0.477137073171 0.194840897299	410
-91.5 81 0.2983804 0.238200155137	125
-90 81 0.254727586207 0.195084283078	232
-88.5 81 0.599084615385 0.146789803303	26
-87 81 0.318958333333 0.244256900743	12
-66 81 0.126635714286 0.240592570047	7
-64.5 81 0.0197852941176 0.265397065595	17
-63 81 0.40299 0.0375431485094	5
-22.5 81 1.63355 NaN	1
-13.5 81 0.118838235294 0.162802631512	34
-12 81 -0.0459766666667 0.107907695123	15
-10.5 81 0.212589622642 0.224094521901	53
-9 81 0.152457272727 0.183416301292	110
-7.5 81 0.150045172414 0.18621101133	145
-6 81 0.221082520325 0.129586044354	492
-4.5 81 0.205992384106 0.128811236028	453
-3 81 0.234195220588 0.133349684225	544
-1.5 81 0.204808333333 0.143391298089	312
0 81 0.222092094017 0.14680400648	468
1.5 81 0.204323573574 0.139341659807	666
3 81 0.205538363636 0.124007177693	550
4.5 81 0.201401629073 0.148860897401	399
6 81 0.0975705714286 0.128401188046	175
7.5 81 0.180967256637 0.123203590905	226
9 81 0.247781428571 0.167966460198	70
10.5 81 0.223738068182 0.126494283212	176
12 81 0.143405707763 0.175477731152	219
13.5 81 0.123567045455 0.07824851067	176
18 81 0.126628333333 0.0921733942488	60
19.5 81 -0.02009 0.162990710028	10
21 81 -0.08395 0.13797894767	3
22.5 81 0.0143833333333 0.130382025218	9
24 81 0.0257794117647 0.144749286547	17
25.5 81 0.0807 0.0618424072408	4
27 81 0.146816386555 0.0486120865861	119
28.5 81 0.159592857143 0.0471399015017	42
30 81 0.0346772727273 0.127433726091	33
31.5 81 -0.25157 0.044288790907	5
46.5 81 0.00592777777778 0.118612054381	9
49.5 81 0.05045 0.121480945008	2
52.5 81 -0.0554166666667 0.129798102837	9
54 81 -0.0333304487179 0.105641339327	312
55.5 81 -0.0583151376147 0.0696684245415	218
57 81 0.2068 0.0800775957015	16
58.5 81 -0.0298591954023 0.114302526608	87
60 81 0.0371078947368 0.0997497639093	228
61.5 81 0.0567423664122 0.0971262894129	131
63 81 -0.011594 0.128345645269	75
64.5 81 0.890322727273 1.03178852881	11
66 81 -0.0173563492063 0.149209816413	63
67.5 81 0.0477942307692 0.152905978305	52
69 81 0.0667692307692 0.113405111064	26
70.5 81 0.0505833333333 0.0544009497466	3
96 81 1.1208 0.541574994147	8
97.5 81 0.19171875 0.17749832194	16
99 81 0.0301373563218 0.112487998124	87
100.5 81 0.0558430693069 0.0930993747754	202
102 81 0.01546875 0.0825255715553	96
103.5 81 0.0335984848485 0.152290629064	33
105 81 0.0332563492063 0.128221013668	63
106.5 81 0.0269619047619 0.126861084391	42
108 81 -0.0390478723404 0.131711332069	47
109.5 81 0.0370036231884 0.142278835163	69
111 81 0.0572183544304 0.116723906419	158
112.5 81 0.0758652542373 0.101336951003	236
114 81 0.0554502557545 0.0920462978541	391
115.5 81 0.0756533681765 0.0835575642007	861
117 81 0.0775524856597 0.0902877774109	1046
118.5 81 0.0797273903262 0.0922634226639	889
120 81 0.0826475103734 0.0886191323995	964
121.5 81 0.0900604294479 0.0976573380455	978
123 81 0.12616021021 0.0950364443114	999
124.5 81 0.104440318627 0.108015506462	816
126 81 0.123546300716 0.087755782135	838
127.5 81 0.146384543011 0.0880362936158	744
129 81 0.153520711297 0.088841714315	717
130.5 81 0.135130968858 0.097750541898	578
132 81 0.135112629758 0.09658573057	578
133.5 81 0.136286266667 0.0992236132137	375
135 81 0.0913095785441 0.102659470602	522
136.5 81 0.153248671096 0.103842279603	602
138 81 0.168094 0.109619295244	575
139.5 81 0.130476398601 0.107921600033	572
141 81 0.116003208556 0.101167104875	748
142.5 81 0.100591897233 0.109495414903	506
144 81 0.133147682119 0.117900692653	604
145.5 81 0.143884447301 0.0926076670471	778
147 81 0.133677419355 0.0955280958576	806
148.5 81 0.127201028037 0.113730675824	535
150 81 0.127848115747 0.114786221065	743
151.5 81 0.106919208211 0.102715954043	682
153 81 0.0868018018018 0.112268623639	666
154.5 81 0.0649172438672 0.100595291625	693
156 81 0.104604285714 0.098238993647	805
157.5 81 0.117840722892 0.100480368658	830
159 81 0.15506002994 0.107140762424	668
160.5 81 0.120472278912 0.108753551926	588
162 81 0.107833149171 0.111703599032	362
163.5 81 0.11036744186 0.11644510832	344
165 81 0.12291741573 0.114104883172	445
166.5 81 0.150441437309 0.124170148651	327
168 81 0.121902396166 0.107341799227	313
169.5 81 0.0936325688073 0.115738047663	327
171 81 0.0927821637427 0.097030650087	342
172.5 81 0.0531551369863 0.11597215453	292
174 81 0.0633023510972 0.111735128676	319
175.5 81 0.0589810945274 0.115982396348	402
177 81 0.0733925974026 0.121342015573	385
178.5 81 0.0855265578635 0.126706449323	337
-180 80.5 0.0361907407407 0.106086397856	189
-178.5 80.5 0.0361844262295 0.110821057455	183
-177 80.5 0.0512029051988 0.1026316302	327
-175.5 80.5 0.0556483050847 0.0990472828947	295
-174 80.5 0.0190877622378 0.116115283174	143
-172.5 80.5 0.0507803571429 0.106069485104	280
-171 80.5 0.0582224576271 0.109408234763	236
-169.5 80.5 0.0713527863777 0.117376436252	323
-168 80.5 0.0586277282851 0.107404806661	449
-166.5 80.5 0.0617744224422 0.10026188026	303
-165 80.5 0.0621281052632 0.12240266289	475
-163.5 80.5 0.0734676975945 0.110832750118	582
-162 80.5 0.0516942408377 0.132985965181	382
-160.5 80.5 0.0887040145985 0.120090116965	274
-159 80.5 0.0829205069124 0.125678833246	217
-157.5 80.5 0.1193625 0.0986512956256	520
-156 80.5 0.0935496688742 0.111939454298	302
-154.5 80.5 0.0917020958084 0.127943295125	334
-153 80.5 0.0849207317073 0.11579292335	328
-151.5 80.5 0.0874703045685 0.0990663850415	394
-150 80.5 0.0725802564103 0.113535165348	195
-148.5 80.5 0.0817285310734 0.111362627896	354
-147 80.5 0.0709254385965 0.106807395973	228
-145.5 80.5 0.123828548896 0.101139877356	317
-144 80.5 0.0931666666667 0.110717208959	330
-142.5 80.5 0.124795774648 0.099395015349	426
-141 80.5 0.105022427184 0.107569004624	515
-139.5 80.5 0.0755940944882 0.105467585931	381
-138 80.5 0.0525410344828 0.0985679930906	290
-136.5 80.5 0.126793313953 0.103283562298	344
-135 80.5 0.0985181940701 0.095873352619	371
-133.5 80.5 0.136660958904 0.118080414676	365
-132 80.5 0.17887559727 0.0955291406486	879
-130.5 80.5 0.173033280255 0.114513744984	628
-129 80.5 0.140632490975 0.0909343469072	1108
-127.5 80.5 0.186989641109 0.0996441341995	1226
-126 80.5 0.194962905552 0.0917791254242	1387
-124.5 80.5 0.207657058824 0.0891763506212	1360
-123 80.5 0.204330787781 0.0866362078505	1244
-121.5 80.5 0.225385438266 0.0853595751143	1061
-120 80.5 0.266645698113 0.0850157744625	1325
-118.5 80.5 0.276430730223 0.0811973216794	1479
-117 80.5 0.258740175171 0.0787357332376	1313
-115.5 80.5 0.277427321814 0.0804729733196	1389
-114 80.5 0.291804257246 0.0903682774353	1104
-112.5 80.5 0.297951452785 0.0769498092359	1652
-111 80.5 0.277065710503 0.0865120671149	1133
-109.5 80.5 0.328936567164 0.087411433243	1072
-108 80.5 0.312789467312 0.0941843012935	826
-106.5 80.5 0.341506338028 0.129163798738	852
-105 80.5 0.388570491803 0.126221161906	976
-103.5 80.5 0.446000572519 0.118354507218	1048
-102 80.5 0.430415639269 0.107081425551	876
-100.5 80.5 0.461680241935 0.124151483931	496
-99 80.5 0.44646610306 0.130847882124	621
-97.5 80.5 0.410674221453 0.144377782902	578
-96 80.5 0.273912303665 0.181486313948	191
-90 80.5 0.295074489796 0.166451555178	49
-88.5 80.5 0.228061764706 0.16582798272	17
-87 80.5 -0.29905 NaN	1
-81 80.5 -0.093575 0.192751591001	4
-79.5 80.5 -0.12255 NaN	1
-16.5 80.5 -0.06015 0.244117758469	3
-15 80.5 0.0302905063291 0.144533879019	79
-13.5 80.5 0.0638697368421 0.151667299064	76
-12 80.5 -0.0307703125 0.129358456298	64
-10.5 80.5 0.063353 0.110448277081	100
-9 80.5 0.0652950980392 0.164024886299	51
-7.5 80.5 0.152076436782 0.191292272094	87
-6 80.5 0.303862348668 0.165176788543	413
-4.5 80.5 0.280744915254 0.196822160643	354
-3 80.5 0.166333486239 0.16603535427	327
-1.5 80.5 0.125901851852 0.146535494855	216
0 80.5 0.206977350427 0.147540400301	234
1.5 80.5 0.158966788321 0.12832809202	137
3 80.5 0.165370886076 0.121985259658	158
4.5 80.5 0.182330120482 0.109320686013	166
6 80.5 0.172500588235 0.138031689446	85
7.5 80.5 0.163272727273 0.102021668715	22
9 80.5 0.0957868421053 0.0548743940541	19
16.5 80.5 0.241397058824 0.0545953008276	102
21 80.5 0.08525 0.0845699710299	2
54 80.5 -0.10575 0.258235396489	2
55.5 80.5 -0.0425474358974 0.112903793436	39
57 80.5 -0.058876 0.100517929785	50
58.5 80.5 -0.0314066666667 0.148583455438	30
60 80.5 0.0409590909091 0.157970373517	11
61.5 80.5 -0.08575 0.197879677245	4
63 80.5 0.0477537735849 0.103471157189	53
67.5 80.5 -0.0532 0.237234325088	2
72 80.5 -0.01925 0.0700717965138	7
99 80.5 -0.20695 NaN	1
100.5 80.5 0.018778125 0.109017032991	64
102 80.5 0.0296815789474 0.110481587469	19
103.5 80.5 0.0682454545455 0.115001745046	66
105 80.5 0.0488235294118 0.13248337645	34
106.5 80.5 0.0536038461538 0.141557330055	13
108 80.5 0.0948738095238 0.131803080028	21
109.5 80.5 0.0508079831933 0.136595272206	119
111 80.5 0.078275 0.081683073817	84
112.5 80.5 0.0298393238434 0.102120203471	281
114 80.5 0.0633911971831 0.0934898896292	284
115.5 80.5 0.0848671206226 0.0932994448642	514
117 80.5 0.0692000970874 0.0956704253516	515
118.5 80.5 0.0875183523654 0.0774312195954	613
120 80.5 0.0771798586572 0.0875358334251	566
121.5 80.5 0.0686174295775 0.101913919546	568
123 80.5 0.116340613718 0.099553473152	554
124.5 80.5 0.124466532258 0.0961544057562	496
126 80.5 0.119715192308 0.108419636292	520
127.5 80.5 0.106675748503 0.109283216624	501
129 80.5 0.127749457995 0.0938854233473	369
130.5 80.5 0.155057284768 0.103153478593	453
132 80.5 0.144565544041 0.104524738472	386
133.5 80.5 0.13239648318 0.122218493041	327
135 80.5 0.0963997695853 0.0957737496532	217
136.5 80.5 0.127609326425 0.105520031599	386
138 80.5 0.0610775167785 0.135386362471	149
139.5 80.5 0.0877953441296 0.0992889036642	247
141 80.5 0.0381761829653 0.110196082896	317
142.5 80.5 0.0847432432432 0.117006522227	222
144 80.5 0.105402838428 0.116682704612	229
145.5 80.5 0.11783671875 0.115100784787	384
147 80.5 0.141194668008 0.10655726887	497
148.5 80.5 0.132744170404 0.0915765521832	446
150 80.5 0.124681965443 0.100980989455	463
151.5 80.5 0.107986165049 0.0948020120407	412
153 80.5 0.12611882716 0.112591620692	324
154.5 80.5 0.0747802250804 0.129035388193	311
156 80.5 0.100338105727 0.104292926009	227
157.5 80.5 0.0908105095541 0.128961780145	157
159 80.5 0.0829172268908 0.122611920584	119
160.5 80.5 0.0935457446809 0.107877152932	141
162 80.5 0.088525 0.103533421038	104
163.5 80.5 0.0807967625899 0.112237114623	139
165 80.5 0.117457894737 0.101357843166	190
166.5 80.5 0.108095333333 0.10334168035	150
168 80.5 0.0799095505618 0.107665266967	267
169.5 80.5 0.0603138888889 0.0911710675194	324
171 80.5 0.0465438398357 0.0851631743083	487
172.5 80.5 0.0655641752577 0.100418256214	388
174 80.5 0.0684877192982 0.102958174126	228
175.5 80.5 0.0623151851852 0.0969371277623	270
177 80.5 0.0618875690608 0.117725653529	362
178.5 80.5 0.0688987179487 0.101770362938	156
-180 80 0.079708125 0.114465148618	160
-178.5 80 0.0437912371134 0.109472746563	97
-177 80 0.0666851851852 0.111325142482	108
-175.5 80 0.0568928571429 0.0923187635835	147
-174 80 0.0812128099174 0.112799517679	121
-172.5 80 0.0776967391304 0.180044086452	92
-171 80 0.0278442528736 0.151952895361	87
-169.5 80 0.0802075539568 0.115431044087	139
-168 80 0.0775144067797 0.143460628343	118
-166.5 80 0.106809375 0.131476501139	160
-165 80 0.102892804428 0.124303109872	271
-163.5 80 0.120473275862 0.11262655055	232
-162 80 0.0950292035398 0.108274089078	226
-160.5 80 0.0944808016878 0.130087846544	237
-159 80 0.0691156084656 0.13087712376	189
-157.5 80 0.0962777777778 0.106901673019	360
-156 80 0.0960141221374 0.118731270719	262
-154.5 80 0.069226635514 0.12514585459	321
-153 80 0.0542318548387 0.107337260838	248
-151.5 80 0.0447221393035 0.121743567058	201
-150 80 0.0643632075472 0.114358658057	159
-148.5 80 0.0989878640777 0.141133089126	103
-147 80 0.0947172268908 0.127380024715	119
-145.5 80 0.0324083333333 0.105972325382	132
-144 80 0.0510032338308 0.113681295744	201
-142.5 80 0.0812819502075 0.098380700258	241
-141 80 0.0849032258065 0.106949571212	310
-139.5 80 0.0598157439446 0.0898775851673	289
-138 80 0.0404810160428 0.121564864762	187
-136.5 80 0.0588462732919 0.107872439071	161
-135 80 0.114418421053 0.106097261967	171
-133.5 80 0.137504696133 0.0945824769968	543
-132 80 0.143715993789 0.0978957660143	644
-130.5 80 0.15058620178 0.0903490255292	674
-129 80 0.144980386052 0.0890922327332	803
-127.5 80 0.146548857736 0.0927814702131	963
-126 80 0.169188263359 0.0847880826786	1048
-124.5 80 0.178781143828 0.0851154043412	883
-123 80 0.184656992231 0.0998167369953	901
-121.5 80 0.228889837398 0.0818793137437	1107
-120 80 0.24245 0.0798075412536	1193
-118.5 80 0.259453198294 0.0825285341215	1407
-117 80 0.261368378812 0.0840789692347	1246
-115.5 80 0.25967414175 0.0760632356958	903
-114 80 0.295442638732 0.0839737906022	883
-112.5 80 0.294434471469 0.089599460889	1069
-111 80 0.301790860215 0.0980714647797	837
-109.5 80 0.306090478905 0.0996836628561	877
-108 80 0.268720089286 0.113379335919	672
-106.5 80 0.326746589769 0.11152432825	997
-105 80 0.40518566879 0.132425909596	785
-103.5 80 0.386270117188 0.137548916492	512
-102 80 0.414540640394 0.148257719591	406
-100.5 80 0.453683628319 0.177594551337	339
-99 80 0.454620873786 0.194489650678	206
-97.5 80 0.356203488372 0.10663910593	129
-96 80 0.272264285714 0.291784043919	21
-87 80 0.3196875 0.366318705647	8
-70.5 80 0.0516166666667 0.183458832803	3
-69 80 -0.0182 0.187970520738	4
-66 80 0.06927 0.128567713676	5
-18 80 0.14781 0.0600789730272	5
-16.5 80 0.0861880952381 0.147324467663	84
-15 80 0.0953548780488 0.103520772535	82
-13.5 80 -0.0301479166667 0.145566962714	48
-12 80 0.0480646341463 0.102863255249	41
-10.5 80 0.062398 0.168405777613	25
-9 80 0.03734375 0.19946279065	48
-7.5 80 0.212886923077 0.223569355549	65
-6 80 0.219676573427 0.121216978632	143
-4.5 80 0.200296323529 0.149032805076	408
-3 80 0.137061724138 0.148732883004	145
-1.5 80 0.197449056604 0.159480451488	212
0 80 0.112858888889 0.169259177398	90
1.5 80 0.0407772727273 0.194610688766	11
3 80 -0.00311363636364 0.180781924785	22
7.5 80 0.000253333333333 0.0537348245351	30
9 80 0.178177777778 0.0440624664279	18
10.5 80 0.194727142857 0.0616764998898	35
12 80 0.197225 0.0523372960057	48
18 80 0.329283333333 0.0870233493571	3
21 80 1.38825 1.14036961727	6
64.5 80 0.16335 0.0426706768949	7
66 80 0.08321875 0.0718186486344	16
67.5 80 -0.02367 0.0625665299235	10
97.5 80 -0.10335 NaN	1
99 80 0.05685 0.12062677978	4
100.5 80 -0.00509588235294 0.0911244773359	85
102 80 0.27325 NaN	1
103.5 80 -0.088325 0.325349723375	4
105 80 0.0325120689655 0.0950391175622	29
106.5 80 0.0446814285714 0.155780935501	35
108 80 0.134095454545 0.137222821452	11
109.5 80 0.0602847826087 0.195408408232	23
111 80 0.0418705479452 0.156729627383	73
112.5 80 0.0231705673759 0.133235211196	141
114 80 0.0272079545455 0.0963052198219	176
115.5 80 0.0504827922078 0.0895292683895	308
117 80 0.0732430041152 0.0998157980777	243
118.5 80 0.025138362069 0.125078028262	232
120 80 0.0643004201681 0.100974821505	238
121.5 80 0.068390060241 0.097971200485	332
123 80 0.100426898734 0.0888302276123	316
124.5 80 0.103416666667 0.100602736896	309
126 80 0.106610416667 0.0998784723006	288
127.5 80 0.096454040404 0.108300755718	198
129 80 0.115041922006 0.105973225861	359
130.5 80 0.0847321138211 0.144065389885	123
132 80 0.12296971831 0.101081886782	142
133.5 80 0.095243989071 0.106304960533	183
135 80 0.0963391752577 0.124695867678	194
136.5 80 0.0886735880399 0.109007153321	301
138 80 0.0892623931624 0.0988271924418	234
139.5 80 0.0386034210526 0.104212997148	380
141 80 0.0381053191489 0.109935827452	235
142.5 80 0.0553983146067 0.11968305471	178
144 80 0.065943852459 0.103224339985	244
145.5 80 0.0744693277311 0.139332671213	119
147 80 0.113263934426 0.0990921895794	122
148.5 80 0.111895771144 0.115396015939	201
150 80 0.127728470825 0.0892147614951	497
151.5 80 0.141649552573 0.0905286729584	447
153 80 0.11697537594 0.0898628143341	532
154.5 80 0.0690477777778 0.138048322831	180
156 80 0.0913394736842 0.123029895768	152
157.5 80 0.0927222222222 0.120908788194	90
159 80 0.122822857143 0.132707339466	70
160.5 80 0.112024285714 0.133067055946	35
162 80 0.115183333333 0.107823032355	75
163.5 80 0.0677355072464 0.127583260664	138
165 80 0.0908615384615 0.123732684269	156
166.5 80 0.101729393939 0.121126128829	165
168 80 0.0747218446602 0.0937473344453	206
169.5 80 0.0553940559441 0.119486682989	143
171 80 0.0319606508876 0.121919509475	169
172.5 80 0.0749228323699 0.100594058216	173
174 80 0.0711618226601 0.0982045791421	203
175.5 80 0.100794541485 0.0888429835533	229
177 80 0.070221641791 0.111322148937	134
178.5 80 0.0417120437956 0.114879836281	137
-180 79.5 0.0691814814815 0.101470353694	216
-178.5 79.5 0.0827537267081 0.0995693708478	161
-177 79.5 0.007173 0.114706190207	100
-175.5 79.5 0.0461179012346 0.134737808194	81
-174 79.5 0.0674681208054 0.102326860397	149
-172.5 79.5 0.0719452380952 0.106822170146	105
-171 79.5 0.0514361538462 0.108790882943	65
-169.5 79.5 0.0543543478261 0.124543609833	92
-168 79.5 0.106051492537 0.120053102509	67
-166.5 79.5 0.120855172414 0.141860791436	116
-165 79.5 0.0459315789474 0.181893386144	76
-163.5 79.5 0.0538914285714 0.137104982087	140
-162 79.5 0.0689152777778 0.126954335339	144
-160.5 79.5 0.074048757764 0.121152676398	161
-159 79.5 0.12607907489 0.108285896746	227
-157.5 79.5 0.130179447853 0.112579810423	326
-156 79.5 0.0657452380952 0.122556716912	189
-154.5 79.5 0.0538012820513 0.104849014777	234
-153 79.5 0.0740006097561 0.105095745127	164
-151.5 79.5 0.0857833333333 0.122505746146	183
-150 79.5 0.0429575949367 0.131502929452	79
-148.5 79.5 0.0735472222222 0.166515637275	72
-147 79.5 0.0570889830508 0.139206662476	118
-145.5 79.5 0.0575851351351 0.106749180398	74
-144 79.5 0.0829602941176 0.119831651987	68
-142.5 79.5 0.120405172414 0.123566212134	87
-141 79.5 0.12158625 0.114486297056	80
-139.5 79.5 0.0589748175182 0.120651011539	137
-138 79.5 0.0557644186047 0.114949895328	215
-136.5 79.5 0.0509701834862 0.101051113844	218
-135 79.5 0.0950403448276 0.0858998418089	145
-133.5 79.5 0.139864218009 0.0863704853957	422
-132 79.5 0.124474466572 0.0882420008334	703
-130.5 79.5 0.105413657407 0.102042809808	432
-129 79.5 0.136564739884 0.102691671548	346
-127.5 79.5 0.134144520548 0.089451336967	584
-126 79.5 0.162194059977 0.092248640044	867
-124.5 79.5 0.170074480874 0.0808559608329	915
-123 79.5 0.199237222222 0.0762079151012	1080
-121.5 79.5 0.24275851735 0.076753398553	1268
-120 79.5 0.257677586207 0.0836373686286	986
-118.5 79.5 0.287534568528 0.0797186131462	985
-117 79.5 0.29139979716 0.0897308767289	986
-115.5 79.5 0.29126368984 0.0852779197831	935
-114 79.5 0.314032393398 0.0954935269224	727
-112.5 79.5 0.357800736016 0.096037077539	1019
-111 79.5 0.372187091988 0.107772141812	674
-109.5 79.5 0.314168518519 0.114091446818	459
-108 79.5 0.298334060721 0.0915572704698	527
-106.5 79.5 0.258996896552 0.13293203277	290
-105 79.5 0.468902771619 0.365443167322	451
-103.5 79.5 0.436236965812 0.166538146247	468
-102 79.5 0.373359259259 0.112809557368	270
-100.5 79.5 0.332504382022 0.145516167362	445
-99 79.5 0.358420517928 0.198326313754	251
-97.5 79.5 0.26797195122 0.235530642825	82
-96 79.5 0.485734615385 0.100540935728	39
-93 79.5 -0.26745 NaN	1
-73.5 79.5 0.0239833333333 0.152489562484	6
-72 79.5 -0.07933 0.068355336295	5
-70.5 79.5 -0.000460526315789 0.217341599778	19
-69 79.5 0.114616666667 0.196990414318	3
-66 79.5 0.11695 0.053033008589	2
-19.5 79.5 -0.14485 0.0366758776309	3
-18 79.5 -0.0337176056338 0.166040100814	71
-16.5 79.5 0.0649791666667 0.135632997393	24
-15 79.5 0.0897569444444 0.146329485757	72
-13.5 79.5 0.0529755813953 0.121385264331	86
-12 79.5 0.0628131578947 0.0884584997247	38
-10.5 79.5 0.0552329787234 0.125586982362	47
-9 79.5 0.0731729166667 0.168768320663	48
-7.5 79.5 0.240815384615 0.124808593741	130
-6 79.5 0.279248888889 0.187114197237	90
-4.5 79.5 0.2478625 0.149362730847	240
-3 79.5 0.197730188679 0.131121180824	212
-1.5 79.5 0.202551360544 0.154344002456	147
0 79.5 0.196651098901 0.0817268274933	91
1.5 79.5 0.115456666667 0.126833273491	30
3 79.5 0.0842833333333 0.0319475090317	3
66 79.5 0.106312962963 0.0961752092963	27
94.5 79.5 -0.09245 0.107763073453	2
103.5 79.5 0.0995833333333 0.0678220587021	84
105 79.5 0.0351136363636 0.145150888772	33
106.5 79.5 0.00193951612903 0.113538418568	124
108 79.5 0.0476228187919 0.12414969418	298
109.5 79.5 0.076037804878 0.147898176451	41
111 79.5 0.102698275862 0.148539017531	29
112.5 79.5 0.0879 0.133985619046	46
114 79.5 0.06735 0.128642928972	64
115.5 79.5 0.0618765957447 0.112154028279	94
117 79.5 0.05458828125 0.0992883394452	128
118.5 79.5 0.074403649635 0.0965920199601	274
120 79.5 0.0723068181818 0.0969655311265	572
121.5 79.5 0.0993249665328 0.0816327904031	747
123 79.5 0.0885558928571 0.0844161154967	560
124.5 79.5 0.094171086262 0.0890917774565	313
126 79.5 0.112167630058 0.101654945237	346
127.5 79.5 0.11885173913 0.102817871249	345
129 79.5 0.106990625 0.101089033009	288
130.5 79.5 0.084865339233 0.0931962880549	339
132 79.5 0.0884136645963 0.103985115531	322
133.5 79.5 0.0942025714286 0.100702528724	350
135 79.5 0.0653304878049 0.102098039931	287
136.5 79.5 0.0152017241379 0.11089923423	290
138 79.5 0.0566669054441 0.100427977714	349
139.5 79.5 0.0425514326648 0.0989162900662	349
141 79.5 0.0670635338346 0.0897532360654	399
142.5 79.5 0.0688008928571 0.114636376962	224
144 79.5 0.0552714953271 0.115797928682	214
145.5 79.5 0.09483 0.103088916643	295
147 79.5 0.0890715277778 0.0943162148579	288
148.5 79.5 0.0373960869565 0.107132796989	115
150 79.5 0.0445347826087 0.158162405938	46
151.5 79.5 0.0980179245283 0.147399016846	159
153 79.5 0.0979288235294 0.120648458335	85
154.5 79.5 0.0740250988142 0.0951584162282	253
156 79.5 0.093765862069 0.103909724377	290
157.5 79.5 0.0769228813559 0.149269236998	59
159 79.5 0.0619583333333 0.13389296018	36
160.5 79.5 0.0797017241379 0.172640517552	29
162 79.5 0.107475 0.103874907379	48
163.5 79.5 0.0771175 0.114524641593	40
165 79.5 0.0996075221239 0.120643349682	113
166.5 79.5 0.107930208333 0.116712634611	96
168 79.5 0.117012307692 0.113046435726	130
169.5 79.5 0.0837462264151 0.144142138666	53
171 79.5 0.117934042553 0.125409103701	94
172.5 79.5 0.101658791209 0.114412489264	91
174 79.5 0.0152985714286 0.13482935188	70
175.5 79.5 0.0988803030303 0.132614324464	33
177 79.5 0.029486 0.148972339249	50
178.5 79.5 0.0451386792453 0.154691605535	106
-180 79 0.069625 0.0978600260218	172
-178.5 79 0.0784362068966 0.117956312397	116
-177 79 0.0633669014085 0.106425022752	213
-175.5 79 0.104542682927 0.0893315047467	205
-174 79 0.0998878378378 0.092400220418	259
-172.5 79 0.0413192307692 0.109020134025	52
-171 79 0.0505296296296 0.10677862195	54
-169.5 79 0.0560375 0.127741584405	56
-168 79 0.07716 0.180022660164	30
-166.5 79 0.0941838235294 0.12748218911	68
-165 79 -0.00272222222222 0.133128497941	72
-163.5 79 0.102339130435 0.127935909698	46
-162 79 0.0755151685393 0.111824307307	89
-160.5 79 0.0842524390244 0.109990495634	82
-159 79 0.0780088709677 0.129220506699	124
-157.5 79 0.0514941860465 0.111171922419	43
-156 79 0.143004651163 0.105992968309	86
-154.5 79 0.17955 0.173860746001	21
-153 79 -0.03562 0.164643807242	20
-151.5 79 0.0945392473118 0.103673836855	93
-150 79 0.0510917721519 0.141203601508	79
-148.5 79 0.0562591743119 0.119925546765	109
-147 79 0.0562633333333 0.130759812759	60
-145.5 79 0.107034444444 0.13567662751	45
-144 79 0.0791120689655 0.154429955028	29
-142.5 79 0.0546 0.0950919372068	24
-141 79 0.0972201863354 0.0777955179017	161
-139.5 79 0.0512513513514 0.125272353697	74
-138 79 0.0908973684211 0.0801184206738	171
-136.5 79 0.0578358024691 0.120262016673	162
-135 79 0.0806314814815 0.106484718002	108
-133.5 79 0.114480081301 0.0893890076198	246
-132 79 0.111008196721 0.0811666838624	488
-130.5 79 0.0608365030675 0.0985813736165	163
-129 79 0.0938964944649 0.0834598465036	271
-127.5 79 0.103906060606 0.104135315785	264
-126 79 0.155365254237 0.0877174786527	708
-124.5 79 0.161300796178 0.0896043248914	628
-123 79 0.192673874488 0.0845131392135	733
-121.5 79 0.248212559242 0.0833887155722	844
-120 79 0.244810666667 0.0853882936831	900
-118.5 79 0.268614191617 0.0739455225889	835
-117 79 0.304910602094 0.0816073242168	764
-115.5 79 0.370739694042 0.0935128546799	621
-114 79 0.394605082742 0.0934371411809	423
-112.5 79 0.43991969697 0.13228859486	561
-111 79 0.504510078278 0.183784375393	511
-109.5 79 0.3613409699 0.186713052153	299
-108 79 0.309694485294 0.14327595972	272
-106.5 79 0.31186489899 0.114384260913	396
-105 79 0.394861650485 0.168854112285	103
-103.5 79 0.898214444444 0.666866604882	45
-102 79 0.520631818182 0.234815962753	110
-100.5 79 0.3053192607 0.173232880728	257
-99 79 0.342650515464 0.166222647833	194
-97.5 79 0.448723972603 0.118229467797	438
-96 79 0.414132898551 0.303791420035	345
-94.5 79 -0.00206466666667 0.114671107477	75
-93 79 0.14035 NaN	1
-87 79 0.71545 0.324954959516	8
-75 79 -0.03935 0.0795991834129	3
-73.5 79 0.029 0.163850785778	8
-72 79 0.170916666667 0.131301040869	3
-70.5 79 -0.0673833333333 0.143379631282	6
-69 79 -0.17405 NaN	1
-19.5 79 -0.100942857143 0.120570507814	28
-18 79 -0.0521269230769 0.106668868374	117
-16.5 79 -0.0318209677419 0.156949446624	31
-15 79 0.166855147059 0.224888571361	136
-13.5 79 0.0560347826087 0.136459856783	92
-12 79 0.0948033333333 0.136097556756	75
-10.5 79 0.198498837209 0.107032410423	86
-9 79 0.2444125 0.127070760436	96
-7.5 79 0.168365748031 0.15642534475	127
-6 79 0.272957894737 0.112389475533	228
-4.5 79 0.177651869159 0.127636048747	107
-3 79 0.110144495413 0.106073143732	109
-1.5 79 0.05512 0.14274683196	30
0 79 -0.01835 0.125475798463	51
1.5 79 0.155854878049 0.140384911852	41
99 79 -0.00327 0.0726673058076	10
103.5 79 0.0515427272727 0.057774176772	55
105 79 -0.0527 0.187878271761	2
106.5 79 0.110822727273 0.128415178939	11
108 79 0.166492857143 0.12616141501	14
109.5 79 0.117409322034 0.095665563506	59
111 79 -0.02075 0.151057657866	11
112.5 79 0.21023 0.0819396735731	20
114 79 0.043747826087 0.117857451542	46
115.5 79 0.0884011904762 0.134217100246	84
117 79 0.0686650234742 0.119579298942	213
118.5 79 0.0633808333333 0.123378918834	120
120 79 0.0670136125654 0.0868386322011	382
121.5 79 0.10100129683 0.105963068151	347
123 79 0.0862147749511 0.0907263974163	511
124.5 79 0.0799281609195 0.0873022734918	348
126 79 0.0661751184834 0.118963392466	211
127.5 79 0.0896450413223 0.138527480337	121
129 79 0.0769142857143 0.115559727816	168
130.5 79 0.068137755102 0.115003836416	245
132 79 0.0888082222222 0.104169351455	225
133.5 79 0.0603461267606 0.0989916337568	284
135 79 0.0402567857143 0.0946605233715	280
136.5 79 0.0595977751756 0.0976661430876	427
138 79 0.0334519607843 0.125137921531	204
139.5 79 0.044421942446 0.121919700761	278
141 79 0.0550005102041 0.128399379141	196
142.5 79 0.0370400452489 0.116750749231	221
144 79 0.0500597560976 0.106199198303	164
145.5 79 0.058213963964 0.108237166518	222
147 79 0.0575320143885 0.106777794638	139
148.5 79 0.0554386792453 0.126751980783	106
150 79 0.0712552173913 0.11018650763	115
151.5 79 0.105518527919 0.113081560436	197
153 79 0.0879369281046 0.127771950783	153
154.5 79 0.0853612781955 0.10829110085	133
156 79 0.0923363636364 0.140956696991	66
157.5 79 0.123206410256 0.119749828689	39
159 79 0.118828571429 0.083980966298	42
160.5 79 0.136829166667 0.126850214834	48
162 79 0.109742682927 0.117643062673	41
163.5 79 0.156756896552 0.136502396449	29
165 79 0.0829057522124 0.115253373005	113
166.5 79 0.0861016778523 0.0943869970746	149
168 79 0.0534063636364 0.169467329708	55
169.5 79 0.131041428571 0.105861146056	70
171 79 0.13365 0.129504374811	85
172.5 79 0.0832115942029 0.115461932503	138
174 79 0.0488921052632 0.143128319722	19
175.5 79 0.0534033333333 0.156225298486	60
177 79 0.0458589285714 0.171077098278	56
178.5 79 0.098805 0.118192009321	120
-180 78.5 0.101126666667 0.126522558321	90
-178.5 78.5 0.114320967742 0.121394791254	93
-177 78.5 0.0925683673469 0.143263621433	98
-175.5 78.5 0.0985225490196 0.120226170407	204
-174 78.5 0.0486489528796 0.13533415603	191
-172.5 78.5 0.0317153846154 0.135168763101	104
-171 78.5 0.0447448453608 0.12513955241	97
-169.5 78.5 0.088661627907 0.141584181941	43
-168 78.5 0.03935625 0.149752513474	16
-166.5 78.5 0.13908880597 0.126516346956	67
-165 78.5 0.133127777778 0.171235395446	18
-163.5 78.5 0.126472222222 0.13661514257	27
-162 78.5 0.157004761905 0.137719742288	42
-160.5 78.5 0.104119354839 0.145920077596	62
-159 78.5 0.0417659090909 0.10879560085	44
-157.5 78.5 0.0774743902439 0.118751786893	41
-156 78.5 0.119302941176 0.0971195927407	34
-154.5 78.5 0.13393 0.11165968554	65
-153 78.5 0.00870869565217 0.131455480552	46
-151.5 78.5 0.0542814285714 0.133467957757	35
-150 78.5 0.0938688235294 0.148093004476	85
-148.5 78.5 0.14438902439 0.0693806849132	41
-147 78.5 0.02445 0.13214931517	41
-145.5 78.5 0.0406429411765 0.127419916762	85
-144 78.5 0.0320574074074 0.143491261932	27
-142.5 78.5 0.066002 0.125205702159	50
-141 78.5 0.0677833333333 0.100821610267	63
-139.5 78.5 0.0859378378378 0.0742026638976	74
-138 78.5 0.0854840314136 0.078839928062	191
-136.5 78.5 0.107794585987 0.0900078119081	157
-135 78.5 0.0692809278351 0.117005269077	97
-133.5 78.5 0.0787740740741 0.0806998147462	162
-132 78.5 0.0611107142857 0.0771319085932	140
-130.5 78.5 0.0708344155844 0.072412065338	154
-129 78.5 0.0908647887324 0.0578998311906	284
-127.5 78.5 0.10481969697 0.0754556556563	297
-126 78.5 0.135923459716 0.0685487320203	633
-124.5 78.5 0.150270938023 0.0778493488815	597
-123 78.5 0.180714033264 0.0778646511018	481
-121.5 78.5 0.258899457364 0.0769493768848	645
-120 78.5 0.279521866667 0.0920994094633	750
-118.5 78.5 0.288963058036 0.0816073490311	896
-117 78.5 0.325476737338 0.0771868374852	849
-115.5 78.5 0.34929192229 0.0865482857104	489
-114 78.5 0.490007380074 0.137489074447	542
-112.5 78.5 0.327915759637 0.213905880391	441
-111 78.5 0.569155517241 0.227366111634	145
-109.5 78.5 0.476647478992 0.201701201421	119
-108 78.5 0.332760891089 0.10779981576	606
-106.5 78.5 0.299591587302 0.122772561007	315
-105 78.5 0.383831176471 0.206667415119	170
-103.5 78.5 0.30301056338 0.201503939021	142
-100.5 78.5 0.19994 0.0772681039934	20
-99 78.5 0.202663333333 0.140073039752	150
-96 78.5 0.0240633333333 0.181978836551	15
-94.5 78.5 0.141729411765 0.22305624729	170
-93 78.5 0.0735180555556 0.197476018031	72
-73.5 78.5 -0.1708625 0.0552141271174	16
-21 78.5 0.23775 0.833833565327	16
-19.5 78.5 0.122386 0.297848579931	25
-18 78.5 0.325675 0.158686735027	80
-16.5 78.5 0.0578928571429 0.155605828066	42
-15 78.5 0.0601681818182 0.106218010282	44
-13.5 78.5 0.139266666667 0.10459655257	78
-12 78.5 0.100142753623 0.154948335146	69
-10.5 78.5 0.0474775862069 0.157588534972	29
-9 78.5 0.0789260869565 0.108460223502	46
-7.5 78.5 0.03305 0.134931670651	48
-6 78.5 0.142138970588 0.133741715519	136
-4.5 78.5 0.103816666667 0.144468473095	72
-3 78.5 0.137398351648 0.0903381786679	91
-1.5 78.5 0.0318 0.203745993826	12
97.5 78.5 -0.1421 0.133505366933	6
99 78.5 -0.0679125 0.19015301514	16
106.5 78.5 0.0589463963964 0.0726683386451	111
108 78.5 0.0463583333333 0.0800643984791	228
109.5 78.5 0.09614 0.168646784107	20
111 78.5 0.01008 0.187967787134	10
112.5 78.5 -0.05085 NaN	1
114 78.5 0.0987642857143 0.122722640352	28
115.5 78.5 0.0880794117647 0.170713582371	17
117 78.5 0.0659234375 0.174836419912	64
118.5 78.5 0.0854454022989 0.0864235875803	87
120 78.5 0.0586548780488 0.105822890593	82
121.5 78.5 -0.002466 0.141502340028	25
123 78.5 0.100333571429 0.150845834213	140
124.5 78.5 0.0865191919192 0.0919600156455	198
126 78.5 0.0738342857143 0.099420804745	70
127.5 78.5 0.0119177777778 0.100041163245	90
129 78.5 -0.000336666666667 0.126743156365	90
130.5 78.5 0.0337939759036 0.126327518751	166
132 78.5 0.053876744186 0.125292707511	172
133.5 78.5 0.03659375 0.111898388421	144
135 78.5 0.00190294117647 0.153128615089	85
136.5 78.5 0.0182541666667 0.144446705122	48
138 78.5 0.00726367924528 0.114251534888	212
139.5 78.5 0.0403678571429 0.103184736551	56
141 78.5 0.0644674311927 0.113578276845	109
142.5 78.5 0.0773951219512 0.100949324774	164
144 78.5 0.0348745454545 0.12151538596	110
145.5 78.5 0.0924716 0.129827675229	125
147 78.5 0.067810326087 0.104271963664	184
148.5 78.5 0.0521854497354 0.120310336137	189
150 78.5 0.0568418367347 0.102800956884	245
151.5 78.5 0.0626426174497 0.105349589267	149
153 78.5 0.0939082417582 0.158922923363	91
154.5 78.5 0.0941924528302 0.122833881589	106
156 78.5 0.125530487805 0.127271929779	41
157.5 78.5 0.05723 0.11858928001	10
159 78.5 0.103901515152 0.166960938772	33
160.5 78.5 0.166938235294 0.0999271107299	51
162 78.5 0.18416 0.110213310193	40
163.5 78.5 0.102661666667 0.0981129755092	60
165 78.5 0.102691772152 0.100536005665	158
166.5 78.5 0.0686940366972 0.139077307593	109
168 78.5 0.110406687898 0.102133469284	157
169.5 78.5 0.0710346153846 0.120494355928	208
171 78.5 0.0709583333333 0.151310481441	60
172.5 78.5 0.0244869565217 0.134771365832	46
174 78.5 0.0216752873563 0.12454062774	87
175.5 78.5 0.0570230769231 0.10374269285	52
177 78.5 0.0731975 0.14712868602	40
178.5 78.5 0.114274324324 0.139552561594	37
-180 78 0.115032978723 0.124143219094	94
-178.5 78 0.109705172414 0.101377365501	58
-177 78 0.147235294118 0.149518689756	68
-175.5 78 0.0955444444444 0.150903725116	36
-174 78 0.120216666667 0.163190207568	27
-172.5 78 0.03959 0.145614980914	10
-171 78 -0.0108789473684 0.151814500799	38
-169.5 78 0.00614655172414 0.161343153564	29
-168 78 0.120585714286 0.157891942636	14
-166.5 78 0.14285 0.126561045437	46
-165 78 0.091374 0.134053709012	25
-163.5 78 0.0672527777778 0.122594519771	36
-162 78 0.0356806451613 0.114151220653	62
-160.5 78 0.093375 0.123090272184	48
-159 78 0.109561764706 0.12563292205	17
-157.5 78 0.0184214285714 0.125736928318	21
-156 78 0.125523170732 0.135220359089	41
-154.5 78 0.117113157895 0.148764352101	19
-153 78 0.0531525 0.0761517125672	40
-151.5 78 0.10070625 0.118094385804	16
-150 78 -0.043175 0.214657935252	4
-148.5 78 0.0982066433566 0.0880180347712	143
-147 78 0.0938926666667 0.121240249731	75
-145.5 78 0.0706847826087 0.121148839986	46
-144 78 0.0415806122449 0.131092714017	49
-142.5 78 0.0416833333333 0.120269511877	66
-141 78 0.10242804878 0.106799444081	41
-139.5 78 0.0582471962617 0.0977544695286	107
-138 78 0.0203776923077 0.121681788525	65
-136.5 78 0.0423841463415 0.142765809299	41
-135 78 0.0804686666667 0.128967944575	75
-133.5 78 0.0711852272727 0.107627707666	88
-132 78 0.0548974358974 0.0887454245608	156
-130.5 78 0.047485 0.128302898238	80
-129 78 0.0879244360902 0.113289835227	133
-127.5 78 0.103972568093 0.103446529612	257
-126 78 0.126801041667 0.089239887113	480
-124.5 78 0.168649838969 0.0735646589631	621
-123 78 0.188732942431 0.0784075739781	469
-121.5 78 0.197450998573 0.0866750312481	701
-120 78 0.228240316901 0.0714926712336	568
-118.5 78 0.303103821656 0.0889138364055	628
-117 78 0.257827700348 0.106211761318	287
-115.5 78 0.437623590982 0.216684739206	621
-114 78 0.393435252525 0.128688383175	495
-112.5 78 0.472034188912 0.235777856705	487
-111 78 0.520904601227 0.200852309293	163
-109.5 78 0.311848192771 0.222060134764	166
-108 78 0.337952830189 0.108226545713	318
-106.5 78 0.357976470588 0.131713209773	272
-105 78 0.402243952484 0.0808619900522	463
-103.5 78 0.197646774194 0.154638374401	93
-102 78 0.356307777778 0.210496619063	135
-100.5 78 0.360078888889 0.184103356127	45
-99 78 0.346316666667 0.158208785857	87
-97.5 78 0.175668536585 0.147554267677	205
-96 78 0.08125 0.131200117596	36
-94.5 78 0.137482394366 0.212220950881	142
-93 78 0.10235754717 0.178801921829	53
-91.5 78 0.288173076923 0.165604222741	13
-90 78 0.437056557377 0.172248742748	122
-88.5 78 0.677645 0.210856645858	40
-87 78 0.87355 NaN	1
-78 78 0.7793 0.00403050865277	2
-76.5 78 0.46855 0.386221723884	2
-75 78 -0.0411545454545 0.166663177518	22
-73.5 78 -0.14209 0.0687272362314	5
-19.5 78 0.216392307692 0.240364506819	26
-18 78 0.299192201835 0.198233235849	109
-16.5 78 -0.0847611111111 0.0995983633747	18
-15 78 0.0701482142857 0.114645033974	56
-13.5 78 0.188669354839 0.150301769102	93
-12 78 0.182573636364 0.18522362974	110
-10.5 78 0.115292307692 0.144270061082	78
-9 78 0.0955836734694 0.155005913385	98
-7.5 78 0.0972753164557 0.129778408252	79
-6 78 0.226122093023 0.0955766432841	86
-4.5 78 0.241481111111 0.124771521207	90
105 78 -0.00846009174312 0.129884857089	109
106.5 78 -0.031402173913 0.0683847462362	23
108 78 -0.04521 0.0635895274397	5
109.5 78 0.36205 0.0649036978916	3
111 78 0.0723166666667 0.0805497527412	6
112.5 78 -0.0208388888889 0.127797205564	81
114 78 0.0502666666667 0.0939368782824	24
115.5 78 -0.00307258064516 0.0513615873655	124
117 78 -0.028475 0.0342419211883	4
118.5 78 0.15325 0.12992083487	7
120 78 0.0817115384615 0.086638026826	39
121.5 78 0.0830441176471 0.0921293077052	17
123 78 -0.0370166666667 0.176428591444	12
124.5 78 -0.005285 0.144494264903	40
126 78 0.0740679104478 0.102451076167	67
127.5 78 0.0153366666667 0.162512432161	90
129 78 0.00228333333333 0.0919822507817	78
130.5 78 0.0145587378641 0.0988963163454	206
132 78 0.09487 0.190262928601	5
133.5 78 0.000826923076923 0.200634448495	13
135 78 0.0402227598566 0.0709117151227	279
136.5 78 0.0190227891156 0.077009095742	294
138 78 0.03294 0.0768400728338	30
139.5 78 0.029127027027 0.0980851922819	222
141 78 0.0518 0.105788052237	254
142.5 78 0.0644270833333 0.097826850969	192
144 78 0.0672903361345 0.11861296505	119
145.5 78 0.081457106599 0.0993249570455	197
147 78 0.105348601399 0.106364398885	143
148.5 78 0.0512153846154 0.154968468305	104
150 78 0.0846448453608 0.144872728894	97
151.5 78 0.0972785714286 0.170645175682	70
153 78 0.152127835052 0.105700290309	194
154.5 78 0.12761512605 0.101467697684	238
156 78 0.150429775281 0.0846276700663	89
157.5 78 0.113333333333 0.129135166498	54
159 78 0.112495098039 0.126622088616	51
160.5 78 0.0822 0.133001516282	28
162 78 0.0642382978723 0.141297688386	94
163.5 78 0.108368421053 0.126530381817	76
165 78 0.175288888889 0.125450816367	54
166.5 78 0.11525 0.17635615243	25
168 78 0.0688333333333 0.156038353623	48
169.5 78 0.168576530612 0.151281314631	49
171 78 0.0505867346939 0.131735155226	49
172.5 78 0.1107546875 0.145169799244	64
174 78 0.06565 0.147449488173	65
175.5 78 0.0365875 0.105607926346	8
177 78 0.054835106383 0.132776186279	47
178.5 78 0.108570491803 0.0996888743899	244
-180 77.5 0.0842759259259 0.0997824353757	54
-178.5 77.5 0.0658942307692 0.12139250617	52
-177 77.5 0.102688383838 0.108662245576	99
-175.5 77.5 0.0869015151515 0.106058517121	99
-174 77.5 0.0722330357143 0.116535188892	112
-172.5 77.5 -0.00409090909091 0.127598028269	22
-171 77.5 0.0212742424242 0.149387635512	33
-169.5 77.5 0.0387947368421 0.176930564633	38
-168 77.5 0.0373492 0.127478104063	125
-166.5 77.5 0.025086969697 0.12911783058	165
-165 77.5 -0.008 0.181493298148	12
-163.5 77.5 0.112173809524 0.144297671169	21
-162 77.5 0.0262875 0.182458121014	24
-160.5 77.5 0.119235897436 0.145970495795	78
-159 77.5 -0.01169 0.171359166665	15
-157.5 77.5 0.0971166666667 0.117102049512	9
-156 77.5 0.1657375 0.107921922008	8
-154.5 77.5 0.1269625 0.0996000624782	24
-153 77.5 0.0976333333333 0.102864613876	12
-151.5 77.5 0.0656915730337 0.089072143652	89
-150 77.5 0.0138722222222 0.149625908246	18
-148.5 77.5 0.181960526316 0.145229874853	19
-147 77.5 0.0961663636364 0.0773693780071	55
-145.5 77.5 0.0872286324786 0.07262882114	117
-144 77.5 0.100923728814 0.0746705704428	118
-142.5 77.5 0.067121 0.10086816608	100
-141 77.5 0.0697740837696 0.0645979227796	191
-139.5 77.5 0.0132715384615 0.0903251790275	65
-138 77.5 0.0556719512195 0.137895164005	41
-136.5 77.5 0.0924606382979 0.13095550727	47
-135 77.5 0.0646117647059 0.100886102865	102
-133.5 77.5 0.094604494382 0.0646503731033	178
-132 77.5 0.0201472972973 0.0938716377622	74
-130.5 77.5 0.0611617948718 0.0957102851035	195
-129 77.5 0.0652800613497 0.0894152658652	163
-127.5 77.5 0.0925123481781 0.0932553906513	247
-126 77.5 0.134820610687 0.090892424388	262
-124.5 77.5 0.16556928934 0.129487000504	197
-123 77.5 0.202380664062 0.0954822501571	512
-121.5 77.5 0.215441586998 0.0757789708264	523
-120 77.5 0.328327430556 0.158094841027	576
-118.5 77.5 0.45746725 0.222550074965	400
-117 77.5 0.533073 0.180985195183	200
-115.5 77.5 0.0972972972973 0.156633146322	74
-114 77.5 0.226363142857 0.158836777346	175
-112.5 77.5 0.238549212598 0.327607083304	127
-111 77.5 0.0364109756098 0.12045267095	41
-109.5 77.5 0.125575 0.170315790686	124
-108 77.5 0.378127911647 0.148414098492	249
-106.5 77.5 0.3462295053 0.11841970798	283
-105 77.5 0.362557865169 0.11860090662	89
-103.5 77.5 0.375207039711 0.157740590325	277
-102 77.5 0.414628767123 0.161864901185	146
-100.5 77.5 0.142186231884 0.214251613437	138
-99 77.5 0.15868030303 0.16264930734	33
-97.5 77.5 0.205640434783 0.240338892668	115
-96 77.5 0.136461764706 0.166679444902	17
-94.5 77.5 -0.0758833333333 0.20920765601	3
-93 77.5 0.00851296296296 0.205205651347	27
-91.5 77.5 0.2445825 0.216985294243	80
-90 77.5 0.0130428571429 0.16138558445	14
-88.5 77.5 0.564778409091 0.399143919237	88
-85.5 77.5 -0.09865 0.0919021218471	4
-79.5 77.5 -0.188707142857 0.0647591398219	7
-78 77.5 0.862744117647 0.585337102094	17
-76.5 77.5 -0.0620892857143 0.159351966226	28
-75 77.5 -0.138898484848 0.0500535474572	66
-72 77.5 0.0271414893617 0.0515286820121	141
-70.5 77.5 -0.0282913793103 0.068272513887	58
-18 77.5 0.309316666667 0.122284793276	6
-16.5 77.5 -0.0685416666667 0.112247595304	12
-15 77.5 0.115322413793 0.0862655382253	58
-13.5 77.5 0.126779230769 0.0676185780756	65
-12 77.5 0.0599115384615 0.122672898643	26
-10.5 77.5 0.119011643836 0.0830539928636	73
-9 77.5 0.0243055555556 0.0903218565895	9
-7.5 77.5 0.155069565217 0.04402207335	46
-6 77.5 0.153297058824 0.191316838378	17
-4.5 77.5 0.071125 0.235956696239	4
108 77.5 -0.0557777777778 0.155289557392	36
111 77.5 0.02975 0.271400055269	3
112.5 77.5 -0.04315 NaN	1
114 77.5 0.0632125 0.166220034356	8
115.5 77.5 -0.31075 NaN	1
117 77.5 0.0175464285714 0.0723782889704	56
120 77.5 -0.0610863636364 0.126201895966	11
121.5 77.5 0.113772222222 0.124379980079	9
123 77.5 0.0971214285714 0.195621187624	7
124.5 77.5 0.06283 0.0934690896889	45
126 77.5 0.0484915584416 0.0898078333687	77
127.5 77.5 0.0002375 0.176210574314	16
129 77.5 0.0261957627119 0.0806719691456	118
130.5 77.5 0.128002970297 0.116404945262	404
132 77.5 0.00633446601942 0.102331332023	206
133.5 77.5 0.0139882352941 0.138638967438	68
135 77.5 0.0224222772277 0.115699949973	101
138 77.5 0.095244 0.0554396729551	100
139.5 77.5 0.0604347750865 0.0676789462639	289
141 77.5 0.0411763736264 0.0917772167748	91
142.5 77.5 0.0291908304498 0.0904378830369	289
144 77.5 0.0496902298851 0.119930950541	87
145.5 77.5 0.0998768292683 0.115650682051	82
147 77.5 0.105609440559 0.112634118638	143
148.5 77.5 0.0526139175258 0.129433342872	97
150 77.5 0.132398 0.123941652245	125
151.5 77.5 0.178313291139 0.0992968221982	158
153 77.5 0.0942431506849 0.120027511116	73
154.5 77.5 0.10327970297 0.0951981686216	101
156 77.5 0.113324122807 0.083046753387	228
157.5 77.5 0.0927310126582 0.146800206173	79
159 77.5 0.113417073171 0.0798193393053	82
160.5 77.5 0.109948666667 0.153197061306	75
162 77.5 0.0317216981132 0.134197918385	53
163.5 77.5 0.0866588235294 0.120444958805	34
165 77.5 0.0547804347826 0.156070096241	23
166.5 77.5 0.0614990566038 0.149691501509	53
168 77.5 0.119932828283 0.11185038936	99
169.5 77.5 0.0467922222222 0.145799187067	45
171 77.5 0.0678182539683 0.0985177908043	63
172.5 77.5 0.09405 0.115591196098	40
174 77.5 0.11795 0.100147516195	37
175.5 77.5 0.09403 0.121935873857	10
177 77.5 0.0219285714286 0.139579204904	56
178.5 77.5 0.072821875 0.183192928858	32
-180 77 0.0891833333333 0.149136103945	9
-178.5 77 0.0469543478261 0.189267882494	23
-177 77 0.08353 0.187089983104	10
-175.5 77 -0.00166111111111 0.110276198109	18
-174 77 0.0649454545455 0.102750547062	88
-172.5 77 0.0375192307692 0.12810359798	26
-171 77 0.00940555555556 0.197273236079	18
-169.5 77 -0.06021875 0.115472402006	16
-168 77 0.00599848484848 0.0975661720103	66
-166.5 77 0.0893 0.0142151327817	4
-165 77 0.0725701754386 0.109778508447	114
-163.5 77 0.0685912844037 0.0984731804163	109
-162 77 -0.115686842105 0.123179743151	19
-160.5 77 0.0552637931034 0.174539233666	29
-159 77 0.125926470588 0.0925591333244	17
-157.5 77 0.160245 0.141652935671	20
-156 77 0.140522727273 0.0711172216891	22
-154.5 77 0.00423666666667 0.185402545705	30
-153 77 0.0364034246575 0.116135445398	146
-151.5 77 0.049503125 0.148400039093	32
-150 77 0.0160088235294 0.110048767933	17
-148.5 77 0.0522184210526 0.153310871734	19
-147 77 0.143175 0.303692030134	4
-145.5 77 0.23785 NaN	1
-144 77 0.0465695488722 0.10317910249	133
-142.5 77 0.0839305668016 0.0665802201737	247
-141 77 0.0555031914894 0.10965310571	94
-139.5 77 0.0486871428571 0.128743228459	35
-138 77 0.0973181818182 0.106439427829	22
-136.5 77 0.0392411111111 0.118738411535	45
-135 77 0.0452451456311 0.106460208325	103
-133.5 77 0.0318682692308 0.110526676273	104
-132 77 -0.0165256097561 0.115248138337	41
-130.5 77 -0.02825 0.124656765123	34
-129 77 0.067546 0.0846873130636	100
-127.5 77 0.143504966887 0.102751723222	151
-126 77 0.0894727272727 0.132245606931	66
-124.5 77 0.129616336634 0.107047378555	101
-123 77 0.21994338843 0.202942050734	121
-121.5 77 0.402326510067 0.109010157129	447
-120 77 0.28560840708 0.277286737462	113
-115.5 77 0.0858327751196 0.284105249136	209
-114 77 0.244407446809 0.215968766607	47
-112.5 77 0.177630321285 0.170771902831	249
-111 77 0.250360404624 0.180921084271	692
-109.5 77 0.254240421456 0.166997354263	261
-108 77 0.2043 0.207702594385	36
-106.5 77 0.373292056075 0.212780969871	107
-105 77 0.0369472222222 0.107080974984	72
-103.5 77 0.275604945055 0.211794063828	182
-102 77 0.365373115578 0.148681762273	199
-100.5 77 0.246966161616 0.185640176811	99
-99 77 0.35615 0.21221099034	96
-97.5 77 0.165618571429 0.199452383779	35
-96 77 0.138772222222 0.224203517322	27
-94.5 77 0.223523239437 0.159268402353	71
-93 77 0.0935471428571 0.148077133091	35
-91.5 77 0.09265 0.171195747611	16
-90 77 0.140663043478 0.243096196422	46
-88.5 77 0.270583333333 0.395668597019	6
-87 77 -0.0931 0.0287792459943	2
-79.5 77 -0.0148545454545 0.136261092086	22
-78 77 0.448367948718 0.558454633163	39
-76.5 77 -0.0227209677419 0.201038358187	31
-75 77 0.091 0.132644422639	8
-73.5 77 -0.00347772277228 0.0994357894511	101
-16.5 77 -0.016158 0.103812251725	50
-15 77 -0.0301788135593 0.118803970749	59
-13.5 77 0.0629148648649 0.175741734777	37
-12 77 0.20404047619 0.13547729664	21
-10.5 77 0.049175 0.0819702130858	4
99 77 0.213547368421 0.080245796343	38
106.5 77 0.74375 NaN	1
108 77 0.54345 NaN	1
115.5 77 0.0429184210526 0.147703219903	19
117 77 -0.00331551724138 0.182524049836	29
118.5 77 0.242583333333 0.171968262576	3
123 77 0.109722727273 0.139544896963	22
124.5 77 -0.060409375 0.141062735664	32
126 77 0.0196388888889 0.156621671389	27
130.5 77 0.123577027027 0.127505712074	148
132 77 0.184959395973 0.149013498546	149
133.5 77 0.111556666667 0.177372140938	15
135 77 0.100316666667 0.0415945108558	3
139.5 77 0.0623880952381 0.12666247067	21
141 77 0.00286590909091 0.0800201251789	88
142.5 77 0.105332142857 0.1523524108	28
144 77 0.01265 0.112048258948	61
145.5 77 0.0244807692308 0.114250368126	104
147 77 0.062082 0.168039324163	50
148.5 77 0.0972331325301 0.110143019773	166
150 77 0.0296652542373 0.150630497489	118
151.5 77 0.0681616883117 0.113632446457	77
153 77 0.0695853535354 0.102812980909	99
154.5 77 0.072585 0.169087622281	60
156 77 0.137025 0.153768714308	28
157.5 77 0.0628465517241 0.153273713389	58
159 77 0.137710714286 0.110761492617	56
160.5 77 0.102127142857 0.0956285155777	35
162 77 0.150763333333 0.0951627543187	15
163.5 77 0.087875 0.143872480524	24
165 77 -0.0962615384615 0.154258858616	26
166.5 77 0.0404603448276 0.137647197431	29
168 77 0.0311484375 0.114404917882	64
169.5 77 -0.0250357142857 0.128121692524	7
171 77 0.0575166666667 0.136676751837	24
172.5 77 0.0950861111111 0.142701993484	36
174 77 0.0525653846154 0.114857062228	13
175.5 77 0.0995706896552 0.0687071080712	29
177 77 0.173966 0.116330891856	25
178.5 77 -0.0970166666667 0.164931290745	6
-180 76.5 0.23145 0.180499980214	8
-178.5 76.5 0.032475 0.0789860061445	4
-177 76.5 -0.0567642857143 0.13206848512	7
-175.5 76.5 -0.0957166666667 0.151756919667	6
-174 76.5 0.00636666666667 0.160585184402	24
-171 76.5 0.0223040540541 0.131802021383	148
-169.5 76.5 0.116094444444 0.0880021947982	54
-168 76.5 0.0917777777778 0.144113896156	18
-166.5 76.5 -0.15765 0.145356741234	10
-165 76.5 -0.0588634328358 0.0987601792153	67
-163.5 76.5 -0.0492029411765 0.133754551874	17
-160.5 76.5 -0.108825 0.162138809578	8
-159 76.5 -0.0248 0.224082138958	2
-157.5 76.5 0.115125 0.109575312761	4
-156 76.5 0.0441108333333 0.111941626667	120
-154.5 76.5 -0.0103863636364 0.144552511377	11
-153 76.5 0.121477272727 0.0869205279656	11
-151.5 76.5 0.0222071428571 0.174596504901	7
-150 76.5 0.084016 0.134575546813	50
-148.5 76.5 -0.00678333333333 0.137790069792	21
-147 76.5 0.008025 0.115179342423	20
-145.5 76.5 0.04058125 0.155228868361	32
-144 76.5 -0.00429090909091 0.12955319665	66
-142.5 76.5 0.0521990566038 0.0950794236869	106
-141 76.5 0.0960936781609 0.105178607451	87
-139.5 76.5 0.0422544444444 0.137338897284	45
-138 76.5 0.0315 0.137137864864	50
-136.5 76.5 0.0535968085106 0.109789010797	47
-135 76.5 0.0685047169811 0.0843807607637	106
-133.5 76.5 0.046341011236 0.0804779213659	89
-132 76.5 0.0311590909091 0.10234396224	143
-130.5 76.5 0.0353630434783 0.120986362157	92
-129 76.5 0.0901083333333 0.0975737880876	168
-127.5 76.5 0.077288028169 0.136917261112	71
-126 76.5 0.1281625 0.126437372108	104
-124.5 76.5 0.240073655914 0.115675493814	93
-123 76.5 0.339115870307 0.153387672732	293
-121.5 76.5 0.156670394737 0.210414596521	152
-118.5 76.5 0.0873753246753 0.181933482624	154
-117 76.5 0.314176666667 0.317676468399	30
-115.5 76.5 0.154180434783 0.157419169547	23
-114 76.5 0.0534474025974 0.241308230482	77
-112.5 76.5 0.230145578231 0.106907081665	294
-111 76.5 0.307384059946 0.145500798303	367
-109.5 76.5 0.323146666667 0.192268245672	60
-108 76.5 0.123508791209 0.158476405357	182
-106.5 76.5 0.43350619469 0.144154183757	226
-105 76.5 0.15612195122 0.168403961915	82
-103.5 76.5 0.228520731707 0.129389562507	82
-102 76.5 0.334451646091 0.135822217589	243
-100.5 76.5 0.0149094594595 0.148744119323	37
-99 76.5 0.21890326087 0.176276332427	92
-97.5 76.5 0.103944117647 0.256461303054	34
-96 76.5 -0.02172 0.126356955135	10
-94.5 76.5 0.226766666667 0.195655126509	18
-93 76.5 0.47405 0.0240033331019	3
-91.5 76.5 0.0255166666667 0.206229734358	3
-90 76.5 -0.146883333333 0.0600500069387	3
-88.5 76.5 0.01305 0.21320367414	4
-84 76.5 0.38275 NaN	1
-78 76.5 0.0709714285714 0.116297570439	14
-76.5 76.5 -0.0321844827586 0.135732389744	29
-75 76.5 -0.02985 0.0336582827845	2
-73.5 76.5 0.03573 0.0896745058531	5
-18 76.5 0.033425 0.14169496286	4
-16.5 76.5 0.0572375 0.149357101303	32
-15 76.5 0.0313078947368 0.143995977242	19
-13.5 76.5 0.0184023809524 0.116448240086	21
-12 76.5 0.10501 0.136961155888	10
-10.5 76.5 0.219075 0.0363673273695	4
-9 76.5 0.31495 NaN	1
-4.5 76.5 0.25425 NaN	1
16.5 76.5 -0.0375583333333 0.106641612706	12
115.5 76.5 0.0742572289157 0.0765506078151	83
117 76.5 -0.06575 0.180003537002	4
118.5 76.5 0.12295 0.0386080302528	2
121.5 76.5 0.121542307692 0.0972651056095	13
126 76.5 -0.0177617647059 0.179134240783	34
127.5 76.5 0.112036746988 0.0648318458541	83
129 76.5 0.21955 0.0694433582137	4
130.5 76.5 0.108835714286 0.122779754419	7
132 76.5 0.1659 0.0973156667757	6
133.5 76.5 0.0103566666667 0.146943086488	15
135 76.5 -0.147883333333 0.141851694855	3
136.5 76.5 0.0571094594595 0.103925113154	37
138 76.5 0.03195 0.105008195351	56
139.5 76.5 0.0719071428571 0.11704618543	7
141 76.5 0.122175 0.201638180585	24
142.5 76.5 0.070622659176 0.0800203900334	267
144 76.5 -0.0292571428571 0.219874801664	14
145.5 76.5 0.0179096774194 0.151924960403	62
147 76.5 0.0242180203046 0.115534620408	197
148.5 76.5 -0.0027188172043 0.0926320913245	93
150 76.5 0.0526134146341 0.122340421141	82
151.5 76.5 0.106328225806 0.153616933328	124
153 76.5 0.0548578651685 0.123288442488	89
154.5 76.5 0.111903968254 0.131993998917	63
156 76.5 0.05673125 0.175902320157	48
157.5 76.5 0.105072727273 0.103687667136	22
159 76.5 0.110344736842 0.10507138036	19
160.5 76.5 0.0745796296296 0.160766861336	27
162 76.5 0.115855128205 0.123566042322	39
163.5 76.5 0.0713157894737 0.184164477422	38
165 76.5 0.12941875 0.0887582379184	32
166.5 76.5 0.050175 0.0793067620068	4
168 76.5 0.0370023809524 0.226935496604	21
169.5 76.5 0.115606 0.112719556422	25
171 76.5 -0.02603 0.149606682935	20
172.5 76.5 0.00216818181818 0.161757150041	55
174 76.5 0.0556205882353 0.141487330549	17
175.5 76.5 0.10539 0.0807051609254	5
177 76.5 0.03545 NaN	1
178.5 76.5 -0.179576666667 0.0963844716796	15
-180 76 -0.0247576555024 0.0899271470026	209
-178.5 76 0.126789130435 0.0954898935115	23
-177 76 0.261125 0.0674258296204	4
-175.5 76 -0.0102813253012 0.157544931204	83
-174 76 0.019553030303 0.113287144805	33
-172.5 76 -0.00665597826087 0.125558892707	184
-171 76 0.06675 0.209358547804	14
-169.5 76 0.148886842105 0.189436776937	19
-168 76 -0.29955 NaN	1
-166.5 76 0.040347752809 0.0666918677364	89
-165 76 -0.0176434579439 0.0751815792762	107
-162 76 -0.01424625 0.0961564619546	80
-159 76 0.2327 0.00106066017178	2
-157.5 76 0.01435 NaN	1
-154.5 76 0.0756833333333 0.0628892147616	3
-153 76 0.05531 0.131090140319	10
-151.5 76 0.09745 NaN	1
-150 76 0.10382 0.0896313939297	10
-148.5 76 0.059525 0.209904238086	4
-147 76 0.0873653846154 0.113622509845	13
-145.5 76 0.0446928571429 0.127766893576	42
-144 76 0.0309689189189 0.115857778806	37
-142.5 76 0.144126190476 0.170973974349	21
-141 76 0.03695 0.166028054858	13
-139.5 76 0.059094 0.132304925834	25
-138 76 0.0327663265306 0.105045459102	49
-136.5 76 0.0161331168831 0.109422810336	77
-135 76 -0.0103738095238 0.135901688381	21
-133.5 76 0.0591425 0.108390351987	40
-132 76 -0.0371205882353 0.133798966573	17
-130.5 76 0.0222913043478 0.150244423932	46
-129 76 0.0711354545455 0.088836400652	55
-127.5 76 0.0748277777778 0.170324017269	45
-126 76 0.0923739726027 0.0897315016417	146
-124.5 76 0.170495180723 0.118100723849	332
-123 76 0.203610869565 0.110706461626	207
-121.5 76 0.0806052238806 0.151559881439	67
-120 76 0.0447744680851 0.151255298449	94
-118.5 76 0.05688203125 0.106479127328	128
-117 76 -0.0609569444444 0.129999652574	72
-115.5 76 0.27802826087 0.140502841273	46
-114 76 0.934716666667 0.158299599915	3
-112.5 76 0.0564375 0.222770743382	8
-111 76 0.282219583333 0.140261485866	480
-109.5 76 0.214999159664 0.278492311061	238
-108 76 0.287180487805 0.394650956484	82
-106.5 76 0.41750034965 0.257666338419	143
-105 76 0.317401162791 0.187417738618	43
-102 76 0.45625 0.423814774138	37
-100.5 76 0.215278 0.275937202276	25
-97.5 76 0.0465411764706 0.140370607264	68
-96 76 -0.0483833333333 0.150090523796	21
-94.5 76 -0.0278566666667 0.18982612144	15
-93 76 0.170583333333 0.117352251586	15
-90 76 0.38155 0.0557742772253	3
-88.5 76 -0.0638214285714 0.0805745558326	7
-87 76 -0.15461 0.112391805751	5
-85.5 76 -0.0566 0.20103222793	4
-84 76 0.007815 0.214249957993	20
-82.5 76 0.2594 0.611090164028	8
-81 76 -0.0237 0.162281006282	2
-79.5 76 0.0955282051282 0.130236633432	78
-78 76 -0.0768326923077 0.104183803869	52
-76.5 76 0.07195625 0.114690147608	16
-16.5 76 0.0362642857143 0.0896637129979	7
-13.5 76 0.15945 0.0409287999661	4
-12 76 -0.21145 NaN	1
-10.5 76 0.0618147058824 0.119496694207	17
118.5 76 0.0833214285714 0.12072638091	7
120 76 0.163025 0.137148491303	16
121.5 76 0.12 0.0577706240229	2
123 76 0.214864285714 0.0479699707654	7
127.5 76 0.0317642857143 0.086270648322	7
129 76 0.0794323529412 0.132140201279	17
130.5 76 0.10955 0.0779163226374	4
133.5 76 -0.20385 0.107870431537	5
135 76 0.0412852941176 0.142601384728	17
136.5 76 0.0166 0.24282923355	4
138 76 0.09905 0.09772215716	2
139.5 76 0.280577272727 0.322416532116	11
141 76 0.044652238806 0.128879051225	134
142.5 76 0.119025833333 0.108285255866	120
144 76 -0.0477345771144 0.132473435492	201
145.5 76 -0.101729097387 0.0915546349514	421
147 76 0.0252242857143 0.122583974442	35
148.5 76 0.0119892857143 0.221203801353	28
150 76 0.0991057971014 0.200121907014	138
151.5 76 0.245655357143 0.287261307346	56
153 76 0.070138372093 0.112876892927	43
154.5 76 0.166331443299 0.118593492769	97
156 76 0.24565 0.0962382875991	6
157.5 76 0.0645277777778 0.165303594337	18
159 76 0.020285483871 0.125578155076	31
160.5 76 0.10885 NaN	1
162 76 0.0465714285714 0.144948379027	14
163.5 76 0.0291277777778 0.0996917871156	18
165 76 0.078220212766 0.0857998883016	47
166.5 76 0.0842338709677 0.113218923909	31
168 76 0.0473611111111 0.260751519964	18
169.5 76 0.05805 0.0975807358037	2
171 76 -0.05226 0.159212178521	20
172.5 76 -0.0738142857143 0.11620684878	14
174 76 0.179133333333 0.125282152227	6
177 76 0.0127 0.123617595835	4
-180 75.5 0.0262208333333 0.112563481774	48
-178.5 75.5 -0.0136372611465 0.0626104784854	157
-177 75.5 0.00974907407407 0.0790913980877	108
-175.5 75.5 0.0215666666667 0.130459253274	18
-174 75.5 -0.032691025641 0.0841235656997	156
-172.5 75.5 0.0590486842105 0.128835268974	76
-171 75.5 0.0525227272727 0.0951093678884	66
-166.5 75.5 -0.00624024390244 0.0802949633427	82
-162 75.5 0.0168255555556 0.0986034393544	45
-153 75.5 0.0655396774194 0.0808377589334	155
-151.5 75.5 0.0835285714286 0.0831455737161	14
-148.5 75.5 0.0785478723404 0.0824496618217	47
-147 75.5 0.131447222222 0.101889950398	36
-145.5 75.5 0.048553125 0.119301283231	64
-144 75.5 0.132335 0.0902828437103	20
-142.5 75.5 0.0817166666667 0.016804860408	3
-141 75.5 0.0842192307692 0.199720794213	13
-139.5 75.5 0.0523785714286 0.166458040121	14
-138 75.5 0.0234642857143 0.134159321301	28
-136.5 75.5 -0.0238041666667 0.115632775871	72
-135 75.5 0.0343775862069 0.109390123986	58
-133.5 75.5 0.0397423076923 0.105044830478	52
-132 75.5 0.0222911764706 0.145838099698	17
-130.5 75.5 -0.00147352941176 0.109863543623	34
-129 75.5 0.104608333333 0.232883554431	12
-127.5 75.5 0.0803803030303 0.0985210747913	33
-126 75.5 0.0787819727891 0.0939073216881	147
-124.5 75.5 0.0711031531532 0.096837144282	111
-123 75.5 0.0400489361702 0.111790224186	188
-121.5 75.5 0.0226696428571 0.118529207895	112
-120 75.5 0.163152614379 0.160475294847	153
-118.5 75.5 0.064045 0.0734694318084	40
-117 75.5 -0.147511538462 0.0801605043743	26
-115.5 75.5 0.611184782609 0.363034811264	23
-111 75.5 0.343465346535 0.111915385202	202
-109.5 75.5 0.495176851852 0.36713136858	108
-105 75.5 0.09145 0.202816670464	23
-103.5 75.5 0.0510029411765 0.157320445738	17
-102 75.5 0.0505891304348 0.0924445475409	138
-100.5 75.5 -0.05565 0.136351769332	5
-97.5 75.5 0.0473166666667 0.149931977	45
-96 75.5 -0.16945 NaN	1
-94.5 75.5 0.03355 0.163494413768	7
-93 75.5 -0.02965 NaN	1
-88.5 75.5 0.2061 0.110495752989	8
-87 75.5 0.350638235294 0.417874420254	17
-85.5 75.5 -0.12475 0.0321026478659	2
-84 75.5 -0.30645 0.00282842712475	2
-81 75.5 0.173409090909 0.439805027862	22
-79.5 75.5 0.0508625 0.173925252272	216
-78 75.5 -0.0118934210526 0.123465103664	76
-60 75.5 0.100351290323 0.123922430696	155
-58.5 75.5 0.0320681818182 0.139629089057	22
-16.5 75.5 -0.0138038461538 0.172814744815	13
-15 75.5 0.10202 0.0859266216943	20
-13.5 75.5 0.026669047619 0.107018146214	21
-12 75.5 0.148281896552 0.109640061386	116
112.5 75.5 -0.0899 0.135616382983	4
118.5 75.5 0.090075 0.129418615353	16
120 75.5 0.0205985714286 0.0902220267995	280
121.5 75.5 -0.00130882352941 0.130316000835	17
126 75.5 0.10235 NaN	1
127.5 75.5 0.0489148648649 0.0714375946972	111
129 75.5 0.108083333333 0.0632288330853	66
130.5 75.5 0.1173 0.000636396103069	2
132 75.5 0.2714 0.00162634559674	2
135 75.5 0.0333029411765 0.0777609355808	136
136.5 75.5 -0.035587704918 0.213104627796	61
141 75.5 0.950783333333 0.0124065842734	3
142.5 75.5 0.14298 0.231489911341	20
144 75.5 0.441594444444 1.13957733336	27
145.5 75.5 0.237655442177 0.0578688251918	147
148.5 75.5 0.509376890756 0.127296134159	238
150 75.5 0.65695 0.0121608661972	4
151.5 75.5 0.439514285714 0.242267914379	56
153 75.5 0.0125541666667 0.150350906879	24
154.5 75.5 0.148996153846 0.110006580223	13
156 75.5 0.0604714285714 0.142134006558	28
157.5 75.5 -0.12855 NaN	1
160.5 75.5 0.099 0.0242537625947	2
162 75.5 0.01775 0.109080245691	5
163.5 75.5 0.12685 0.133272746651	5
165 75.5 0.09195 0.0618023057822	5
166.5 75.5 0.00617608695652 0.0675906947428	23
171 75.5 -0.0288875 0.0899638965284	8
172.5 75.5 -0.0308036231884 0.104305891464	69
174 75.5 -0.0392689655172 0.134849189912	58
175.5 75.5 -0.00525 0.0711215157319	3
177 75.5 -0.00858333333333 0.158350960422	6
178.5 75.5 -0.0337063106796 0.111738179328	103
-180 75 -0.0469576923077 0.132558421605	26
-178.5 75 -0.01022 0.0875837561365	60
-177 75 -0.0218482758621 0.0410992999103	58
-175.5 75 0.0138028301887 0.0653524047104	106
-174 75 -0.0345857894737 0.107916188831	95
-172.5 75 0.0428514742015 0.0841135755623	407
-171 75 0.066352994012 0.0742978963405	167
-145.5 75 0.0801617647059 0.0719218315461	17
-142.5 75 0.04125 0.0970213378593	5
-141 75 0.151068181818 0.139492493118	11
-139.5 75 -0.0249184210526 0.142864633104	19
-138 75 0.0184033333333 0.103345379201	30
-136.5 75 0.0784086206897 0.0827046143005	29
-135 75 0.0947714285714 0.130662849635	14
-133.5 75 0.119032857143 0.113917943858	35
-132 75 -0.0111630434783 0.148489792439	23
-130.5 75 -0.0043325 0.117932216271	40
-129 75 0.0221233333333 0.164390535707	30
-127.5 75 0.0649304347826 0.140576594574	46
-126 75 0.0832224137931 0.170112300925	29
-124.5 75 0.0272263157895 0.129111109565	38
-123 75 -0.0103841463415 0.144871614904	41
-121.5 75 0.106609534884 0.119295120932	215
-120 75 0.100606497175 0.11167499097	177
-118.5 75 0.16313375 0.146033692526	80
-117 75 0.175751123596 0.0989869751469	89
-115.5 75 0.0291404761905 0.177852451603	42
-114 75 0.0353579365079 0.150513099099	63
-112.5 75 0.21664375 0.298704704725	16
-109.5 75 -0.04115 0.220105520149	3
-108 75 0.0199472222222 0.086519003647	36
-106.5 75 0.0396282051282 0.121286959982	78
-105 75 -0.083654 0.156567665031	25
-103.5 75 -0.04102 0.212939532627	10
-102 75 0.25586627907 0.274734637276	43
-100.5 75 -0.0247681818182 0.178417173042	11
-97.5 75 -0.0506833333333 0.0932167545741	3
-93 75 0.0254409090909 0.179501478849	11
-88.5 75 0.323482142857 0.37314755899	28
-79.5 75 -0.0004 0.0563564104606	2
-78 75 -0.0803857142857 0.117666280183	28
-76.5 75 0.03285 NaN	1
-58.5 75 0.143103846154 0.0839030751858	13
-16.5 75 0.0141041666667 0.128356399136	24
-15 75 0.13295 0.238012142547	2
112.5 75 0.0244578947368 0.0573598427265	38
114 75 -0.08155 NaN	1
118.5 75 0.0227608108108 0.116916862161	37
121.5 75 -0.027875 0.1026596115	4
123 75 0.04005 0.121999822404	7
126 75 0.0321954545455 0.0811304056891	11
127.5 75 0.136457692308 0.0520869421109	26
130.5 75 -0.000226923076923 0.143099657313	13
132 75 0.109323333333 0.0904327964107	15
135 75 0.129525 0.134808292895	4
136.5 75 0.188575 0.178167736978	4
142.5 75 0.0749833333333 0.166624960615	9
144 75 -0.111121428571 0.0464554881683	7
145.5 75 0.152993396226 0.0908395403566	159
147 75 0.0901745901639 0.0582157443072	61
150 75 0.136983333333 0.106299553151	9
151.5 75 0.100287037037 0.143618750512	27
171 75 0.08095 0.0354967604156	2
172.5 75 0.0222121052632 0.0648074741043	285
174 75 0.00937386058981 0.100593523029	373
175.5 75 -0.0021724 0.113420399019	125
177 75 -0.0233944444444 0.162396954558	18
178.5 75 -0.0568973684211 0.151452681897	19
-180 74.5 0.0247461538462 0.119418904637	26
-178.5 74.5 -0.0651017241379 0.132746696498	145
-177 74.5 0.0349014285714 0.150319567553	70
-175.5 74.5 0.0353131578947 0.0621800657985	57
-174 74.5 0.0476710784314 0.072096439963	408
-172.5 74.5 -0.00362185314685 0.0665418791117	572
-171 74.5 0.0197270731707 0.0510450906784	410
-144 74.5 0.0115617647059 0.110409577723	17
-142.5 74.5 0.02255 0.0147078210487	2
-141 74.5 0.15495 NaN	1
-138 74.5 -0.2496 0.07629682169	2
-136.5 74.5 0.01375 0.146532760842	7
-135 74.5 0.051187037037 0.102604577601	27
-133.5 74.5 0.0797975 0.160855042224	40
-132 74.5 0.165465151515 0.110283915195	33
-130.5 74.5 -0.0630806122449 0.10246452883	49
-129 74.5 0.080897826087 0.119219842268	23
-127.5 74.5 0.0746663265306 0.101580490348	98
-126 74.5 0.0209839622642 0.145348074189	53
-124.5 74.5 0.0297375 0.132837434363	64
-123 74.5 -0.0144772727273 0.149815760337	33
-121.5 74.5 0.0359653846154 0.135153181201	39
-120 74.5 0.129301685393 0.129484567449	89
-118.5 74.5 0.164324683544 0.112225282206	79
-117 74.5 -0.0324106060606 0.132732946031	33
-115.5 74.5 0.0206596774194 0.147822288249	31
-114 74.5 -0.0746954545455 0.170568281715	11
-112.5 74.5 -0.10365 NaN	1
-111 74.5 -0.0204614754098 0.124235529135	61
-109.5 74.5 0.0552986111111 0.129038853187	72
-108 74.5 0.0493303921569 0.102301180872	51
-106.5 74.5 0.0924037313433 0.077509566034	67
-105 74.5 0.0304166666667 0.185439386006	18
-103.5 74.5 -0.0224565217391 0.0910561228698	46
-102 74.5 0.0424369565217 0.188821272647	23
-100.5 74.5 0.160638 0.171583021661	50
-99 74.5 0.204562790698 0.16629732041	86
-97.5 74.5 0.0525236842105 0.224529591819	19
-96 74.5 0.0353774193548 0.164961765237	62
-94.5 74.5 0.001188 0.115842260608	50
-93 74.5 -0.0341666666667 0.174936438933	6
-91.5 74.5 -0.04472 0.101599430686	20
-90 74.5 0.0559712121212 0.111305042411	66
-88.5 74.5 0.97705 NaN	1
-87 74.5 -0.249924242424 0.0392937509638	66
-85.5 74.5 -0.28145 NaN	1
-84 74.5 0.053611038961 0.131948830947	77
-82.5 74.5 0.129576060606 0.147390264636	165
-81 74.5 0.11019 0.252960841063	10
-79.5 74.5 0.00391296296296 0.161582437978	54
-78 74.5 -0.0821960465116 0.0728231680469	215
-76.5 74.5 -0.00681475770925 0.105184122133	227
-75 74.5 -0.05335 0.118657245115	12
-18 74.5 -0.2279 0.104460215712	4
-16.5 74.5 0.0192333333333 0.155032297394	18
112.5 74.5 -0.0784102941176 0.106646117464	68
117 74.5 -0.12815 NaN	1
123 74.5 0.02305 0.0847641826874	4
124.5 74.5 -0.06815 0.0867583310121	6
126 74.5 0.08078 0.117337462522	10
127.5 74.5 -0.0545916666667 0.129318622072	24
129 74.5 0.100516666667 0.0842354636322	3
132 74.5 0.0453394736842 0.131499822115	19
133.5 74.5 0.04305 0.0599657402189	3
135 74.5 0.0392590909091 0.13498862511	11
136.5 74.5 0.10876 0.12894174783	10
138 74.5 0.0320893939394 0.0752291261843	165
139.5 74.5 -0.022729375 0.0499505668805	160
141 74.5 -0.0344733333333 0.0342158632633	30
142.5 74.5 0.0365833333333 0.273820476468	3
144 74.5 -0.182791666667 0.0841888727082	12
145.5 74.5 0.13015 NaN	1
147 74.5 0.19035 0.00155563491861	2
148.5 74.5 -0.199008108108 0.0754776788319	74
150 74.5 0.25585 NaN	1
174 74.5 0.0716602150538 0.0917003761112	372
175.5 74.5 0.0251151260504 0.0716940620178	476
177 74.5 -0.00991893203883 0.0719441612873	309
178.5 74.5 -0.0348455555556 0.0886754865811	135
-180 74 -0.00770357142857 0.130583350655	28
-178.5 74 -0.0406067567568 0.117392684913	148
-177 74 0.0887787356322 0.12552723575	174
-175.5 74 0.0198986111111 0.0520261066455	72
-174 74 0.0375918032787 0.066038853878	122
-172.5 74 -0.0176647368421 0.0827659790911	190
-171 74 0.0658865384615 0.0693009125618	52
-169.5 74 0.103764492754 0.122653051178	69
-135 74 0.0280071428571 0.107574415518	35
-133.5 74 0.0938833333333 0.158413017907	12
-132 74 0.0624918181818 0.102955079545	55
-130.5 74 -0.0431529411765 0.144760356798	34
-129 74 0.131035714286 0.143525756773	14
-127.5 74 0.0796914634146 0.112365559616	41
-126 74 0.0940824561404 0.100868798947	114
-124.5 74 0.0852618644068 0.181844521582	59
-117 74 0.26355 NaN	1
-115.5 74 -0.0472744444444 0.11948746065	45
-114 74 0.102082 0.136492666836	25
-112.5 74 -0.00269705882353 0.143265680797	34
-111 74 0.117861904762 0.107866392596	84
-109.5 74 0.0893808724832 0.13300658229	149
-108 74 0.0566327586207 0.0935978547842	87
-106.5 74 0.132027464789 0.123175774692	213
-105 74 0.271669512195 0.552523879221	41
-103.5 74 0.0456516129032 0.119491117019	62
-102 74 0.181982978723 0.146711145056	94
-100.5 74 0.256168064516 0.1786885535	155
-99 74 0.206170606061 0.248263394868	165
-97.5 74 0.0778735294118 0.231817472727	17
-96 74 0.1518125 0.144733014671	8
-94.5 74 0.215475 0.170169702773	32
-93 74 0.47515 0.18284853021	5
-91.5 74 0.842972727273 0.761950682651	22
-90 74 0.0932627659574 0.1543883484	141
-88.5 74 -0.047575 0.178576080225	8
-87 74 -0.155157142857 0.222436440236	14
-85.5 74 -0.0372722222222 0.193142659567	9
-84 74 0.00461086956522 0.119565066877	23
-82.5 74 0.0604221854305 0.069169638001	151
-81 74 0.11785 0.0335008955104	3
-79.5 74 -0.0242351851852 0.0988627592003	27
-78 74 0.00133333333333 0.152726846581	6
-75 74 -0.1084 0.105712463787	2
-73.5 74 0.0572 0.221054827287	4
-19.5 74 -0.00361470588235 0.202385317892	34
-18 74 0.162368181818 0.155358309283	88
-16.5 74 0.174603846154 0.126058323905	13
114 74 -0.096653030303 0.0779911873421	33
115.5 74 0.10387 0.204574103933	10
117 74 0.0463428571429 0.0957147562314	14
118.5 74 0.0303277777778 0.158885662018	18
121.5 74 0.0600863636364 0.142461498467	11
123 74 -0.0314125 0.0493859128989	8
124.5 74 0.04635 NaN	1
130.5 74 -0.0600275510204 0.119878739541	49
132 74 0.0592416666667 0.141298056722	12
133.5 74 -0.0186045454545 0.141437534005	44
135 74 -0.0313961538462 0.13451716093	26
136.5 74 -0.159192857143 0.136082069075	7
138 74 -0.110875 0.171668311481	4
139.5 74 -0.107135714286 0.143126406003	7
141 74 -0.0146537037037 0.104502595369	54
142.5 74 0.0043 0.204990255866	2
144 74 -0.052112295082 0.0862861289817	61
145.5 74 -0.0432730769231 0.135696244492	39
147 74 -0.23275 0.0981464212287	2
148.5 74 0.0654 0.0201525432638	2
172.5 74 0.0541210526316 0.125078582667	38
174 74 -0.0247471830986 0.0727015031714	71
175.5 74 -0.00563144329897 0.0948987477065	388
177 74 -0.0126523094688 0.0683956412694	433
178.5 74 -0.0453856890459 0.0895165840957	283
-180 73.5 0.0255833333333 0.142066888892	30
-178.5 73.5 -0.01505 NaN	1
-177 73.5 0.059103125 0.118576140081	160
-175.5 73.5 0.0297717142857 0.114577048751	175
-174 73.5 0.14150483871 0.105094935877	93
-172.5 73.5 0.0902214285714 0.171849309788	14
-171 73.5 0.0444975609756 0.151286786956	82
-169.5 73.5 0.18024 0.126867140253	30
-166.5 73.5 -0.12117 0.146865268188	5
-138 73.5 0.19725 NaN	1
-135 73.5 0.16635 NaN	1
-133.5 73.5 0.121578571429 0.16163339913	7
-132 73.5 0.185027777778 0.151745339133	27
-130.5 73.5 0.171095454545 0.0876308777046	11
-129 73.5 0.188064285714 0.0826955345141	7
-127.5 73.5 0.0792911764706 0.140381854502	17
-126 73.5 0.154608333333 0.103738793115	12
-124.5 73.5 -0.00724 0.0913864741998	10
-117 73.5 0.287416666667 0.0459288943186	3
-115.5 73.5 0.1081 0.259933908266	4
-114 73.5 0.0289595238095 0.103262538729	21
-112.5 73.5 0.0392741935484 0.116700091569	62
-111 73.5 0.1083625 0.118403522043	32
-109.5 73.5 0.00026875 0.161468978316	16
-108 73.5 0.0793547619048 0.120470235217	105
-106.5 73.5 0.0442963414634 0.106331202141	41
-105 73.5 0.225376666667 0.122942265489	30
-103.5 73.5 0.0428744897959 0.190267866584	49
-102 73.5 0.0842036585366 0.152050904466	41
-100.5 73.5 0.0312833333333 0.0955754501254	6
-97.5 73.5 -0.159945121951 0.0945398644785	41
-96 73.5 -0.076362 0.146874696894	50
-91.5 73.5 0.62502 0.601422935028	10
-90 73.5 0.0405184210526 0.188163223367	57
-88.5 73.5 0.0877886792453 0.207723057193	106
-85.5 73.5 -0.04331 0.200549390425	5
-84 73.5 0.0517214285714 0.221142206994	7
-81 73.5 -0.12835 0.106186510443	5
-76.5 73.5 -0.191273188406 0.0871286846549	69
-75 73.5 0.31795 NaN	1
-73.5 73.5 -0.0817137795276 0.0892457705808	127
-21 73.5 -0.136516666667 0.106525290424	9
75 73.5 -0.151114367816 0.0481086947057	87
76.5 73.5 -0.125727319588 0.0690383204356	97
118.5 73.5 0.147735714286 0.123637648373	7
121.5 73.5 0.14485 0.0892414701806	3
123 73.5 -0.0942362637363 0.0637852619696	182
129 73.5 -0.0380425925926 0.0632179319625	216
130.5 73.5 0.0498 0.124102795246	34
132 73.5 -0.16795 NaN	1
133.5 73.5 0.322 0.0385373195747	2
135 73.5 -0.0193657142857 0.0778516959422	70
136.5 73.5 -0.0332215789474 0.114217599031	95
138 73.5 -0.21435 0.11371248832	5
144 73.5 -0.00363235294118 0.156891523972	17
147 73.5 -0.205583333333 0.079428542309	3
172.5 73.5 0.0233115384615 0.131757014604	13
174 73.5 0.0434806451613 0.119703357043	124
175.5 73.5 -0.0110946808511 0.170136061674	47
177 73.5 -0.00887876712329 0.0687887375299	73
178.5 73.5 -0.0341884615385 0.126466929396	13
-180 73 0.0597055555556 0.0879743018033	9
-178.5 73 -0.00162741935484 0.159031249989	31
-177 73 0.0176592307692 0.109194702429	65
-175.5 73 -0.03813125 0.0500342169211	32
-172.5 73 0.149655555556 0.159383283765	18
-139.5 73 -0.0320033333333 0.0840057253112	30
-138 73 0.104595255474 0.0818559881122	137
-133.5 73 0.136163846154 0.167064583205	65
-132 73 0.0526 0.149304085678	4
-130.5 73 0.0687333333333 0.123208074681	6
-126 73 0.126202 0.0884842599939	25
-124.5 73 0.20207 0.20659700385	5
-117 73 -0.0550936090226 0.0963912068112	133
-114 73 0.14125 0.0241460141638	3
-112.5 73 0.04307 0.13342315194	20
-111 73 0.030305 0.146546028432	60
-109.5 73 0.140638888889 0.162992365193	9
-108 73 0.0913283783784 0.229921444478	37
-105 73 0.14529 0.120807648764	5
-103.5 73 -0.0316775362319 0.124187541864	69
-102 73 0.218054166667 0.168248132307	48
-100.5 73 0.11597027027 0.0899243989621	74
-97.5 73 0.202476785714 0.178852322516	56
-96 73 0.178934615385 0.226872412184	13
-94.5 73 0.0932 0.107409520062	2
-91.5 73 0.109583333333 0.121530171837	6
-90 73 -0.00655 0.11653119754	2
-85.5 73 0.291316666667 0.183416257004	3
-76.5 73 0.10023 0.0512614084863	5
-75 73 -0.0255152173913 0.136932885908	69
-73.5 73 0.0414705128205 0.0542449424249	39
-72 73 0.0589125 0.0978832239749	8
-55.5 73 -0.15701 0.131492311562	5
-21 73 0.137761111111 0.0947679461163	9
75 73 -0.16587 0.0438771094493	230
76.5 73 -0.0346047770701 0.115827531184	157
78 73 0.0132198795181 0.0622072729944	83
120 73 0.27485 NaN	1
121.5 73 -0.04265 0.101658890413	5
123 73 -0.0324304878049 0.0618046366364	41
129 73 -0.27335 0.050628845533	2
130.5 73 -0.0414055555556 0.119124673254	9
135 73 0.04738 0.172454297005	10
136.5 73 -0.0302961538462 0.0847896278127	26
138 73 0.20343 0.0837817820293	5
139.5 73 -0.02295 0.294156420974	2
142.5 73 -0.0528946808511 0.105559113479	47
144 73 0.24395 0.125582164339	2
145.5 73 -0.0121760869565 0.138047038154	23
147 73 -0.077237628866 0.0492845062235	97
148.5 73 0.0171645374449 0.0855370587292	227
177 73 -0.0296142857143 0.171171991077	28
178.5 73 -0.0401944444444 0.135159545641	9
-160.5 72.5 -0.0611416666667 0.102548983069	36
-139.5 72.5 -0.0231 0.284469058071	2
-138 72.5 -0.17995 NaN	1
-136.5 72.5 0.131195454545 0.0627788398051	11
-126 72.5 0.144351818182 0.081243868124	55
-124.5 72.5 0.115990909091 0.161257164209	22
-118.5 72.5 0.54240625 0.560804682196	32
-108 72.5 0.043130952381 0.122822528956	21
-105 72.5 0.19055 NaN	1
-103.5 72.5 0.00824090909091 0.190280106446	11
-102 72.5 -0.0582333333333 0.178706367169	6
-96 72.5 -0.0966736842105 0.13242232497	152
-93 72.5 -0.0444409090909 0.141410858526	11
-91.5 72.5 0.0912576923077 0.105318615492	13
-90 72.5 0.0222121399177 0.0707938414142	243
-75 72.5 -0.0655650943396 0.103691568154	53
-73.5 72.5 0.196563888889 0.118711646651	144
73.5 72.5 -0.163013157895 0.0764512931715	38
78 72.5 0.013869 0.0885903381819	100
79.5 72.5 0.00306690140845 0.0676416629556	71
135 72.5 0.03915 0.0729734198185	2
136.5 72.5 0.043714 0.087109170913	50
138 72.5 0.146776315789 0.138118064802	19
139.5 72.5 0.1697 0.135584893455	4
141 72.5 0.251025 0.20583301282	4
145.5 72.5 -0.0488333333333 0.0945047388583	6
148.5 72.5 0.0913861702128 0.0689676484093	94
-180 72 0.255819230769 0.0388767365017	13
-178.5 72 0.116674150943 0.0704240313192	265
-138 72 -0.0672921621622 0.0520914648737	185
-136.5 72 0.162603333333 0.146742017873	15
-130.5 72 -0.10445 0.119910664663	9
-105 72 0.05113 0.212972185977	5
-103.5 72 0.120976213592 0.0838191879398	103
-102 72 -0.0427081560284 0.0750434034846	282
-100.5 72 0.0775921052632 0.0670088603725	38
-96 72 0.272955882353 0.200325949455	34
-94.5 72 1.23638333333 1.46396676419	6
-93 72 0.0659333333333 0.149354550204	6
-91.5 72 0.0344617647059 0.215432477479	17
-90 72 -0.0848108695652 0.0956402099686	23
-87 72 0.0713375 0.200116968921	8
-85.5 72 0.23245 0.201220289732	5
78 72 0.12315 0.151516368753	3
130.5 72 0.17315 NaN	1
132 72 -0.1055 0.0880347942577	2
133.5 72 0.18705 0.0171119841047	2
135 72 0.164483333333 0.0198514147271	6
136.5 72 0.167460526316 0.108889949004	19
138 72 0.37872 0.122240828331	10
139.5 72 -0.12645 0.0763524066418	3
150 72 -0.03335 0.0728562282856	3
-138 71.5 -0.0137875 0.0531576823568	32
-135 71.5 -0.0977735294118 0.137169104254	17
-133.5 71.5 -0.0391449152542 0.0905528202187	59
-132 71.5 0.0286 0.0599260933706	4
-130.5 71.5 -0.19095 NaN	1
-129 71.5 0.216244642857 0.102116476134	56
-126 71.5 0.15095 0.00692964645563	2
-117 71.5 0.0449026315789 0.150652058172	19
-105 71.5 0.03855 0.102211714668	27
-103.5 71.5 0.139262121212 0.12376496818	33
-102 71.5 0.00716682242991 0.124614508594	107
-100.5 71.5 0.148579347826 0.108362446901	92
-99 71.5 -0.0899014285714 0.0939459054971	35
-97.5 71.5 0.0191391566265 0.119219543344	83
-96 71.5 -0.0414357142857 0.179881325958	7
-93 71.5 0.0822875 0.166734724616	8
-91.5 71.5 -0.0215576923077 0.148064152854	39
-90 71.5 0.0121157142857 0.109835569463	35
-72 71.5 0.12545 0.109708158311	3
-70.5 71.5 0.00461666666667 0.0616970285616	3
135 71.5 0.082 0.02142533547	2
138 71.5 0.335228571429 0.143594547671	14
139.5 71.5 0.28115 NaN	1
-136.5 71 -0.21845 NaN	1
-135 71 0.02605 0.181621602974	7
-133.5 71 0.14605 NaN	1
-132 71 0.0242163461538 0.0741347247427	208
-126 71 0.150385294118 0.0459151317393	34
-124.5 71 -0.114535478548 0.0466933612744	303
-103.5 71 -0.0557214285714 0.178541523782	7
-102 71 0.00847666666667 0.147696263937	15
-100.5 71 0.166781746032 0.160222837591	63
-99 71 0.0961894308943 0.0818813593578	246
-97.5 71 0.09473 0.114643692098	30
-96 71 -0.18295 0.0555785930013	2
-93 71 0.12249 0.0658532687116	5
-91.5 71 0.10235 0.0980742193443	9
-90 71 0.183816666667 0.0777181017095	3
-88.5 71 -0.0210875 0.095496521066	8
130.5 71 0.0776681818182 0.158392700704	11
154.5 71 0.10729 0.0726332774973	5
-135 70.5 -0.07345 0.16387566425	4
-133.5 70.5 0.20235 NaN	1
-132 70.5 0.00841 0.209386097915	5
-127.5 70.5 -0.0343935897436 0.0974909059048	39
-124.5 70.5 -0.131684745763 0.0410458267492	118
-115.5 70.5 0.0884630434783 0.0966784885984	92
-114 70.5 -0.0241982876712 0.182466798459	292
-112.5 70.5 1.04653571429 0.145738572206	7
-102 70.5 0.171844444444 0.1196927069	18
-100.5 70.5 0.123008333333 0.143226143209	72
-99 70.5 -0.0368730769231 0.178802778473	13
-97.5 70.5 0.01859 0.184770579576	40
-96 70.5 -0.01841 0.211641059343	5
-90 70.5 0.0268833333333 0.160298419622	3
160.5 70.5 0.0571833333333 0.0908269719884	24
-133.5 70 0.084305 0.169499805537	40
-132 70 -0.12875 NaN	1
-129 70 0.0289072254335 0.0481581734634	173
-127.5 70 -0.0972961538462 0.12255616138	13
-126 70 -0.11565 NaN	1
-102 70 0.672707142857 1.14508277409	7
-100.5 70 0.100809649123 0.324764409039	57
-99 70 -0.27965 NaN	1
-97.5 70 0.173464285714 0.20118275629	7
-91.5 70 0.0148142857143 0.139938302928	14
-84 70 0.274136363636 0.088841906062	66
-78 70 0.7187 0.226061067139	80
160.5 70 0.0851844660194 0.0865575309962	206
-126 69.5 -0.30445 NaN	1
-102 69.5 0.077594 0.611447334211	50
-94.5 69.5 0.125812564103 0.0549328557684	195
-91.5 69.5 0.01195 NaN	1
-90 69.5 -0.00357777777778 0.0465708714058	36
-79.5 69.5 -0.28335 NaN	1
-78 69.5 0.0350222222222 0.118873415534	36
169.5 69.5 -0.0332166666667 0.0859718752461	3
-136.5 69 -0.0535125 0.0583086354178	8
-115.5 69 -0.24265 0.0145663996924	2
-108 69 0.0154688679245 0.0853652222841	53
-102 69 0.0787970967742 0.195076030236	155
-100.5 69 0.0939392857143 0.147742062305	56
-94.5 69 0.0900825581395 0.0449676889015	86
-79.5 69 0.127855592105 0.0512803181029	304
-78 69 0.47765 NaN	1
-76.5 69 -0.2172 0.0688443098593	6
76.5 69 -0.25625 NaN	1
-112.5 68.5 0.188057317073 0.0683568039842	123
-109.5 68.5 -0.0673917808219 0.0604504467989	146
-108 68.5 0.00182551020408 0.0466360531235	147
-103.5 68.5 -0.10608 0.11413791159	30
-102 68.5 -0.120328350515 0.100694554871	97
-100.5 68.5 0.00954123287671 0.102473717777	365
-94.5 68.5 0.01343 0.168253579457	5
-90 68.5 -0.0858277777778 0.106983074833	18
-87 68.5 0.0103166666667 0.146279836842	6
-82.5 68.5 -0.096575 0.0919536975874	4
-79.5 68.5 0.158450568182 0.0796295677297	176
-78 68.5 -0.081506557377 0.105955316473	122
-76.5 68.5 1.0221715859 0.707392603826	227
-75 68.5 1.28009358974 0.276749144243	39
-114 68 0.0338833333333 0.0340670417461	3
-103.5 68 -0.00238703703704 0.054287441161	27
-102 68 0.0661535087719 0.0444786865689	57
-100.5 68 -0.0467505181347 0.0717898470199	193
-99 68 0.31825 0.0650538238692	2
-96 68 0.0757214285714 0.0844777626417	7
-94.5 68 0.05075 0.00622253967444	2
-82.5 68 -0.21155 0.139017193181	2
13.5 68 0.21735 NaN	1
43.5 68 0.00477727272727 0.0673942803639	308
-96 67.5 0.0508 0.026450015753	4
-75 67.5 0.452247916667 0.0722943340273	96
-73.5 67.5 0.4892 0.0318905158315	2
42 67.5 0.0604934782609 0.0395676615672	23
43.5 67.5 0.0752740740741 0.035378236222	54
-162 67 0.127316666667 0.118353467771	3
-73.5 67 0.677050571429 0.0871529857819	175
13.5 67 -0.188383333333 0.141727266591	15
-165 66.5 -0.17295 NaN	1
-162 66.5 0.21575 0.313063404121	5
13.5 66.5 -0.152156666667 0.132171200195	30
-36 66 -0.2102 0.0927451526137	4
-16.5 66 0.19955 NaN	1
12 66 -0.0136833333333 0.111671242195	21
37.5 66 -0.0682033333333 0.0394473042111	15
34.5 65 0.145757142857 0.0586173571601	14
24 64.5 -0.238719444444 0.047129230901	72
34.5 64.5 0.18425483871 0.0700389152424	62
36 64.5 0.103879333333 0.0927181588802	150
-162 64 0.281705769231 0.0752688186708	52
-64.5 64 0.323206 0.283479904069	75
-84 63.5 -0.03075 NaN	1
21 63.5 -0.0540423076923 0.12285969275	13
21 63 -0.0334 0.14954721968	94
21 61.5 -0.177635714286 0.129981658047	7
18 61 -0.216592857143 0.0378592600486	21
21 61 0.0963563492063 0.320685731435	63
21 60.5 -0.006471875 0.133759972437	128
22.5 60.5 -0.021025 0.122914990025	12
28.5 60.5 0.0379704651163 0.0690130784691	215
18 60 0.115616666667 0.315396422512	3
19.5 60 2.01615 NaN	1
21 60 -0.0502270833333 0.137972791397	48
22.5 60 -0.109313043478 0.0858561959421	46
24 60 0.0365012820513 0.203798896603	156
28.5 60 -0.00748985507246 0.0474094211892	138
