lon, lat, freeboard (m), standard deviation, count
-180 81.5 0.0859060830861 0.134166472531	337
-178.5 81.5 0.0659076719577 0.131929162356	378
-177 81.5 0.0698996644295 0.128847778731	447
-175.5 81.5 0.0991273684211 0.13100905511	380
-174 81.5 0.0890119496855 0.15717969894	318
-172.5 81.5 0.0762508888889 0.151354833206	225
-171 81.5 0.0591248329621 0.129372625285	449
-169.5 81.5 0.0947866733467 0.125791633976	499
-168 81.5 0.106807589286 0.129735461822	448
-166.5 81.5 0.117182071269 0.137258760602	449
-165 81.5 0.0974728637413 0.128499859342	433
-163.5 81.5 0.0913079081633 0.137762099654	392
-162 81.5 0.0781431707317 0.151197908655	410
-160.5 81.5 0.0848652808989 0.13566093229	445
-159 81.5 0.117629898219 0.115241207456	393
-157.5 81.5 0.0795876506024 0.134154334617	332
-156 81.5 0.10896969697 0.111923625675	462
-154.5 81.5 0.0961532534247 0.109451812778	584
-153 81.5 0.106102495697 0.127291213696	581
-151.5 81.5 0.11914488189 0.132696736505	508
-150 81.5 0.108347878788 0.103691863299	660
-148.5 81.5 0.0986183523654 0.111510541619	613
-147 81.5 0.069964893617 0.112696199385	423
-145.5 81.5 0.0873993123772 0.108059517286	509
-144 81.5 0.0591083220568 0.107678948281	739
-142.5 81.5 0.0696613956466 0.107362509623	781
-141 81.5 0.0739419762259 0.108057714384	673
-139.5 81.5 0.0608176998369 0.106784130639	613
-138 81.5 0.105680201342 0.116594873401	745
-136.5 81.5 0.0744541899441 0.116444922888	716
-135 81.5 0.0735199319728 0.110569486613	735
-133.5 81.5 0.0590758695652 0.128509949278	460
-132 81.5 0.0651315789474 0.126385772192	494
-130.5 81.5 0.093292920354 0.135489454572	452
-129 81.5 0.106360077519 0.148191144112	645
-127.5 81.5 0.124961910112 0.11629218619	890
-126 81.5 0.133608554572 0.12878977767	678
-124.5 81.5 0.155362333966 0.12767577766	527
-123 81.5 0.118947619048 0.120360030908	546
-121.5 81.5 0.119010333333 0.107235609383	600
-120 81.5 0.16413874842 0.111477019996	791
-118.5 81.5 0.149120981211 0.125656652524	479
-117 81.5 0.155426623377 0.0963474453329	924
-115.5 81.5 0.17909141252 0.104488653298	623
-114 81.5 0.212250506971 0.116845527011	789
-112.5 81.5 0.143212612613 0.132233222377	444
-111 81.5 0.16845 0.124690480285	539
-109.5 81.5 0.200574939467 0.125822742796	413
-108 81.5 0.222025436047 0.115923456494	688
-106.5 81.5 0.211439473684 0.112996261076	703
-105 81.5 0.184638372093 0.130619422435	387
-103.5 81.5 0.167166743119 0.134678285954	436
-102 81.5 0.27854929078 0.154542115982	564
-100.5 81.5 0.190058169935 0.171722680454	306
-99 81.5 0.201444206549 0.132829239098	397
-97.5 81.5 0.2319244 0.127716305396	625
-96 81.5 0.260103061224 0.143560413733	882
-94.5 81.5 0.30160404814 0.163183907089	457
-93 81.5 0.109891828255 0.130322349264	361
-91.5 81.5 0.0305912926391 0.195978998702	557
-90 81.5 0.02835 0.208172236381	2
-88.5 81.5 0.082 0.36857897842	4
-66 81.5 -0.0365 0.10712667735	2
-64.5 81.5 0.100364285714 0.160580679915	7
-63 81.5 0.0615338709677 0.179342885923	31
-61.5 81.5 0.119775 0.239944804417	4
-12 81.5 0.143435365854 0.168473193062	41
-10.5 81.5 0.0679431428571 0.192657914804	175
-9 81.5 0.071385 0.180696923379	140
-7.5 81.5 0.0760954545455 0.15837176937	121
-6 81.5 0.0312788557214 0.126790088584	201
-4.5 81.5 0.0126848790323 0.0919134253017	496
-3 81.5 0.100685240275 0.150727315129	437
-1.5 81.5 0.109774074074 0.189392878007	54
0 81.5 0.04064 0.136465368576	40
1.5 81.5 0.0616714285714 0.18783501912	42
3 81.5 0.0267909090909 0.158658866332	22
4.5 81.5 0.0459139344262 0.122876196557	122
6 81.5 0.0114576923077 0.138510348591	169
7.5 81.5 0.0729450549451 0.133293752067	182
9 81.5 -0.0102195652174 0.109643096349	23
10.5 81.5 -0.045752970297 0.115305722716	101
12 81.5 -0.00405 0.122777985463	36
13.5 81.5 -0.0308891304348 0.057399386285	46
15 81.5 -0.0128586538462 0.0746410778788	104
16.5 81.5 0.00687380952381 0.174742112568	21
18 81.5 -0.11943 0.206027138989	5
19.5 81.5 -0.0764657894737 0.163487591317	19
21 81.5 0.04295 0.244093260866	2
22.5 81.5 -0.0640547619048 0.107221161513	21
24 81.5 0.0877083333333 0.166227057297	72
25.5 81.5 0.0447257575758 0.170509197022	33
27 81.5 0.0372638248848 0.0568231637417	217
28.5 81.5 0.0476548192771 0.123564314155	83
30 81.5 0.0294833333333 0.162223020054	18
33 81.5 0.109364285714 0.186917481157	7
34.5 81.5 -0.0231875 0.162403675297	24
36 81.5 0.00822619047619 0.149103730155	42
37.5 81.5 -0.03389 0.144200420051	15
39 81.5 0.16151 0.0834553353597	5
40.5 81.5 0.0302166666667 0.19444695592	6
42 81.5 -0.0123909090909 0.143922438302	22
43.5 81.5 0.06133 0.124932041971	10
45 81.5 0.00519642857143 0.150804387602	28
46.5 81.5 -0.24665 NaN	1
48 81.5 0.0459 0.00855599205236	2
49.5 81.5 0.0723642857143 0.0881325219687	7
51 81.5 -0.040708 0.151406193886	50
52.5 81.5 0.00878583333333 0.0856757653739	120
54 81.5 -0.00951467236467 0.107477257687	351
55.5 81.5 0.00798690140845 0.118034555969	355
57 81.5 -0.0115564516129 0.143653968131	124
58.5 81.5 -0.0318961139896 0.128635535265	386
60 81.5 -0.037340821256 0.118779198435	828
61.5 81.5 -0.0477521148036 0.119599486526	331
63 81.5 -0.0414894285714 0.113785193316	175
64.5 81.5 -0.044364 0.142446615865	50
66 81.5 -0.0177175 0.155956529163	200
67.5 81.5 -0.0144773333333 0.155887876974	150
69 81.5 0.0410325641026 0.155363525498	195
70.5 81.5 0.0456594339623 0.175476678971	106
72 81.5 0.0404901515152 0.145236665433	132
73.5 81.5 0.02305 0.134715620864	108
75 81.5 -0.0432669491525 0.125745582448	118
76.5 81.5 0.0143059139785 0.169138719414	93
78 81.5 0.0307012605042 0.16513696363	119
79.5 81.5 -0.0348548780488 0.13653544821	82
81 81.5 0.0670797619048 0.142222967211	168
82.5 81.5 0.0351164804469 0.166595861982	179
84 81.5 0.0314408571429 0.169863129915	175
85.5 81.5 0.142427840909 0.161099773939	176
87 81.5 0.0190839366516 0.12686626415	221
88.5 81.5 -0.023927818854 0.0985962563506	541
90 81.5 0.0811531531532 0.135629972612	444
91.5 81.5 0.221053108808 0.159155371515	193
93 81.5 0.0721979166667 0.157069139119	48
94.5 81.5 0.0550945086705 0.128646752399	173
96 81.5 0.0747641129032 0.108281637963	248
97.5 81.5 0.122375 0.089198608471	396
99 81.5 0.05980765625 0.090810105248	640
100.5 81.5 -0.00735634146341 0.0737936011056	820
102 81.5 -0.00966822302811 0.104168295718	1103
103.5 81.5 0.0349621848739 0.151940213018	238
105 81.5 0.0816283369803 0.147548450677	457
106.5 81.5 -0.00777087912088 0.153619618967	364
108 81.5 0.0587088452088 0.121772492038	814
109.5 81.5 0.0928940489433 0.121641342516	899
111 81.5 0.0933707683073 0.122946117178	833
112.5 81.5 0.0800083208396 0.11738915199	667
114 81.5 0.0674786549708 0.129916233144	513
115.5 81.5 0.0670413580247 0.139669272732	324
117 81.5 0.0672248878924 0.14587197922	223
118.5 81.5 0.0633632075472 0.152620966514	371
120 81.5 0.00438054830287 0.152219871739	383
121.5 81.5 0.0349286915888 0.14600805027	535
123 81.5 0.0365474137931 0.147998226464	580
124.5 81.5 0.0459301136364 0.157290229419	880
126 81.5 0.0183880382775 0.141952737139	836
127.5 81.5 0.109452222222 0.129152510258	495
129 81.5 0.115598044693 0.148826531602	358
130.5 81.5 0.0913213286713 0.153176136487	286
132 81.5 0.0468632420091 0.127274707801	219
133.5 81.5 0.0767538732394 0.129227944797	284
135 81.5 0.0728440983607 0.142657031315	305
136.5 81.5 0.0963793739968 0.138313405435	623
138 81.5 0.0722709106239 0.151011901719	593
139.5 81.5 0.0226340816327 0.166629135516	245
141 81.5 0.0285666666667 0.185494033994	258
142.5 81.5 0.0407947004608 0.161289782867	217
144 81.5 -0.0109227574751 0.158884682255	301
145.5 81.5 0.0364140350877 0.160945307987	342
147 81.5 0.0381207692308 0.159778665416	260
148.5 81.5 0.0540306779661 0.157533836338	295
150 81.5 0.0608631578947 0.166734855867	228
151.5 81.5 0.0299994444444 0.138367961584	180
153 81.5 0.0755445205479 0.116862303489	292
154.5 81.5 0.0528192015209 0.128859528533	263
156 81.5 0.0566997252747 0.131514187924	364
157.5 81.5 0.0925029166667 0.149888299525	240
159 81.5 0.12033045977 0.139347101352	261
160.5 81.5 0.0667917355372 0.155600532384	242
162 81.5 0.0442846938776 0.164792497025	147
163.5 81.5 0.0891132286996 0.141882226862	223
165 81.5 0.0661976744186 0.157325719208	172
166.5 81.5 0.0817967948718 0.139349173229	312
168 81.5 0.0807833333333 0.136164210045	303
169.5 81.5 0.108270863309 0.121221050397	556
171 81.5 0.073565648855 0.149643043035	262
172.5 81.5 0.0459365384615 0.151190930537	364
174 81.5 0.101267078189 0.12891069048	486
175.5 81.5 0.0953206281834 0.118550792107	589
177 81.5 0.0934552823315 0.121426255854	549
178.5 81.5 0.12976702544 0.103473298837	511
-180 81 0.117095454545 0.134284089967	209
-178.5 81 0.111138627451 0.134455685072	255
-177 81 0.134489832869 0.110459782114	359
-175.5 81 0.119568298969 0.133017550085	388
-174 81 0.0630658844765 0.144006288989	277
-172.5 81 0.105913525836 0.123099627785	329
-171 81 0.072466967509 0.13945945271	277
-169.5 81 0.0986051282051 0.137128841143	312
-168 81 0.126336831276 0.109280869797	243
-166.5 81 0.0734282608696 0.159878951611	253
-165 81 0.115641881919 0.131925563498	271
-163.5 81 0.128304166667 0.134244625206	240
-162 81 0.107109069767 0.124775446524	215
-160.5 81 0.0787021621622 0.114778802742	370
-159 81 0.0662671206226 0.132561711229	257
-157.5 81 0.0794660583942 0.124038140027	137
-156 81 0.110097004608 0.114946243899	434
-154.5 81 0.0848902953586 0.121716482859	474
-153 81 0.0952188888889 0.112281147402	540
-151.5 81 0.114752733119 0.1046861135	622
-150 81 0.0611045751634 0.126585598054	306
-148.5 81 0.0461139143731 0.125531242832	327
-147 81 0.0205091489362 0.137798747836	235
-145.5 81 0.0688728301887 0.126476161922	530
-144 81 0.0493940347072 0.112936306945	461
-142.5 81 0.0794879537954 0.104368499784	606
-141 81 0.0691141074856 0.105597625618	521
-139.5 81 0.0774929487179 0.111762995706	468
-138 81 0.0854624748491 0.100960886536	497
-136.5 81 0.0747640902873 0.103027947431	731
-135 81 0.059088245614 0.118699784397	570
-133.5 81 0.0832082589286 0.114762176901	448
-132 81 0.0680831695332 0.111909075978	407
-130.5 81 0.0797282978723 0.153542784751	235
-129 81 0.0913812668464 0.119765209239	371
-127.5 81 0.118594694534 0.0975794266473	622
-126 81 0.101576666667 0.130985984221	450
-124.5 81 0.126146132597 0.100521524082	724
-123 81 0.108815510597 0.11711238615	519
-121.5 81 0.110553084833 0.106965078562	389
-120 81 0.110379807692 0.111260195209	312
-118.5 81 0.130718 0.110311046609	250
-117 81 0.076652811245 0.129537773916	249
-115.5 81 0.141296932515 0.121260748065	326
-114 81 0.172273333333 0.116874220694	480
-112.5 81 0.183233055556 0.103404684116	720
-111 81 0.175919988545 0.108655128045	873
-109.5 81 0.222232386364 0.1177318244	880
-108 81 0.238393812709 0.0981690454081	1196
-106.5 81 0.21335273224 0.106399335203	1281
-105 81 0.19338184 0.134206737027	625
-103.5 81 0.164288709677 0.147425297644	186
-102 81 0.168876384365 0.141888671911	307
-100.5 81 0.223607312253 0.150164223845	253
-99 81 0.233904723127 0.140601282786	307
-97.5 81 0.163304736842 0.117628831471	285
-96 81 0.23195648855 0.150817556157	262
-94.5 81 0.311158196721 0.11333724384	122
-91.5 81 0.305008515284 0.143395832292	229
-90 81 0.0219477272727 0.202394840325	44
-87 81 0.1157 0.00728319984622	2
-85.5 81 0.184 0.0922774349448	2
-66 81 0.09975 0.146936789131	2
-64.5 81 -0.16505 0.0790777591994	6
-63 81 -0.02725 0.141755952256	5
-15 81 0.13891 0.0646082932413	10
-13.5 81 0.0712670454545 0.105867308209	88
-12 81 -0.041490625 0.133430689654	32
-10.5 81 -0.0275335616438 0.140215768266	73
-9 81 0.0792402777778 0.149724154025	72
-7.5 81 -0.0130453125 0.140521394665	64
-6 81 0.0491089576547 0.140184563485	307
-4.5 81 0.0899230569948 0.141486225476	386
-3 81 0.136438961039 0.163850960944	308
-1.5 81 0.103613380282 0.147381538668	142
0 81 0.0721064102564 0.132179656041	39
1.5 81 0.120018292683 0.233337756738	41
3 81 0.0688743589744 0.122159440168	156
4.5 81 0.118981578947 0.0998544132259	38
6 81 0.107214864865 0.130201649623	37
7.5 81 -0.00212777777778 0.0908990893488	9
9 81 0.29015 NaN	1
10.5 81 0.187272222222 0.0781826671612	9
12 81 -0.0987166666667 0.0964941210764	30
13.5 81 0.0223317204301 0.104659271122	93
15 81 0.16865 NaN	1
18 81 0.14049 0.142331349323	5
22.5 81 -0.106675 0.14065353118	4
24 81 0.02061 0.173737655677	5
27 81 -0.04855 NaN	1
28.5 81 0.0471518867925 0.0599477352192	53
30 81 0.0881565843621 0.0566811952093	243
31.5 81 0.0206730769231 0.0551656166141	13
33 81 0.00143 0.149140573509	10
34.5 81 0.0218 0.169789389146	4
36 81 0.0254192307692 0.171446718568	13
37.5 81 0.180992857143 0.290643509344	7
39 81 -0.0167760869565 0.121283788984	23
40.5 81 0.28785 NaN	1
42 81 0.03405 0.243889503669	3
43.5 81 -0.20705 NaN	1
45 81 0.102326744186 0.0952327645629	43
46.5 81 0.13008364486 0.0685908183854	107
48 81 0.0604 0.0432042243305	2
49.5 81 0.0206770833333 0.0492534876387	144
51 81 0.05448125 0.119399109134	64
52.5 81 0.0617009333333 0.0944176974763	375
54 81 -0.02295 0.0908784642674	356
55.5 81 -0.016064213198 0.14343387583	197
57 81 -0.0500214285714 0.0500634279009	14
58.5 81 -0.0882478723404 0.101102389963	47
60 81 -0.0505769662921 0.118501959519	178
61.5 81 -0.0390159259259 0.121348617789	135
63 81 -0.0140095918367 0.0990545836023	245
64.5 81 0.028518852459 0.132317316253	61
66 81 -0.0330033898305 0.0789037341741	472
67.5 81 -0.0378814285714 0.119696258468	105
69 81 0.0497833333333 0.192802088782	39
70.5 81 -0.00142397260274 0.177258079292	73
72 81 0.0581620689655 0.154178430555	58
73.5 81 0.0273263819095 0.106317053446	199
75 81 -0.00225291666667 0.0959942581956	240
76.5 81 0.0212177083333 0.113968065236	96
78 81 -0.0215333333333 0.120510968084	36
79.5 81 -0.0372514285714 0.106170581221	70
81 81 -0.0214772727273 0.117698049242	33
82.5 81 -0.056022 0.0829759543236	50
84 81 -0.0885225 0.122477905883	40
85.5 81 0.0687704081633 0.12396530089	49
87 81 -0.0236616071429 0.102316069028	224
88.5 81 -0.0366706730769 0.102615836775	208
90 81 0.0609307692308 0.103292266036	78
91.5 81 0.0993946043165 0.110284710053	139
93 81 -0.192641891892 0.0771443141794	37
94.5 81 -0.149229338843 0.0636021788376	121
96 81 0.0751201149425 0.249621412	87
97.5 81 0.0535464577657 0.0840300298487	367
99 81 0.0611508905852 0.120463311165	786
100.5 81 -0.00119341085271 0.0993875204722	774
102 81 -0.0170403649635 0.112053593435	685
103.5 81 0.0503698369565 0.12962304986	368
105 81 0.077316122449 0.138441856897	245
106.5 81 0.0365570921986 0.143865493302	282
108 81 0.0206360606061 0.133963064999	330
109.5 81 0.0926650684932 0.107251283187	657
111 81 0.0935609028961 0.109532182767	587
112.5 81 0.0743547916667 0.114885756442	480
114 81 0.0465964516129 0.115135481632	465
115.5 81 0.0792144067797 0.114174987333	472
117 81 0.095935915493 0.122242868715	213
118.5 81 0.0529771186441 0.174876129377	118
120 81 0.0130731707317 0.171241291963	246
121.5 81 -0.0179037313433 0.150844877422	335
123 81 0.0122398360656 0.129044024496	305
124.5 81 -0.0019825732899 0.136428765849	307
126 81 0.00333553921569 0.109784595938	408
127.5 81 0.0709384615385 0.153488818294	104
129 81 0.0532797709924 0.133475733718	131
130.5 81 0.0863213432836 0.123745821497	335
132 81 0.0892858422939 0.113787904137	279
133.5 81 0.0820778637771 0.129445419434	323
135 81 0.0397153374233 0.123748248638	326
136.5 81 0.0580623324397 0.148566529242	373
138 81 0.0392157754011 0.130351823121	561
139.5 81 0.0254956057007 0.161678450462	421
141 81 -0.0290976363636 0.14380324258	275
142.5 81 0.0146018518519 0.131885871216	270
144 81 -0.00555727272727 0.152931070701	165
145.5 81 -0.0499728571429 0.155977290979	140
147 81 5.76208178437e-06 0.142367747264	269
148.5 81 0.06216015625 0.144049446257	128
150 81 0.0641896103896 0.140756607441	154
151.5 81 0.0831814705882 0.121510157547	340
153 81 0.0614349462366 0.121595192552	279
154.5 81 0.051658411215 0.131800126897	214
156 81 0.0841224637681 0.139707136732	138
157.5 81 0.0646625 0.150073459057	160
159 81 0.0571769607843 0.166748893568	204
160.5 81 0.0305037735849 0.187489114439	106
162 81 0.0630759668508 0.133499718018	181
163.5 81 0.0129198113208 0.1405105115	106
165 81 0.0437971428571 0.165042092491	140
166.5 81 0.112647112861 0.14748745091	381
168 81 0.0757083333333 0.151515660636	360
169.5 81 0.112009106529 0.152924682649	291
171 81 0.0989641914191 0.136348182669	303
172.5 81 0.101012352941 0.141708903951	255
174 81 0.06986278826 0.133954454915	477
175.5 81 0.0859132743363 0.120216821398	452
177 81 0.0670497067449 0.130593755255	341
178.5 81 0.0954268292683 0.122116517394	492
-180 80.5 0.0973976470588 0.12351115859	170
-178.5 80.5 0.116361428571 0.104756533268	245
-177 80.5 0.10528442623 0.133916241104	122
-175.5 80.5 0.107236432161 0.148823406187	199
-174 80.5 0.0922082317073 0.122964924237	328
-172.5 80.5 0.0446244744745 0.131732145324	333
-171 80.5 0.103908490566 0.11540434814	371
-169.5 80.5 0.0319305084746 0.163467411875	118
-168 80.5 0.097327037037 0.134114993508	135
-166.5 80.5 0.0400972868217 0.146318897808	129
-165 80.5 0.0513972727273 0.154484729123	165
-163.5 80.5 0.0594277777778 0.201557874275	72
-162 80.5 0.103892553191 0.169016695421	94
-160.5 80.5 0.0584182758621 0.148958450444	145
-159 80.5 0.0744748062016 0.138289636628	129
-157.5 80.5 0.0958839869281 0.119734505186	153
-156 80.5 0.0780465174129 0.128978869734	201
-154.5 80.5 0.101046082949 0.110507420496	434
-153 80.5 0.0460828042328 0.138011842242	189
-151.5 80.5 0.0474223163842 0.127747857444	177
-150 80.5 -0.0119070621469 0.145650656025	177
-148.5 80.5 0.0584569620253 0.115800621054	158
-147 80.5 0.0691211267606 0.132746207266	142
-145.5 80.5 0.0757949101796 0.126815694773	167
-144 80.5 0.10164389313 0.111194212587	262
-142.5 80.5 0.088207337884 0.115117442663	293
-141 80.5 0.0693990196078 0.121597990038	204
-139.5 80.5 0.039148 0.160505994565	150
-138 80.5 0.0812284768212 0.112758528493	302
-136.5 80.5 0.0855477973568 0.0965458126827	454
-135 80.5 0.0843006410256 0.107864238266	468
-133.5 80.5 0.0841440700809 0.113700385877	371
-132 80.5 0.117732110912 0.119811038507	559
-130.5 80.5 0.127934109149 0.100362402428	623
-129 80.5 0.077603200883 0.109646418936	453
-127.5 80.5 0.079548816568 0.109909446401	338
-126 80.5 0.100415680473 0.108410024528	338
-124.5 80.5 0.119066195373 0.0950193011859	389
-123 80.5 0.115804385965 0.130237392629	228
-121.5 80.5 0.124923604061 0.11422223824	394
-120 80.5 0.100113414634 0.147640703173	205
-118.5 80.5 0.102560240964 0.130576419807	166
-117 80.5 0.0865078231293 0.119312379179	147
-115.5 80.5 0.173558986175 0.0926635189714	434
-114 80.5 0.147112679426 0.112155399766	209
-112.5 80.5 0.126849212598 0.130634089333	254
-111 80.5 0.1509326 0.117241402457	500
-109.5 80.5 0.114981828979 0.115244336019	421
-108 80.5 0.170123834197 0.141478315035	386
-106.5 80.5 0.216265523466 0.148061682484	554
-105 80.5 0.202826164384 0.161649962718	365
-103.5 80.5 0.232193657817 0.147394887568	339
-102 80.5 0.158311085973 0.139830668462	221
-100.5 80.5 0.280027419355 0.190034986713	155
-99 80.5 0.329905785124 0.180230752472	242
-97.5 80.5 0.296773939394 0.139802523348	330
-96 80.5 0.219345 0.103161899183	80
-88.5 80.5 -0.0901666666667 0.152731731041	6
-87 80.5 -0.0296125 0.137625920913	8
-84 80.5 0.27955 NaN	1
-82.5 80.5 -0.21975 0.0576716072753	8
-69 80.5 0.0952833333333 0.199790176602	6
-67.5 80.5 -0.0373833333333 0.195238988166	9
-16.5 80.5 -0.0306255555556 0.138294605094	45
-15 80.5 0.0387585714286 0.165304936355	35
-13.5 80.5 0.154261538462 0.17634820629	26
-12 80.5 0.0721431034483 0.138648445828	58
-10.5 80.5 0.0796833333333 0.156164382001	108
-9 80.5 0.0886198412698 0.134860213931	63
-7.5 80.5 0.182097222222 0.128352643599	72
-6 80.5 0.0719680327869 0.125480301715	122
-4.5 80.5 0.0595217514124 0.105237223963	354
-3 80.5 0.0767185990338 0.134106433711	207
-1.5 80.5 0.0322225146199 0.130685935622	171
0 80.5 0.1259125 0.0813328436218	32
1.5 80.5 0.09592625 0.113026422635	80
3 80.5 0.0967983146067 0.110301327067	89
4.5 80.5 0.0814567307692 0.133227763415	104
6 80.5 0.08792375 0.126893697643	160
7.5 80.5 -0.0560590909091 0.192585310494	22
37.5 80.5 -0.0120033333333 0.166942106589	15
39 80.5 -0.0387083333333 0.159992388787	12
40.5 80.5 0.0234166666667 0.117166562352	3
46.5 80.5 -0.17465 0.0852770778111	2
48 80.5 0.02543 0.203760495572	10
49.5 80.5 0.04235 0.315812710321	6
52.5 80.5 0.0514810344828 0.061338697314	29
54 80.5 0.0178182539683 0.0541645278084	63
55.5 80.5 0.149140789474 0.0939687808833	76
57 80.5 -0.0351982758621 0.0697369118324	29
58.5 80.5 -0.0698590909091 0.104309188996	11
61.5 80.5 0.0166071428571 0.108357169539	7
63 80.5 0.0468015151515 0.137079199038	99
64.5 80.5 0.0621521428571 0.108459794273	140
66 80.5 -0.0599 0.0469568562763	38
67.5 80.5 -0.2105 0.100197030894	2
69 80.5 0.0649020833333 0.126391591142	96
70.5 80.5 0.0102714285714 0.188954256485	14
72 80.5 0.0455 0.0414077689973	4
73.5 80.5 0.042815 0.09046719833	20
97.5 80.5 0.0747169064748 0.101706397123	139
99 80.5 0.00309592592593 0.11797446467	270
100.5 80.5 -0.0597483079526 0.0799462085925	591
102 80.5 -0.044912745098 0.0991287645887	510
103.5 80.5 0.0177988372093 0.127891343451	172
105 80.5 0.0632190721649 0.18757274109	97
106.5 80.5 0.131892857143 0.151161601244	98
108 80.5 0.0842201298701 0.142231626485	154
109.5 80.5 0.0902754237288 0.114828538161	354
111 80.5 0.100062667946 0.10242977347	521
112.5 80.5 0.0438075438596 0.114211994577	285
114 80.5 0.0496519455253 0.106465256382	257
115.5 80.5 0.0746814655172 0.108307685815	232
117 80.5 0.0829959119497 0.124330731225	159
118.5 80.5 0.0668632075472 0.153147352682	106
120 80.5 0.0405262962963 0.1562254027	135
121.5 80.5 0.0548631034483 0.150507847827	145
123 80.5 0.0702080645161 0.156398803791	155
124.5 80.5 0.103789864865 0.129252112834	148
126 80.5 0.0632545454545 0.120756481306	110
127.5 80.5 0.0752841880342 0.167008295356	117
129 80.5 0.0650504975124 0.11331346235	201
130.5 80.5 0.0416327160494 0.163259859419	81
132 80.5 0.0368843283582 0.119458697115	134
133.5 80.5 0.040184057971 0.13847909194	138
135 80.5 0.0462314371257 0.13968887228	167
136.5 80.5 0.0731367052023 0.169735779314	346
138 80.5 -0.00632655172414 0.168621400799	145
139.5 80.5 0.00303658536585 0.157555502938	164
141 80.5 -0.0188481707317 0.145329788903	164
142.5 80.5 -0.00567950819672 0.165294268367	122
144 80.5 0.0255864485981 0.14655903659	107
145.5 80.5 -0.00795847457627 0.17009608676	118
147 80.5 0.00221509433962 0.130452964005	106
148.5 80.5 0.0347351851852 0.136586495346	162
150 80.5 0.0471885321101 0.141567246754	109
151.5 80.5 0.0594961111111 0.155642584888	180
153 80.5 0.0426370967742 0.141196371294	93
154.5 80.5 0.0849036945813 0.124512113704	203
156 80.5 0.0101424731183 0.17052731914	93
157.5 80.5 -0.0159608695652 0.149261743596	46
159 80.5 0.00249015748031 0.151854009496	127
160.5 80.5 0.0697294392523 0.133644569265	107
162 80.5 0.0324431677019 0.132303681035	161
163.5 80.5 -0.00762291666667 0.158117450026	144
165 80.5 0.0334884615385 0.137867965757	104
166.5 80.5 0.077501048951 0.144491572378	143
168 80.5 0.0486330065359 0.167845511593	153
169.5 80.5 0.0720016666667 0.130867140263	120
171 80.5 0.0630976470588 0.13959458383	170
172.5 80.5 0.0520306451613 0.156777844833	124
174 80.5 0.0682264957265 0.136678375343	234
175.5 80.5 0.0930491304348 0.0899062549088	230
177 80.5 0.0873822580645 0.113048030607	186
178.5 80.5 0.113632051282 0.124581051988	156
-180 80 0.106968681319 0.122326089624	91
-178.5 80 0.069286036036 0.153480278148	111
-177 80 0.0545201298701 0.158280316847	77
-175.5 80 0.0957843283582 0.134045797978	134
-174 80 0.0961276173285 0.121841402039	277
-172.5 80 0.111655194805 0.137305451097	154
-171 80 0.0864734177215 0.13588335114	158
-169.5 80 0.0729707070707 0.16270752754	198
-168 80 0.0019575862069 0.154717395184	145
-166.5 80 0.0672358974359 0.154823697372	234
-165 80 0.0959904878049 0.114901480689	205
-163.5 80 0.105513392857 0.133289419567	112
-162 80 0.017440990991 0.136320218303	111
-160.5 80 0.0116444444444 0.151419482339	90
-159 80 0.0797605960265 0.137423512376	151
-157.5 80 0.0825626126126 0.145007738425	111
-156 80 0.0511616402116 0.134920407869	189
-154.5 80 0.0952875796178 0.151281324544	157
-153 80 0.092986627907 0.125412186357	172
-151.5 80 0.0367537037037 0.149976822293	135
-150 80 0.0545285714286 0.149077948913	112
-148.5 80 0.0331914414414 0.163103605929	111
-147 80 0.0487921383648 0.145745729852	159
-145.5 80 0.0689557142857 0.128573084773	175
-144 80 0.0776436842105 0.132413464852	190
-142.5 80 0.0583775 0.143454873561	160
-141 80 0.076957037037 0.118655770857	270
-139.5 80 0.0734014285714 0.132824152551	175
-138 80 0.0305815789474 0.112836994598	171
-136.5 80 0.0802161375661 0.104964939518	189
-135 80 0.0640958563536 0.103856595291	181
-133.5 80 0.0794510989011 0.112850938085	273
-132 80 0.091944893617 0.0836873910425	470
-130.5 80 0.0976502061856 0.0982281051454	485
-129 80 0.0938877906977 0.108261396611	344
-127.5 80 0.0973359649123 0.123849689257	228
-126 80 0.127535150812 0.102614211638	431
-124.5 80 0.106029462572 0.102137441246	521
-123 80 0.0874711031175 0.0960389040548	417
-121.5 80 0.062219047619 0.133733219084	168
-120 80 0.0663591549296 0.137825449741	142
-118.5 80 0.138121244635 0.121500726146	233
-117 80 0.165206129032 0.0971584986606	310
-115.5 80 0.17794291498 0.0971007239869	494
-114 80 0.172558982036 0.093695948952	334
-112.5 80 0.11929516129 0.110554344241	186
-111 80 0.122853333333 0.144112473204	270
-109.5 80 0.19950989011 0.140120606201	364
-108 80 0.118387325905 0.13738986061	359
-106.5 80 0.21076056338 0.134889426285	426
-105 80 0.236343478261 0.136248310849	414
-103.5 80 0.248271705426 0.161580905015	258
-102 80 0.203548470948 0.128138426745	327
-100.5 80 0.388396067416 0.27942173081	89
-99 80 0.254745588235 0.133530064234	136
-97.5 80 0.1302890625 0.0972496739945	128
-96 80 -0.0528625 0.156302732245	8
-87 80 0.11005 0.249623857033	3
-70.5 80 0.291313636364 0.207874213277	11
-69 80 -0.0297833333333 0.155702110308	42
-67.5 80 -0.0676431034483 0.142736252606	29
-66 80 0.14395 0.00746659226153	3
-18 80 0.21925 NaN	1
-16.5 80 0.0681666666667 0.152319340264	48
-15 80 0.0577630952381 0.195049619748	84
-13.5 80 -0.0289325 0.107892305987	120
-12 80 0.00457635658915 0.0876457109657	387
-10.5 80 0.0399109022556 0.0958174818317	931
-9 80 0.0892368421053 0.123606157835	38
-7.5 80 0.126453846154 0.0968615154982	26
-6 80 0.192583333333 0.0426774335373	3
-4.5 80 -0.0664805882353 0.0683153577231	85
-3 80 0.0444614649682 0.117371397691	157
-1.5 80 0.0491570422535 0.0964576732727	213
0 80 0.104778717949 0.115526640369	195
1.5 80 0.157899295775 0.168583605264	71
3 80 0.05715 NaN	1
64.5 80 0.0104514285714 0.124169567899	70
70.5 80 0.0857261904762 0.0947617375567	21
72 80 0.10285 NaN	1
97.5 80 0.182195714286 0.150411467693	35
99 80 -0.0497938202247 0.088174109727	89
100.5 80 -0.0430693939394 0.0937256914156	165
102 80 -0.0238102678571 0.0981783577931	224
103.5 80 -0.00272583643123 0.117089336873	269
105 80 0.0638428921569 0.0912973887502	408
106.5 80 0.0543194805195 0.109006867266	308
108 80 0.0198743902439 0.0713577972592	164
109.5 80 0.0560181818182 0.150662427718	66
111 80 0.0910030054645 0.108730870386	183
112.5 80 0.087947833935 0.120764270299	277
114 80 0.038631884058 0.106427597976	138
115.5 80 0.0661798578199 0.0987386420688	211
117 80 0.0818184210526 0.133619704638	171
118.5 80 0.0706869565217 0.131715101239	138
120 80 0.0122762711864 0.134906750592	118
121.5 80 0.0876586956522 0.128629349456	184
123 80 0.0645664948454 0.120399182928	194
124.5 80 0.0948464285714 0.102129599417	168
126 80 -0.0220052238806 0.174274285976	67
127.5 80 0.0843742857143 0.108550737977	140
129 80 0.112712051282 0.115298920319	195
130.5 80 0.0965796875 0.092268592127	192
132 80 0.0269359813084 0.140506049322	107
133.5 80 0.00449330708661 0.132917222474	127
135 80 0.0934333333333 0.108261588503	330
136.5 80 0.0617543956044 0.100849329133	273
138 80 0.0775294392523 0.125532595874	214
139.5 80 0.0466853846154 0.130416121644	130
141 80 -0.0159952380952 0.185318438672	84
142.5 80 -0.0166295698925 0.188891517958	93
144 80 0.0457348314607 0.115374696113	178
145.5 80 0.0172891891892 0.125486649203	74
147 80 0.0211870967742 0.159695134999	62
148.5 80 0.0140599099099 0.144339233597	111
150 80 0.00797202643172 0.110544813118	227
151.5 80 0.00811906779661 0.115496466635	236
153 80 -0.0231428571429 0.160152369305	84
154.5 80 0.0224960606061 0.1327674427	165
156 80 -0.00514963768116 0.10958992306	276
157.5 80 -0.019847826087 0.140296109913	92
159 80 -0.0429081395349 0.165229105346	43
160.5 80 0.0930109375 0.138360793163	64
162 80 -0.00462230769231 0.15174112595	130
163.5 80 0.0668661290323 0.163938138048	93
165 80 0.0325930463576 0.151393745582	151
166.5 80 0.108478169014 0.122026820309	142
168 80 0.0825774725275 0.166603021892	91
169.5 80 0.0767964646465 0.149698859151	99
171 80 0.0684217171717 0.169130063488	99
172.5 80 0.0617190721649 0.149125960713	97
174 80 0.0488490566038 0.15720971889	106
175.5 80 0.0649578787879 0.123991850139	165
177 80 0.114392038217 0.12490657387	157
178.5 80 0.109976271186 0.139073102117	236
-180 79.5 0.126465189873 0.119962029344	79
-178.5 79.5 0.0669230769231 0.145938626793	52
-177 79.5 0.129367073171 0.115785402583	41
-175.5 79.5 0.056000877193 0.129942104035	57
-174 79.5 0.0283607142857 0.146882960057	28
-172.5 79.5 0.102172807018 0.130917292702	114
-171 79.5 0.0169297297297 0.169887150279	74
-169.5 79.5 0.0824290697674 0.116175253043	215
-168 79.5 0.0735879807692 0.115234323547	208
-166.5 79.5 0.0200006493506 0.145440947162	77
-165 79.5 0.0305614583333 0.134058846364	96
-163.5 79.5 0.0540166666667 0.16852322737	99
-162 79.5 0.0334057142857 0.196856915326	70
-160.5 79.5 0.0565582089552 0.133755971857	134
-159 79.5 0.0453691919192 0.123016592275	99
-157.5 79.5 0.085335 0.12565802669	100
-156 79.5 0.0620462962963 0.169457203328	54
-154.5 79.5 0.0738349056604 0.155707304799	53
-153 79.5 0.0482142857143 0.161442748004	56
-151.5 79.5 -0.0156848837209 0.146643732958	86
-150 79.5 0.0478814814815 0.154667540136	108
-148.5 79.5 0.126715882353 0.130937099993	170
-147 79.5 0.127545934959 0.155147868863	123
-145.5 79.5 0.0767601694915 0.141962444652	177
-144 79.5 0.0575056886228 0.144367063378	167
-142.5 79.5 0.100660810811 0.127976936577	185
-141 79.5 0.092297260274 0.124188226548	146
-139.5 79.5 0.0654518691589 0.146524958902	107
-138 79.5 0.0674745901639 0.105623032704	366
-136.5 79.5 0.088501372549 0.0932997353597	255
-135 79.5 0.096965498155 0.0945030180766	271
-133.5 79.5 0.0556222222222 0.115408173464	126
-132 79.5 0.0835015570934 0.0798721330949	289
-130.5 79.5 0.101510330579 0.0818358828082	484
-129 79.5 0.100796902655 0.0884603440744	452
-127.5 79.5 0.132741083916 0.0754135886956	572
-126 79.5 0.0948315789474 0.0997219988549	266
-124.5 79.5 0.11831770428 0.128630365868	257
-123 79.5 0.125048275862 0.0878621211405	348
-121.5 79.5 0.145222631579 0.0908812087382	475
-120 79.5 0.164147421731 0.0753738903817	543
-118.5 79.5 0.123054201681 0.118898662944	238
-117 79.5 0.109092424242 0.11368896442	99
-115.5 79.5 0.107157462687 0.151560558267	67
-114 79.5 0.16426192053 0.125175035811	151
-112.5 79.5 0.100288686131 0.132838168501	274
-111 79.5 0.167386462882 0.139962219981	458
-109.5 79.5 0.178764341085 0.129461582976	258
-108 79.5 0.0725922680412 0.140003486141	194
-106.5 79.5 0.09855 0.157125937648	72
-105 79.5 0.661255128205 0.751016891902	78
-103.5 79.5 0.257689344262 0.114631039136	122
-102 79.5 0.21992007874 0.146980449247	254
-100.5 79.5 0.158978313253 0.157775219027	166
-99 79.5 0.33841 0.173148564384	90
-97.5 79.5 0.269142352941 0.173805786669	170
-96 79.5 0.1102875 0.225607471618	8
-87 79.5 0.12445 NaN	1
-85.5 79.5 0.108225 0.133421072174	4
-75 79.5 0.26635 NaN	1
-72 79.5 -0.0301987804878 0.149505926508	41
-70.5 79.5 0.0118394736842 0.166105662138	19
-69 79.5 -0.00215470588235 0.102289844846	85
-67.5 79.5 -0.0828074074074 0.106698139896	54
-66 79.5 0.014600877193 0.174724260441	57
-19.5 79.5 -0.0669833333333 0.14107378684	3
-18 79.5 -0.0657189655172 0.172578311631	29
-16.5 79.5 0.0838038461538 0.146992158484	39
-15 79.5 0.0330807692308 0.118878528824	26
-13.5 79.5 0.0782573170732 0.12982948315	41
-12 79.5 -0.0416045454545 0.086961773211	121
-7.5 79.5 0.0787558139535 0.0449748383371	86
-6 79.5 0.147532627119 0.0676164136806	236
-4.5 79.5 0.153416459627 0.065231256833	161
-3 79.5 0.0703274193548 0.115828081539	31
-1.5 79.5 0.27325 0.038722990587	3
67.5 79.5 0.09477 0.235536508847	5
69 79.5 0.095758974359 0.0534434454958	78
70.5 79.5 0.0860617647059 0.0756383571313	34
100.5 79.5 -0.0277632450331 0.0830737902313	151
102 79.5 -0.00693264150943 0.0787226441219	265
103.5 79.5 0.0430507692308 0.079550469968	650
105 79.5 0.0209114835949 0.0618538512493	701
106.5 79.5 0.012704954955 0.0799721390553	333
108 79.5 -0.0319800395257 0.131996259442	253
109.5 79.5 0.0301395104895 0.109447582079	286
111 79.5 0.0208053072626 0.0809972472295	179
112.5 79.5 0.104747107438 0.0856127042957	242
114 79.5 0.0672678807947 0.105939551551	302
115.5 79.5 0.0739985207101 0.113225341637	169
117 79.5 0.0307612149533 0.131115209939	214
118.5 79.5 0.0385663043478 0.117219511307	184
120 79.5 0.0599232283465 0.109731740318	127
121.5 79.5 0.0930414285714 0.0989665834479	245
123 79.5 0.0978705211726 0.102676293168	307
124.5 79.5 0.0919895498392 0.105763401859	311
126 79.5 0.0320875 0.178822616755	96
127.5 79.5 0.039556 0.158697883242	100
129 79.5 0.07205 0.116156908126	168
130.5 79.5 0.0480739382239 0.111679221756	259
132 79.5 0.0900717073171 0.0800839311679	410
133.5 79.5 0.0830886430678 0.0875614483098	339
135 79.5 0.0289461538462 0.122382661444	234
136.5 79.5 -0.00567281879195 0.125315787664	149
138 79.5 0.0623374074074 0.105814487262	270
139.5 79.5 0.0508921052632 0.145505801906	114
141 79.5 0.0361314159292 0.0856011345685	339
142.5 79.5 0.00881054054054 0.0966468015493	185
144 79.5 0.0380808510638 0.0904616839462	188
145.5 79.5 0.0212758928571 0.105448099359	224
147 79.5 0.00854409722222 0.102353021671	288
148.5 79.5 -0.00816206896552 0.0801483072649	116
150 79.5 0.0560943037975 0.0935350390219	79
151.5 79.5 0.0465758302583 0.0517058618064	271
153 79.5 0.0321205882353 0.131805053795	17
154.5 79.5 0.0349026315789 0.134445764563	57
156 79.5 -0.0107058823529 0.175815009957	68
157.5 79.5 0.0383007692308 0.108959572188	325
159 79.5 0.0560301075269 0.124521117202	186
160.5 79.5 0.0227015151515 0.161520558724	99
162 79.5 0.191926521739 0.0941254326711	115
163.5 79.5 0.158507534247 0.156186215352	73
165 79.5 0.0456202702703 0.169583844987	37
166.5 79.5 0.0180948979592 0.14063570709	49
168 79.5 -0.039784 0.161621568082	50
169.5 79.5 0.0506578651685 0.157889885554	89
171 79.5 0.0360947761194 0.143890307846	67
172.5 79.5 0.0561226315789 0.11604287216	95
174 79.5 0.0314745454545 0.156056757604	110
175.5 79.5 0.0793166666667 0.144777293516	66
177 79.5 0.0256738095238 0.202283318405	21
178.5 79.5 0.13389375 0.165403135677	16
-180 79 0.05154 0.118730787488	40
-178.5 79 -0.0765924242424 0.144950771881	33
-177 79 -0.0261785714286 0.169350533341	21
-175.5 79 0.0642875 0.169513357881	16
-174 79 0.0295433333333 0.117476526475	45
-172.5 79 0.0386197841727 0.113173189491	139
-171 79 0.022860989011 0.118308010265	182
-169.5 79 0.0208775862069 0.102348478379	174
-168 79 0.0442524590164 0.0849943950151	122
-166.5 79 0.0437863636364 0.21800004051	22
-165 79 0.0162413793103 0.15655118919	58
-163.5 79 0.0851280487805 0.151214490893	41
-162 79 0.0735375 0.121050579162	88
-160.5 79 0.0883306451613 0.169266626264	62
-159 79 0.0733582474227 0.170939174532	97
-157.5 79 0.0413221311475 0.180836458466	61
-156 79 0.08845 0.137784283659	69
-154.5 79 0.11152 0.15760791191	30
-153 79 0.00513461538462 0.211491877276	26
-151.5 79 9.21052631578e-06 0.124538193529	76
-150 79 0.00635099009901 0.122423266984	101
-148.5 79 0.02303125 0.136605921181	32
-147 79 0.0810976190476 0.153240339228	63
-145.5 79 -0.00186612903226 0.191850232053	62
-144 79 0.0945401734104 0.122060248498	173
-142.5 79 0.0840808176101 0.118307445409	159
-141 79 0.0413258426966 0.146251138894	178
-139.5 79 0.0686645695364 0.108251133144	302
-138 79 0.112095454545 0.116617095676	143
-136.5 79 0.0258959459459 0.162444164832	111
-135 79 0.0341779069767 0.124425566439	43
-133.5 79 0.0870593333333 0.12917316805	75
-132 79 0.0851725806452 0.09367362718	124
-130.5 79 0.10500412844 0.0949002226762	218
-129 79 0.0934035211268 0.0957969991519	213
-127.5 79 0.0920897660819 0.0855903337585	171
-126 79 0.084679389313 0.112489332039	262
-124.5 79 0.0930898843931 0.100746817544	346
-123 79 0.0708995901639 0.102951856381	244
-121.5 79 0.15068557047 0.0792928195122	149
-120 79 0.112372674419 0.110049457823	172
-118.5 79 0.120740188679 0.0799392604289	265
-117 79 0.106891666667 0.077642263863	324
-115.5 79 0.108082 0.101469705395	300
-114 79 0.104310159363 0.11550009388	251
-112.5 79 0.180147894737 0.141365119201	190
-111 79 0.186994607843 0.123590257879	204
-109.5 79 0.139261881188 0.162540672625	101
-108 79 0.131280677291 0.130087789647	251
-106.5 79 0.183878865979 0.156260820862	194
-105 79 0.275571428571 0.188005550671	168
-103.5 79 0.0300785714286 0.134875388178	35
-102 79 0.193472580645 0.153921604959	31
-100.5 79 0.127489393939 0.171553239085	99
-99 79 0.125370547945 0.137047228667	146
-97.5 79 0.0818522900763 0.187540692801	131
-96 79 0.0660008849558 0.169063572853	226
-94.5 79 0.141003488372 0.186433793767	86
-85.5 79 0.42375 NaN	1
-84 79 0.3308 0.0392585022638	4
-73.5 79 0.19825 0.124255523016	5
-72 79 0.0470055555556 0.214054444658	9
-70.5 79 -0.0192708333333 0.141414297227	24
-69 79 0.0501833333333 0.127662424647	6
-67.5 79 0.203883333333 0.236661622012	3
-19.5 79 0.13159375 0.0443861985869	16
-18 79 0.16115 0.108566771531	68
-16.5 79 0.199166666667 0.164961185597	24
-13.5 79 -0.0756788461538 0.164859176193	52
-12 79 -0.0433772727273 0.123553649002	11
-10.5 79 0.0568115384615 0.14951690102	169
-9 79 0.132920689655 0.115443311906	116
-7.5 79 0.0612444915254 0.0603717357723	236
-6 79 0.146989259259 0.0512641754641	135
99 79 -0.0710607142857 0.0442141716424	56
100.5 79 -0.0994835227273 0.119285128572	176
103.5 79 -0.0771235294118 0.109524551859	34
105 79 -0.05715 0.19263177308	3
106.5 79 -0.0791887096774 0.0995621938871	31
108 79 0.00283461538462 0.0983908322159	78
109.5 79 -0.001425 0.135402258633	36
111 79 0.0423478571429 0.0758733424603	140
112.5 79 0.0441610701107 0.100786237795	271
114 79 -0.0130466292135 0.0960376635983	89
115.5 79 0.0449641666667 0.116577349297	120
117 79 0.0507566176471 0.103415736464	136
118.5 79 0.0737237967914 0.115832627249	187
120 79 0.0571024590164 0.111971170443	122
121.5 79 0.0825961538462 0.126672028981	52
123 79 0.0923436708861 0.0930632677635	158
124.5 79 0.0708978494624 0.100693110533	186
126 79 0.0867821138211 0.101600267079	246
127.5 79 0.0658290513834 0.118677084865	253
129 79 0.0664272486772 0.114869294644	189
130.5 79 0.0412457627119 0.120064622482	118
132 79 0.0540719230769 0.119216285798	260
133.5 79 0.0300222727273 0.113879029	220
135 79 0.0628777511962 0.101967011046	209
136.5 79 0.069676911315 0.108599260852	327
138 79 0.0583703007519 0.102495656049	133
139.5 79 0.0190466101695 0.144614824878	59
141 79 0.0549730769231 0.119978548563	65
142.5 79 -0.0166148044693 0.0774131252215	179
144 79 -0.00990903614458 0.0764748483366	249
145.5 79 -0.0674441176471 0.152957671721	17
147 79 0.0200528571429 0.0659428491924	175
148.5 79 0.0182281553398 0.0543172263543	412
150 79 0.0158092307692 0.0847301956416	260
151.5 79 -0.0740646341463 0.11552067649	82
153 79 -0.0422045454545 0.125091273977	66
154.5 79 0.0118027896996 0.086237119995	233
156 79 -0.0219348214286 0.123022227692	112
157.5 79 -0.0357864705882 0.125901085368	85
159 79 0.0231320143885 0.15714516286	139
160.5 79 -0.0111277777778 0.16422814662	126
162 79 0.0281440298507 0.151757297565	201
163.5 79 0.0318471223022 0.156006418459	139
165 79 -0.00826946308725 0.156222351793	149
166.5 79 -0.0276588888889 0.106170270501	135
168 79 -0.00534090909091 0.152700422386	88
169.5 79 0.0565748366013 0.138161837922	153
171 79 0.0526589285714 0.140207175639	56
172.5 79 0.0825817460317 0.150524339287	63
174 79 -0.00684090909091 0.171596739049	33
175.5 79 0.0657565934066 0.149112611287	91
177 79 0.0876307017544 0.139466197183	57
178.5 79 0.11767952381 0.0932025079349	105
-180 78.5 -0.0662204918033 0.124288439184	61
-178.5 78.5 -0.0327944444444 0.116028260262	27
-177 78.5 0.0180550847458 0.145497158905	59
-175.5 78.5 0.0275067567568 0.083356538894	185
-174 78.5 -0.0135963235294 0.112917817974	136
-172.5 78.5 0.0184829268293 0.125979436977	164
-171 78.5 -0.0223043859649 0.132773611124	57
-169.5 78.5 0.0359894736842 0.191927475801	38
-168 78.5 0.0862727272727 0.134047937168	22
-166.5 78.5 0.0564711538462 0.0852257056726	104
-165 78.5 0.0234217391304 0.104233320889	46
-163.5 78.5 0.0540595238095 0.130770141488	21
-162 78.5 0.0794115384615 0.173420398368	52
-160.5 78.5 0.0680055555556 0.137708196271	18
-159 78.5 0.0311972222222 0.21029569724	36
-157.5 78.5 -0.0163813953488 0.142798975331	86
-156 78.5 0.07295 0.160775077532	19
-154.5 78.5 0.0821535714286 0.16352506996	28
-153 78.5 -0.0397357142857 0.204739716295	7
-151.5 78.5 0.02525 0.170862825097	5
-150 78.5 -0.0423730769231 0.076232885781	39
-148.5 78.5 -0.0583611111111 0.117846468815	90
-147 78.5 0.02871 0.177609442613	20
-145.5 78.5 0.0107733128834 0.13950453091	163
-144 78.5 0.0108893548387 0.125235527975	155
-142.5 78.5 -0.0248177419355 0.177179875432	31
-141 78.5 0.0737349315068 0.154260230771	73
-139.5 78.5 0.0208981481481 0.138211804951	81
-138 78.5 -0.0329459183673 0.168439732	49
-136.5 78.5 0.0606822580645 0.178253795447	31
-135 78.5 0.110403846154 0.178627566139	26
-133.5 78.5 0.153102083333 0.146066512086	48
-132 78.5 0.0467369565217 0.106739318122	69
-130.5 78.5 0.10589625 0.108907546371	80
-129 78.5 0.0802882978723 0.143094265909	47
-127.5 78.5 0.031552247191 0.120830344978	89
-126 78.5 0.0964535211268 0.123056695353	142
-124.5 78.5 0.0840608108108 0.0947057972601	185
-123 78.5 0.0890577720207 0.0862309948367	193
-121.5 78.5 0.0815808270677 0.082352601273	133
-120 78.5 0.0624781914894 0.106350138607	188
-118.5 78.5 0.167839010989 0.112432859868	364
-117 78.5 0.196427931034 0.121003649731	290
-115.5 78.5 0.181613578275 0.109824423466	313
-114 78.5 0.112894850498 0.120788898007	301
-112.5 78.5 0.122035658915 0.136009333874	516
-111 78.5 0.162271428571 0.155905014647	70
-109.5 78.5 -0.0726372727273 0.159046067231	55
-108 78.5 0.0989803501946 0.110996085996	257
-106.5 78.5 0.177968726592 0.133535244234	267
-105 78.5 0.251714444444 0.138852037055	225
-103.5 78.5 0.16963961039 0.0910914095326	77
-99 78.5 0.168219892473 0.157723716214	186
-97.5 78.5 -0.0995944444444 0.0490820005478	9
-96 78.5 0.142310824742 0.340959773885	97
-94.5 78.5 0.126384482759 0.156887949294	290
-93 78.5 0.116714035088 0.218326256281	114
-75 78.5 0.0530357142857 0.194773102426	7
-73.5 78.5 -0.0356917322835 0.0826638713438	127
-72 78.5 0.16965 0.117238304321	2
-21 78.5 0.141775 0.223198340688	8
-19.5 78.5 0.0155214285714 0.122143436367	7
-18 78.5 0.01439 0.144515511278	5
-13.5 78.5 -0.0683471014493 0.0402623494081	138
-12 78.5 -0.0174459677419 0.0836855502444	248
-10.5 78.5 0.0615514705882 0.0971380078003	204
-9 78.5 0.0951916666667 0.107479479233	96
-7.5 78.5 -0.0337321705426 0.0523334059923	129
106.5 78.5 -0.0216888888889 0.0599364186557	144
108 78.5 -0.0820496 0.0452123854606	250
109.5 78.5 -0.0654533057851 0.0467630176855	242
111 78.5 0.0411367816092 0.0682897287277	174
112.5 78.5 0.0549197879859 0.0706686508882	566
114 78.5 0.0788467567568 0.0836514033321	370
115.5 78.5 0.119642682927 0.110920163609	41
117 78.5 0.159401086957 0.0837314119042	92
118.5 78.5 0.148269444444 0.184232584088	36
120 78.5 0.0458558139535 0.123830854612	86
121.5 78.5 0.0169368852459 0.119642881771	61
123 78.5 -0.0112020833333 0.120232255922	96
124.5 78.5 0.116269130435 0.101082700982	115
126 78.5 0.0554737623762 0.0885026301979	202
127.5 78.5 0.02367625 0.145533854579	160
129 78.5 0.0317452755906 0.111895041423	127
130.5 78.5 0.0414602564103 0.113829434697	195
132 78.5 0.0374832061069 0.123533675448	262
133.5 78.5 -0.0128409090909 0.115099579351	121
135 78.5 0.0214316037736 0.0859209715765	212
136.5 78.5 0.0264911764706 0.133073446151	51
138 78.5 0.0311108695652 0.0828848584973	46
139.5 78.5 -0.0359342105263 0.157321109211	19
141 78.5 -0.0711326923077 0.11000822023	52
142.5 78.5 0.0261316326531 0.120842139921	49
144 78.5 0.084924137931 0.123772854434	58
145.5 78.5 0.080125 0.24992204618	4
150 78.5 0.00980148514851 0.0610604726707	101
151.5 78.5 -0.010133745583 0.0744751294874	283
153 78.5 -0.0184482698962 0.0481679926697	289
154.5 78.5 -0.0152748062016 0.0895184164284	129
156 78.5 0.0231775 0.0945196044424	120
157.5 78.5 0.0374964285714 0.0793262986897	168
159 78.5 -0.00687108843537 0.107901257646	147
160.5 78.5 -0.0525007042254 0.14175878796	71
162 78.5 -0.12008375 0.116721425304	80
163.5 78.5 -0.0409966666667 0.15191011476	90
165 78.5 -0.0377203296703 0.140157333415	91
166.5 78.5 0.00365 0.155115044522	109
168 78.5 -0.0238546511628 0.171650045363	43
169.5 78.5 -0.0429905405405 0.145846899429	148
171 78.5 0.0279343137255 0.185167590439	51
172.5 78.5 0.02135625 0.167654290879	32
174 78.5 0.0953269230769 0.180089547882	13
175.5 78.5 0.028122 0.145150027328	25
177 78.5 0.0863075471698 0.115202514823	212
178.5 78.5 -0.00862916666667 0.154478094513	48
-180 78 -0.0101800813008 0.0714865512512	246
-178.5 78 -0.0422051724138 0.0708410047143	290
-177 78 -0.00505604651163 0.104210107277	215
-175.5 78 0.00100401459854 0.0947054225531	137
-174 78 -0.0880633333333 0.135438999799	15
-172.5 78 -0.0744905405405 0.171536660253	37
-171 78 0.0710239130435 0.175366484352	23
-169.5 78 0.139567938931 0.0383943285686	262
-168 78 0.11744537037 0.0410471108054	108
-166.5 78 0.13293 0.0554646463975	5
-165 78 0.00213571428571 0.154576842657	21
-163.5 78 0.117092857143 0.232813575848	14
-162 78 -0.0247055555556 0.109047227281	9
-160.5 78 0.00166538461538 0.155114467658	13
-159 78 -0.0185820754717 0.157437281497	53
-157.5 78 -0.0397944444444 0.167407966296	27
-156 78 0.106561538462 0.121548479239	52
-154.5 78 0.09184 0.162023458178	10
-153 78 0.00837 0.176934556909	15
-151.5 78 -0.0399152173913 0.144588257119	46
-150 78 -0.0706569306931 0.100717382787	202
-148.5 78 -0.0152715469613 0.134545761442	181
-147 78 -0.0316919642857 0.125550454047	112
-145.5 78 -0.0156325 0.122312826547	80
-144 78 -0.0509723880597 0.112845642524	67
-142.5 78 -0.0616785714286 0.135979227591	35
-141 78 -0.0058713592233 0.10541269936	103
-139.5 78 -0.0458711538462 0.115498512573	52
-138 78 -0.0554433333333 0.1315053908	15
-136.5 78 0.145807142857 0.176387866818	14
-135 78 0.0373558823529 0.177627582566	17
-133.5 78 -0.155292857143 0.118289662168	14
-132 78 0.0631126865672 0.109382306801	67
-130.5 78 0.0617443396226 0.122843276349	53
-129 78 0.0618374015748 0.0793596033198	254
-127.5 78 0.0586563063063 0.120886120174	111
-126 78 0.0944282608696 0.12160793318	92
-124.5 78 0.0465285046729 0.0910403912309	107
-123 78 0.110624583333 0.0909275525456	480
-121.5 78 0.174694142615 0.125129630147	589
-120 78 0.203255122951 0.101766565807	488
-118.5 78 0.268492548077 0.115704014123	416
-117 78 0.1993625 0.122719949384	120
-115.5 78 0.229801937984 0.31942809835	129
-114 78 0.00829871794872 0.100876902243	39
-112.5 78 0.035635 0.0684784331112	220
-111 78 0.140255333333 0.0772294200876	150
-109.5 78 0.00138557692308 0.115528332101	104
-108 78 0.0443573333333 0.101719964382	150
-106.5 78 0.175659411765 0.11131141892	170
-105 78 0.163139430894 0.146904380529	123
-103.5 78 0.194808378378 0.158303259283	185
-102 78 0.0458026315789 0.158606487556	57
-100.5 78 -0.076 0.208712377847	4
-99 78 0.00347782608696 0.104694754764	115
-97.5 78 -0.0707155172414 0.13369399933	58
-96 78 -0.15216875 0.0688834047676	64
-94.5 78 0.0633725352113 0.226354344191	142
-93 78 0.163729435484 0.181919655322	248
-91.5 78 0.0676265432099 0.14013380951	81
-90 78 0.07315 0.200115896207	48
-88.5 78 0.163870253165 0.144916673122	79
-87 78 1.00235 NaN	1
-85.5 78 0.76085 NaN	1
-78 78 0.0458333333333 0.0846634139795	6
-76.5 78 0.685191176471 0.694141294207	17
-75 78 -0.0446923076923 0.110780470683	52
-73.5 78 -0.0761641509434 0.0587544599137	106
-19.5 78 0.219516666667 0.275496944932	6
-18 78 0.01185 0.0270068509827	3
-16.5 78 0.11125 NaN	1
-15 78 0.0805241935484 0.0448591868535	31
-13.5 78 0.118232534247 0.0774263561181	292
-12 78 0.0353947058824 0.0868364232691	85
-9 78 0.13821 0.146528751984	20
-7.5 78 -0.0135337837838 0.0516946296024	37
-6 78 -0.1865 0.05764838824	4
106.5 78 -0.0454772727273 0.0762366983927	11
108 78 -0.107435714286 0.0497467395438	7
111 78 0.122797191011 0.0526825083588	178
112.5 78 0.0433980349345 0.0971205574661	229
114 78 0.0252055555556 0.10905268892	63
115.5 78 -0.1287 0.140062474156	4
117 78 -0.04685 0.155703082821	7
121.5 78 0.1176 0.0986649931311	24
123 78 0.0404801675978 0.102903998489	179
124.5 78 0.09843 0.170972278455	50
126 78 0.0113730769231 0.136941448278	13
127.5 78 -0.010275 0.0896080493036	4
129 78 0.0847486254296 0.0829493202036	291
130.5 78 0.0380358585859 0.0814332388392	198
132 78 -0.0227480769231 0.127008705106	52
133.5 78 -0.116724074074 0.119950456416	27
139.5 78 -0.0458642857143 0.187241995188	7
141 78 0.19305 NaN	1
145.5 78 0.002125 0.12042378987	4
147 78 -0.0946880952381 0.133468848336	21
153 78 -0.0714117647059 0.0865851621927	34
154.5 78 -0.0581990909091 0.113539582986	165
156 78 -0.0176507092199 0.0997715307923	141
157.5 78 -0.0196774193548 0.122261208001	124
159 78 -0.0254130136986 0.0938342563376	219
160.5 78 -0.0269892592593 0.108578746509	135
162 78 -0.0627368421053 0.109943999835	114
163.5 78 -0.0414688679245 0.126645191923	53
165 78 0.0185760273973 0.14812144138	73
166.5 78 -0.0531988095238 0.127088872703	84
168 78 -0.0484811827957 0.142301120545	93
169.5 78 0.0342483739837 0.137151009262	123
171 78 -0.0311970588235 0.137531555024	34
172.5 78 0.0272287878788 0.145969137914	33
174 78 0.0755818181818 0.161595071195	22
175.5 78 -0.0149006666667 0.138154113293	75
177 78 -0.00537142857143 0.0985578008737	140
178.5 78 -0.01515 0.0863187102495	231
-180 77.5 -0.0325087890625 0.0572850304802	512
-178.5 77.5 -0.0317784345048 0.0836849980607	313
-177 77.5 0.0130541666667 0.0806124076197	144
-175.5 77.5 -0.0506115384615 0.153614931766	26
-174 77.5 -0.0319611111111 0.164146957362	9
-172.5 77.5 0.016530952381 0.131192803229	21
-171 77.5 -0.1531 0.083526967416	8
-169.5 77.5 0.0861631147541 0.093042600414	61
-168 77.5 0.00476034482759 0.0461022878363	58
-166.5 77.5 -0.0103488095238 0.0753609315134	84
-165 77.5 0.0278125 0.133362394973	8
-163.5 77.5 -0.05048125 0.132203442813	16
-162 77.5 -0.0484101626016 0.087863286818	123
-160.5 77.5 0.0232404109589 0.075307809026	219
-159 77.5 -0.0366193641618 0.121927780465	173
-157.5 77.5 -0.04515 NaN	1
-156 77.5 0.0451269230769 0.0943841412721	52
-154.5 77.5 -0.0141695121951 0.107171683471	82
-153 77.5 -0.150242307692 0.11206627103	13
-151.5 77.5 -0.0055388372093 0.0809871627421	215
-150 77.5 -0.0105143243243 0.116280951572	185
-148.5 77.5 -0.00252368421053 0.0941632084778	57
-147 77.5 -0.10401 0.151315191277	10
-145.5 77.5 -0.0601547945205 0.095657450154	146
-144 77.5 -0.013837745098 0.0674211891443	204
-142.5 77.5 -0.0371184210526 0.135518477176	76
-141 77.5 -0.0253848571429 0.125265268814	175
-139.5 77.5 0.0199650943396 0.0870638207561	159
-138 77.5 0.013125 0.221078035996	16
-136.5 77.5 -0.121198 0.12388748632	25
-135 77.5 -0.0220858974359 0.142715511065	39
-133.5 77.5 0.0499388888889 0.0980880750016	18
-132 77.5 0.0689393333333 0.0832710513492	75
-130.5 77.5 0.040919047619 0.10857849917	42
-129 77.5 0.0281327160494 0.109708941967	81
-127.5 77.5 0.0654558823529 0.11289385906	204
-126 77.5 0.0943879912664 0.125742933593	229
-124.5 77.5 0.108619444444 0.127124808288	180
-123 77.5 0.135240243902 0.169532943453	82
-121.5 77.5 0.225579972752 0.101688136365	367
-120 77.5 0.284025572519 0.15497861594	131
-118.5 77.5 0.140903296703 0.138070413076	182
-117 77.5 0.130743854749 0.0929926172991	179
-115.5 77.5 0.193139473684 0.283934300346	38
-114 77.5 0.0408638461538 0.142829465488	65
-112.5 77.5 0.382443333333 0.701473721057	30
-111 77.5 -0.020512962963 0.138953072178	27
-109.5 77.5 0.0905565217391 0.0878856159759	92
-108 77.5 0.011031147541 0.117855590534	122
-106.5 77.5 0.0460806451613 0.128657589263	62
-105 77.5 0.0324924242424 0.0878413430971	66
-103.5 77.5 0.0444406976744 0.102945001227	215
-102 77.5 0.0325 0.122859576663	200
-100.5 77.5 0.0653473684211 0.0965245405259	304
-99 77.5 0.119217901235 0.127153959427	162
-97.5 77.5 0.0573822916667 0.135823042379	96
-96 77.5 -0.00493421052632 0.138411753929	19
-94.5 77.5 -0.0022440397351 0.08948459922	151
-93 77.5 0.0238202702703 0.171996273001	111
-91.5 77.5 0.092531294964 0.177661823588	139
-90 77.5 -0.0179578947368 0.150535491697	38
-88.5 77.5 0.0540385496183 0.153456648672	131
-87 77.5 -0.152301428571 0.102118317685	35
-85.5 77.5 -0.20965 0.100267741572	2
-78 77.5 0.214563333333 0.116535176924	90
-76.5 77.5 0.0273066666667 0.142082287191	30
-75 77.5 -0.08175 0.15033090168	2
-19.5 77.5 -0.0750913793103 0.0918767284278	29
-18 77.5 -0.02115 NaN	1
-16.5 77.5 0.0523815068493 0.0534287398647	73
-15 77.5 0.0346488636364 0.0511844272026	264
-12 77.5 -0.06335 0.0162336071161	3
-10.5 77.5 0.172716666667 0.0576443810503	6
-7.5 77.5 0.124214102564 0.121570697403	39
15 77.5 -0.16921557377 0.0837546891926	61
97.5 77.5 0.21845 0.159316132265	3
109.5 77.5 0.112862121212 0.0378807978861	33
111 77.5 -0.207183333333 0.0518291745384	3
114 77.5 0.126368181818 0.069970534058	11
123 77.5 0.21415 0.0458206285422	3
126 77.5 0.000642682926829 0.0745270165452	41
136.5 77.5 -0.04735 0.175499420702	10
156 77.5 -0.0465 0.00898025612107	2
157.5 77.5 -0.0183883333333 0.122844694693	60
159 77.5 0.0681365853659 0.132315141731	82
160.5 77.5 -0.0290330188679 0.128208075672	53
162 77.5 -0.027264084507 0.151273711526	71
163.5 77.5 -0.0847722222222 0.143277042912	27
165 77.5 -0.153775 0.0988470999406	4
166.5 77.5 -0.0697942307692 0.137959045377	52
168 77.5 -0.117397058824 0.133799268089	51
169.5 77.5 -0.0235973684211 0.142711944021	57
171 77.5 -0.0376241176471 0.130195108306	85
172.5 77.5 0.029922 0.127525266068	50
174 77.5 -0.0633357142857 0.158125071052	7
175.5 77.5 0.0838537037037 0.131677054867	54
177 77.5 -0.000273913043478 0.147459364172	46
178.5 77.5 -0.00634663299663 0.0634844744968	297
-180 77 -0.0209184931507 0.0685534490665	219
-178.5 77 0.0202370445344 0.0532020328785	494
-177 77 -0.0177767716535 0.104159508667	127
-175.5 77 -0.0584166666667 0.104425380057	9
-169.5 77 0.106877272727 0.116705880292	44
-168 77 0.0612651291513 0.0980747297835	271
-162 77 0.0307565359477 0.0833745462177	153
-160.5 77 -0.00761666666667 0.10635759219	450
-159 77 0.0323928571429 0.0643160677547	21
-153 77 -0.00627588235294 0.066807316133	425
-151.5 77 -0.0046086 0.0778088842677	500
-150 77 0.00931770833333 0.115092239891	96
-145.5 77 0.0268973684211 0.0400979701348	133
-144 77 -0.00323077709611 0.0590912825272	489
-142.5 77 -0.00957352941176 0.0828049877878	187
-141 77 0.113840243902 0.0890806176834	82
-139.5 77 -0.0403776422764 0.110180986207	123
-138 77 0.0811695652174 0.158031218603	46
-136.5 77 -0.0566666666667 0.173582273481	6
-133.5 77 0.0180166666667 0.0346448168322	3
-132 77 0.0880033333333 0.089754672514	15
-130.5 77 0.0675152173913 0.13133655106	23
-129 77 0.133136666667 0.132559333705	15
-127.5 77 0.0781461165049 0.138116510863	103
-126 77 0.077007591623 0.127964316706	191
-124.5 77 0.172686428571 0.105744515793	140
-123 77 0.170334615385 0.129459640466	65
-121.5 77 0.142515517241 0.125008851008	145
-120 77 0.231547520661 0.0887435701547	121
-115.5 77 0.0497321428571 0.178537057163	28
-114 77 0.187810483871 0.148118437459	124
-112.5 77 -0.00536639344262 0.131274827722	61
-111 77 0.037537962963 0.124531870873	108
-109.5 77 0.0744551282051 0.0696461022685	195
-108 77 -0.00151405228758 0.110641470891	153
-106.5 77 0.0539316326531 0.0906019692578	245
-105 77 -0.0800195652174 0.131825543927	23
-103.5 77 0.0896505555556 0.10616964421	180
-102 77 0.115075506073 0.0827932617077	247
-100.5 77 0.0832052469136 0.0876637581473	324
-99 77 0.12738032491 0.12245532852	277
-97.5 77 0.0538423497268 0.120481965029	183
-96 77 0.0958877777778 0.100352187295	45
-94.5 77 0.159329411765 0.489255344363	34
-93 77 0.100425362319 0.0894770680543	69
-91.5 77 0.0574251295337 0.0882394747212	193
-90 77 -0.024264084507 0.164496832185	71
-88.5 77 -0.0306442857143 0.143379131189	35
-87 77 -0.049725 0.0881405837285	4
-79.5 77 0.106833333333 0.10644047006	6
-78 77 0.34855 NaN	1
-76.5 77 -0.0329357142857 0.170639507233	7
-75 77 0.0725805555556 0.173761175705	36
-73.5 77 0.132016666667 0.0613556137068	21
-72 77 -0.22805 NaN	1
-70.5 77 -0.102416666667 0.19608674951	3
-18 77 0.01175 0.140663223694	9
-16.5 77 0.0388948979592 0.0456596971319	49
-10.5 77 0.0165658536585 0.10783356571	82
-9 77 0.086464084507 0.071945549442	71
88.5 77 -0.193138888889 0.0618436252732	18
105 77 0.160693037975 0.0713164178666	79
106.5 77 0.12443 0.0765851270431	20
157.5 77 0.21435 0.0742462120246	2
159 77 0.0231522727273 0.135537408358	44
160.5 77 -0.0471273584906 0.125156231047	53
162 77 -0.0890233333333 0.112333975694	15
163.5 77 -0.00025 0.24242076025	9
165 77 -0.01485 0.139056849068	12
166.5 77 -0.0531065217391 0.13507908063	23
168 77 0.0343935897436 0.194834336911	39
169.5 77 -0.051803125 0.175670679773	32
171 77 -0.0905 0.146616948012	10
172.5 77 -0.0590067164179 0.143031713186	67
174 77 -0.0351581632653 0.131175723168	49
175.5 77 -0.126091176471 0.127153908015	17
177 77 0.0726337837838 0.143601881204	37
178.5 77 -0.022365 0.13801559132	20
-180 76.5 0.0444534482759 0.0680613017942	87
-178.5 76.5 0.0340458115183 0.0814679464462	191
-177 76.5 0.0130772727273 0.0675250491459	44
-175.5 76.5 0.026225 0.109578902319	4
-174 76.5 -0.0121976190476 0.0925958385067	63
-169.5 76.5 -0.00971875 0.147412562643	16
-168 76.5 0.270038235294 0.132556048911	17
-163.5 76.5 0.0875849206349 0.0906002067909	63
-162 76.5 0.0390211111111 0.110980986573	90
-159 76.5 0.0919454314721 0.106925349839	197
-157.5 76.5 0.086805 0.0723768441535	80
-154.5 76.5 0.0282071428571 0.0315567666881	7
-153 76.5 -0.00109557823129 0.0613883028786	147
-151.5 76.5 0.0359597297297 0.0612744096208	185
-150 76.5 0.0476484848485 0.0614248041313	132
-145.5 76.5 0.0267986206897 0.0534651781528	290
-144 76.5 -0.0127027777778 0.103213732437	36
-142.5 76.5 -0.0244104938272 0.0676580440137	81
-141 76.5 -0.00758972125436 0.0616304105748	287
-139.5 76.5 -0.122330769231 0.110105643885	26
-138 76.5 0.0414354368932 0.138535741412	103
-136.5 76.5 0.01205 0.134072965209	3
-135 76.5 -0.10055 0.123319422639	2
-133.5 76.5 0.26865 NaN	1
-132 76.5 0.086525 0.104171825206	4
-130.5 76.5 0.01183 0.097880702899	5
-129 76.5 0.0553717391304 0.0924493667638	23
-127.5 76.5 0.0261336956522 0.114754824436	92
-126 76.5 0.126616875 0.105491963223	160
-124.5 76.5 0.183899640288 0.134298793726	139
-123 76.5 0.247464285714 0.200357089465	98
-121.5 76.5 0.289461363636 0.322999550347	88
-118.5 76.5 0.135859090909 0.0451048878625	11
-117 76.5 0.08365 0.0712460993084	4
-115.5 76.5 0.135683333333 0.127770502595	21
-114 76.5 -0.0589761904762 0.115928283254	42
-112.5 76.5 0.0301933823529 0.0748512190477	136
-111 76.5 0.097406097561 0.110812983161	123
-108 76.5 0.109084328358 0.157381619342	67
-106.5 76.5 0.190955223881 0.112773988707	134
-105 76.5 0.0100333333333 0.119280903563	60
-103.5 76.5 0.0437065217391 0.0822224074681	46
-102 76.5 0.137974615385 0.08614966341	130
-100.5 76.5 -0.0690283783784 0.105969809996	37
-99 76.5 0.121694067797 0.110564125988	59
-97.5 76.5 0.0490818181818 0.175669770956	110
-96 76.5 0.068525 0.237852493505	16
-93 76.5 -0.14455 0.0561924194176	11
-91.5 76.5 0.0883131578947 0.148823811605	19
-90 76.5 -0.106117924528 0.0553153121574	53
-88.5 76.5 -0.0389077319588 0.0406446281687	97
-85.5 76.5 -0.1880875 0.0731792035577	16
-79.5 76.5 0.160825 0.114070038009	8
-78 76.5 0.0398166666667 0.0956980609413	54
-76.5 76.5 0.0815464285714 0.156944962002	28
-18 76.5 0.141938888889 0.118607543103	18
-16.5 76.5 0.130595833333 0.0752344843928	48
-15 76.5 0.116043902439 0.0906538176456	82
-12 76.5 0.150084090909 0.0768849062611	44
-10.5 76.5 0.0499009803922 0.094902898528	51
108 76.5 0.100383333333 0.0468312217792	3
112.5 76.5 -0.032895 0.0641523308433	20
141 76.5 0.223845833333 0.0427683495241	24
157.5 76.5 -0.02699 0.18335111944	5
159 76.5 -0.0877318181818 0.102443752913	22
160.5 76.5 0.0412205882353 0.180635366062	34
162 76.5 0.010155982906 0.123600234551	117
163.5 76.5 -0.0318041666667 0.165620692834	24
165 76.5 -0.00445769230769 0.145937220872	13
166.5 76.5 -0.085925 0.145055445064	8
168 76.5 -0.04412 0.131260174632	10
169.5 76.5 0.00935 0.0648455472642	5
171 76.5 -0.0336423076923 0.145263206475	52
172.5 76.5 -0.0559214285714 0.18311238224	42
174 76.5 -0.063312962963 0.179097268691	27
175.5 76.5 -0.0493566666667 0.143302773112	30
177 76.5 -0.101808823529 0.133487698032	34
178.5 76.5 -0.0354452380952 0.12997744636	42
-180 76 0.0957718181818 0.131980262899	110
-178.5 76 -0.00975175438596 0.102802670705	57
-177 76 0.096802892562 0.105690435608	121
-172.5 76 0.0113097883598 0.039440203486	189
-171 76 0.0160471428571 0.0444746890122	70
-163.5 76 0.0443348484848 0.137226154853	33
-157.5 76 0.045975 0.143143687449	40
-150 76 0.03997 0.0683645749721	10
-147 76 0.02209 0.0436283514774	20
-145.5 76 0.0109717391304 0.0352873265496	23
-141 76 0.0186889830508 0.0416329114546	59
-139.5 76 0.00974575757576 0.0999846069564	165
-138 76 -0.0218754901961 0.0834401865845	51
-136.5 76 -0.00995 0.150372687015	5
-135 76 -0.1588 0.081670833227	2
-133.5 76 -0.0353532258065 0.15549693777	31
-132 76 -0.0403586956522 0.126998006115	23
-130.5 76 0.0218029411765 0.156837838697	17
-129 76 0.06 0.184566471898	52
-127.5 76 0.0615972727273 0.165468122537	55
-126 76 0.153632824427 0.0985192707817	262
-124.5 76 0.131346428571 0.137715898553	56
-123 76 -0.0566740384615 0.13997833015	104
-121.5 76 -0.0387869047619 0.10943206924	84
-120 76 0.0747444444444 0.143336883055	54
-118.5 76 0.147080769231 0.225128100556	39
-117 76 0.0576166666667 0.180660164816	12
-112.5 76 0.0308904255319 0.239592239349	47
-111 76 0.0925416201117 0.0751406844357	179
-109.5 76 0.06905 0.0789131167804	2
-108 76 -0.0559 0.0771396151958	44
-106.5 76 0.020675 0.0730112491333	4
-105 76 0.0546608108108 0.117532206682	74
-102 76 0.1771 0.0520536742219	10
-97.5 76 -0.0145950980392 0.125491184254	51
-96 76 0.00761530612245 0.110374335693	49
-94.5 76 0.0500424778761 0.127447469915	226
-93 76 -0.0861085714286 0.071522135212	140
-88.5 76 -0.0692975206612 0.0816307327487	242
-85.5 76 -0.265394444444 0.0377668211235	9
-84 76 -0.14235 0.0222029277349	3
-79.5 76 0.131128571429 0.129884283463	42
-78 76 -0.11885 0.100974848353	2
-76.5 76 -0.0780166666667 0.201578975425	3
-13.5 76 0.139632962963 0.077999790031	135
-12 76 0.105402631579 0.074563577409	19
139.5 76 0.189194303797 0.105192052379	79
141 76 0.332917 0.125477221608	100
160.5 76 0.2075 0.0811051478021	2
162 76 -0.0111713114754 0.135351703739	61
163.5 76 -0.00122162162162 0.16579457294	74
165 76 0.00773125 0.143930498382	48
166.5 76 0.000203333333333 0.132693790702	45
168 76 -0.0561136363636 0.192703756223	22
169.5 76 -0.113088888889 0.14072621788	18
171 76 -0.09905 0.128044545471	33
172.5 76 -0.015999382716 0.160375988792	81
174 76 -0.115725 0.14136400548	12
175.5 76 0.145027777778 0.144502281797	9
177 76 -0.0237041666667 0.188451133048	24
178.5 76 -0.11835 0.125262422719	12
-180 75.5 0.05095 0.140925964606	9
-178.5 75.5 0.20475 0.0680242236266	5
-177 75.5 0.0815571428571 0.137652993479	28
-175.5 75.5 0.0405071428571 0.131182491936	7
-174 75.5 -0.0276833333333 0.057823337624	42
-139.5 75.5 0.0727333333333 0.0495480541158	6
-138 75.5 0.0287127906977 0.049739746121	301
-136.5 75.5 -0.0578833333333 0.129050739375	3
-135 75.5 0.00837 0.112430717604	70
-133.5 75.5 0.04555 0.148730117999	16
-132 75.5 0.17045 0.15435190313	5
-130.5 75.5 0.0284546511628 0.150786335672	43
-129 75.5 0.0485976190476 0.206719869646	42
-127.5 75.5 0.109214705882 0.163130790256	51
-126 75.5 0.0446177966102 0.133089380701	59
-124.5 75.5 0.148655633803 0.145178999748	71
-123 75.5 0.0940551282051 0.155494822978	39
-121.5 75.5 0.0321944444444 0.114694656996	45
-120 75.5 0.0995662162162 0.153179849838	37
-118.5 75.5 0.0152264044944 0.135116755087	89
-117 75.5 0.116466666667 0.0702630320059	6
-111 75.5 0.08497 0.0382735809665	5
-109.5 75.5 -0.0191888888889 0.10361246881	18
-105 75.5 0.121162264151 0.241956520574	106
-103.5 75.5 0.0757552631579 0.0593505752488	38
-96 75.5 0.07807 0.0611099385746	55
-94.5 75.5 -0.16055 0.126658773877	5
-93 75.5 0.0156141304348 0.135663153129	92
-88.5 75.5 -0.0281166666667 0.0773820607979	39
-79.5 75.5 -0.18115 0.150175330864	3
-78 75.5 0.000263636363636 0.151914839225	22
-15 75.5 0.152632022472 0.0439388234015	267
-13.5 75.5 0.14861875 0.0384000992837	16
163.5 75.5 -0.0357431034483 0.133188171676	58
165 75.5 -0.100336666667 0.131724028975	15
166.5 75.5 0.04925 0.084298813752	3
169.5 75.5 -0.0955396551724 0.142422546231	29
171 75.5 -0.0911875 0.14151641542	16
172.5 75.5 0.0475108391608 0.130655259234	143
174 75.5 0.11825 0.0134350288425	2
175.5 75.5 0.0629916666667 0.114726730327	12
177 75.5 -0.0994071428571 0.116713684612	14
178.5 75.5 0.0295333333333 0.191907638375	6
-180 75 -0.03937 0.0518579984188	5
-178.5 75 0.105045294118 0.142515570499	85
-177 75 -0.01755 NaN	1
-175.5 75 0.094656122449 0.112541717095	49
-174 75 0.00167083333333 0.168055021992	24
-138 75 0.0193321428571 0.0424271318989	28
-136.5 75 0.0237879084967 0.0565667374906	153
-135 75 0.16345 0.0527836148819	5
-133.5 75 0.0331342105263 0.199515196478	19
-132 75 0.000622222222222 0.191843047999	18
-130.5 75 0.133138888889 0.17950619812	18
-129 75 0.00733823529412 0.148020614622	17
-127.5 75 -0.122795454545 0.154747609763	11
-126 75 0.04798125 0.105304192501	16
-124.5 75 0.0774083333333 0.172856758662	12
-123 75 -0.0567642857143 0.139487388063	7
-121.5 75 -0.020993220339 0.089866931521	118
-120 75 0.0901807692308 0.175879994927	26
-118.5 75 0.0597725806452 0.145330178536	62
-117 75 -0.0189705128205 0.135737401624	39
-115.5 75 -0.05725 0.23809332624	6
-114 75 0.205690298507 0.271219444898	67
-112.5 75 -0.18599 0.0831846319941	5
-109.5 75 0.10515 NaN	1
-108 75 0.11885 NaN	1
-106.5 75 0.0380293103448 0.109396282841	29
-105 75 0.0475206896552 0.0926627677373	116
-103.5 75 0.0049 0.142681321582	54
-102 75 -0.010797826087 0.109473866891	69
-100.5 75 -0.0935848837209 0.085096969572	43
-97.5 75 -0.136480357143 0.123165560298	56
-93 75 -0.02681 0.230848671933	10
-78 75 -0.15185 0.0645345256433	5
142.5 75 -0.228425 0.147761504266	8
165 75 0.00845967741935 0.0725753050509	31
171 75 0.0201130705394 0.0448820946726	241
172.5 75 0.031749047619 0.0598567962455	105
174 75 -0.1003 0.14143688143	8
175.5 75 0.02271 0.213801293261	5
177 75 -0.00905 0.137470748404	4
-178.5 74.5 0.02021875 0.097208619088	16
-138 74.5 -0.0396166666667 0.105330638151	3
-136.5 74.5 0.00175625 0.135646784404	64
-135 74.5 -0.0493621212121 0.146398510412	66
-133.5 74.5 -0.0189326086957 0.130261689938	23
-132 74.5 0.0593653846154 0.209492556933	13
-130.5 74.5 0.0411548780488 0.11822889019	41
-129 74.5 0.075725 0.148810921625	20
-127.5 74.5 0.05335 0.0623438048245	3
-126 74.5 -0.126084210526 0.115096632201	38
-124.5 74.5 -0.04425 NaN	1
-123 74.5 -0.0106 0.16865803705	14
-121.5 74.5 -0.05039 0.164692091155	10
-120 74.5 0.027 0.176349865325	6
-118.5 74.5 -0.03825 0.113660294298	33
-117 74.5 0.0289026315789 0.153464003627	19
-115.5 74.5 0.09643 0.180718157811	65
-114 74.5 0.0164727272727 0.0939150980905	22
-112.5 74.5 0.00432777777778 0.0511286558052	9
-111 74.5 -0.0539785714286 0.151604109914	21
-108 74.5 0.0627541666667 0.12004621023	24
-106.5 74.5 0.0281333333333 0.139952930716	30
-105 74.5 0.0426448717949 0.104886663505	78
-103.5 74.5 -0.000555673758865 0.112910968576	141
-102 74.5 -0.0492609375 0.0611967211459	384
-100.5 74.5 -0.109126237624 0.0892110207861	101
-99 74.5 -0.122415384615 0.0963858359227	52
-97.5 74.5 0.0392 0.0736098159215	2
-96 74.5 -0.000809861591696 0.0830497762053	289
-94.5 74.5 0.0257879310345 0.0794493121683	145
-93 74.5 0.0773052631579 0.0698252416532	76
-91.5 74.5 -0.0737437869822 0.104874474027	338
-81 74.5 0.207532051282 0.160330886265	39
-79.5 74.5 -0.018083974359 0.0506805052509	156
84 74.5 0.0131909090909 0.0396579345894	44
172.5 74.5 0.0416805084746 0.0688719257509	59
174 74.5 0.0455876470588 0.0733099835986	255
175.5 74.5 0.02371875 0.106900799615	16
177 74.5 -0.0284071428571 0.179724505903	14
-138 74 0.0835710191083 0.0823324546033	157
-136.5 74 0.0107251851852 0.0716494269737	270
-135 74 -0.02088828125 0.0956591863888	256
-133.5 74 -0.0465166666667 0.162401471318	42
-132 74 0.0801 0.101354261694	12
-130.5 74 -0.024877027027 0.16912620148	37
-129 74 0.04545 0.102887137014	28
-127.5 74 -0.00937970873786 0.0477549034999	515
-115.5 74 0.114359090909 0.15108345015	11
-114 74 0.136192857143 0.240518151288	14
-112.5 74 -0.00894473684211 0.108589873038	19
-111 74 0.0443625 0.17269559046	8
-109.5 74 0.02081 0.155684186516	30
-108 74 0.0581796296296 0.112108411867	27
-106.5 74 -0.00652 0.186516463676	10
-105 74 0.00531666666667 0.173788561886	12
-103.5 74 -0.0601023206751 0.0909223469954	237
-102 74 -0.0344388297872 0.124147079982	188
-100.5 74 -0.0061673553719 0.112040249968	121
-97.5 74 -0.106675 0.176854483374	20
-96 74 0.0007 0.0855251330727	32
-94.5 74 0.0275465517241 0.0587320579457	29
-91.5 74 -0.113585897436 0.0791021450025	78
-90 74 -0.0111944444444 0.180584460351	18
-84 74 0.08345 0.060574334499	3
-82.5 74 -0.140225 0.112300352478	4
-79.5 74 -0.0189805555556 0.149167228916	36
112.5 74 0.355238571429 0.0584520354411	70
175.5 74 0.0851 0.0556493036794	2
-138 73.5 0.00986838006231 0.078781985202	321
-136.5 73.5 0.038985952381 0.0670984505745	420
-135 73.5 -0.00067987012987 0.0932615004595	154
-133.5 73.5 0.0610650442478 0.120828837929	113
-132 73.5 -0.0445230769231 0.141762278643	26
-130.5 73.5 0.087375 0.111827316281	16
-129 73.5 -0.00962795275591 0.0766436972977	127
-127.5 73.5 0.0566514492754 0.0451749653887	69
-115.5 73.5 -0.0905166666667 0.125775206884	6
-114 73.5 -0.0402574074074 0.155200661492	27
-112.5 73.5 0.108807142857 0.132462974162	7
-111 73.5 0.06541875 0.122915785364	16
-109.5 73.5 0.10858 0.154523511695	10
-106.5 73.5 0.26815 0.340825468532	2
-105 73.5 0.36415 0.0739633693121	2
-103.5 73.5 -0.11758125 0.098941978558	32
-102 73.5 0.0543199507389 0.101246398951	203
-97.5 73.5 0.188375 0.149716429181	4
-90 73.5 0.00395540540541 0.120648997201	37
-88.5 73.5 -0.106077272727 0.0731612204779	11
-139.5 73 0.0367567039106 0.083240196371	179
-138 73 0.00139146341463 0.105885464502	82
-136.5 73 -0.0460590909091 0.12383273944	44
-135 73 -0.0369572463768 0.160169558427	69
-133.5 73 -0.05286 0.136719112764	40
-132 73 -0.0161243589744 0.177995760916	39
-130.5 73 0.0110583333333 0.151981437014	12
-129 73 0.112516666667 0.108430453902	3
-124.5 73 2.64025 NaN	1
-114 73 0.08425 NaN	1
-112.5 73 -0.050412962963 0.09002009668	27
-111 73 -0.0672070422535 0.138353205305	142
-109.5 73 -0.0540040540541 0.126443640485	37
-108 73 0.00595 0.137215246966	16
-105 73 0.0204315384615 0.0925268118107	65
-103.5 73 -0.013912745098 0.111121065832	102
-102 73 -0.0188705882353 0.105919422717	34
-100.5 73 1.91145 NaN	1
-141 72.5 0.0224118181818 0.143460466216	55
-139.5 72.5 0.0137741935484 0.112960015682	62
-138 72.5 -0.0325886363636 0.142610067187	44
-136.5 72.5 0.016432 0.153224340915	50
-135 72.5 0.114154545455 0.160673165678	22
-133.5 72.5 -0.108177777778 0.11920618226	18
-132 72.5 -0.0913192307692 0.12909371718	26
-130.5 72.5 -0.049425 0.13219716606	8
-105 72.5 -0.0597984848485 0.14675248959	33
-103.5 72.5 -0.0777722222222 0.118275946359	27
-102 72.5 -0.0319666666667 0.133985442644	24
139.5 72.5 -0.15375 0.156489360661	3
-139.5 72 -0.00993857142857 0.138352966701	35
-138 72 -0.0385543478261 0.143518432387	23
-136.5 72 0.0589115384615 0.178419160579	26
-135 72 0.02395 0.12509526915	23
-133.5 72 -0.107292857143 0.124095485509	7
-132 72 -0.0978269230769 0.092039078239	13
-108 72 -0.181121428571 0.111647969295	7
-103.5 72 -0.123452845528 0.0774636928254	246
-102 72 -0.0851699115044 0.0745643555117	226
-100.5 72 0.0099 0.124694493722	18
139.5 72 -0.115497222222 0.0569055683246	36
-139.5 71.5 0.13393 0.0651912340733	5
-138 71.5 -0.0536261904762 0.162175663725	21
-136.5 71.5 -0.1728 0.154078567621	2
-135 71.5 0.0555242857143 0.0706444008974	35
-133.5 71.5 0.0424221311475 0.0768232287339	122
-103.5 71.5 -0.0139976190476 0.118156187392	21
-102 71.5 -0.0611409836066 0.109833701495	122
-100.5 71.5 -0.0319885964912 0.12491865648	171
-99 71.5 -0.07437 0.0783359009606	30
-97.5 71.5 -0.0250594117647 0.0966067342417	85
-96 71.5 0.026775 0.234019863321	8
-90 71.5 0.19625 NaN	1
150 71.5 0.229783333333 0.385405842371	3
-103.5 71 -0.0583868421053 0.17276173448	19
-102 71 0.0990625 0.182250850968	8
-100.5 71 -0.0045527027027 0.155171803507	37
-99 71 -0.039212962963 0.168223032238	27
-97.5 71 0.00116624365482 0.062282683741	197
-91.5 71 -0.0265921052632 0.181980454737	19
-90 71 -0.076225 0.146071944447	12
-132 70.5 -0.0824722222222 0.0342751651264	9
-102 70.5 -0.0558 0.0826607827207	2
-100.5 70.5 0.017815625 0.142186812304	64
-99 70.5 -0.0191304878049 0.110310990324	164
-97.5 70.5 0.0380226851852 0.0904889562539	216
-102 70 -0.29205 NaN	1
-100.5 70 0.104001282051 0.135424956636	39
-99 70 -0.0417320809249 0.12153992201	173
-88.5 70 -0.0489833333333 0.188263824194	9
-87 70 -0.00391262626263 0.122000713937	99
-85.5 70 0.225791666667 0.195105423522	12
66 70 0.104375 0.0486906488529	8
-100.5 69.5 0.00797307692308 0.0880800167486	91
-99 69.5 -0.0322018072289 0.0713061373467	332
-88.5 69.5 0.0295516129032 0.0984669063021	62
-87 69.5 0.0375855932203 0.13479520835	59
-82.5 69.5 -0.0843 0.185533186609	4
-136.5 69 0.159 0.0494267640049	2
-100.5 69 -0.0800408045977 0.0373390488045	87
-88.5 69 -0.0174180851064 0.110429320513	47
-87 69 -0.0362288461538 0.103180847015	52
-85.5 69 0.0432916666667 0.118923324865	12
-87 68.5 0.0612152173913 0.173908543385	23
-88.5 68 0.0169970588235 0.036609563601	17
-87 68 0.0732557692308 0.13779635236	104
13.5 68 -0.226204545455 0.0983146414695	11
12 67.5 -0.121978571429 0.142487048701	7
43.5 67.5 0.158876666667 0.0392600390558	15
13.5 67 -0.12332721519 0.347338882756	79
33 67 -0.0414166666667 0.141776518424	18
43.5 67 0.407645744681 0.116731205288	282
72 67 0.40655 NaN	1
-174 66.5 -0.205275 0.0803900392405	12
12 66.5 0.054935 0.192164751889	20
13.5 66.5 -0.0598546511628 0.152578412243	43
70.5 66.5 -0.00404189189189 0.099509230109	37
-16.5 66 0.12575 0.0793957807443	3
12 66 0.0157796296296 0.176690554827	27
12 65.5 -0.0137274011299 0.147791599466	177
34.5 65.5 -0.118141666667 0.21119300289	12
12 65 -0.0559253424658 0.0818255831035	73
34.5 65 0.257268181818 0.386189409016	11
36 65 -0.0289071428571 0.0453918128667	56
37.5 65 -0.03495 0.10566474341	21
-172.5 64.5 -0.19085 NaN	1
-78 64 0.25335 NaN	1
19.5 63.5 0.0242 0.145734707603	2
21 63.5 -0.17075 NaN	1
6 63 0.14345 NaN	1
21 63 -0.141053846154 0.112851355263	26
6 62.5 0.0221136363636 0.165734680526	22
21 62.5 -0.00731 0.246674285243	5
4.5 61 -0.0171642857143 0.101437949339	28
21 60.5 0.185353571429 0.205419531839	28
22.5 60.5 0.0777166666667 0.0495726066829	3
25.5 60.5 0.08498125 0.123451333022	16
21 60 0.0104714285714 0.097120782681	14
22.5 60 -0.07055 0.077453949452	8
25.5 60 0.0850982142857 0.0643967093562	336
