lon, lat, freeboard (m), standard deviation, count
-144 81.5 0.213683333333 0.449908349926	3
-142.5 81.5 0.65635 NaN	1
-139.5 81.5 2.13975 NaN	1
-138 81.5 1.61065 0.894772920913	2
-135 81.5 1.1385 0.453750421487	2
-126 81.5 1.8413 0.306813632357	2
-124.5 81.5 0.24985 NaN	1
-118.5 81.5 0.49205 NaN	1
-117 81.5 0.43315 NaN	1
-115.5 81.5 1.1371 1.07345880452	2
-103.5 81.5 0.73559 0.28050075401	5
-102 81.5 0.558083333333 0.447077200641	3
-100.5 81.5 1.01875 NaN	1
-97.5 81.5 0.34425 0.0644881384442	2
-96 81.5 0.793283333333 0.534741959578	3
-94.5 81.5 0.58645 NaN	1
-93 81.5 0.7016875 0.88605383896	8
-91.5 81.5 0.044375 0.0890343519847	4
-64.5 81.5 0.43465 NaN	1
-63 81.5 -0.04037 0.184786488203	10
-12 81.5 0.0314 0.00233345237792	2
-10.5 81.5 -0.0809533254157 0.108196644169	1684
-9 81.5 -0.0716880566802 0.111638361041	1235
-7.5 81.5 -0.0494841891892 0.109485769029	740
-6 81.5 -0.0740650851582 0.116523423505	822
-4.5 81.5 -0.0484998714653 0.0952292253478	778
-3 81.5 0.00361731927711 0.10545608767	664
-1.5 81.5 -0.037612295082 0.137470793099	183
0 81.5 -0.0433166666667 0.197810981863	45
1.5 81.5 0.095 0.148950281581	48
3 81.5 0.235794444444 0.123449543025	18
4.5 81.5 0.22207962963 0.128598952666	27
6 81.5 0.179044117647 0.0476059275536	17
7.5 81.5 0.147723913043 0.154545810265	23
9 81.5 0.132141666667 0.170763770926	48
10.5 81.5 0.171492857143 0.178936841118	35
12 81.5 0.0820974358974 0.193201293134	78
13.5 81.5 0.0814014285714 0.144993943832	35
15 81.5 0.161632352941 0.10827487148	17
16.5 81.5 0.0962848837209 0.186305970668	43
18 81.5 0.180426666667 0.193821579318	30
19.5 81.5 0.196684285714 0.189088356164	35
21 81.5 0.139669512195 0.135311782967	41
22.5 81.5 0.163835294118 0.130323109261	34
24 81.5 0.23574375 0.19134463071	32
25.5 81.5 0.07866 0.200409264334	40
27 81.5 0.104185 0.148663541968	20
28.5 81.5 0.179644444444 0.176584003392	36
30 81.5 0.0886578947368 0.18568940266	38
31.5 81.5 0.172337096774 0.151283193034	31
33 81.5 0.106803333333 0.162915464136	45
34.5 81.5 0.07492 0.178306569528	20
36 81.5 0.0900598039216 0.170954076003	51
37.5 81.5 0.113631818182 0.198635468366	55
39 81.5 0.0887891304348 0.149473213473	46
40.5 81.5 0.0547744444444 0.146584152305	45
42 81.5 0.144641891892 0.159415310812	37
43.5 81.5 0.172382352941 0.137361999613	68
45 81.5 0.152782758621 0.16028259735	58
46.5 81.5 0.155316666667 0.133739516079	30
48 81.5 0.206607142857 0.0914687312212	14
49.5 81.5 0.0487166666667 0.0842795546579	3
51 81.5 0.05877 0.147135505572	5
52.5 81.5 0.08635 NaN	1
54 81.5 0.0533333333333 0.168119878856	6
55.5 81.5 -0.0416 0.377241467763	2
57 81.5 0.0596785714286 0.130924826769	28
58.5 81.5 -0.00202473684211 0.101261040205	475
60 81.5 -0.0567517699115 0.0925996137975	678
61.5 81.5 -0.054441507431 0.0977625108284	471
63 81.5 -0.0336207224335 0.118486677264	263
64.5 81.5 -0.0690062874251 0.0989327345688	167
66 81.5 0.092175 0.201211851833	12
67.5 81.5 0.01693 0.172628669327	20
69 81.5 0.115672222222 0.142881592392	9
70.5 81.5 0.0151120689655 0.158580948201	58
72 81.5 0.08292 0.204675078588	40
73.5 81.5 -0.0081803030303 0.168747222856	66
75 81.5 -0.019725 0.154528235284	76
76.5 81.5 -0.0454944444444 0.134725624765	36
78 81.5 -0.0517401408451 0.137573651085	71
79.5 81.5 -0.0376625874126 0.123431523393	143
81 81.5 0.0433317757009 0.14677860558	214
82.5 81.5 -0.0160384057971 0.157676486253	138
84 81.5 0.018727027027 0.143425526952	148
85.5 81.5 0.041062605042 0.187927833496	119
87 81.5 -0.0508677570093 0.14690036182	214
88.5 81.5 -0.0950897590361 0.155037487158	83
90 81.5 0.005234375 0.175181623843	96
91.5 81.5 -0.0421281818182 0.210067249982	55
93 81.5 -0.0555179738562 0.128143079291	153
94.5 81.5 -0.0601849333333 0.0969602544457	375
96 81.5 0.00715582959641 0.103527024857	223
97.5 81.5 0.0722915384615 0.142021185113	130
99 81.5 0.163333333333 0.173729472452	84
100.5 81.5 0.162435046729 0.140707570973	107
102 81.5 0.138688356164 0.121711660208	73
103.5 81.5 0.13721 0.172595098424	105
105 81.5 0.16785 0.213230383744	59
106.5 81.5 0.0845125 0.171944730615	56
108 81.5 0.0934285714286 0.170034172378	84
109.5 81.5 0.122589344262 0.19204219439	61
111 81.5 0.169179896907 0.177151485414	97
112.5 81.5 0.174395679012 0.151549133163	81
114 81.5 0.133248630137 0.178865465809	73
115.5 81.5 0.145605319149 0.189143047785	47
117 81.5 0.132062676056 0.177151841996	71
118.5 81.5 -0.00318884892086 0.180454376791	139
120 81.5 -0.0435098726115 0.154457094225	157
121.5 81.5 -0.0823138586957 0.111017151746	368
123 81.5 -0.0515093939394 0.146342100413	165
124.5 81.5 0.10281875 0.203332141195	64
126 81.5 0.129128846154 0.124853846064	52
127.5 81.5 0.0858930769231 0.186877265847	65
129 81.5 0.189283333333 0.107455739198	48
130.5 81.5 0.231970754717 0.0763284410106	53
132 81.5 0.1717 0.164621999164	24
133.5 81.5 0.0986543478261 0.194212433469	46
135 81.5 0.0611 0.177133817274	46
136.5 81.5 0.0777282608696 0.203818527032	46
138 81.5 0.0698141509434 0.206325077799	53
139.5 81.5 0.125800704225 0.172648192968	71
141 81.5 0.153905172414 0.209237942429	58
142.5 81.5 -0.0289301724138 0.182366046716	116
144 81.5 0.0567387931034 0.188203011006	116
145.5 81.5 0.0210658974359 0.182027324627	195
147 81.5 0.0225746268657 0.175958321562	268
148.5 81.5 0.0680545045045 0.186816934889	111
150 81.5 0.1492625 0.146025465267	40
151.5 81.5 0.141557407407 0.169036932273	54
153 81.5 0.205037179487 0.172336743767	39
154.5 81.5 0.0586195652174 0.216401767416	23
156 81.5 0.23594 0.149683558438	10
157.5 81.5 0.383676666667 0.119543204782	15
159 81.5 0.397116666667 0.0949142946733	3
160.5 81.5 -0.136055555556 0.142243418011	18
162 81.5 0.03304 0.197010154561	10
163.5 81.5 -0.0971038461538 0.129927464478	13
165 81.5 -0.0124444444444 0.18591392212	18
166.5 81.5 -0.0599029411765 0.110529812886	34
168 81.5 0.24215 NaN	1
169.5 81.5 0.27265 NaN	1
171 81.5 -0.17135 0.0836501046024	13
172.5 81.5 0.14075 0.293026745082	7
174 81.5 0.330783333333 0.0293320757306	6
-145.5 81 2.26705 NaN	1
-144 81 2.32735 NaN	1
-139.5 81 0.65855 0.145239732856	2
-138 81 1.523975 0.443686273358	4
-112.5 81 0.3259 0.342168971416	2
-106.5 81 0.33305 NaN	1
-102 81 0.33295 NaN	1
-97.5 81 0.822325 0.392219168111	4
-96 81 2.65365 NaN	1
-87 81 0.25765 NaN	1
-66 81 0.15229 0.108591703182	5
-64.5 81 -0.263125 0.0663457798206	4
-63 81 0.0391833333333 0.204977811807	3
-13.5 81 -0.0544776785714 0.0970747935012	112
-12 81 -0.104825800712 0.0852994198434	1124
-10.5 81 -0.0607549299429 0.0818486112442	1927
-9 81 -0.061772099768 0.0869985230393	1724
-7.5 81 -0.0340524115756 0.119254827808	622
-6 81 -0.0446261560694 0.104605386218	692
-4.5 81 -0.0217844978166 0.124965260074	458
-3 81 -0.0453712121212 0.128092712973	99
-1.5 81 0.0466686046512 0.16260947705	43
0 81 -0.0114918604651 0.161481452912	43
1.5 81 0.153333333333 0.149109815577	24
3 81 0.215603333333 0.172968175713	15
4.5 81 0.131165384615 0.170917181924	13
6 81 0.035006097561 0.218458647172	41
7.5 81 -0.00569 0.200193534981	30
9 81 0.073424 0.196326587354	50
10.5 81 0.0366858974359 0.203345929634	39
12 81 0.0428057692308 0.19863889931	52
13.5 81 0.059845 0.189834380656	20
15 81 0.09198 0.181801754667	20
16.5 81 0.165253846154 0.15276006934	26
18 81 0.049608302583 0.072316421956	271
19.5 81 -0.0344458333333 0.120292229208	48
21 81 -0.0374807692308 0.150384701689	39
22.5 81 0.202416666667 0.124630667708	3
24 81 0.157958333333 0.138169753685	12
25.5 81 0.0933738095238 0.178439151827	21
27 81 0.0780590909091 0.20462810613	22
28.5 81 0.19325 0.128233708517	21
30 81 0.278442307692 0.0963728909111	13
31.5 81 0.196531818182 0.101612950141	11
33 81 0.043325 0.0541100961005	4
34.5 81 0.178342307692 0.165964959972	26
36 81 0.11069 0.149150077721	20
37.5 81 0.151518 0.138247458446	25
39 81 0.118775 0.129773159608	12
40.5 81 0.0133630434783 0.183469980959	23
42 81 0.123115217391 0.145200070776	23
43.5 81 0.224767647059 0.100804434645	17
45 81 0.204716666667 0.12410943136	15
46.5 81 0.02855 0.13418209376	8
48 81 0.06985 0.416910997696	4
49.5 81 -0.0524804347826 0.120460259138	23
51 81 -0.0843286324786 0.0749358930952	117
52.5 81 -0.00549 0.14695850775	5
54 81 -0.0400924242424 0.154981942558	33
55.5 81 0.03585 0.127340681759	14
57 81 0.0309038461538 0.0896833461943	26
58.5 81 -0.0246069060773 0.0954691760572	181
60 81 -0.0532255980861 0.109289555978	209
61.5 81 -0.0563659793814 0.0754527055817	194
63 81 0.0255355737705 0.105565654872	305
64.5 81 0.0249768817204 0.206798091058	93
66 81 -0.0139366071429 0.0844779470269	448
67.5 81 -0.0121887665198 0.0860939845002	454
69 81 -0.0155839449541 0.073464392552	327
70.5 81 -0.0449459183673 0.0797497469407	196
72 81 -0.0607188 0.0848071678118	125
73.5 81 -0.0428167630058 0.0729162232753	346
75 81 -0.00317613636364 0.108948727317	352
76.5 81 -0.00374347826087 0.130042668899	46
78 81 0.111944117647 0.227412176649	17
79.5 81 0.0180547619048 0.153370126122	42
81 81 0.0145872 0.0859532469357	250
82.5 81 0.0286790322581 0.143829016993	31
84 81 0.000689655172414 0.141439525159	58
85.5 81 -0.000668333333333 0.151890867492	120
87 81 0.000161607142857 0.136468596358	112
88.5 81 -0.02118175 0.0962972646282	400
90 81 0.0102592269327 0.081898334169	401
91.5 81 -0.0127020861373 0.0981183787353	743
93 81 -0.0764361111111 0.100492729231	612
94.5 81 -0.0862245283019 0.0691002433478	106
96 81 -0.0480647058824 0.0767812127129	34
97.5 81 -0.00412075098814 0.10991173016	253
99 81 0.0878004807692 0.118457630982	208
100.5 81 0.0895286206897 0.119539948684	145
102 81 0.00317213114754 0.182660379666	122
103.5 81 0.15661 0.184181849646	70
105 81 0.153255769231 0.169584497269	104
106.5 81 0.083848630137 0.173502144154	73
108 81 0.158234210526 0.118491805	38
109.5 81 0.1570575 0.136034886905	40
111 81 0.125978571429 0.165719213431	42
112.5 81 0.19095754717 0.151242212576	53
114 81 0.140923684211 0.16606270602	57
115.5 81 0.0915520408163 0.194860529706	49
117 81 0.193411538462 0.160159877419	52
118.5 81 0.190968181818 0.156705530798	44
120 81 -0.0656517857143 0.154190026197	56
121.5 81 0.014145890411 0.182322913656	73
123 81 0.028500877193 0.182751762863	57
124.5 81 0.0786988888889 0.196453071683	45
126 81 0.0932194444444 0.165140000899	36
127.5 81 0.160282352941 0.161130738787	34
129 81 0.203141428571 0.0887031678307	35
130.5 81 0.203025757576 0.0976127682168	33
132 81 0.225266666667 0.119041395534	30
133.5 81 0.150630769231 0.211520775375	26
135 81 0.0240076923077 0.196710247095	52
136.5 81 0.0190113636364 0.224363489564	44
138 81 0.0642231707317 0.172292827856	82
139.5 81 0.0532819444444 0.194795787491	72
141 81 0.00914318181818 0.18316726426	44
142.5 81 0.0908648148148 0.20483539302	27
144 81 0.160784615385 0.176940014564	26
145.5 81 0.151784 0.150884960382	50
147 81 0.194487288136 0.126612885298	59
148.5 81 0.145644339623 0.15182083243	53
150 81 0.133103191489 0.169395192493	47
151.5 81 0.216221428571 0.188115000139	35
153 81 0.134591666667 0.208661735657	24
154.5 81 0.060225 0.211346835287	36
156 81 -0.0355605263158 0.148896331925	19
157.5 81 0.08360625 0.228843244657	16
159 81 0.25175 0.0468104689145	2
160.5 81 0.0039 0.236271248478	8
162 81 -0.111833333333 0.0944108556611	6
163.5 81 -0.22115 NaN	1
165 81 -0.0806625 0.171019523032	32
166.5 81 0.00300882352941 0.197395089309	34
168 81 0.0242125 0.318028417138	8
169.5 81 -0.01325 0.39428274119	2
171 81 0.177889130435 0.103811248029	23
172.5 81 0.188033333333 0.202887357164	12
174 81 0.313475 0.0438540287013	4
-135 80.5 0.70295 1.06108443585	2
-132 80.5 1.8786 0.87985296783	2
-130.5 80.5 1.1278 1.4073546266	2
-103.5 80.5 2.18745 NaN	1
-99 80.5 0.70735 NaN	1
-67.5 80.5 0.0119 0.167199890351	4
-16.5 80.5 -0.16955 0.131239018588	2
-13.5 80.5 -0.114853597122 0.0811840909889	695
-12 80.5 -0.138601376721 0.0710921449211	1598
-10.5 80.5 -0.0802213636364 0.0834221271467	1540
-9 80.5 -0.014182 0.0909520322449	1200
-7.5 80.5 -0.0511332335329 0.0831777220866	1169
-6 80.5 -0.0563976772616 0.106405754327	818
-4.5 80.5 -0.0758323170732 0.111280965815	492
-3 80.5 -0.0199053008596 0.111596927649	349
-1.5 80.5 -0.0869946280992 0.107120426741	121
0 80.5 -0.01525 0.180753704853	23
1.5 80.5 0.0224973684211 0.20811065798	19
3 80.5 0.125503333333 0.201137830734	15
4.5 80.5 0.118683333333 0.191108673273	9
6 80.5 0.144491935484 0.195963113492	31
7.5 80.5 0.115358333333 0.181763677615	36
9 80.5 0.009392 0.164989612648	50
10.5 80.5 0.0128990566038 0.101393420024	53
12 80.5 -0.0269123853211 0.111295924178	109
13.5 80.5 -0.00918109243697 0.119267639849	238
15 80.5 -0.023873853211 0.132092131778	109
16.5 80.5 -0.0326625 0.11316681815	64
18 80.5 -0.10315 NaN	1
19.5 80.5 -0.064774 0.0887576408998	200
21 80.5 -0.0181045454545 0.1245412491	11
22.5 80.5 0.314225 0.07114404988	4
24 80.5 0.100333333333 0.111795588762	6
25.5 80.5 -0.07185 0.137624174233	13
27 80.5 -0.073692408377 0.0892827432637	191
28.5 80.5 -0.037357615894 0.0795727276041	302
30 80.5 -0.024594 0.137276725081	50
31.5 80.5 0.0585555555556 0.146588838642	18
33 80.5 0.0499142857143 0.182960124311	14
34.5 80.5 0.15673 0.158768296583	5
36 80.5 0.0368028301887 0.17577726794	53
37.5 80.5 0.0220878378378 0.170954638804	37
39 80.5 0.131791666667 0.126845050688	24
40.5 80.5 0.142102173913 0.113627716967	23
42 80.5 0.2214 0.0156270598642	2
45 80.5 0.0583428571429 0.148019595621	28
46.5 80.5 -0.04145 0.0706623067837	51
51 80.5 0.0944441176471 0.0613171720502	17
52.5 80.5 -0.0790357142857 0.168812128598	7
54 80.5 -0.09677 0.10593786229	10
55.5 80.5 0.15145 0.176918116653	2
57 80.5 0.122105555556 0.139823005181	9
58.5 80.5 -0.0889325 0.0886630726691	40
60 80.5 0.0334576086957 0.0802546705138	92
61.5 80.5 -0.00300135135135 0.0857553432129	222
63 80.5 0.0296810457516 0.0745127643387	306
64.5 80.5 -0.0161069131833 0.074769209262	311
66 80.5 0.0298884 0.0698878176933	125
67.5 80.5 0.0323068965517 0.0656472068059	174
69 80.5 0.0374109467456 0.089122375145	169
70.5 80.5 0.108195454545 0.164102616455	11
72 80.5 0.00364927007299 0.0831895448185	137
73.5 80.5 -0.00272424657534 0.0700943825624	365
75 80.5 -0.00141329787234 0.0795695240405	376
76.5 80.5 0.00867208588957 0.0964743796505	163
78 80.5 0.000987640449438 0.121486122474	178
79.5 80.5 0.014302991453 0.102167587088	585
81 80.5 0.022702407932 0.106441157726	353
82.5 80.5 0.0524856756757 0.120879489688	370
84 80.5 -0.0328849514563 0.0891702169446	103
85.5 80.5 0.0337990066225 0.0978479581579	151
87 80.5 0.0190517612524 0.0724653616837	511
88.5 80.5 -0.0111971400394 0.0779099899991	1014
90 80.5 -0.00637775393419 0.0724267489013	699
91.5 80.5 -0.00941656626506 0.0950316833617	332
93 80.5 -0.027675 0.206908391565	4
97.5 80.5 0.0919518691589 0.176161323996	107
99 80.5 0.0453877840909 0.105861990837	352
100.5 80.5 -0.00722554479419 0.113629465563	413
102 80.5 -0.0325465408805 0.110395260411	318
103.5 80.5 0.0589590163934 0.141627100295	122
105 80.5 0.141141304348 0.152238485171	46
106.5 80.5 0.08191 0.170170517423	25
108 80.5 0.0349790909091 0.133642861101	55
109.5 80.5 0.0742089285714 0.142837361775	56
111 80.5 0.138621428571 0.156545183591	14
112.5 80.5 0.134295454545 0.13412007578	11
114 80.5 0.1105 0.204790895794	6
115.5 80.5 0.10893 0.143159442213	20
117 80.5 0.14205 0.145646482202	10
118.5 80.5 0.0492725806452 0.201464909616	31
120 80.5 0.109932352941 0.161908300572	17
121.5 80.5 0.181842857143 0.154834847321	14
123 80.5 0.150711538462 0.153211054632	26
124.5 80.5 0.185287681159 0.159942480563	69
126 80.5 0.1832515625 0.149527683366	64
127.5 80.5 0.146536842105 0.138846012646	38
129 80.5 0.225622 0.0877446461805	25
130.5 80.5 0.14703 0.148305834786	20
132 80.5 0.127781578947 0.133871929066	19
133.5 80.5 0.0686714285714 0.16093551111	14
135 80.5 -0.0121071428571 0.171970007514	42
136.5 80.5 0.0461129032258 0.195858576641	62
138 80.5 -0.0353587719298 0.157811061626	57
139.5 80.5 0.0179875 0.125412617261	56
141 80.5 -0.0566122222222 0.176064931577	45
142.5 80.5 -0.0299236842105 0.196675875045	19
144 80.5 -0.0227980769231 0.214148547024	52
145.5 80.5 -0.0536394736842 0.179452085511	19
147 80.5 -0.0063125 0.240907880774	40
148.5 80.5 0.0796546511628 0.180435432263	43
150 80.5 0.236195454545 0.100094898608	11
151.5 80.5 0.0618857142857 0.172022617407	28
153 80.5 0.212587142857 0.217773596798	35
154.5 80.5 0.1064625 0.210745594234	24
156 80.5 0.101465384615 0.154468178202	13
157.5 80.5 -0.0804214285714 0.166424852196	14
159 80.5 0.11555 0.211561716764	3
162 80.5 0.0820083333333 0.14526501461	12
163.5 80.5 -0.00958 0.227173590259	10
166.5 80.5 -0.15885 0.117803989746	2
168 80.5 -0.00895 0.0483661038332	2
169.5 80.5 0.05105 NaN	1
-175.5 80 -0.045975 0.0520189308489	4
-171 80 0.40425 NaN	1
-169.5 80 -0.18075 0.0705692567624	2
-129 80 0.7447 0.824840060254	2
-127.5 80 -0.01625 NaN	1
-126 80 0.906825 0.633685618032	4
-102 80 0.21345 NaN	1
-100.5 80 0.32945 0.0253144227665	2
-99 80 0.2614 0.0142128463018	2
-97.5 80 -0.06295 0.194444040793	5
-87 80 -0.071 0.120137442124	2
-70.5 80 0.0015125 0.158075161752	40
-69 80 0.0152538461538 0.243792791494	26
-67.5 80 0.0154589552239 0.207480264656	67
-66 80 0.0775125 0.151593827028	8
-13.5 80 -0.124315957447 0.0795097554629	658
-12 80 -0.108370491803 0.0819266003738	1220
-10.5 80 -0.0599856187291 0.10967236246	598
-9 80 -0.00527012578616 0.141522161669	318
-7.5 80 -0.0270922712934 0.110739370286	634
-6 80 -0.0465368253968 0.104715815596	630
-4.5 80 -0.0508534825871 0.117554906735	402
-3 80 -0.0190663934426 0.149616064215	122
-1.5 80 -0.064643442623 0.168800682136	61
0 80 0.0281893442623 0.179959616098	61
1.5 80 0.073226744186 0.189774634309	43
3 80 -0.0286743243243 0.158156356189	37
4.5 80 0.136809259259 0.204755614668	27
6 80 0.0143158536585 0.149095990237	41
7.5 80 -0.0101129441624 0.129175427299	197
9 80 0.0215981818182 0.0794123852007	110
10.5 80 0.026694 0.0705487195935	475
12 80 0.0140310509554 0.0702699729479	628
13.5 80 -0.0649473958333 0.0841552766838	384
15 80 0.0048110738255 0.0765530285307	149
16.5 80 -0.0841475308642 0.0796064507049	81
18 80 -0.0354418604651 0.106314198283	86
22.5 80 -0.0511 0.187878271761	2
24 80 -0.17685 NaN	1
27 80 -0.0624183823529 0.093744099826	136
28.5 80 -0.0137872972973 0.106802863573	370
30 80 0.0136416666667 0.101835959521	12
31.5 80 -0.0549474137931 0.107326046485	116
33 80 -0.0519183006536 0.0900637173815	306
34.5 80 0.0306738095238 0.185273496992	42
36 80 -0.0352598360656 0.17159344073	61
37.5 80 -0.0123275510204 0.15663393133	49
39 80 -0.04955 0.1655760349	7
40.5 80 0.0798227272727 0.0879677969228	33
42 80 0.054 0.0672168108427	148
43.5 80 0.09741875 0.0402377715906	160
45 80 -0.173525 0.0694153861427	4
57 80 0.0152115384615 0.0336257410556	26
58.5 80 0.0210188311688 0.0436680337732	77
60 80 -0.0563435483871 0.111489598724	31
61.5 80 0.167445628415 0.0607890170686	183
63 80 0.080147094431 0.0619749424097	413
64.5 80 0.0400755639098 0.0620630679279	266
66 80 -0.023043814433 0.0475296543691	194
67.5 80 -0.03765 NaN	1
69 80 0.08725 NaN	1
72 80 -0.0413738095238 0.0748823270523	21
73.5 80 -0.0595884615385 0.176883825049	13
75 80 0.07785 0.165321565441	2
76.5 80 -0.0071012195122 0.177937536964	41
78 80 0.0332613402062 0.170942988715	97
79.5 80 0.0183042682927 0.120697212471	164
81 80 -0.00746137931034 0.110665329393	290
82.5 80 -0.0380036741214 0.118025621652	313
84 80 0.0083675879397 0.0833461761589	398
85.5 80 0.0225475062344 0.0821659658482	401
87 80 0.0156198148148 0.0671682060188	540
88.5 80 0.00116408668731 0.0549563595972	646
90 80 -0.010767 0.0467053304228	100
91.5 80 0.0157081818182 0.110923484958	55
93 80 0.28005 0.149340952187	2
94.5 80 -0.0664 0.12080796812	32
96 80 0.19165 0.135779030045	5
97.5 80 0.213151408451 0.0576945293098	71
99 80 0.0129680327869 0.170752029279	61
100.5 80 -0.011241509434 0.0697742767114	212
102 80 0.017945 0.0680572462087	240
103.5 80 -0.00315785340314 0.0660163910356	191
105 80 0.0734833333333 0.295573346791	3
106.5 80 0.0257875 0.137744109977	16
108 80 0.183138888889 0.110822080882	9
109.5 80 0.214108333333 0.0641138541025	12
111 80 0.204721428571 0.114881166346	7
112.5 80 -0.0317375 0.15241071801	8
114 80 0.15125 0.130304297703	19
115.5 80 0.185122222222 0.154564027493	18
117 80 0.185232222222 0.121584217518	45
118.5 80 0.105738461538 0.191214991728	26
120 80 0.181842307692 0.103955396267	39
121.5 80 0.136552941176 0.196910387995	34
123 80 -0.0222086666667 0.18834123868	75
124.5 80 0.038515060241 0.181094042699	83
126 80 0.0744416666667 0.172467442297	48
127.5 80 0.0938214285714 0.146034033868	7
129 80 0.0537333333333 0.147808271594	12
130.5 80 0.0457833333333 0.23161844445	15
132 80 9.11764705882e-05 0.194780010713	17
133.5 80 -0.01793 0.136759755289	10
135 80 0.160353333333 0.154817381817	30
136.5 80 -0.0459462264151 0.133095405287	53
138 80 -0.0411043859649 0.135769379647	114
139.5 80 -0.0590858974359 0.187958394734	39
141 80 -0.0263768817204 0.176902078133	93
142.5 80 -0.0368115384615 0.152525768256	130
144 80 -0.0261659663866 0.135082540983	119
145.5 80 -0.0323765957447 0.128270050457	94
147 80 -0.00420675675676 0.182094149275	74
148.5 80 -0.00877395833333 0.16725127377	96
150 80 0.0364928571429 0.219237285576	42
151.5 80 -0.0319761904762 0.166988764131	42
153 80 -0.0614054054054 0.140464583497	74
154.5 80 0.0534416666667 0.162910597112	12
156 80 -0.0868954545455 0.239095267053	11
157.5 80 0.0469590909091 0.195166331392	11
159 80 -0.170583333333 0.155724960534	3
162 80 0.06515 NaN	1
163.5 80 -0.150516666667 0.145664866503	3
165 80 -0.0244166666667 0.0965531114638	3
166.5 80 -0.0905227272727 0.167798218649	11
168 80 -0.018 0.145762094981	22
169.5 80 0.0036 0.12154791922	4
-162 79.5 -0.26045 NaN	1
-120 79.5 0.7415 0.700159772481	6
-118.5 79.5 1.07681666667 0.962301170805	3
-114 79.5 0.38565 NaN	1
-102 79.5 2.50255 NaN	1
-99 79.5 0.147125 0.0920887751032	4
-96 79.5 0.262505555556 0.0747678425379	9
-73.5 79.5 0.297525 0.387856239475	4
-72 79.5 -0.13395 0.176201008354	117
-70.5 79.5 -0.0131332298137 0.213250663316	161
-69 79.5 -0.112677868852 0.123557486123	61
-67.5 79.5 -0.040358 0.246396656701	25
-13.5 79.5 -0.0949608391608 0.058876671471	286
-12 79.5 -0.112600166852 0.0807748350211	899
-10.5 79.5 -0.0969070512821 0.0827496559682	156
-9 79.5 -0.0615176056338 0.151276526151	71
-7.5 79.5 -0.0279058823529 0.160433516599	68
-6 79.5 0.0247055555556 0.189440912539	45
-4.5 79.5 -0.072512745098 0.149787861821	102
-3 79.5 0.025384375 0.137224720826	128
-1.5 79.5 0.00558358778626 0.127886030759	131
0 79.5 0.0876590909091 0.204295234108	77
1.5 79.5 0.0179651162791 0.104890234523	86
3 79.5 0.125785714286 0.183114220794	14
4.5 79.5 0.00243079470199 0.181665631575	151
6 79.5 0.12269789916 0.147135498977	119
7.5 79.5 0.0316736434109 0.12973718429	258
9 79.5 0.0523172413793 0.0637740969303	116
10.5 79.5 0.0717730769231 0.0491294722764	26
13.5 79.5 -0.00491842105263 0.0619293509002	19
15 79.5 -0.114383333333 0.0700522899935	3
18 79.5 0.0275128571429 0.309526509447	35
19.5 79.5 0.0884810344828 0.236930852454	58
21 79.5 0.0677625 0.0493973778137	120
22.5 79.5 0.019 0.024096038905	12
24 79.5 0.03835 0.0442648845023	2
25.5 79.5 0.0125413793103 0.0410610255488	58
27 79.5 0.00863235294118 0.109971528512	170
28.5 79.5 -0.00782007874016 0.0998752359116	127
30 79.5 0.0437833333333 0.0739554144964	3
31.5 79.5 -0.0871552631579 0.141525515853	19
33 79.5 0.0307333333333 0.214063816809	6
34.5 79.5 -0.02949 0.161028610294	25
36 79.5 0.0463388888889 0.170567431273	9
37.5 79.5 -0.0522 0.16792594598	4
39 79.5 0.00971326530612 0.080202560469	49
40.5 79.5 0.0559037037037 0.0526915968507	108
58.5 79.5 -0.0485 0.0075660425587	2
60 79.5 0.0520258293839 0.0470788814615	211
61.5 79.5 0.017259252669 0.0479508854359	281
63 79.5 -0.0312263636364 0.0730301784601	385
64.5 79.5 -0.10967 0.0713382806473	15
66 79.5 0.0116628440367 0.0921663362471	109
67.5 79.5 0.0582166666667 0.28530058418	3
69 79.5 0.09325 0.10782527533	3
70.5 79.5 0.0797875 0.114892557729	8
72 79.5 0.00691197183099 0.138237179125	142
73.5 79.5 -0.00711 0.0467725010785	15
75 79.5 -0.0314953488372 0.0799097044198	86
76.5 79.5 -0.0950787671233 0.0805820638981	73
78 79.5 0.0477299382716 0.116143677429	324
79.5 79.5 0.00183631578947 0.0934283446228	190
81 79.5 -0.0710475609756 0.145137208337	41
82.5 79.5 0.10423079096 0.0980735326718	177
84 79.5 0.0605323529412 0.171220727374	51
85.5 79.5 -0.0216213432836 0.105436660398	335
87 79.5 0.00388425742574 0.0700891696419	505
88.5 79.5 -0.0182576923077 0.070878849285	338
90 79.5 -0.0140692488263 0.0682637039405	426
91.5 79.5 0.142528347578 0.221613845335	351
93 79.5 0.2093046875 0.132475558203	128
100.5 79.5 -0.0915513793103 0.070298648622	145
102 79.5 -0.0531843915344 0.0623304989404	189
103.5 79.5 -0.0241568292683 0.0833497630012	205
105 79.5 0.00276959459459 0.0833856344655	148
106.5 79.5 -0.03635 0.23185053375	3
111 79.5 0.208502941176 0.0955358579124	17
112.5 79.5 0.244372222222 0.0357420193112	9
114 79.5 0.225975 0.0453379256252	12
115.5 79.5 0.197891176471 0.140432711017	17
117 79.5 0.0893 0.145332549692	4
118.5 79.5 0.138567857143 0.1514062234	28
120 79.5 0.101763793103 0.19871218189	29
121.5 79.5 0.20729 0.12359821331	25
123 79.5 0.241094 0.123733211252	25
124.5 79.5 0.00556730769231 0.191118484676	52
126 79.5 0.0152627659574 0.212290477389	47
127.5 79.5 0.041175 0.153272211161	8
129 79.5 0.196805555556 0.0927759412659	9
130.5 79.5 0.11225 0.205343809257	2
132 79.5 0.0835041666667 0.123358720385	24
133.5 79.5 0.0647166666667 0.214780160862	9
135 79.5 0.05205 0.151122937729	27
136.5 79.5 0.0274855555556 0.187593263054	45
138 79.5 0.0682257575758 0.161116596829	99
139.5 79.5 -0.0530858333333 0.126438719203	120
141 79.5 -0.0348015151515 0.144881689814	132
142.5 79.5 -0.051411875 0.142892273216	160
144 79.5 -0.00336563981043 0.121194239184	211
145.5 79.5 -0.00539122137405 0.100029799032	393
147 79.5 -0.0267089820359 0.106358374979	334
148.5 79.5 -0.0571549079755 0.117475241838	163
150 79.5 -0.0871627819549 0.122095660096	133
151.5 79.5 -0.0609407407407 0.169783610637	54
153 79.5 -0.0289357142857 0.127737577389	28
154.5 79.5 -0.0250233333333 0.178581155887	15
156 79.5 -0.0558933962264 0.106085389245	53
157.5 79.5 -0.0503822580645 0.127989987596	31
159 79.5 0.12005 0.201167641533	4
160.5 79.5 -0.08335 NaN	1
169.5 79.5 -0.00671666666667 0.251647478297	3
171 79.5 0.0462166666667 0.284407002961	3
172.5 79.5 -0.08575 0.125055427711	7
174 79.5 0.08105 NaN	1
-172.5 79 -0.22585 NaN	1
-166.5 79 -0.1438 0.0949682631198	6
-163.5 79 -0.20335 0.0504874241767	2
-162 79 0.0959833333333 0.092457143225	3
-135 79 0.21505 NaN	1
-117 79 0.83315 0.831088868092	4
-115.5 79 0.89625 0.568746003063	6
-108 79 0.3166 0.104015407513	2
-106.5 79 2.26645 NaN	1
-105 79 -0.04055 NaN	1
-102 79 0.47595 0.54461364287	2
-100.5 79 0.39115 NaN	1
-75 79 0.0437884615385 0.231364121811	26
-73.5 79 -0.0717028301887 0.175216497515	53
-72 79 -0.0224234693878 0.272821061454	49
-70.5 79 0.0942590909091 0.217189471614	22
-69 79 0.139102631579 0.122342944075	19
-19.5 79 1.8332 0.0703571247281	2
-18 79 -0.30695 NaN	1
-13.5 79 -0.0229 0.248763548375	6
-12 79 -0.0838217557252 0.119159520279	131
-10.5 79 -0.03645 0.157564614004	30
-9 79 0.246964285714 0.188851117979	7
-7.5 79 -0.105846296296 0.1475518383	27
-6 79 0.0341209090909 0.204446837854	55
-4.5 79 0.00548428571429 0.118586245465	35
-3 79 0.096235106383 0.162503539732	47
-1.5 79 -0.0585378787879 0.165853503844	132
0 79 -0.0499184782609 0.131552503952	184
1.5 79 0.014960546875 0.119603414626	256
3 79 0.0118774900398 0.0932766749047	251
4.5 79 0.048875 0.0738181482722	280
6 79 0.129546774194 0.113005964109	93
7.5 79 -0.223752857143 0.035512798148	70
9 79 -0.249429487179 0.0355768433332	78
19.5 79 0.07555 0.093199356221	3
21 79 0.00110891472868 0.0879400307138	129
22.5 79 -0.0358800248139 0.0464657405143	403
24 79 -0.0276722222222 0.0977104253507	45
25.5 79 0.0104616666667 0.0982049025658	120
27 79 0.0194428571429 0.197644951537	14
28.5 79 -0.00755 0.0944172911328	38
30 79 -0.039666 0.167046367515	25
31.5 79 0.00440163934426 0.0916377319826	122
33 79 0.0115687165775 0.0731896734773	187
34.5 79 0.0551696078431 0.0768720114631	102
36 79 0.0272777777778 0.0542128463781	18
60 79 0.30715 NaN	1
61.5 79 -0.103807142857 0.0919707355112	7
63 79 0.072875 0.115571316366	4
64.5 79 -0.158016666667 0.0599263158665	3
66 79 0.20425 NaN	1
67.5 79 0.130536956522 0.1411123289	23
69 79 0.101366666667 0.162561723662	36
70.5 79 0.0135 0.243881128831	2
72 79 -0.0474462962963 0.137995257671	27
73.5 79 -0.0694515873016 0.144563914308	63
75 79 -0.0146346153846 0.0949719412794	78
76.5 79 -0.00244436619718 0.0665506278507	142
78 79 0.019187037037 0.106057937702	54
79.5 79 0.0432472222222 0.170198209637	36
81 79 0.150835714286 0.150703666727	14
82.5 79 0.003425 0.121032678094	4
84 79 -0.11672 0.143376009538	10
85.5 79 0.105993137255 0.158404259103	51
87 79 -0.00386386554622 0.0811731826869	238
88.5 79 -0.0205930327869 0.0955140826916	244
90 79 -0.0181489655172 0.0678767540175	290
91.5 79 0.0452019886364 0.0623580598749	352
93 79 -0.0409743243243 0.0941399769426	259
94.5 79 -0.0032027173913 0.110261152436	368
96 79 0.0127177042802 0.0816721911331	257
97.5 79 0.025925 0.127070256158	16
99 79 -0.00065 NaN	1
100.5 79 0.0363918604651 0.117909282328	129
103.5 79 -0.0409115384615 0.158585747347	26
105 79 -0.107113043478 0.130576547764	46
114 79 0.219963333333 0.108033347144	15
115.5 79 0.211871428571 0.0806940106306	14
117 79 0.159742307692 0.135126653314	13
118.5 79 0.160716666667 0.122467697658	12
120 79 0.0811716216216 0.178819196607	37
121.5 79 0.018012 0.153797960351	50
123 79 0.0977878378378 0.155719424235	37
124.5 79 0.135523684211 0.14558591535	38
126 79 -0.0166865853659 0.103896842484	41
127.5 79 -0.0258883561644 0.0979373051018	73
129 79 -0.0604153846154 0.187526682778	26
130.5 79 0.0479657894737 0.160305708858	19
132 79 0.148864285714 0.0969953852609	7
133.5 79 0.149021428571 0.137232482098	21
135 79 0.0491 0.224442429919	24
136.5 79 0.101676315789 0.118821550805	19
138 79 -0.0409593023256 0.154494753824	43
139.5 79 -0.0918947552448 0.109426192682	143
141 79 -0.0353649253731 0.108034218471	268
142.5 79 -0.0180909448819 0.0943566253882	127
144 79 -0.02425 0.0914501958479	132
145.5 79 -0.00402071823204 0.100939210936	181
147 79 0.000213275434243 0.0833061535249	403
148.5 79 -0.0181972477064 0.0815207904756	436
150 79 -0.00482091836735 0.107764550192	196
151.5 79 -0.0264987179487 0.0919953958887	117
153 79 -0.00165275229358 0.0970134855638	109
154.5 79 -0.0920817460317 0.116855449478	63
156 79 -0.0561142857143 0.127471255189	28
157.5 79 -0.0919409090909 0.0877729167175	11
159 79 -0.148735714286 0.120162063184	7
162 79 0.27755 NaN	1
169.5 79 -0.0137 0.124945768236	2
171 79 0.00138333333333 0.164677634587	3
172.5 79 -0.05185 0.21817454022	3
174 79 0.06851875 0.0999073972446	32
175.5 79 -0.06175 NaN	1
-169.5 78.5 -0.15271 0.0760971944292	5
-165 78.5 -0.02215 0.084004285605	2
-163.5 78.5 0.01125 0.0773574818618	2
-159 78.5 0.0086 0.0695085965906	2
-156 78.5 -0.123864285714 0.0956153305102	7
-144 78.5 0.07855 NaN	1
-133.5 78.5 0.35685 NaN	1
-120 78.5 0.40485 NaN	1
-115.5 78.5 0.30405 NaN	1
-114 78.5 1.99235 1.06320575619	2
-106.5 78.5 0.770216666667 0.851242608583	6
-102 78.5 1.74795 NaN	1
-75 78.5 0.100015384615 0.210069616922	26
-73.5 78.5 0.0386545454545 0.130923414463	22
-19.5 78.5 0.024375 0.0831469131518	4
-16.5 78.5 -0.0041875 0.0814347405245	8
-15 78.5 -0.09905 0.133926024357	2
-12 78.5 -0.0104891304348 0.187926409047	23
-10.5 78.5 0.0518875 0.108939169625	8
-7.5 78.5 -0.00310588235294 0.152922404945	34
-6 78.5 0.0452673076923 0.19833490069	52
-4.5 78.5 0.00271909090909 0.149258385498	110
-3 78.5 -0.0377096330275 0.158382578377	109
-1.5 78.5 0.00981064257028 0.103986584012	249
0 78.5 0.0176325825826 0.104120154742	333
1.5 78.5 0.0121859735974 0.111200490105	303
3 78.5 0.031178115016 0.0860411617466	313
4.5 78.5 0.128835333333 0.092842173102	75
22.5 78.5 -0.0484863636364 0.131673268868	66
24 78.5 -0.1943375 0.0549007790083	8
25.5 78.5 -0.0126652542373 0.0694614078254	59
27 78.5 -0.0336428571429 0.130202838586	14
28.5 78.5 0.03495 0.127930119814	19
30 78.5 -0.29485 NaN	1
31.5 78.5 0.0578191616766 0.072788166719	334
33 78.5 0.0480398203593 0.0741021984288	334
34.5 78.5 -0.01535 NaN	1
58.5 78.5 0.0578396551724 0.159198031092	29
60 78.5 -0.0509617647059 0.111134574291	17
63 78.5 -0.013475 0.135720561133	8
64.5 78.5 -0.0045 0.222950768108	2
66 78.5 -0.06782 0.110784255299	10
67.5 78.5 -0.119196875 0.128173773132	32
69 78.5 0.0570730769231 0.177240443032	26
70.5 78.5 0.0677656626506 0.0909329295609	83
72 78.5 0.0151425531915 0.117801047186	94
73.5 78.5 -0.0111125 0.139160305436	40
75 78.5 -0.0202733766234 0.151486628641	77
76.5 78.5 0.07287875 0.138004318584	80
78 78.5 0.0397613636364 0.147956123628	44
79.5 78.5 0.00785483870968 0.165243083164	62
81 78.5 0.00974814814815 0.138311362804	108
82.5 78.5 -0.0169073248408 0.132600545404	157
84 78.5 0.0057 0.0963275925131	64
85.5 78.5 0.22025 0.0889230539501	22
87 78.5 0.0369425925926 0.124179920979	54
88.5 78.5 0.0791236842105 0.179388656552	38
90 78.5 0.0587136363636 0.220114244217	44
91.5 78.5 -0.0103566666667 0.157124551552	60
93 78.5 -0.04065 0.191080241653	33
94.5 78.5 -0.0188531152648 0.080825540071	321
96 78.5 0.00611982035928 0.0774407948952	835
97.5 78.5 -0.0230169856459 0.141760950978	209
99 78.5 -0.010648540146 0.125824036202	137
100.5 78.5 0.62375 NaN	1
105 78.5 0.06495 0.0239002092041	2
106.5 78.5 0.0209386363636 0.0586684385493	44
108 78.5 0.0256425 0.157113567267	40
109.5 78.5 0.13475 NaN	1
111 78.5 0.16795 NaN	1
114 78.5 -0.0415324324324 0.0852700614857	74
115.5 78.5 0.154291666667 0.10588065716	12
117 78.5 0.190607142857 0.144297981869	21
118.5 78.5 0.181684782609 0.203688669763	23
120 78.5 0.292025 0.0256505198128	4
121.5 78.5 0.199487777778 0.136107663415	45
123 78.5 0.183914814815 0.0788238546342	54
124.5 78.5 0.143716666667 0.162692422203	12
126 78.5 0.1100625 0.25443169804	24
127.5 78.5 -0.038265 0.161512216501	20
129 78.5 0.104445121951 0.180973587785	41
130.5 78.5 0.190838888889 0.169785268844	18
132 78.5 0.178331481481 0.172868404901	27
133.5 78.5 0.160138235294 0.187580332399	17
135 78.5 0.153866666667 0.0772658635276	6
136.5 78.5 0.29975 NaN	1
138 78.5 -0.102005 0.118316411827	40
139.5 78.5 0.00148296703297 0.13482213989	182
141 78.5 -0.0384821678322 0.0927791700771	286
142.5 78.5 -0.0675842857143 0.152464856379	70
144 78.5 -0.0104881410256 0.10065272691	312
145.5 78.5 0.0102841176471 0.0898352133532	340
147 78.5 0.0294275 0.0663514967863	160
148.5 78.5 -0.052704 0.0914829909695	50
150 78.5 -0.00295977011494 0.0657290872428	174
151.5 78.5 0.00611882591093 0.0654595130242	247
153 78.5 -0.0182537209302 0.0916930244553	215
154.5 78.5 -0.0465638461538 0.101115204836	65
156 78.5 -0.0730166666667 0.148046994228	9
159 78.5 0.03475 0.0755599761779	3
171 78.5 -0.12143 0.0417271734006	5
-180 78 0.2277 0.181231468018	2
-168 78 0.17335 NaN	1
-162 78 -0.18789 0.10284003976	10
-157.5 78 -0.17325 0.165604408154	2
-154.5 78 0.16895 NaN	1
-123 78 0.37475 0.00410121933088	2
-121.5 78 0.51605 NaN	1
-115.5 78 0.193725 0.096692859957	4
-114 78 -0.14265 0.175580883546	4
-112.5 78 1.59835 NaN	1
-109.5 78 -0.02005 NaN	1
-106.5 78 0.860116666667 0.167816933989	3
-105 78 0.76085 NaN	1
-93 78 0.52255 NaN	1
-76.5 78 -0.0339071428571 0.132757751455	21
-75 78 -0.0741871134021 0.102061035986	97
-73.5 78 -0.00194771428571 0.0999951958353	175
-72 78 0.0177393258427 0.111881494643	356
-16.5 78 0.03005 0.133231851124	14
-15 78 -0.1167 0.167633640039	12
-13.5 78 0.139673076923 0.189836974594	13
-10.5 78 -0.056481372549 0.125320340712	51
-9 78 -0.0303091836735 0.16381602984	49
-7.5 78 0.05793125 0.171311230294	16
-6 78 0.0921125 0.224183935562	8
-4.5 78 0.0126978873239 0.175178555324	71
-3 78 0.00888606557377 0.179313513738	122
-1.5 78 0.00124884615385 0.100898661835	260
0 78 0.0657782352941 0.0604300433933	255
24 78 -0.0469932098765 0.120220135521	81
27 78 0.12835 NaN	1
28.5 78 0.13015 0.128127748751	2
30 78 0.0421608108108 0.151898540911	74
31.5 78 0.0294402439024 0.117085506799	41
60 78 -0.03625 0.115585754601	4
66 78 0.0345446236559 0.060681259849	93
67.5 78 0.0258078947368 0.0758706531347	209
69 78 -0.0700927083333 0.115735678659	96
70.5 78 -0.0281796296296 0.173627576272	27
75 78 -0.0930370967742 0.121742007929	31
76.5 78 -0.0488285714286 0.115231825456	28
78 78 -0.0214132352941 0.127871884234	68
79.5 78 0.0443126666667 0.0861851111513	300
81 78 0.0773464285714 0.113488787118	28
82.5 78 0.026525 0.195144619449	4
84 78 -0.0260290322581 0.0791902852258	310
85.5 78 0.0144659090909 0.133699411591	176
87 78 -0.0228457746479 0.120899165112	71
88.5 78 0.0710875 0.142886271209	16
90 78 -0.0783766666667 0.139974178571	15
91.5 78 0.138544736842 0.185459352212	38
93 78 -0.0522311111111 0.136875168991	90
94.5 78 -0.0539436170213 0.153838037932	47
96 78 -0.022481441048 0.0823878534317	229
97.5 78 -0.045002484472 0.0558994034992	322
99 78 0.13175 0.207337470484	10
100.5 78 -0.0878608108108 0.105012502279	74
102 78 0.039018 0.129622347996	25
103.5 78 -0.115219005848 0.080850305024	342
105 78 -0.0993865497076 0.078895602967	342
106.5 78 -0.0422863855422 0.0947898277806	415
108 78 -0.0785626404494 0.0901006415872	356
109.5 78 -0.0455850393701 0.0918226021705	254
111 78 -0.0953404069767 0.0756723834444	344
112.5 78 -0.0777616438356 0.088543027776	292
114 78 0.0071810880829 0.0587474101145	193
115.5 78 -0.0388158415842 0.0666456111392	202
117 78 -0.0389803571429 0.0710420462432	56
118.5 78 -0.07925 0.211716429846	4
120 78 0.140802380952 0.17159550291	21
121.5 78 0.118296153846 0.213728459403	13
123 78 0.143763333333 0.118699902916	15
124.5 78 0.131744117647 0.17421566545	17
126 78 0.178590909091 0.218716105748	22
127.5 78 0.192043103448 0.15732396496	29
129 78 0.125425675676 0.178010849241	37
130.5 78 0.159744444444 0.1548339508	18
132 78 -0.059225 0.111301523649	4
133.5 78 -0.182107142857 0.0708952506973	21
135 78 -0.00737592592593 0.088353523253	27
136.5 78 -0.0198535714286 0.0998401686017	112
138 78 -0.0314191176471 0.105296601552	136
139.5 78 -0.0485782051282 0.084713869665	78
141 78 0.0303025423729 0.108463303423	177
142.5 78 0.107042946058 0.174850437017	241
144 78 0.00735769230769 0.0772403210372	143
145.5 78 0.0284792372881 0.0803359210153	236
147 78 0.0157309178744 0.0433395227878	414
148.5 78 0.0165952380952 0.0640830398869	84
150 78 -0.110509459459 0.117318371346	37
151.5 78 -0.0301852941176 0.125474972311	17
153 78 0.0120441176471 0.105439790109	17
154.5 78 -0.0228590909091 0.0817117178816	66
156 78 -0.0380944444444 0.18352408637	9
157.5 78 -0.22295 NaN	1
171 78 0.03205 NaN	1
172.5 78 0.19815 0.040842012683	3
178.5 78 -0.06589 0.189792223234	5
-178.5 77.5 0.11605 NaN	1
-174 77.5 0.2428 0.0327390439689	2
-168 77.5 -0.160483333333 0.20608411713	3
-165 77.5 -0.21265 0.0642052957317	2
-163.5 77.5 -0.11475 NaN	1
-160.5 77.5 -0.1096 0.137632469522	4
-159 77.5 -0.30515 NaN	1
-157.5 77.5 0.0943357142857 0.117365276361	7
-156 77.5 -0.29905 NaN	1
-153 77.5 -0.17963 0.0872507134641	5
-151.5 77.5 0.02565 0.103944696834	2
-138 77.5 0.33705 NaN	1
-135 77.5 0.21435 NaN	1
-133.5 77.5 0.35075 NaN	1
-132 77.5 0.27805 0.0549862710138	3
-126 77.5 -0.0125 0.175998877837	2
-123 77.5 0.30645 NaN	1
-121.5 77.5 0.31275 NaN	1
-115.5 77.5 -0.23405 0.0268700576851	2
-108 77.5 0.93443 0.833985010057	5
-105 77.5 1.66205 NaN	1
-100.5 77.5 0.32585 NaN	1
-96 77.5 0.5241 0.47694352391	2
-94.5 77.5 -0.0822327586207 0.0894727535102	29
-91.5 77.5 0.72845 NaN	1
-78 77.5 -0.117927777778 0.0656090111891	36
-76.5 77.5 -0.0482726804124 0.235921445924	97
-75 77.5 -0.0832098639456 0.0920844244503	441
-73.5 77.5 -0.00242478991597 0.145274515186	238
-72 77.5 -0.045424204947 0.137451439803	283
-70.5 77.5 0.0142328571429 0.150264905479	105
-69 77.5 -0.21005 NaN	1
-19.5 77.5 0.42045 0.0771681281359	3
-18 77.5 0.237175 0.371675381437	4
-16.5 77.5 -0.141156779661 0.121902223205	59
-15 77.5 -0.0925033333333 0.126423066264	60
-13.5 77.5 -0.022625 0.170249524655	32
-12 77.5 -0.30905 NaN	1
-10.5 77.5 0.0386595238095 0.180249404728	21
-9 77.5 0.03607 0.283334956074	10
-7.5 77.5 0.256383333333 0.0829699544012	3
-6 77.5 0.04745 0.204813952161	5
-4.5 77.5 -0.0340227272727 0.194002737563	11
-3 77.5 0.0150761904762 0.154264550675	84
-1.5 77.5 0.0133338709677 0.0658475356029	341
0 77.5 0.0415811688312 0.0593222627504	77
24 77.5 0.0674416666667 0.0453564905155	24
28.5 77.5 0.09285 NaN	1
31.5 77.5 0.14465 NaN	1
60 77.5 -0.036025 0.117730330477	8
63 77.5 -0.175913636364 0.120465125848	11
66 77.5 0.00423571428571 0.0706466925258	14
67.5 77.5 -0.0255136363636 0.0986460713174	33
69 77.5 -0.0422166666667 0.0551869791406	6
70.5 77.5 -0.056961627907 0.0976188852955	43
72 77.5 -0.0883192307692 0.172727291728	13
73.5 77.5 -0.17489 0.0680534959851	20
75 77.5 -0.091664084507 0.0847876057246	71
76.5 77.5 -0.06605 0.180332279564	39
78 77.5 -0.0424661290323 0.173081867136	31
79.5 77.5 -0.12327 0.12490082866	5
81 77.5 -0.118916666667 0.12162916317	3
82.5 77.5 -0.0214505813953 0.0678553712183	172
84 77.5 -0.00858167701863 0.121846746685	161
85.5 77.5 0.00423905109489 0.0848479008361	137
87 77.5 0.23038 0.0846404821715	10
88.5 77.5 0.11735 NaN	1
90 77.5 0.038 0.168644967313	2
91.5 77.5 0.110366666667 0.255246017925	6
94.5 77.5 0.1932125 0.199233523696	8
96 77.5 0.0922 0.270601114188	6
97.5 77.5 -0.0306563291139 0.06787239027	158
99 77.5 -0.01495 0.114490933467	14
100.5 77.5 -0.0600641791045 0.124538776854	134
102 77.5 0.0285846938776 0.0929234120053	294
103.5 77.5 0.0444372340426 0.0960733248437	47
105 77.5 0.02245 NaN	1
106.5 77.5 -0.0307590909091 0.0503714537439	33
108 77.5 -0.0882107843137 0.116074763511	102
109.5 77.5 -0.0346998901099 0.105851708439	455
111 77.5 -0.0740714015152 0.0862875595766	528
112.5 77.5 -0.063626783555 0.0723008917778	827
114 77.5 -0.0418994545455 0.0692833607759	825
115.5 77.5 0.0121313417191 0.0621251282727	477
117 77.5 -0.00861914285714 0.0628828327253	175
118.5 77.5 -0.00461516853933 0.0651957982791	178
120 77.5 -0.01674 0.118736984439	20
121.5 77.5 -0.0257277777778 0.188416704261	9
123 77.5 -0.188883333333 0.0366666515151	3
124.5 77.5 0.18335 0.101426853775	4
126 77.5 0.223311111111 0.0960772981626	18
127.5 77.5 0.114783333333 0.168008399733	15
129 77.5 -0.100672222222 0.185769351467	9
130.5 77.5 -0.00908636363636 0.227478672727	11
132 77.5 0.0178282312925 0.0805070732169	147
133.5 77.5 -0.00412109375 0.104289067645	128
135 77.5 -0.0762763157895 0.123530457311	38
136.5 77.5 -0.0122651315789 0.104301294818	152
138 77.5 -0.0393609090909 0.12334479327	55
139.5 77.5 -0.0478535714286 0.146878935994	28
141 77.5 -0.0953875 0.0839495075711	8
142.5 77.5 0.0277478873239 0.0535430289856	142
144 77.5 0.0641146103896 0.04199452672	308
145.5 77.5 0.0478237341772 0.0413984016252	316
147 77.5 0.00858381088825 0.0606022386121	349
148.5 77.5 -0.0491357142857 0.121810273315	84
150 77.5 -0.0584872093023 0.135687315657	43
151.5 77.5 -0.00266538461538 0.143402009785	13
153 77.5 0.00907222222222 0.151513371786	18
154.5 77.5 -0.19565 0.161126627222	3
156 77.5 -0.00845 0.0458167000121	3
157.5 77.5 0.0041 0.0554450178104	4
172.5 77.5 0.25635 NaN	1
-175.5 77 -0.26045 0.0221067108966	4
-168 77 0.03885 NaN	1
-166.5 77 -0.07555 NaN	1
-163.5 77 0.16745 0.0885297690046	2
-157.5 77 -0.166525 0.176037616719	4
-151.5 77 0.0289166666667 0.20599602747	3
-150 77 0.03745 0.0272345368971	3
-135 77 0.296816666667 0.0595902956305	3
-133.5 77 0.2885 0.079266670171	2
-126 77 0.1896 0.26947839431	2
-114 77 0.005825 0.0774228379313	4
-109.5 77 0.67995 NaN	1
-108 77 0.66285 NaN	1
-97.5 77 -0.011238 0.0633155514046	150
-96 77 1.7438 0.249537983081	2
-94.5 77 -0.032025 0.124368709221	4
-93 77 -0.244203846154 0.039508887413	26
-90 77 -0.0933794117647 0.0502158561202	17
-78 77 0.0145954545455 0.179026632256	33
-76.5 77 -0.0575472222222 0.149880512007	72
-75 77 -0.044609347181 0.106861979478	337
-73.5 77 -0.0679291245791 0.10006379672	297
-72 77 0.059887654321 0.185657204324	162
-18 77 0.0671631782946 0.116622959106	129
-16.5 77 -0.110417111111 0.109524333904	225
-15 77 -0.0568542016807 0.158316226882	119
-13.5 77 -0.0591411764706 0.159312033002	34
-12 77 -0.0098 0.125035058161	14
-10.5 77 0.06995625 0.133157503074	16
-9 77 -0.0883214285714 0.160295328631	7
-7.5 77 0.221225 0.0539893430842	4
-6 77 0.0774033333333 0.280867599379	15
-4.5 77 0.0243625 0.157097298326	24
-3 77 -0.0359255319149 0.0809189328646	94
-1.5 77 -0.00378293413174 0.070940065016	167
0 77 0.0469462962963 0.108878607355	27
24 77 0.0160016014235 0.051133757433	281
25.5 77 -0.0438152173913 0.063225078516	23
70.5 77 0.0552678571429 0.044383455823	28
72 77 -0.0139223076923 0.0617716396994	65
73.5 77 -0.0227666666667 0.103040589463	144
75 77 -0.0428519607843 0.107334004845	51
78 77 0.10445 0.101257691066	2
79.5 77 -0.0776107142857 0.151217057333	56
81 77 0.00364310344828 0.109474500286	116
82.5 77 -0.0103129707113 0.114102194021	478
84 77 -0.0209424657534 0.125988695216	146
85.5 77 -0.00213016528926 0.0884305194487	121
87 77 -0.0169156084656 0.0917663066399	189
88.5 77 -0.0120426829268 0.20240887257	41
90 77 -0.0111403930131 0.156763686255	229
91.5 77 -0.0380970394737 0.10142408202	304
93 77 -0.0294945945946 0.0782988586874	74
96 77 -0.0139611111111 0.192644292963	9
97.5 77 -0.0361604972376 0.0628481507752	181
99 77 -0.0840190721649 0.102811487713	291
100.5 77 -0.101782520325 0.102201091149	123
108 77 0.0278157142857 0.0957878299821	70
109.5 77 0.08513 0.105833416273	5
111 77 -0.093834375 0.112712029225	288
112.5 77 -0.0622651162791 0.085400775312	344
114 77 -0.017150660066 0.0830252016289	303
115.5 77 0.0252221611722 0.0756068832948	546
117 77 -0.00763066465257 0.056536268098	662
118.5 77 -0.00413932330827 0.0593872079928	665
120 77 0.00591388888889 0.0651340882803	144
121.5 77 -0.0145465517241 0.0716724933548	58
123 77 0.0263388888889 0.159283273168	9
124.5 77 -0.0613128205128 0.132349838566	78
126 77 -0.0179753731343 0.09351668518	67
127.5 77 -0.0210754901961 0.0773895286021	51
129 77 -0.14715 0.0662637658654	4
130.5 77 -0.0339814814815 0.105075796984	108
132 77 0.0198868674699 0.0858910804186	415
133.5 77 0.00871657894737 0.0863425210318	380
135 77 -0.0412925531915 0.0845843944461	188
136.5 77 -0.0293789156627 0.0764387568183	83
138 77 -0.0206066951567 0.0672294629665	351
139.5 77 -0.0133772727273 0.081948602176	66
141 77 -0.192858333333 0.0908622979952	12
147 77 0.0434721238938 0.123250889402	113
148.5 77 0.04495 0.124509892512	31
150 77 0.0103599236641 0.0864987762074	131
151.5 77 -0.042590625 0.116096323881	64
153 77 -0.1143875 0.0909448802847	8
154.5 77 -0.0310666666667 0.11372619298	12
156 77 -0.0347666666667 0.231416528508	6
157.5 77 -0.180416666667 0.0943165061553	3
159 77 -0.164835714286 0.104886866489	7
-180 76.5 -0.11705 NaN	1
-178.5 76.5 -0.08675 NaN	1
-175.5 76.5 -0.03741 0.134319425252	5
-174 76.5 -0.1349 0.192288992578	4
-172.5 76.5 -0.03505 0.0707676950781	4
-171 76.5 0.1827 0.103166879375	2
-168 76.5 -0.1552 0.139229325216	2
-165 76.5 0.0764 0.139229325216	2
-156 76.5 -0.09525 NaN	1
-153 76.5 -0.113775 0.117712455343	8
-151.5 76.5 0.01855 0.162917402385	2
-135 76.5 0.31055 NaN	1
-133.5 76.5 -0.21025 NaN	1
-124.5 76.5 0.26645 NaN	1
-105 76.5 0.60815 NaN	1
-103.5 76.5 0.25535 NaN	1
-97.5 76.5 -0.0952069536424 0.113476035361	151
-96 76.5 -0.0149716931217 0.0993617145825	189
-91.5 76.5 -0.0641238095238 0.103814645002	42
-90 76.5 0.0656373563218 0.150512531159	174
-79.5 76.5 -0.152997058824 0.0526031381864	17
-78 76.5 -0.0753717391304 0.0937790047204	69
-76.5 76.5 -0.0342730088496 0.109813897529	226
-75 76.5 -0.00641213592233 0.124811292159	103
-73.5 76.5 0.0604966793169 0.139542910607	527
-72 76.5 0.243522727273 0.0652436677527	11
-18 76.5 -0.148008139535 0.0794859024115	43
-16.5 76.5 -0.178353937008 0.0876545202779	254
-15 76.5 -0.0333704301075 0.136195279047	93
-13.5 76.5 0.0310923728814 0.168348428916	59
-12 76.5 -0.022796969697 0.149425109845	66
-10.5 76.5 -0.0142919354839 0.154587260739	31
-9 76.5 0.0201944444444 0.170998209867	9
-7.5 76.5 -0.000283333333333 0.1207035984	6
-6 76.5 0.0656428571429 0.146285760726	14
-4.5 76.5 0.125485714286 0.154258040704	28
-3 76.5 0.0268455223881 0.0645309541224	134
-1.5 76.5 0.132075 0.146736847792	4
25.5 76.5 0.0852772727273 0.1116890334	11
27 76.5 0.04237 0.0636870237961	5
69 76.5 -0.0421868421053 0.0498249493999	57
70.5 76.5 -0.0378289115646 0.0481389941934	294
72 76.5 -0.00966270983213 0.0500306180926	417
73.5 76.5 0.0154137168142 0.135686779584	113
75 76.5 0.0611518181818 0.137947262428	220
76.5 76.5 -0.0158274193548 0.0888765361215	124
78 76.5 -0.0408338709677 0.0676807921668	93
79.5 76.5 -0.0596286516854 0.0871253335352	89
81 76.5 0.0685108695652 0.103189225274	46
82.5 76.5 0.01619375 0.183261210979	48
84 76.5 -0.0134557692308 0.0787273508569	156
85.5 76.5 -0.04010625 0.10190657233	64
87 76.5 -0.0245441860465 0.14634402499	172
88.5 76.5 -0.0841417705736 0.0810435738175	401
90 76.5 -0.104998882682 0.0884413786852	358
91.5 76.5 -0.0442868421053 0.0787729593817	532
93 76.5 0.00080652173913 0.0944413693773	230
94.5 76.5 0.555875 0.734850857317	4
96 76.5 -0.1339 0.0848141876609	22
97.5 76.5 -0.00867272727273 0.116471201966	22
99 76.5 -0.051325 0.0957821007983	28
111 76.5 -0.23489 0.0360820030953	20
112.5 76.5 -0.227859722222 0.0690543777558	72
114 76.5 -0.0145667346939 0.0903608204619	245
115.5 76.5 -0.0854172544081 0.06659284728	397
117 76.5 -9.01826484018e-05 0.0747120707487	219
118.5 76.5 -0.00643778877888 0.0627314898379	303
120 76.5 -0.0324701565558 0.047474688455	511
121.5 76.5 -0.0424107538803 0.0495243360008	451
123 76.5 -0.154991666667 0.109948477723	24
124.5 76.5 -0.0205884615385 0.154827931003	39
126 76.5 -0.0261655913978 0.0892591448804	186
127.5 76.5 -0.0375125 0.0742552123706	184
129 76.5 -0.00532025316456 0.0655415835419	158
130.5 76.5 0.0122996621622 0.0626029381442	296
132 76.5 0.0323889452333 0.0577127441551	493
133.5 76.5 0.00401175972927 0.0479660836349	591
135 76.5 -0.0313228179551 0.0566026778014	401
136.5 76.5 -0.0389434362934 0.0384264897146	259
138 76.5 -0.00924007936508 0.0591462952671	252
139.5 76.5 0.00485492307692 0.0856849427854	325
141 76.5 -0.0400848837209 0.0721954272097	86
145.5 76.5 0.0315241935484 0.106293456973	62
147 76.5 0.00481818181818 0.0470732331556	66
148.5 76.5 0.0304946153846 0.054548969975	260
150 76.5 -0.00688880597015 0.0589994773909	134
151.5 76.5 -0.000787849462366 0.0748365519823	465
153 76.5 -0.00737076502732 0.0992303298274	183
154.5 76.5 -0.0243846007605 0.0973836658705	263
156 76.5 -0.0382214285714 0.12186654362	35
157.5 76.5 -0.0648462264151 0.159593401592	53
159 76.5 0.26205 NaN	1
160.5 76.5 -0.0149833333333 0.111362037218	3
162 76.5 0.10225 NaN	1
177 76.5 -0.14165 0.135025923437	5
-180 76 -0.109633333333 0.0885755365023	6
-178.5 76 -0.14455 NaN	1
-177 76 0.00355 NaN	1
-169.5 76 0.13735 NaN	1
-162 76 -0.2386 0.00445477272148	2
-156 76 -0.29375 NaN	1
-154.5 76 -0.0758833333333 0.13631528711	9
-153 76 -0.05045 0.18410029875	3
-148.5 76 -0.0869 0.276549462122	2
-147 76 -0.0291 0.275559512628	2
-138 76 0.34415 NaN	1
-129 76 1.277925 0.906013735639	4
-123 76 -0.166384408602 0.0683029257993	93
-120 76 -0.26111 0.016894762502	5
-118.5 76 2.14665 NaN	1
-111 76 0.87365 NaN	1
-96 76 0.0069478021978 0.0874446631089	91
-94.5 76 -0.18505 0.0864824259604	3
-93 76 0.803683333333 0.911197288553	6
-88.5 76 -0.066075 0.0686680992685	8
-85.5 76 0.56565 NaN	1
-82.5 76 -0.126080681818 0.051129385927	88
-81 76 -0.0249757425743 0.0858055054503	303
-79.5 76 0.0755737804878 0.0991346533376	164
-78 76 -0.0623295321637 0.0877228978882	171
-76.5 76 -0.0591699430199 0.0858927976425	351
-75 76 -0.0468266666667 0.140449374074	210
-73.5 76 -0.129926428571 0.140061802705	140
-64.5 76 -0.0433590909091 0.152581887177	22
-63 76 0.128480769231 0.141634061255	13
-61.5 76 0.26217 0.0981522134238	5
-19.5 76 0.33275 NaN	1
-18 76 0.5973 0.0474468650176	2
-16.5 76 -0.104275490196 0.0726376840026	51
-15 76 -0.0672988888889 0.0824996821543	45
-13.5 76 -0.0154090909091 0.167042947597	22
-12 76 0.0589863636364 0.151473180007	33
-10.5 76 0.0984576923077 0.118693003596	13
-9 76 0.0152323529412 0.15744677883	34
-7.5 76 0.0851818181818 0.165954415389	22
-4.5 76 0.0148737113402 0.0735824109604	97
-3 76 0.00203529411765 0.0416678724603	34
66 76 -0.0431907407407 0.183725295062	27
67.5 76 -0.03831 0.195639675594	10
69 76 -0.0377634920635 0.0944238811769	126
70.5 76 -0.0467508547009 0.0913365456333	117
72 76 -0.0350087209302 0.0572652715615	172
73.5 76 0.033847826087 0.126753774415	46
75 76 0.148343333333 0.0442952347491	240
76.5 76 0.0313968944099 0.0657644309618	322
78 76 -0.0451696428571 0.0932634868037	56
79.5 76 -0.06135 NaN	1
81 76 -0.03395 0.150846978455	12
82.5 76 0.0392868421053 0.118189147181	57
84 76 -0.0594373333333 0.120994169418	150
85.5 76 -0.0289012461059 0.0765810372328	642
87 76 0.0090228549142 0.0759920940345	641
88.5 76 -0.165705555556 0.0809294908262	153
90 76 -0.0461806542056 0.0811040968554	535
91.5 76 -0.052040562249 0.0555620733528	498
93 76 0.0326785714286 0.189147215279	7
94.5 76 -0.04275 NaN	1
114 76 -0.0202287878788 0.11997104213	165
115.5 76 -0.0358121118012 0.100328618764	161
117 76 0.111194444444 0.0943584669109	9
118.5 76 -0.00929968152866 0.0435102723271	157
120 76 -0.0441759016393 0.060153464522	305
123 76 -0.01865 0.142658389557	73
124.5 76 -0.0505474137931 0.0975893957721	116
126 76 0.021630952381 0.11551226405	189
127.5 76 0.00885062111801 0.0762633472282	322
129 76 -0.0472017110266 0.0854203427138	263
130.5 76 -0.010956969697 0.0768423296698	330
132 76 0.12764688196 0.102354801509	449
133.5 76 0.0651055555556 0.090860864689	18
136.5 76 -0.0752783505155 0.0680900163899	194
138 76 -0.0718738095238 0.0894999882948	21
144 76 0.0729929487179 0.160539340616	156
145.5 76 0.0421428571429 0.0369748556061	28
147 76 -0.1763 0.0936916485072	2
148.5 76 0.0569020661157 0.0900980214765	484
150 76 -0.00352655677656 0.0734379492468	273
151.5 76 -0.024183490566 0.0734294526255	212
153 76 -0.0298602362205 0.0895164184946	127
154.5 76 0.0176421568627 0.0728023130503	204
156 76 -0.011751459854 0.04663651038	274
157.5 76 0.0294592105263 0.0536628293361	152
159 76 -0.070375 0.16188484333	4
163.5 76 0.21775 NaN	1
166.5 76 -0.09035 NaN	1
-178.5 75.5 0.0791166666667 0.224381939261	6
-171 75.5 -0.129316666667 0.145988846606	3
-168 75.5 0.23215 NaN	1
-165 75.5 0.08675 0.0321026478659	2
-163.5 75.5 -0.025625 0.113438485533	16
-160.5 75.5 -0.10675 0.109051180645	5
-156 75.5 -0.29675 NaN	1
-154.5 75.5 0.1768 0.0740340799902	2
-153 75.5 -0.0610833333333 0.119884625092	3
-150 75.5 -0.215316666667 0.0474209166227	3
-139.5 75.5 0.319283333333 0.108273742585	3
-133.5 75.5 -0.30955 NaN	1
-130.5 75.5 -0.14775 NaN	1
-126 75.5 0.88305 NaN	1
-124.5 75.5 -0.155905882353 0.0589035482348	34
-123 75.5 -0.1178575 0.0942094540073	40
-121.5 75.5 -0.106652 0.0678710038368	200
-120 75.5 -0.0306478873239 0.0669473493438	142
-118.5 75.5 0.03485 0.149482373543	2
-117 75.5 2.06315 NaN	1
-114 75.5 -0.243127777778 0.0384197793388	9
-111 75.5 1.4458 1.13328003821	2
-105 75.5 -0.00565 NaN	1
-102 75.5 1.34055 1.09700546033	2
-97.5 75.5 -0.150341666667 0.0470104513511	24
-96 75.5 -0.08297 0.135821106198	10
-93 75.5 -0.10605 NaN	1
-88.5 75.5 0.10235 NaN	1
-81 75.5 -0.16073 0.0652608963181	35
-79.5 75.5 0.0227980427046 0.117019541735	281
-78 75.5 0.0103458083832 0.107509063979	167
-76.5 75.5 -0.0524958015267 0.106832158267	131
-75 75.5 -0.221806557377 0.0560349403803	122
-64.5 75.5 0.02139 0.0937355306929	15
-61.5 75.5 -0.10545 NaN	1
-60 75.5 -0.09195 NaN	1
-18 75.5 -0.17319673913 0.0895151401659	92
-16.5 75.5 -0.123964685315 0.0950441274859	286
-15 75.5 -0.0246085714286 0.101606466815	140
-13.5 75.5 0.132991176471 0.0675822559814	17
-12 75.5 0.0465058823529 0.185685206394	34
-10.5 75.5 0.069099122807 0.0670613010355	114
-9 75.5 0.107786363636 0.154509430872	44
-7.5 75.5 0.157410606061 0.094027190015	33
63 75.5 0.141405555556 0.169543328615	9
66 75.5 0.233216666667 0.102011584309	3
67.5 75.5 0.269016666667 0.0428989898871	3
69 75.5 0.21009 0.0712320651891	10
70.5 75.5 -0.0305567567568 0.129062037043	74
72 75.5 -0.011708685446 0.0751222781955	213
73.5 75.5 0.151147651007 0.069429802457	298
75 75.5 0.160852970297 0.0645199449092	101
76.5 75.5 0.0285202797203 0.0422694704385	286
78 75.5 -0.0299270833333 0.120004486157	48
79.5 75.5 -0.0687466666667 0.152378427479	30
81 75.5 0.00940918367347 0.120876501918	49
82.5 75.5 -0.034174137931 0.143430349024	58
84 75.5 -0.00907103004292 0.100705677916	233
85.5 75.5 -0.0242261290323 0.090395019892	155
87 75.5 0.0775396226415 0.0540826629758	318
88.5 75.5 -0.221079230769 0.0815625849454	130
90 75.5 0.06606875 0.140754002837	32
114 75.5 0.0136045454545 0.0915555961597	44
115.5 75.5 -0.0118375 0.149629510721	48
117 75.5 -0.0641449152542 0.0825470052585	59
118.5 75.5 0.00905 0.039499240499	3
120 75.5 0.15595 NaN	1
121.5 75.5 -0.00156014492754 0.094368805827	69
123 75.5 0.0336838888889 0.0592173443601	180
124.5 75.5 0.0161490066225 0.0706718886559	302
126 75.5 0.0180172025723 0.0640726443934	311
127.5 75.5 -0.0116081395349 0.0713594747757	129
129 75.5 -0.0115916403785 0.0707212304602	317
130.5 75.5 -0.00395053380783 0.0802012809878	562
132 75.5 0.0232351351351 0.132866130673	74
133.5 75.5 -0.00522456140351 0.113468150599	228
135 75.5 -0.18045 0.0916329089356	3
145.5 75.5 -0.0717679487179 0.0828044399686	117
147 75.5 -0.01295 0.147350290125	6
148.5 75.5 -0.015256557377 0.0479157833038	61
150 75.5 -0.071649122807 0.0663285913813	114
151.5 75.5 -0.0212813684211 0.100507008201	475
153 75.5 0.0055183029453 0.0972343868612	713
154.5 75.5 0.0101684940555 0.0509273632165	757
156 75.5 0.0106590909091 0.0603163151163	792
157.5 75.5 -0.00284341463415 0.0633644365138	410
159 75.5 -0.0632325503356 0.0441419527292	149
165 75.5 -0.02655 NaN	1
-178.5 75 0.28565 NaN	1
-177 75 -0.071575 0.139237348746	8
-169.5 75 0.19905 NaN	1
-168 75 -0.1964 0.0688014898095	2
-166.5 75 -0.05415 0.118550031632	3
-165 75 -0.05337 0.187187275209	15
-163.5 75 0.00978333333333 0.125997394153	3
-162 75 -0.15265 NaN	1
-159 75 0.0314109756098 0.0442094363317	82
-157.5 75 0.0702 0.261456363472	4
-156 75 -0.116875 0.0931692501133	4
-153 75 0.08155 NaN	1
-151.5 75 -0.088725 0.11955329007	4
-148.5 75 0.1021 0.105853885144	2
-144 75 -0.0302166666667 0.17821702126	6
-138 75 0.02465 NaN	1
-127.5 75 -0.17585 NaN	1
-124.5 75 -0.04769 0.118056821065	5
-123 75 -0.0544676470588 0.0958639717639	51
-121.5 75 -0.0751026984127 0.0577265303788	315
-117 75 -0.06528 0.0828404496925	20
-115.5 75 -0.0005328125 0.296456278826	64
-114 75 0.523183333333 0.955553841148	3
-108 75 -0.0576075 0.0703876988361	40
-106.5 75 0.0097 0.0986413959755	2
-105 75 -0.0449072916667 0.0599123794339	96
-103.5 75 -0.04831875 0.0681459460253	32
-102 75 -0.0209560344828 0.0865816440922	116
-100.5 75 -0.0851266129032 0.0546090467339	124
-97.5 75 -0.1334 0.0967906764648	100
-93 75 -0.04821 0.0415940895527	15
-79.5 75 0.0163227272727 0.112030524124	143
-78 75 0.0226185512367 0.0865304758857	566
-76.5 75 0.0476084269663 0.129929226984	178
-75 75 -0.0151096153846 0.0532797025401	104
-58.5 75 0.0137692307692 0.101143501315	52
-18 75 -0.0278772277228 0.0725673322692	202
-16.5 75 -0.130981893004 0.122755499809	486
-15 75 0.129314 0.130599519514	75
-13.5 75 0.0254282608696 0.196667679917	23
-12 75 0.116446 0.188895633618	25
-10.5 75 -0.00360384615385 0.162699101979	26
-9 75 0.0911966666667 0.1973745709	15
61.5 75 -0.0576350393701 0.121642009294	127
63 75 0.103533333333 0.0788391125436	6
64.5 75 0.212283333333 0.117190030862	3
69 75 -0.0269576923077 0.075348517587	13
70.5 75 -0.0308056962025 0.0859085407336	79
72 75 -0.00187333333333 0.0528983996487	90
73.5 75 0.152603846154 0.0399153828068	26
78 75 -0.00865975609756 0.0503542441353	41
79.5 75 -0.0267837209302 0.0963100027724	172
81 75 -0.00813502994012 0.120153639411	167
82.5 75 -0.00665076142132 0.168569445447	394
84 75 -0.0335820675105 0.120111776972	237
85.5 75 -0.00355857142857 0.147148379239	35
112.5 75 -0.075375 0.144506323915	100
114 75 -0.0281392857143 0.133223848095	56
115.5 75 0.0046609375 0.0943049289166	192
117 75 -0.00910862068966 0.139855219825	29
118.5 75 -0.0113241935484 0.147185483443	62
120 75 0.00973938547486 0.0803410430683	179
121.5 75 0.0235582677165 0.0705599980909	254
123 75 -0.0158131578947 0.08448423375	171
124.5 75 0.002781 0.0670319970257	100
126 75 -0.00325648854962 0.0686313132674	262
127.5 75 -0.00881569343066 0.0554788836855	137
129 75 -0.0142337931034 0.0478812846328	290
130.5 75 -0.0104730769231 0.05636759112	221
132 75 -0.0920011278195 0.0781493124503	266
133.5 75 -0.027141 0.125031497523	100
135 75 -0.00647857142857 0.0515828160577	63
136.5 75 -0.00646666666667 0.0527090445776	72
141 75 0.1482 0.143370673431	4
142.5 75 0.0240153846154 0.076173580419	26
144 75 -0.01115 0.127610626517	6
145.5 75 -0.00771346153846 0.0789640388321	104
147 75 -0.08321 0.134120833579	5
151.5 75 -0.0922080745342 0.102611931499	322
153 75 -0.0280320652174 0.0929471567903	368
154.5 75 0.0216936363636 0.0918916697249	275
156 75 0.05033671875 0.0912800779015	512
157.5 75 -0.0394997737557 0.0512768072616	663
159 75 -0.0577186468647 0.0744859592117	303
160.5 75 -0.0714520833333 0.0514002503909	48
162 75 -0.0066 0.15024082097	36
177 75 -0.0411 0.155090305491	8
178.5 75 0.0753833333333 0.0500490093142	3
-180 74.5 -0.14945 0.116248354827	2
-175.5 74.5 0.0340777777778 0.152136988601	18
-174 74.5 -0.19195 NaN	1
-172.5 74.5 0.0422833333333 0.0714970162548	3
-171 74.5 -0.01855 0.130712164698	3
-169.5 74.5 0.13855 NaN	1
-168 74.5 -0.03855 0.100252730636	3
-166.5 74.5 0.00562095435685 0.0730419170945	241
-165 74.5 -0.0154536585366 0.0908153267169	82
-163.5 74.5 -0.0294833333333 0.219036716861	3
-162 74.5 -0.05925 0.159961016084	4
-160.5 74.5 -0.0883642857143 0.120121943993	7
-159 74.5 0.0916372641509 0.0417295612549	212
-157.5 74.5 0.0246770916335 0.0869902605072	251
-156 74.5 -0.00607368421053 0.0625413225922	76
-154.5 74.5 -0.24875 0.0230516810667	2
-151.5 74.5 0.151016666667 0.0894852688063	3
-150 74.5 -0.0899071428571 0.114542895655	14
-148.5 74.5 0.09825 NaN	1
-136.5 74.5 0.10245 NaN	1
-133.5 74.5 0.02765 NaN	1
-124.5 74.5 -0.143216666667 0.132958088634	3
-123 74.5 -0.0235125 0.0989789290347	8
-121.5 74.5 -0.0326352631579 0.0453789668412	95
-117 74.5 0.67735 NaN	1
-115.5 74.5 -0.110886363636 0.07370457615	11
-105 74.5 0.09505 0.138168665044	2
-103.5 74.5 0.7039 0.894843631592	2
-97.5 74.5 -0.0790563829787 0.0584492037686	94
-96 74.5 -0.111199122807 0.0448648498184	171
-94.5 74.5 -0.0598724489796 0.0851757527736	49
-93 74.5 -0.00856525423729 0.0661730577562	177
-91.5 74.5 -0.151335080645 0.0893806474629	248
-90 74.5 -0.140477272727 0.0976180627846	11
-88.5 74.5 0.44665 NaN	1
-81 74.5 -0.0916333333333 0.129022779642	6
-79.5 74.5 0.0578604477612 0.124812043094	67
-78 74.5 0.0304573654391 0.153362966491	353
-76.5 74.5 -0.0909313492063 0.041396128461	252
-75 74.5 -0.0759611111111 0.0496378518861	18
-19.5 74.5 -0.027874137931 0.0632930650625	87
-18 74.5 0.00154666666667 0.0854186318691	180
-16.5 74.5 0.0729712765957 0.126860042594	47
-15 74.5 0.106399206349 0.149985405605	63
-13.5 74.5 0.08025 0.0572945896224	3
-12 74.5 0.017698 0.105220469461	125
60 74.5 -0.119073529412 0.0883972783717	34
61.5 74.5 -0.026847826087 0.0941696012037	138
63 74.5 0.32045 NaN	1
64.5 74.5 0.41985 NaN	1
66 74.5 0.31605 NaN	1
67.5 74.5 -0.00115 0.110800306859	6
69 74.5 -0.11955 NaN	1
70.5 74.5 0.0233214285714 0.21364866576	7
76.5 74.5 0.0597388888889 0.0495413064599	18
79.5 74.5 -0.0321865517241 0.0628274951021	145
81 74.5 0.325142857143 0.0443094115065	56
84 74.5 0.0186041884817 0.0965476199029	382
111 74.5 0.0876975 0.133968777433	40
112.5 74.5 -0.0978414893617 0.129889014212	47
114 74.5 -0.123934158416 0.105983297488	101
115.5 74.5 -0.00710327102804 0.0946742900265	107
117 74.5 -0.0282880952381 0.147377885403	63
118.5 74.5 -0.0401516826923 0.085740659245	416
120 74.5 -0.0112880655226 0.0719561988209	641
121.5 74.5 -0.0328581048868 0.0684341272113	839
123 74.5 0.00451290322581 0.0705706466855	124
124.5 74.5 -0.00125091743119 0.0625670405355	218
126 74.5 0.0205376923077 0.126465131691	65
127.5 74.5 -0.0746950980392 0.103014182157	51
129 74.5 -0.03300625 0.11798711777	32
130.5 74.5 -0.059665234375 0.0602091020609	512
132 74.5 -0.0898199186992 0.070955170487	123
133.5 74.5 -0.0781911764706 0.148227469025	17
135 74.5 -0.063156 0.0443848770439	50
138 74.5 0.967175 0.698003144095	4
142.5 74.5 -0.0853 0.220475403012	4
144 74.5 -0.0676625 0.114668303525	16
145.5 74.5 -0.0256119369369 0.063038678992	444
147 74.5 -0.0904220472441 0.0700799309748	254
148.5 74.5 -0.0530159090909 0.0481149782954	44
150 74.5 -0.16263 0.0972076385887	25
151.5 74.5 -0.0234519607843 0.106542531395	51
153 74.5 -0.085362195122 0.113261019839	82
154.5 74.5 -0.0721845454545 0.104806126514	55
156 74.5 -0.0257108695652 0.13708915725	23
157.5 74.5 -0.0147106557377 0.111156979506	61
159 74.5 -0.02429 0.12338769185	25
160.5 74.5 -0.0409036723164 0.0441352969001	177
162 74.5 -0.0390267527675 0.0484901159666	271
163.5 74.5 0.004125 0.206606879121	4
168 74.5 -0.07215 NaN	1
169.5 74.5 -0.14145 NaN	1
177 74.5 -0.06221 0.205450439279	5
178.5 74.5 -0.25515 NaN	1
-180 74 0.19405 0.094752308679	2
-175.5 74 -0.215775 0.0847374917023	4
-174 74 -0.122716666667 0.0725909314814	3
-168 74 0.0607186567164 0.145612435168	67
-166.5 74 -0.0699798642534 0.0880645931043	221
-165 74 0.0181819148936 0.0731008698795	517
-163.5 74 0.0124763157895 0.150820447542	38
-162 74 -0.00501296296296 0.147517636881	27
-160.5 74 -0.0437439393939 0.123460570945	66
-159 74 -0.00429814814815 0.15143200142	27
-157.5 74 0.055013670412 0.0967737835313	267
-156 74 0.0279240506329 0.117686511779	158
-154.5 74 -0.0520315789474 0.1051106943	76
-153 74 -0.0634518518519 0.0677343725902	108
-150 74 -0.0609928571429 0.162827688648	7
-148.5 74 0.05905 NaN	1
-147 74 0.00875 0.111298607359	2
-144 74 0.03535 0.0648844100433	4
-142.5 74 0.07415 0.0640071870965	3
-136.5 74 -0.02115 0.0134350288425	2
-135 74 -0.13895 NaN	1
-127.5 74 0.22395 NaN	1
-126 74 -0.0943139810427 0.0837743598192	211
-124.5 74 -0.134957971014 0.0704658659009	138
-100.5 74 -0.16455 NaN	1
-99 74 0.1728 0.115187694655	2
-97.5 74 -0.0159259036145 0.0979469861466	83
-96 74 -0.0409390625 0.0593558514797	192
-94.5 74 0.1072 0.0980757105506	2
-93 74 0.0101 0.0313248304066	2
-91.5 74 -0.155564285714 0.121774369811	133
-90 74 0.0276024390244 0.0936801825303	82
-88.5 74 0.0793676470588 0.182964891562	17
-87 74 -0.108198630137 0.0672486782193	146
-81 74 -0.00494183673469 0.134139535564	147
-79.5 74 -0.0826695402299 0.12496229742	87
-78 74 -0.0368741545894 0.11156964648	207
-76.5 74 0.0711479166667 0.208404947905	96
-75 74 -0.0787412820513 0.0706947480216	195
-73.5 74 0.0400327838828 0.134286483829	273
-72 74 0.0339369565217 0.123667523103	46
-19.5 74 -0.008675 0.157501250356	12
-18 74 0.0108145933014 0.0774902152009	209
-16.5 74 0.0984764094955 0.0950084058774	337
-15 74 0.0670710526316 0.140317090824	57
-13.5 74 0.0899650537634 0.106442161882	186
-12 74 0.0407119047619 0.0716029851067	21
58.5 74 -0.0368633333333 0.241818039226	15
60 74 -0.0171578125 0.0588037555467	192
61.5 74 -0.0673302083333 0.0678533881973	288
63 74 -0.0516016129032 0.0795716443254	31
64.5 74 0.02005 NaN	1
66 74 -0.0542818181818 0.0701957877037	110
67.5 74 -0.115551910828 0.077682321085	157
69 74 -0.142790206186 0.0438822255679	97
70.5 74 0.104175 0.0468062856717	112
76.5 74 0.052224137931 0.0415922418556	58
78 74 0.123029310345 0.0427625625683	58
81 74 -0.0452679487179 0.0409928749389	117
85.5 74 -0.008025 0.0389128192245	12
109.5 74 -0.241225 0.040520067045	4
111 74 -0.08735 NaN	1
112.5 74 -0.13955 0.0935350914541	7
114 74 -0.0944361344538 0.102933722157	238
115.5 74 -0.0149730769231 0.0967570251872	13
117 74 -0.0214193877551 0.106585699906	98
118.5 74 0.0391572413793 0.0832050120511	290
120 74 -0.0211495680346 0.0923593098774	463
121.5 74 -0.110515357968 0.0564036867632	433
123 74 -0.0364479166667 0.0776409500747	144
124.5 74 0.0679555045872 0.0448301275906	109
126 74 -0.0424765822785 0.0458085276712	79
127.5 74 -0.0255947552448 0.0859775156313	143
129 74 -0.0510287671233 0.0903840703152	146
130.5 74 -0.0735053571429 0.10793352823	56
132 74 -0.0812568181818 0.133059787922	44
133.5 74 -0.0327714285714 0.112291527798	70
135 74 -0.0146588983051 0.0891485065402	236
136.5 74 -0.0318017241379 0.132828112936	29
138 74 -0.0878833333333 0.252580172091	3
139.5 74 1.59515 NaN	1
141 74 -0.08723125 0.157816092203	16
142.5 74 -0.124363924051 0.0974861761853	79
144 74 0.0309777227723 0.0712885686752	101
145.5 74 0.02275 0.0733359133016	90
147 74 -0.0435166666667 0.14892161249	6
148.5 74 0.0505290697674 0.076786068175	43
150 74 -0.0436978599222 0.0879149313906	257
151.5 74 -0.1125125 0.0726140273245	8
153 74 -0.0424346534653 0.0901984716649	202
154.5 74 -0.0275779742765 0.0692911023154	311
156 74 -0.039089 0.126580408345	100
157.5 74 -0.0135441176471 0.0866319747624	187
159 74 0.00481777777778 0.0852436728467	180
160.5 74 0.0416575949367 0.101313506544	79
162 74 -0.0243968965517 0.0935179194468	145
163.5 74 0.21525 NaN	1
166.5 74 -0.18565 0.0407298416398	3
168 74 0.112 0.0426385389055	2
169.5 74 -0.0733333333333 0.143946773728	6
171 74 0.0311346153846 0.127836417908	13
174 74 -0.0691357142857 0.0987418760974	7
175.5 74 -0.29635 NaN	1
178.5 74 0.18395 NaN	1
-180 73.5 -0.0708375 0.125263818029	8
-177 73.5 0.15125 0.0833730771892	3
-169.5 73.5 -0.116136666667 0.0928510394331	15
-168 73.5 -0.124 0.0239709198822	2
-165 73.5 -0.0417078947368 0.202159080143	19
-163.5 73.5 0.0721828125 0.0595355076101	192
-162 73.5 0.0850772727273 0.157340041771	22
-160.5 73.5 0.00922108433735 0.0875052005843	83
-159 73.5 -0.00395454545455 0.144546026538	22
-157.5 73.5 0.0559833333333 0.146824709781	30
-156 73.5 0.0648857142857 0.180264855037	42
-154.5 73.5 -0.0166095238095 0.0935916951171	42
-153 73.5 -0.0352320512821 0.0763884252454	39
-151.5 73.5 -0.149866666667 0.0657557120459	6
-147 73.5 0.1318 0.116743329574	2
-145.5 73.5 -0.09985 NaN	1
-144 73.5 0.02186875 0.0932714834502	16
-142.5 73.5 -0.0940576923077 0.0832748207397	13
-141 73.5 -0.06682 0.136137830892	10
-130.5 73.5 -0.03743 0.166241968227	5
-127.5 73.5 -0.04424765625 0.0626213385493	128
-126 73.5 -0.0399327089337 0.0705236449557	347
-124.5 73.5 -0.0580702898551 0.0551200176612	69
-115.5 73.5 -0.11975 NaN	1
-108 73.5 -0.17705 NaN	1
-106.5 73.5 1.27333 1.32618216584	5
-97.5 73.5 0.0301833333333 0.196923775439	3
-96 73.5 -0.135271153846 0.0614529885985	156
-90 73.5 -0.007025 0.0965543920916	88
-88.5 73.5 0.09535 NaN	1
-85.5 73.5 0.21565 NaN	1
-79.5 73.5 -0.26345 NaN	1
-78 73.5 -0.04055 0.090601490054	3
-76.5 73.5 0.140315467626 0.167674055235	139
-75 73.5 0.154652601156 0.169885516333	346
-73.5 73.5 0.0462496047431 0.108403063089	253
-72 73.5 0.0165076131687 0.0607975550501	243
-70.5 73.5 0.21125 NaN	1
-21 73.5 0.678955263158 0.896553475801	19
-19.5 73.5 -0.0327786231884 0.0920087229832	276
-18 73.5 0.0380825443787 0.159441594229	169
-16.5 73.5 -0.0135336363636 0.0778787336888	110
-15 73.5 0.04157 0.106390624696	130
-13.5 73.5 -0.111735714286 0.0988362691285	7
57 73.5 0.129495090909 0.0954184365434	275
58.5 73.5 -0.0100080786026 0.108058009875	229
60 73.5 -0.030577388535 0.0640767674721	157
61.5 73.5 -0.0558804347826 0.0532797484435	322
63 73.5 -0.0586279026217 0.0511811077261	267
64.5 73.5 -0.0385826241135 0.0726153619092	141
66 73.5 -0.0370470588235 0.0689942444633	136
67.5 73.5 -0.124703716216 0.0466387587383	296
69 73.5 -0.152589622642 0.0417412064974	106
70.5 73.5 0.0639284946237 0.0403553289662	93
75 73.5 -0.04667 0.0852230535544	15
76.5 73.5 -0.09725 0.135652276059	8
79.5 73.5 0.040054 0.120255389623	25
114 73.5 -0.23055 NaN	1
115.5 73.5 -0.18675 NaN	1
118.5 73.5 0.171390909091 0.107807173983	66
120 73.5 0.0869961538462 0.101509125292	78
121.5 73.5 -0.102142 0.0407073285785	25
123 73.5 -0.0499586956522 0.0643789538629	46
127.5 73.5 -0.10542 0.0935371114704	10
129 73.5 -0.0476658536585 0.111970417687	82
130.5 73.5 0.0726689655172 0.104379734358	174
132 73.5 0.0538235632184 0.093089030228	87
133.5 73.5 0.0648437007874 0.103867385495	127
135 73.5 -0.000297826086957 0.153200732462	23
136.5 73.5 -0.139941111111 0.101676203003	90
138 73.5 -0.19015 0.143259833868	2
139.5 73.5 -0.15035 0.0412491212028	3
141 73.5 0.00600492957746 0.0826277673645	71
144 73.5 -0.119164883721 0.0833235870043	215
145.5 73.5 -0.11419 0.0917926809493	30
147 73.5 0.0126956 0.0692507010609	125
148.5 73.5 -0.00261809651475 0.0732367557543	373
150 73.5 -0.00729897959184 0.0973292588255	294
151.5 73.5 -0.00800942028986 0.067302557712	276
153 73.5 -0.0354714285714 0.10743943184	168
154.5 73.5 -0.0309701754386 0.0760699014034	228
156 73.5 -0.00128966745843 0.0590540411817	421
157.5 73.5 -0.00250441860465 0.0647474099995	430
159 73.5 -0.0194310289389 0.0965150173518	311
160.5 73.5 -0.0362383959044 0.069989422404	293
162 73.5 -0.0935833333333 0.0684936006743	3
163.5 73.5 -0.0164666666667 0.117047655537	6
165 73.5 0.0253306451613 0.136875365252	31
166.5 73.5 -0.01452875 0.0551334346714	80
168 73.5 -0.0359490291262 0.080094368967	103
169.5 73.5 -0.0657134615385 0.12728472334	52
171 73.5 0.09213 0.0820314852446	15
172.5 73.5 -0.0210465909091 0.111607998775	88
174 73.5 -0.0659714285714 0.161405086082	14
175.5 73.5 0.0939423076923 0.0843718205479	13
177 73.5 0.14941 0.118432862838	5
178.5 73.5 0.04035 NaN	1
-180 73 0.0577147058824 0.144869419397	17
-175.5 73 0.20455 NaN	1
-174 73 0.16295 NaN	1
-169.5 73 0.107764285714 0.0911280574639	14
-168 73 -0.00250161290323 0.15818276533	31
-166.5 73 -0.0560772727273 0.0956600587488	22
-165 73 0.146794444444 0.0676612515944	18
-163.5 73 0.0100524193548 0.0958616071098	124
-162 73 0.072235 0.0878912562264	20
-160.5 73 -0.124773529412 0.149516201168	17
-159 73 -0.02155 0.212556298425	2
-157.5 73 -0.0658875 0.143144665715	32
-156 73 0.023205 0.0891896410966	20
-154.5 73 -0.0415380952381 0.105427413944	42
-153 73 -0.028075 0.140215224447	4
-151.5 73 -0.07099 0.122716066593	5
-150 73 -0.17265 0.120684216035	3
-148.5 73 0.0114839285714 0.0481985525123	56
-147 73 -0.12285 0.247087251796	3
-145.5 73 -0.22525 NaN	1
-144 73 -0.0142970588235 0.0960069015595	17
-142.5 73 -0.00621 0.144219693523	25
-141 73 -0.03995 NaN	1
-139.5 73 -0.13935 NaN	1
-135 73 -0.18035 0.0709935208311	2
-133.5 73 0.09745 NaN	1
-132 73 0.0349 0.0893075864639	2
-127.5 73 -0.0710136986301 0.0700968402851	146
-126 73 -0.0430396551724 0.0438871693054	290
-96 73 0.0573970588235 0.0456602289333	34
-91.5 73 -0.0188260869565 0.0879333641263	46
-90 73 -0.0615642857143 0.0970280163993	35
-78 73 -0.01485 0.0801859089866	2
-75 73 -0.030314375 0.11716019676	320
-73.5 73 -0.0133012345679 0.0745830352212	486
-72 73 0.00103421052632 0.105553583333	152
-70.5 73 0.0526669014085 0.0765400946909	142
-69 73 0.0907111111111 0.0573188226284	342
-22.5 73 0.36445 NaN	1
-21 73 -0.021775 0.180692801923	16
-19.5 73 0.0711991071429 0.152684258789	112
-18 73 0.0128083333333 0.117279725554	84
-16.5 73 0.100725 0.119191901328	20
-15 73 0.00895 0.189118739891	10
57 73 0.0186106557377 0.116507775086	244
58.5 73 -0.0762974860335 0.0716739843722	179
60 73 0.0523205882353 0.0747180597706	17
61.5 73 -0.0404423076923 0.0514294713944	52
63 73 -0.0321154584222 0.0768120486179	469
64.5 73 -0.14765 0.0715592062561	2
67.5 73 -0.00577052238806 0.0386233854917	268
69 73 -0.129275 0.0371506597753	24
70.5 73 -0.20159 0.089562815945	5
72 73 0.00575 0.0794788022054	2
73.5 73 0.0249617346939 0.0941929722189	196
75 73 -0.189892857143 0.0477906589548	49
76.5 73 -0.0792576923077 0.116901571572	13
78 73 0.0308335227273 0.12476767581	176
79.5 73 -0.0562653846154 0.127880690309	26
120 73 -0.0954333333333 0.0515712484498	6
129 73 -0.049062244898 0.0877312147077	98
130.5 73 -0.0262602040816 0.0872296257131	49
132 73 0.0438833333333 0.104990445378	117
133.5 73 -0.0937416666667 0.109772288756	12
138 73 -0.08695 NaN	1
141 73 -0.11163 0.150751839126	5
142.5 73 -0.0293394736842 0.111356658048	38
145.5 73 -0.02332 0.137140024869	20
147 73 -0.0298454682779 0.066961234448	331
148.5 73 -0.0661505524862 0.0788060928956	181
150 73 -0.00717684563758 0.0868202416552	298
151.5 73 -0.0760708672087 0.0492809516877	369
153 73 -0.073278 0.125854633473	25
154.5 73 -0.0736166666667 0.0406252794862	3
156 73 -0.0192836842105 0.058109657649	285
157.5 73 -0.0118881849315 0.0475301352178	584
159 73 -0.00174546539379 0.0431307875635	419
160.5 73 -0.0183374432678 0.0684373689098	661
162 73 0.00251269315673 0.0607147760061	453
163.5 73 -0.00476632653061 0.131224523475	49
165 73 -0.0319911111111 0.0746681270005	90
166.5 73 -0.0552016666667 0.0854383026312	60
168 73 -0.0177681818182 0.0587176069571	88
169.5 73 -0.0625383040936 0.0625439714697	342
171 73 -0.030272907489 0.0569688990277	454
172.5 73 -0.0527682448037 0.0673212916533	433
174 73 -0.00931631016043 0.0860976570359	187
175.5 73 -0.10389 0.211819234254	5
-180 72.5 0.0659166666667 0.0910266627606	3
-178.5 72.5 -0.109316666667 0.0876584470164	3
-177 72.5 -0.045257 0.13552558464	100
-175.5 72.5 -0.14985 NaN	1
-174 72.5 -0.0467193693694 0.0495727680185	222
-171 72.5 -0.0354270833333 0.0698561507963	48
-160.5 72.5 0.1064375 0.0629787591744	8
-159 72.5 0.11545 NaN	1
-157.5 72.5 -0.0352611111111 0.155851291351	36
-156 72.5 -0.1205 0.118811627618	8
-154.5 72.5 -0.08605 0.199702854261	3
-153 72.5 -0.074346969697 0.0701584656548	33
-151.5 72.5 -0.00122222222222 0.156246060865	18
-150 72.5 -0.0307847826087 0.050815654897	161
-148.5 72.5 0.0171464187328 0.0452548640695	363
-147 72.5 -0.0543653846154 0.0390072795404	169
-145.5 72.5 -0.0426409090909 0.0600264353322	44
-142.5 72.5 -0.00758759398496 0.0568430849203	133
-141 72.5 -0.00159810126582 0.0632143075755	79
-139.5 72.5 -0.08355 0.149865773277	3
-136.5 72.5 0.10845 NaN	1
-135 72.5 -0.14019 0.105613412974	5
-133.5 72.5 -0.0278258241758 0.0784685320377	91
-132 72.5 -0.0387214285714 0.127924473832	28
-130.5 72.5 -0.19685 NaN	1
-127.5 72.5 -0.0773235751295 0.0413195483922	193
-126 72.5 -0.114036021505 0.0464225151319	93
-124.5 72.5 -0.190572222222 0.154020654279	9
-111 72.5 0.14875 NaN	1
-93 72.5 -0.17265 0.106862266493	6
-91.5 72.5 0.009625 0.0536321654109	4
-90 72.5 -0.130557692308 0.100519802871	13
-85.5 72.5 -0.30635 NaN	1
-73.5 72.5 -0.00737121212121 0.0989336963748	264
-72 72.5 0.00517257217848 0.0904414030403	381
-70.5 72.5 -0.0429724274406 0.0601380989948	379
-69 72.5 0.021043220339 0.038102393193	59
-67.5 72.5 -0.117186842105 0.0658686671239	38
-64.5 72.5 0.03965 NaN	1
-63 72.5 -0.081375 0.145300960653	4
-21 72.5 0.0709260869565 0.125819599577	46
-19.5 72.5 0.121918674699 0.12306332192	83
-18 72.5 0.160155714286 0.0871455271805	35
-16.5 72.5 0.22345 0.0686764879708	5
55.5 72.5 -0.102375 0.093862448752	8
57 72.5 -0.227583333333 0.0226718621497	3
58.5 72.5 -0.015779787234 0.120177010597	47
61.5 72.5 -0.0217184210526 0.0692781723371	95
63 72.5 -0.0699895348837 0.0970935315867	43
73.5 72.5 0.00678881578947 0.118722242868	456
75 72.5 0.055142139738 0.0790384124315	229
78 72.5 0.135238571429 0.0697938593769	35
81 72.5 -0.0168 0.147474265552	6
129 72.5 -0.113558823529 0.324148582062	34
130.5 72.5 -0.0304897306397 0.0712113169334	297
132 72.5 -0.00945344827586 0.15521657101	29
133.5 72.5 -0.0524136363636 0.115019478817	44
135 72.5 -0.107866666667 0.188606504837	6
138 72.5 0.05565 0.068466049981	4
139.5 72.5 -0.13175 0.0735391052434	2
141 72.5 -0.00302011494253 0.131852769472	87
142.5 72.5 -0.02035 NaN	1
144 72.5 -0.03115 0.0265872149726	2
145.5 72.5 0.056225 0.14643977553	8
148.5 72.5 -0.0801254716981 0.107905125539	53
150 72.5 -0.0743196969697 0.118532193635	33
151.5 72.5 -0.0235015822785 0.102710111027	632
153 72.5 0.0372210526316 0.0474390714704	228
154.5 72.5 -0.0213069230769 0.148860945988	65
156 72.5 -0.029306097561 0.139611391098	41
157.5 72.5 0.0315558295964 0.0713010825334	446
159 72.5 -0.0164841818182 0.0494863712968	275
160.5 72.5 -0.0182142424242 0.057781053608	495
162 72.5 -0.0448775 0.0874892473225	120
163.5 72.5 0.0106934782609 0.0666797206103	69
168 72.5 -0.0411032951289 0.0488162773373	349
169.5 72.5 -0.0311858267717 0.0468284373041	508
171 72.5 -0.0123870567376 0.0479973129709	564
172.5 72.5 -0.0143404109589 0.039855332713	73
174 72.5 -0.0201214285714 0.12952186063	7
175.5 72.5 0.00125 0.166402824495	7
177 72.5 0.0221166666667 0.0278162422576	3
-180 72 0.12835 0.0586413676512	3
-178.5 72 0.0149035714286 0.122172972346	28
-177 72 0.0346134057971 0.0861448619351	276
-175.5 72 0.0119892405063 0.0445468882072	316
-174 72 -0.045511440678 0.0417804096977	236
-157.5 72 -0.0404297468354 0.103730584689	79
-156 72 -0.024755 0.117024322596	20
-154.5 72 -0.0329232758621 0.134412163889	116
-153 72 -0.125045238095 0.0874234688376	42
-151.5 72 -0.00576935483871 0.0877588748227	124
-150 72 -0.0396969798658 0.0602014570302	298
-148.5 72 -0.0391765306122 0.0409724186292	245
-147 72 -0.0639360869565 0.0472387457811	115
-145.5 72 -0.020356010929 0.0532996517414	183
-144 72 -0.0242120111732 0.036920188874	179
-142.5 72 -0.0041196969697 0.0417162045903	99
-139.5 72 -0.1656 0.0621546860663	2
-136.5 72 -0.0602571428571 0.0761701785406	14
-135 72 -0.0276705128205 0.0449544830666	78
-133.5 72 0.0481487878788 0.0574980858514	165
-130.5 72 -0.0529816326531 0.110459616726	98
-129 72 -0.0682078125 0.0886481018959	64
-127.5 72 -0.17665 NaN	1
-126 72 -0.0260555555556 0.115539754307	36
-120 72 0.0305278947368 0.0899437261173	95
-103.5 72 -0.20115 NaN	1
-102 72 -0.0953240740741 0.0648230881981	27
-100.5 72 -0.0286989583333 0.0752167072633	96
-97.5 72 -0.125507142857 0.0709876881447	14
-96 72 0.12255 NaN	1
-93 72 -0.100762903226 0.109606829903	31
-91.5 72 -0.0336672413793 0.0854161580104	29
-90 72 0.00565 NaN	1
-73.5 72 0.16215 0.112429978209	2
-72 72 0.0116586206897 0.132190869824	58
-70.5 72 -0.0559227272727 0.031507113194	11
-69 72 -0.0452467741935 0.0544906006867	62
-67.5 72 0.0520825688073 0.131828535801	218
-66 72 0.09895 0.0987331091484	39
-64.5 72 -0.107111538462 0.117093549188	26
-63 72 -0.0347966666667 0.0940770950313	15
-61.5 72 0.0517602150538 0.0954247254092	186
-22.5 72 0.289475 0.200757571464	4
-21 72 0.109705688623 0.123417006212	167
-19.5 72 0.150108730159 0.178786646267	189
-18 72 0.0886804123711 0.0524416631508	194
55.5 72 0.0691166666667 0.0642910050733	3
58.5 72 -0.0714791666667 0.084113583183	48
60 72 -0.0728080756014 0.0837163723229	291
61.5 72 -0.0220715827338 0.0645933329473	139
73.5 72 0.0461744094488 0.0575436062623	127
75 72 0.12385 0.0572311803128	6
129 72 -0.27375 NaN	1
130.5 72 -0.0809902877698 0.105461088376	417
132 72 -0.0143127118644 0.0618814798719	59
133.5 72 0.0807551282051 0.151591361976	39
135 72 0.31395 NaN	1
136.5 72 0.0630625 0.137290072865	8
138 72 -0.00557173913043 0.135849980615	23
139.5 72 0.0541557142857 0.108333111998	70
150 72 0.108236585366 0.328669315879	82
151.5 72 0.017512 0.0648509385961	300
153 72 0.0608154605263 0.123223765272	304
154.5 72 -0.0356655844156 0.11556443414	77
156 72 0.00619666666667 0.175546281511	15
157.5 72 -0.05278125 0.0786900185103	96
159 72 -0.0566456896552 0.0766357182694	232
160.5 72 -0.0316853040541 0.0618187669957	592
162 72 0.0565627806563 0.0647322813183	579
163.5 72 -0.0471318181818 0.04725754611	66
168 72 -0.0176374396135 0.056291518759	207
169.5 72 -0.0153282334385 0.0642583058664	317
171 72 0.0527166666667 0.178031083428	6
172.5 72 0.00415787401575 0.0949842364585	127
174 72 -0.0638644578313 0.113899262436	83
175.5 72 0.033500862069 0.0817345028478	116
178.5 72 0.23185 NaN	1
-180 71.5 -0.000118965517241 0.0888458180013	116
-178.5 71.5 -0.110719736842 0.144508217086	76
-177 71.5 0.0620462962963 0.166582526283	27
-175.5 71.5 0.0538094059406 0.0697003996194	202
-156 71.5 0.0992075418994 0.0819274115999	179
-154.5 71.5 0.0133338095238 0.0963197730357	105
-153 71.5 -0.0341079710145 0.0939173606392	138
-151.5 71.5 0.010798 0.104402562708	25
-150 71.5 0.021184939759 0.130141980098	83
-148.5 71.5 -0.066875 0.0654372509595	100
-147 71.5 -0.0564579734219 0.0569363715289	301
-145.5 71.5 0.00890309734513 0.0538333858754	226
-144 71.5 -0.02108 0.0444013640354	40
-142.5 71.5 -0.0645092592593 0.0300886415991	27
-138 71.5 0.13565 NaN	1
-133.5 71.5 0.01765 0.104729556478	3
-132 71.5 0.01857 0.145166531956	5
-130.5 71.5 -0.0305796296296 0.0423574424921	27
-129 71.5 0.00277931937173 0.0922535435295	191
-124.5 71.5 0.0147227272727 0.03991167786	44
-120 71.5 -0.0634363013699 0.104206410172	73
-108 71.5 -0.15155 0.193605836689	2
-100.5 71.5 -0.04285 NaN	1
-97.5 71.5 -0.04715 0.0577967877935	213
-93 71.5 -0.0382 0.0680796932048	68
-91.5 71.5 0.1743 0.0639931636974	2
-90 71.5 0.0883038461538 0.150166927203	13
-72 71.5 -0.0911 0.0939744912197	2
-67.5 71.5 0.206927777778 0.0974395049463	18
-66 71.5 0.0359740875912 0.0900688278693	137
-64.5 71.5 0.046325 0.0795569918195	96
-63 71.5 -0.0521807692308 0.157859572454	26
-61.5 71.5 -0.02177 0.211291639683	5
-22.5 71.5 0.27045 0.0156977705423	2
-21 71.5 0.0216357142857 0.221813060873	56
-19.5 71.5 0.126595070423 0.131924296245	71
-18 71.5 0.0365005882353 0.108156588349	170
55.5 71.5 -0.0632166666667 0.167642093506	12
57 71.5 0.07835 NaN	1
58.5 71.5 -0.0463638297872 0.0887961161132	94
60 71.5 -0.0448898523985 0.0463770924293	271
76.5 71.5 -0.0238477653631 0.0848758299626	179
129 71.5 -0.223013793103 0.0356479211189	58
130.5 71.5 -0.185215505226 0.07756633048	287
132 71.5 0.0720323529412 0.154145249016	17
136.5 71.5 -0.0667055555556 0.114519169914	9
138 71.5 -0.00505 0.113564379685	13
150 71.5 0.133438888889 0.206315713437	9
151.5 71.5 0.0855422374429 0.0669502573394	219
153 71.5 0.152646168582 0.125682638728	261
154.5 71.5 -0.0330822580645 0.105295491213	93
156 71.5 0.00379545454545 0.129548438182	22
157.5 71.5 0.0111217948718 0.101312055574	39
159 71.5 -0.0765564516129 0.112808247144	31
160.5 71.5 0.0155048387097 0.140978278384	62
162 71.5 0.0360793785311 0.0527463875988	177
163.5 71.5 0.0420738596491 0.0522168513945	285
165 71.5 0.00556612903226 0.0487769099955	62
166.5 71.5 0.0236880952381 0.0405590492516	21
168 71.5 -0.0359466101695 0.0525989476953	59
169.5 71.5 -0.0394972972973 0.103273578983	74
171 71.5 -0.0131986486486 0.0912923350919	185
172.5 71.5 -0.00210769230769 0.0983256816353	130
174 71.5 -0.00952908163265 0.0657167669443	196
175.5 71.5 -0.00325869565217 0.108824933471	46
177 71.5 0.0399031746032 0.0768176089816	252
178.5 71.5 0.00370185185185 0.0988072329224	81
-180 71 -0.06605 0.142619213292	8
-177 71 0.0351653846154 0.0842173131672	52
-175.5 71 0.0264966666667 0.0312388006599	15
-156 71 -0.18165 0.103531203026	3
-154.5 71 0.0821 0.140113172664	14
-153 71 -0.0947729508197 0.130201614677	61
-151.5 71 0.0653833333333 0.0780997340683	27
-150 71 -0.00175625 0.128107016598	32
-148.5 71 -0.0468137640449 0.0512451364248	356
-147 71 0.0235395348837 0.141337636503	172
-144 71 0.00810593220339 0.119899635143	59
-133.5 71 0.12521 0.0396914726358	5
-123 71 -0.11145 NaN	1
-121.5 71 -0.128053773585 0.110203455136	53
-120 71 -0.00422559055118 0.0656721398692	127
-118.5 71 0.0119098086124 0.0536393334077	209
-100.5 71 0.0985833333333 0.0846395494632	3
-97.5 71 -0.0535611111111 0.149134188271	9
-91.5 71 -0.148339473684 0.0699823937758	19
-90 71 0.7459 1.04446742649	2
-69 71 -0.186998571429 0.100430281265	35
-67.5 71 -0.0877311320755 0.0925788542408	53
-66 71 0.0187833333333 0.170481211086	3
-64.5 71 -0.0184595238095 0.143668612268	42
-63 71 0.0424833333333 0.13321990592	3
-21 71 0.074598 0.147785400808	75
-19.5 71 0.0385932989691 0.103879189554	97
-18 71 -0.011688961039 0.0444369042808	77
58.5 71 -0.0447736111111 0.0580204201379	72
60 71 -0.0449166666667 0.0705746413381	18
130.5 71 -0.1526 0.0730441304966	2
151.5 71 0.0813928571429 0.0386598885685	28
153 71 -0.0132197368421 0.0730407606783	152
154.5 71 0.0299916666667 0.155517783013	12
156 71 -0.05685 NaN	1
157.5 71 -0.127286363636 0.103426914028	11
159 71 -0.099675 0.133083545189	16
160.5 71 -0.00655746268657 0.149870861899	67
162 71 -0.0119560606061 0.152979044601	33
163.5 71 0.00563636363636 0.096447469778	66
171 71 -0.0379568965517 0.0545246110275	87
172.5 71 -0.0448568965517 0.160336848387	29
174 71 -0.0239447103275 0.0604156637094	397
175.5 71 -0.0224444954128 0.091309738269	109
177 71 0.0334205202312 0.0781936237086	173
178.5 71 0.0743810526316 0.0716934540853	190
-180 70.5 -0.00624934210526 0.0561632204053	304
-178.5 70.5 0.099075 0.0306533498519	8
-177 70.5 -0.00715522648084 0.0471512890969	287
-151.5 70.5 0.0928825757576 0.0861015550712	132
-150 70.5 0.0319905940594 0.124812735871	101
-148.5 70.5 -0.146883333333 0.140490649748	6
-147 70.5 0.0692842592593 0.122490799424	324
-145.5 70.5 0.016195625 0.101106278131	160
-144 70.5 -0.115794444444 0.116576210171	9
-126 70.5 -0.05441 0.159961112462	25
-124.5 70.5 -0.0664 0.0726322865815	38
-123 70.5 0.00645848214286 0.0595757878817	224
-121.5 70.5 0.00677585034014 0.0500200783619	441
-120 70.5 0.0173930272109 0.049194290631	588
-118.5 70.5 -0.00635786516854 0.073402014208	267
-114 70.5 -0.21065 NaN	1
-112.5 70.5 0.514775 1.48980699281	4
-103.5 70.5 -0.0501 0.0173241161391	2
-100.5 70.5 -0.0162855555556 0.195989604497	45
-97.5 70.5 1.49705 NaN	1
-91.5 70.5 0.0176492537313 0.0795982312648	134
-67.5 70.5 -0.0216333333333 0.138687400808	36
-66 70.5 -0.0257136363636 0.137181997891	11
-64.5 70.5 0.035696 0.131254772057	50
-63 70.5 -0.0723555555556 0.135896489468	18
-61.5 70.5 0.106894444444 0.107310310678	9
-60 70.5 -0.21735 0.0885580035909	3
-24 70.5 0.10802 0.125989841301	10
-21 70.5 0.0630019480519 0.181366258257	77
-19.5 70.5 0.0777421282799 0.114707366155	343
-18 70.5 0.0120375 0.146137073007	8
66 70.5 0.12583372093 0.123430897896	86
67.5 70.5 -0.0259166666667 0.0870663157216	3
160.5 70.5 0.1121625 0.103665711946	16
162 70.5 0.107706696429 0.123175964947	224
163.5 70.5 0.0299650485437 0.085689180902	206
165 70.5 0.0108636231884 0.0640928524743	345
166.5 70.5 -0.03131 0.06539225317	285
168 70.5 -0.13365 0.021554349909	3
172.5 70.5 0.0301617647059 0.0399089667009	119
174 70.5 -0.00832428571429 0.046752756799	280
175.5 70.5 -0.0328639784946 0.120715596946	93
177 70.5 8.67361737988e-19 0.092241476571	4
178.5 70.5 0.0380205882353 0.0596127459676	85
-180 70 -0.0450535087719 0.0632560950336	57
-178.5 70 0.00665945945946 0.0988571380574	74
-177 70 -0.0284644230769 0.0429533081748	104
-126 70 -0.0328717391304 0.0947467178844	69
-123 70 0.140993867925 0.0847316785835	212
-121.5 70 -0.0117495475113 0.0413178901355	221
-120 70 -0.0155722727273 0.0738299558335	220
-118.5 70 -0.0350010791367 0.0775796247034	139
-117 70 -0.0507545454545 0.0988876246274	44
-91.5 70 0.205605555556 0.147122568893	9
-87 70 0.00790555555556 0.0740039375829	9
-67.5 70 -0.153775 0.0874619826501	12
-64.5 70 0.0800357142857 0.0815405712631	7
-63 70 0.0569333333333 0.155379551422	18
-61.5 70 -0.05165 0.189748077348	15
-60 70 0.09065 0.0838253080682	133
-58.5 70 0.11477244898 0.0509420474056	49
-22.5 70 0.0936777777778 0.145516147499	18
-21 70 0.176175714286 0.119884862271	35
-19.5 70 0.178707142857 0.108844537789	14
66 70 -0.0959953125 0.0652352953345	128
160.5 70 0.124631081081 0.0501853810401	259
162 70 0.120204497354 0.0907178132557	189
163.5 70 0.00475916666667 0.0520791850158	120
165 70 -0.00570652173913 0.0625519136827	69
166.5 70 -0.06331 0.103430623213	45
172.5 70 0.0422203448276 0.100281798867	145
175.5 70 0.109116666667 0.0643794894875	6
178.5 70 -0.0565191176471 0.113508589007	68
-180 69.5 -0.0192875 0.125695011171	16
-178.5 69.5 0.165892236025 0.0823353262881	161
-136.5 69.5 -0.06305 0.105823815845	3
-120 69.5 0.0414716494845 0.0638001684777	194
-118.5 69.5 -0.0831214285714 0.0877740514012	70
-100.5 69.5 -0.0683302469136 0.0989919156039	81
-96 69.5 0.0227375 0.0967402477551	8
-78 69.5 -0.149816666667 0.0957317258454	3
-67.5 69.5 -0.0324 0.0997230715532	6
-66 69.5 -0.102477777778 0.103813774477	18
-64.5 69.5 0.30085 NaN	1
-63 69.5 -0.01417 0.105345650124	15
-61.5 69.5 0.113152564103 0.097159682691	39
-60 69.5 0.0303029411765 0.108293367645	34
-58.5 69.5 0.108038461538 0.148019461766	26
-24 69.5 0.08929 0.159432585544	10
-21 69.5 0.21995 0.0349310749906	2
-19.5 69.5 0.175054 0.102428167838	25
66 69.5 -0.03939 0.10085108599	45
73.5 69.5 -0.114675 0.158290142355	4
160.5 69.5 0.0243128571429 0.051945543237	35
178.5 69.5 -0.07565 0.157499539682	5
-180 69 0.0642465517241 0.0530510714174	232
-178.5 69 -0.175831818182 0.06369535626	33
-177 69 0.0171392857143 0.0716322798707	56
-175.5 69 0.0214 0.123550111291	4
-115.5 69 0.010944 0.0950333355261	50
-114 69 -0.00143 0.078571220346	25
-100.5 69 0.043658 0.105264083531	50
-99 69 -0.0931222222222 0.151810093463	18
-94.5 69 -0.174107142857 0.0435997210936	42
-90 69 -0.10774375 0.0901916512674	16
-81 69 -0.0402712121212 0.0507777937821	99
-79.5 69 -0.100533333333 0.11604965173	6
-78 69 0.0393385245902 0.0595396481301	61
-66 69 -0.25755 NaN	1
-64.5 69 -0.0452 0.0180312229203	2
-63 69 0.196516666667 0.0819988008042	3
-61.5 69 0.119918 0.0947020006828	25
-60 69 0.0527863636364 0.153843536922	22
-58.5 69 0.166875 0.0899101171541	4
-25.5 69 0.21305 NaN	1
-24 69 0.102777368421 0.140393730873	95
73.5 69 0.389136075949 0.157023955115	158
-175.5 68.5 0.0479144927536 0.0861230996428	138
-172.5 68.5 0.18207 0.139767331662	5
-102 68.5 0.462974324324 0.0406651928276	148
-100.5 68.5 -0.081518 0.062168487268	175
-96 68.5 -0.02116875 0.136936755323	16
-94.5 68.5 -0.211503333333 0.056670020629	15
-88.5 68.5 -0.12555 NaN	1
-79.5 68.5 -0.0298590909091 0.144626546694	22
-78 68.5 -0.0369193877551 0.150231771224	49
-76.5 68.5 -0.16225 NaN	1
-67.5 68.5 0.01315 NaN	1
-64.5 68.5 0.2008 0.123487340782	4
-61.5 68.5 0.0135166666667 0.185508741932	3
-60 68.5 0.136541666667 0.132153453904	12
-27 68.5 0.15525 NaN	1
-25.5 68.5 0.160483333333 0.136020147795	12
-24 68.5 0.138234615385 0.102846972457	13
-175.5 68 -0.0260050724638 0.0856326809114	69
-174 68 0.0485305970149 0.0959677916911	67
-172.5 68 -0.00218125 0.0501823691255	96
-171 68 0.0209657894737 0.12188160397	95
-109.5 68 0.11195 NaN	1
-100.5 68 -0.0435305555556 0.0407644336795	72
-99 68 -0.000438888888889 0.0668945127063	90
-96 68 0.00663333333333 0.118680898862	54
-81 68 0.0231217171717 0.132858722756	99
-79.5 68 0.0395284946237 0.176325364923	93
-78 68 0.310722222222 0.15877365986	18
-76.5 68 0.345176865672 0.125855852589	67
-75 68 -0.236878571429 0.0593775129794	7
-73.5 68 2.23011666667 0.461402886135	3
-64.5 68 0.31735 NaN	1
-61.5 68 0.105514864865 0.146996005645	37
-60 68 -0.0290676470588 0.0957237669851	85
-31.5 68 -0.0886152173913 0.138407805247	23
-25.5 68 0.0649446808511 0.15811599823	94
-24 68 0.00101666666667 0.0915450344548	3
-174 67.5 -0.0730399022801 0.0617721143672	307
-172.5 67.5 0.15575 NaN	1
-171 67.5 -0.05753 0.0812125381511	35
-96 67.5 -0.0460884615385 0.0664315128342	13
-81 67.5 -0.138463286713 0.0706807504501	143
-79.5 67.5 0.153566666667 0.0904526266433	6
-78 67.5 -0.0397775167785 0.0846574295993	149
-63 67.5 0.17573 0.115919549689	5
-61.5 67.5 0.0412166666667 0.119414589954	60
-60 67.5 0.0577747058824 0.116941966586	85
-33 67.5 0.112026190476 0.125833123242	21
-31.5 67.5 0.0114461538462 0.144850984905	52
-30 67.5 0.0116375 0.100097371143	32
-25.5 67.5 0.264483333333 0.0866594099526	3
-172.5 67 -0.203428431373 0.0905711373755	51
-81 67 -0.1208484375 0.0827234535142	128
-79.5 67 0.0255284946237 0.135375905673	93
-78 67 -0.120142160279 0.0923089997742	574
-76.5 67 0.0610943319838 0.0784406293377	494
-75 67 -0.14955 0.160383540303	3
-63 67 0.08355 NaN	1
-61.5 67 -0.0793676470588 0.0577279380427	34
-60 67 0.0192676470588 0.142141725197	85
-58.5 67 -0.15615 0.069403573395	6
-33 67 0.2191375 0.0705852157224	8
-31.5 67 0.24805 0.0164048773235	2
-84 66.5 -0.01815 0.262919398295	3
-81 66.5 -0.0353166666667 0.125477501303	3
-79.5 66.5 -0.00429545454545 0.171684706223	44
-78 66.5 0.0270496402878 0.134260622273	278
-76.5 66.5 0.0264412162162 0.0703238233204	148
-75 66.5 -0.2122 0.102176929881	2
-73.5 66.5 0.160727941176 0.0866202586445	68
-67.5 66.5 0.15425 NaN	1
-60 66.5 0.106025862069 0.168499961117	29
-58.5 66.5 -0.1269625 0.11960885583	8
-34.5 66.5 0.1219625 0.130560948411	8
-31.5 66.5 -0.00520302013423 0.0663819734942	298
-85.5 66 0.110968181818 0.170776103821	11
-84 66 0.182830952381 0.159244851902	63
-82.5 66 0.0645166666667 0.0825306892414	6
-79.5 66 0.023842 0.14792086826	25
-78 66 0.0525735616438 0.149707022648	365
-76.5 66 -0.0362863636364 0.16192723297	88
-67.5 66 -0.09375 NaN	1
-61.5 66 0.00700416666667 0.150888501821	24
-60 66 0.0784807692308 0.179405473647	13
12 66 0.338478571429 0.428408129841	7
-84 65.5 0.0489351851852 0.190669421339	27
-82.5 65.5 0.04575 0.114640830423	3
-81 65.5 0.0493810344828 0.131275985464	29
-79.5 65.5 -0.09575 0.163046181013	8
-78 65.5 -0.0107183274021 0.088955849565	281
-75 65.5 -0.01085 0.0616597113195	2
-67.5 65.5 0.06765 NaN	1
-66 65.5 0.033 0.160475025748	10
-64.5 65.5 0.12737 0.175596133215	5
-60 65.5 0.01795 0.145724863061	15
12 65.5 -0.0316059322034 0.0669321691411	59
24 65.5 -0.121511538462 0.0732992671457	13
-82.5 65 -0.0731865079365 0.13259424804	63
-81 65 -0.0151906976744 0.107980052173	172
-79.5 65 0.140311261261 0.0728581074838	333
-78 65 0.118764285714 0.064351571775	35
-66 65 -0.0349954545455 0.164635557299	11
-64.5 65 0.0560982142857 0.134535298499	56
-63 65 0.06555 NaN	1
-60 65 0.4636875 0.107437236661	8
25.5 65 0.0807880952381 0.115812743151	21
-172.5 64.5 0.061425 0.107438924511	4
-81 64.5 -0.0747234177215 0.094321216597	158
-79.5 64.5 0.126268932039 0.150629523383	412
-64.5 64.5 0.10582 0.122347176854	20
-63 64.5 0.14746 0.14860439989	10
-61.5 64.5 0.18697 0.0787779991042	15
-60 64.5 0.412756 0.094746489842	100
-37.5 64.5 0.0776336065574 0.0531591993063	244
21 64.5 -0.17859 0.0628868859227	20
-79.5 64 0.0283600591716 0.0824725464025	169
-63 64 0.24631122449 0.109052299793	49
21 64 -0.225251449275 0.0849862108067	69
-81 63.5 0.0922444444444 0.0680991317459	108
-79.5 63.5 -0.0843503968254 0.0957817087804	252
-78 63.5 0.0362833333333 0.0554052644911	3
-64.5 63.5 0.14123 0.0690220037379	5
-63 63.5 0.171236666667 0.123003425427	15
-40.5 63.5 -0.00837765957447 0.112435590648	47
7.5 63.5 -0.2292 0.0275064537882	2
22.5 63.5 -0.0250833333333 0.123105802734	6
-85.5 63 0.0703120689655 0.0602742566097	29
-79.5 63 -0.0818451219512 0.0515428022798	164
-78 63 -0.115241666667 0.071447736549	24
-76.5 63 0.0703945652174 0.131361523934	92
-67.5 63 0.405983333333 0.51104053003	3
-66 63 0.08485 0.118324955102	5
-63 63 0.3031 0.223940717602	2
-61.5 63 -0.17215 NaN	1
-42 63 0.0549771186441 0.115324175518	59
-40.5 63 -0.07099375 0.138816497429	16
7.5 63 -0.169648387097 0.128202487754	62
-84 62.5 0.0020706185567 0.0416161232137	291
-78 62.5 -0.2244 0.0520912011312	18
-76.5 62.5 0.0756412280702 0.124630828107	57
-66 62.5 -0.068775 0.0838748025333	4
-42 62.5 0.0528442528736 0.104577386625	174
-166.5 62 0.22895 0.0899719171873	35
-84 62 -0.02633647343 0.0728300762757	207
-70.5 62 -0.0521166666667 0.190658394343	3
-69 62 0.08235 NaN	1
-67.5 62 -0.0287306451613 0.127033293325	31
-66 62 0.025516 0.0884034942748	50
-42 62 -0.19435 NaN	1
21 62 -0.116733333333 0.158709160626	6
-87 61.5 -0.0266944444444 0.0566157688085	9
-85.5 61.5 -0.0466629032258 0.113630112623	31
-84 61.5 -0.0261333333333 0.145150446573	96
-69 61.5 0.103007594937 0.101600003946	158
-67.5 61.5 0.0374444444444 0.118955960505	36
-42 61.5 0.0099 0.0495681853612	2
21 61.5 -0.00323823529412 0.181341196517	34
-93 61 0.0109126865672 0.118386143789	67
-87 61 0.0527306451613 0.119999142828	31
-85.5 61 -0.0246336820084 0.0412623470882	239
-84 61 -0.0523293650794 0.0667692974612	63
-82.5 61 -0.0270265217391 0.0603193043646	115
-69 61 -0.0536489247312 0.127574700619	93
-67.5 61 0.0454216763006 0.0826292923177	173
-94.5 60.5 -0.0526045454545 0.0776832643643	55
-93 60.5 -0.045779245283 0.102083006344	106
-87 60.5 -0.0595819444444 0.102643347824	72
-84 60.5 -0.00730569620253 0.0775943623164	79
-82.5 60.5 -0.0557403345725 0.0835201842364	269
-67.5 60.5 0.060912987013 0.108294653699	154
21 60.5 0.0057880952381 0.147037918555	63
22.5 60.5 0.19015 NaN	1
27 60.5 0.168689130435 0.138315817454	69
-94.5 60 0.0384426470588 0.050206419292	136
-93 60 -0.0257790322581 0.108315082093	155
-91.5 60 -0.05325 0.132929218545	15
-87 60 -0.0163869369369 0.0765328308316	222
-85.5 60 0.13015 NaN	1
-84 60 -0.0272660714286 0.0399532261307	336
-82.5 60 -0.0380179738562 0.100046004322	153
-69 60 0.007015 0.161722913091	60
-67.5 60 0.149017567568 0.0889739677578	111
-66 60 0.165757317073 0.0648854180588	82
-45 60 0.0745066666667 0.0813636268956	30
6 60 0.51025 NaN	1
21 60 0.0166251054852 0.163896528219	237
22.5 60 -0.204765151515 0.116029383868	66
27 60 0.241185905045 0.0545687191145	337
