lon, lat, freeboard (m), standard deviation, count
-180 81.5 -0.0110502074689 0.132830032939	482
-178.5 81.5 0.00108963414634 0.150798127809	492
-177 81.5 0.0331714975845 0.156962000758	414
-175.5 81.5 0.00566724137931 0.153306752322	232
-174 81.5 0.0330074193548 0.149542211366	155
-172.5 81.5 0.0110850877193 0.143993351219	228
-171 81.5 -0.0216920863309 0.157697513053	278
-169.5 81.5 -0.00127517482517 0.161275297598	143
-168 81.5 -0.0445456331878 0.158450816372	229
-166.5 81.5 -0.0135787037037 0.180954400747	108
-165 81.5 -0.0134475903614 0.165406167473	83
-163.5 81.5 -0.02587 0.13926626361	90
-162 81.5 0.048082967033 0.179174471802	91
-160.5 81.5 -0.015375974026 0.186987347167	77
-159 81.5 0.00128125 0.179446368633	48
-157.5 81.5 0.0569683673469 0.203020765228	49
-156 81.5 0.00732289719626 0.175016541844	107
-154.5 81.5 0.0180588235294 0.169378509038	68
-153 81.5 0.026053125 0.157743375507	96
-151.5 81.5 0.0553333333333 0.207975541695	54
-150 81.5 0.0619966666667 0.191108998928	30
-148.5 81.5 -0.00183666666667 0.179455280071	45
-147 81.5 0.04174 0.199965658334	40
-145.5 81.5 -0.0307465517241 0.153773606621	58
-144 81.5 0.0187351351351 0.157812573663	74
-142.5 81.5 0.004535 0.193351918791	20
-141 81.5 -0.0599333333333 0.139998387596	18
-139.5 81.5 -0.0634227272727 0.0945385856771	11
-138 81.5 -0.03010625 0.164410826767	16
-136.5 81.5 -0.0603018518519 0.144691931013	27
-135 81.5 -0.00792291666667 0.160708878781	48
-133.5 81.5 0.0369823076923 0.162864514348	65
-132 81.5 -0.0498236842105 0.151146232547	38
-130.5 81.5 0.0254944444444 0.1725524378	18
-129 81.5 -0.0255015151515 0.0983561381956	66
-127.5 81.5 0.0615083333333 0.0824792512336	24
-126 81.5 0.00133823529412 0.145936783756	17
-124.5 81.5 0.0894375 0.121670259705	32
-123 81.5 0.0840240740741 0.192325280535	27
-121.5 81.5 0.04555625 0.153555214274	32
-120 81.5 0.07255625 0.117932056541	48
-118.5 81.5 0.137397368421 0.0995453603975	38
-117 81.5 0.100253488372 0.12492490304	86
-115.5 81.5 0.0517865384615 0.117723889372	52
-114 81.5 0.0866182926829 0.135844468859	41
-112.5 81.5 0.01315625 0.159225945986	48
-111 81.5 0.0526574626866 0.15032000846	67
-109.5 81.5 0.133934 0.097535673363	75
-108 81.5 0.121415333333 0.067483885212	150
-106.5 81.5 0.135475694444 0.0752163125315	144
-105 81.5 0.0925201754386 0.0946469638984	114
-103.5 81.5 0.0930115384615 0.131064369553	65
-102 81.5 0.0809011627907 0.0996980569426	43
-100.5 81.5 0.163419565217 0.159541004803	23
-99 81.5 0.0441117647059 0.164649007791	34
-97.5 81.5 0.22305 0.10120832583	24
-96 81.5 0.1824 0.120580496725	64
-94.5 81.5 0.124219230769 0.118905920286	104
-93 81.5 -0.0362133663366 0.203084239035	101
-91.5 81.5 0.0239448051948 0.224867275998	77
-90 81.5 -0.00755 NaN	1
-88.5 81.5 0.068 0.0484368145113	2
-64.5 81.5 -0.0557357142857 0.188988717031	14
-63 81.5 -0.00756904761905 0.207240590993	42
-12 81.5 0.0699782608696 0.169719887741	46
-10.5 81.5 -0.0420282420749 0.121002170573	694
-9 81.5 -0.0979182707993 0.092751531747	1226
-7.5 81.5 -0.0666382662655 0.0743707847005	2659
-6 81.5 -0.0328521031208 0.0885830505605	2948
-4.5 81.5 -0.0127628679563 0.0841279237231	2378
-3 81.5 0.000432043650794 0.121334623292	1008
-1.5 81.5 0.00218466666667 0.146618549046	150
0 81.5 -0.01360703125 0.173655764422	128
1.5 81.5 0.0808650943396 0.204145547999	53
3 81.5 0.0058628440367 0.181869902678	109
4.5 81.5 0.0112691011236 0.167868568635	89
6 81.5 0.0701235294118 0.145755544292	68
7.5 81.5 0.010747826087 0.153700277581	46
9 81.5 0.107874444444 0.124305351957	45
10.5 81.5 -0.0345923076923 0.158661927817	26
12 81.5 -0.0141009803922 0.166695856424	51
13.5 81.5 0.0330965753425 0.152783259774	73
15 81.5 -0.00564305555556 0.13720242404	72
16.5 81.5 -0.00870714285714 0.156523089291	77
18 81.5 -0.0273954545455 0.183730385154	110
19.5 81.5 -0.0185436507937 0.130096533332	315
21 81.5 0.0203792604502 0.147438378421	311
22.5 81.5 -0.0199093984962 0.156119318703	133
24 81.5 0.0336206766917 0.183127934161	133
25.5 81.5 -0.00186607142857 0.165726598268	56
27 81.5 -0.0490034482759 0.142014894469	58
28.5 81.5 -0.121753409091 0.132908183197	88
30 81.5 -0.0567567961165 0.138266353684	103
31.5 81.5 -0.0511014851485 0.14590344452	101
33 81.5 -0.0659556179775 0.126592999565	178
34.5 81.5 -0.0695907692308 0.132485061727	130
36 81.5 -0.0139458041958 0.142047942648	143
37.5 81.5 -0.0361082608696 0.154383831295	115
39 81.5 -0.0396735294118 0.149500128929	102
40.5 81.5 -0.0722 0.136631575382	116
42 81.5 -0.0070889261745 0.14408733543	149
43.5 81.5 -0.00343815789474 0.150338135297	76
45 81.5 0.0514807228916 0.139891516699	166
46.5 81.5 0.079977027027 0.146236826403	74
48 81.5 0.0907833333333 0.131478127704	63
49.5 81.5 0.114233333333 0.133330989405	54
51 81.5 0.0198568181818 0.131347248619	44
52.5 81.5 0.0568441176471 0.146717975512	17
54 81.5 -0.0371 0.124577041845	32
55.5 81.5 -0.0601141255605 0.0934155453478	223
57 81.5 0.0194411764706 0.124123098677	136
58.5 81.5 -0.0468314814815 0.149451893691	81
60 81.5 -0.0312326923077 0.110842395618	156
61.5 81.5 0.0723327586207 0.152998349825	29
63 81.5 0.00790098039216 0.134616057401	153
64.5 81.5 0.0129672413793 0.115705118743	203
66 81.5 0.0756710526316 0.152954439092	114
67.5 81.5 0.0449032786885 0.148813803004	122
69 81.5 0.115864678899 0.153363942492	109
70.5 81.5 0.0308477941176 0.149973309955	136
72 81.5 0.0294924942263 0.0822256101701	433
73.5 81.5 -0.0116206293706 0.0909332530107	715
75 81.5 0.0102066825776 0.116076238684	838
76.5 81.5 0.040576371308 0.146174202456	474
78 81.5 -0.0239652671756 0.190174919673	131
79.5 81.5 -0.0544679347826 0.136848625454	184
81 81.5 -0.00475691642651 0.151570547525	347
82.5 81.5 -0.0635645124717 0.127343274326	441
84 81.5 -0.0300624423963 0.162248344687	217
85.5 81.5 0.0231737804878 0.163342012949	328
87 81.5 -0.019864789916 0.138576056557	595
88.5 81.5 -0.0543208515284 0.104305570697	916
90 81.5 0.00174872262774 0.11522556492	1096
91.5 81.5 0.00283857453754 0.132091707473	919
93 81.5 -0.048023381295 0.120679784635	417
94.5 81.5 -0.0548450236967 0.109240429548	422
96 81.5 -0.022598115942 0.111336912057	690
97.5 81.5 0.0468098574822 0.12562526435	842
99 81.5 0.0598905925926 0.12319366438	675
100.5 81.5 -0.0033962962963 0.110446555658	432
102 81.5 -0.000436714975845 0.125741076221	414
103.5 81.5 0.065750754717 0.169451902757	265
105 81.5 0.0758455102041 0.158082627609	245
106.5 81.5 0.0584972527473 0.152366393021	273
108 81.5 0.0418983333333 0.161968564601	180
109.5 81.5 0.0460001392758 0.137927138257	359
111 81.5 0.0343001930502 0.142547941174	259
112.5 81.5 0.113467365269 0.122317959847	334
114 81.5 0.0700455307263 0.135344117732	179
115.5 81.5 0.04735 0.175330075238	107
117 81.5 -0.0256940298507 0.157876646114	402
118.5 81.5 -0.0327887048193 0.139730486947	664
120 81.5 -0.0639563463282 0.121017727008	1103
121.5 81.5 -0.0817216190476 0.113941488397	1050
123 81.5 -0.0375405079101 0.11555766458	1201
124.5 81.5 -0.0375373563218 0.103526352548	1131
126 81.5 -0.0388244993324 0.112616000462	749
127.5 81.5 0.0194142666667 0.159741565695	375
129 81.5 0.100587956204 0.157132157814	137
130.5 81.5 0.109335416667 0.151700827666	144
132 81.5 0.0948665289256 0.156393435682	121
133.5 81.5 0.122546391753 0.127118975471	194
135 81.5 0.0623819502075 0.174420050739	241
136.5 81.5 0.0172718836565 0.156981052441	361
138 81.5 0.000274318658281 0.151661298733	477
139.5 81.5 -0.0218202325581 0.154314647826	430
141 81.5 -0.0478168903803 0.142699551333	447
142.5 81.5 -0.0236182926829 0.152147122689	328
144 81.5 0.00135188172043 0.16483970903	372
145.5 81.5 -0.0324457716702 0.157006991583	473
147 81.5 -0.0337463788301 0.169102545872	359
148.5 81.5 -0.0105602941176 0.170605654079	204
150 81.5 0.052913022508 0.172425945065	311
151.5 81.5 0.0478243478261 0.168910863791	230
153 81.5 0.047911003861 0.160791389913	259
154.5 81.5 0.00856328413284 0.156462219226	271
156 81.5 -0.0237519230769 0.156309737087	364
157.5 81.5 -0.0152416923077 0.156502872884	325
159 81.5 -0.0444704651163 0.153853328573	430
160.5 81.5 0.00479323607427 0.147500815768	377
162 81.5 -0.0211006976744 0.150094954676	430
163.5 81.5 -0.0208682008368 0.154879922729	478
165 81.5 -0.0470468476357 0.148070059487	571
166.5 81.5 -0.022933778626 0.14832290373	524
168 81.5 -0.00726469594595 0.153076653891	592
169.5 81.5 -0.0386364569083 0.13936816403	731
171 81.5 -0.0104181395349 0.153463159695	430
172.5 81.5 0.00451825396825 0.150385633404	315
174 81.5 0.0342642180095 0.168922431388	422
175.5 81.5 0.00887830687831 0.163233884432	378
177 81.5 -0.0205008137432 0.142874749687	553
178.5 81.5 0.00753044354839 0.141153166327	496
-180 81 -0.022650921659 0.155950279645	217
-178.5 81 0.011056 0.149859841265	200
-177 81 0.0419225609756 0.146849433063	164
-175.5 81 0.016964619883 0.171204647983	171
-174 81 0.0468841666667 0.153884277428	120
-172.5 81 0.0240006756757 0.160199135643	148
-171 81 -0.0246142335766 0.164148464783	137
-169.5 81 -0.0521434256055 0.148211092861	289
-168 81 -0.0263663841808 0.160796298339	177
-166.5 81 -0.0174788461538 0.165288411468	104
-165 81 -0.0531492481203 0.159877702075	133
-163.5 81 -0.0226304878049 0.184597126524	82
-162 81 -0.0145232283465 0.173826854396	127
-160.5 81 0.0526203703704 0.196293609148	54
-159 81 0.0410875 0.180337512245	80
-157.5 81 0.125378888889 0.140650443462	90
-156 81 0.0562321428571 0.187596546778	112
-154.5 81 -0.0127627819549 0.149508955044	133
-153 81 -0.0215403225806 0.152847046347	62
-151.5 81 -0.0255521276596 0.143028804471	47
-150 81 -0.005575 0.151170585848	40
-148.5 81 0.0596378787879 0.183289141041	33
-147 81 -0.0148891304348 0.138822274035	46
-145.5 81 -0.0356142857143 0.176696578728	14
-144 81 -0.0829961538462 0.126945228448	13
-142.5 81 -0.04665 0.189541371285	8
-141 81 -0.00912272727273 0.126679825473	11
-139.5 81 -0.105059090909 0.101819118583	11
-138 81 0.16801 0.0779439340625	15
-136.5 81 0.00306666666667 0.150460831005	6
-135 81 -0.06337 0.230261942144	5
-133.5 81 0.054 0.173781696611	14
-132 81 0.0202714285714 0.200327674568	14
-130.5 81 -0.0472833333333 0.180511343134	9
-129 81 -0.0643214285714 0.0777701389062	14
-127.5 81 0.0500125 0.135970955378	24
-126 81 0.109822727273 0.12752304961	11
-124.5 81 0.0425738095238 0.106111704843	21
-123 81 -0.03051 0.20651852148	15
-121.5 81 0.0482915384615 0.125816989975	65
-120 81 0.0291404761905 0.157307793528	21
-118.5 81 0.0103537037037 0.145449500836	27
-117 81 0.0143136363636 0.153813525236	11
-115.5 81 -0.00748125 0.0578493298002	16
-114 81 0.101372222222 0.119523700247	36
-112.5 81 0.0825532258065 0.126611140858	31
-111 81 0.0693792682927 0.123430663216	41
-109.5 81 0.182734210526 0.110723194715	19
-108 81 0.1332 0.0829606533243	36
-106.5 81 0.112825714286 0.161076223235	70
-105 81 0.02221875 0.134702589526	16
-103.5 81 0.154992857143 0.103722665935	28
-102 81 0.125252564103 0.117898193119	39
-100.5 81 0.129528571429 0.130243843552	28
-99 81 0.164119230769 0.139335757849	26
-97.5 81 0.17565 0.137977662945	54
-96 81 -0.00744866666667 0.240135937005	75
-94.5 81 0.22305 0.038217360802	4
-91.5 81 0.06815 0.185431826543	62
-90 81 -0.06845 NaN	1
-88.5 81 0.209525 0.133703088346	4
-87 81 0.47115 0.196633954342	6
-67.5 81 0.0228576923077 0.120471016304	13
-66 81 0.0396204545455 0.239008875557	44
-64.5 81 -0.00261075949367 0.151949791318	79
-63 81 -0.092725862069 0.167336941219	29
-15 81 0.248125 0.176935419009	4
-13.5 81 -0.0120467741935 0.129702423201	186
-12 81 -0.0626763979194 0.114148047566	769
-10.5 81 -0.0611116058394 0.108698148089	685
-9 81 -0.0476229357798 0.0961483811979	872
-7.5 81 -0.0275558275058 0.110009708982	1287
-6 81 -0.0110816072301 0.0862787239915	2047
-4.5 81 0.0261855566454 0.108497211544	2039
-3 81 0.0152286795881 0.0928115045426	1651
-1.5 81 0.0350664556962 0.0958053173121	1185
0 81 -0.033911281337 0.12187531764	359
1.5 81 -0.093259375 0.119916073454	64
3 81 0.00378529411765 0.143034714421	51
4.5 81 -0.0487880952381 0.153049255506	42
6 81 0.0818396551724 0.172956622028	29
7.5 81 -0.00891363636364 0.202946610086	11
9 81 -0.0487428571429 0.134382195846	14
10.5 81 -0.0429 0.15793382134	14
12 81 -0.0167337837838 0.157065768466	74
13.5 81 -0.0332725 0.15393484893	80
15 81 0.0103123809524 0.102871158159	210
16.5 81 0.0105322006472 0.0995659386698	309
18 81 0.0529624213836 0.0914654614205	636
19.5 81 -0.00639088669951 0.0959462974444	609
21 81 0.0477406306306 0.107528065443	555
22.5 81 -0.0192051724138 0.129076236663	319
24 81 -0.00391666666667 0.154420474193	132
25.5 81 -0.0572819327731 0.129536644205	119
27 81 -0.0241564220183 0.152968348987	109
28.5 81 -0.0218235294118 0.148719235241	68
30 81 0.0862871527778 0.110363140094	288
31.5 81 0.0436995145631 0.113264650936	103
33 81 -0.0899076923077 0.121047377447	52
34.5 81 0.0165541666667 0.153637041123	72
36 81 -0.0170666666667 0.187010437073	84
37.5 81 -0.0268 0.11713998565	106
39 81 -0.0841013157895 0.141472001935	76
40.5 81 0.00846720430108 0.120162842068	93
42 81 -0.0785823529412 0.162539061451	34
43.5 81 0.0813172727273 0.14969870859	55
45 81 0.0379230769231 0.166577149832	26
46.5 81 0.0258049707602 0.0976996256021	171
48 81 -0.0265039772727 0.0718763198524	176
49.5 81 -0.105908695652 0.121838907444	46
51 81 -0.087063559322 0.177874218885	59
52.5 81 -0.042003125 0.152836488601	32
54 81 -0.0975928571429 0.136526569487	14
55.5 81 -0.09275 0.205041917666	6
58.5 81 -0.0245941025641 0.0690528939918	195
60 81 -0.100283333333 0.0675372557892	30
61.5 81 -0.00907258064516 0.108389321559	93
63 81 -0.039827184466 0.116839252984	206
64.5 81 -0.0443692090395 0.12329067821	177
66 81 -0.0481021327014 0.0955580398812	422
67.5 81 0.0954326923077 0.12109068506	52
69 81 -0.00227592592593 0.132472591048	27
70.5 81 -0.0392444444444 0.0980822194395	162
72 81 -0.00540996860283 0.0864813924546	637
73.5 81 0.00279570230608 0.0922802757024	954
75 81 -0.0012521978022 0.0973517623348	1183
76.5 81 0.0372311623246 0.117314042399	499
78 81 -0.0417665254237 0.133708423095	236
79.5 81 0.0160794117647 0.171035352669	85
81 81 -0.0332616129032 0.148216798457	155
82.5 81 -0.0332174757282 0.150267870608	206
84 81 -0.0236651724138 0.148796559161	145
85.5 81 -0.00102519685039 0.134687263494	254
87 81 -0.0196071428571 0.0900662398006	511
88.5 81 -0.049662826087 0.098325846999	460
90 81 0.0132331282953 0.121432562416	569
91.5 81 0.0557729411765 0.0965355764365	170
93 81 -0.126339353612 0.129375560628	263
94.5 81 -0.104922131148 0.0731595269056	61
96 81 -0.0669983333333 0.0707653259238	60
97.5 81 -0.00468235294118 0.0952816778304	306
99 81 0.0288986206897 0.126401685258	290
100.5 81 0.0536200680272 0.171529231669	147
102 81 0.0524817365269 0.181291288638	167
103.5 81 0.0337011520737 0.163646234895	217
105 81 0.0405056074766 0.175309837163	214
106.5 81 0.0303511299435 0.156318257814	177
108 81 0.0538789617486 0.154790115901	183
109.5 81 0.0440885416667 0.153515309447	192
111 81 0.0695461956522 0.138680169595	184
112.5 81 0.0715737410072 0.140660341012	139
114 81 0.0933052 0.136557186683	125
115.5 81 0.163901785714 0.148027540424	56
117 81 0.0874314516129 0.158750245819	124
118.5 81 0.00293177777778 0.170040185577	225
120 81 -0.00324728915663 0.147766098827	332
121.5 81 -0.0519012104283 0.129019729211	537
123 81 -0.0250015250545 0.10863786618	918
124.5 81 -0.05555995671 0.106293565712	693
126 81 -0.0686 0.150589520819	206
127.5 81 0.100816386555 0.141070059693	119
129 81 0.129625903614 0.143406331791	83
130.5 81 0.156740625 0.167579946092	96
132 81 0.154302252252 0.124537683123	111
133.5 81 0.0330354700855 0.177706620035	117
135 81 -0.0155209677419 0.164227889981	217
136.5 81 -0.00253315789474 0.147273405505	380
138 81 0.0274522140221 0.150566599497	271
139.5 81 -0.00804519230769 0.148836676319	416
141 81 -0.040904155496 0.141041216485	373
142.5 81 -0.0146246376812 0.16080914269	276
144 81 -0.00923421052632 0.163386763334	285
145.5 81 -0.0248911764706 0.145237192445	391
147 81 -0.0104361650485 0.144699143129	412
148.5 81 -0.0214920512821 0.174244409089	195
150 81 0.0364915384615 0.169139996501	130
151.5 81 0.0212410891089 0.153648674721	202
153 81 0.0107911428571 0.161241903009	175
154.5 81 -0.00972487437186 0.151412323438	199
156 81 -0.0146965116279 0.169579607128	215
157.5 81 -0.02284375 0.159366228642	272
159 81 -0.0202797619048 0.150036279103	252
160.5 81 -0.0272284313725 0.147921490554	255
162 81 -0.0217013618677 0.166605055797	257
163.5 81 -0.0228512307692 0.147583881772	325
165 81 -0.0241816109422 0.148648666563	329
166.5 81 -0.0460736311239 0.142756250749	347
168 81 -0.00488617021277 0.143028391247	423
169.5 81 -0.00508444444444 0.137589842332	450
171 81 -0.00564562363239 0.129729066452	457
172.5 81 0.00754459459459 0.141404539176	296
174 81 -0.00797618181818 0.146183158929	275
175.5 81 0.020337394958 0.154427631682	238
177 81 0.0201692156863 0.133269646966	255
178.5 81 0.0517148199446 0.155734963098	361
-180 80.5 0.0973582191781 0.154001550094	73
-178.5 80.5 0.113238 0.163896258427	50
-177 80.5 0.0589871681416 0.169764069054	113
-175.5 80.5 0.0924155737705 0.156749560623	122
-174 80.5 0.0538752631579 0.155478340127	95
-172.5 80.5 0.015592519685 0.15367732972	127
-171 80.5 -0.0212351711027 0.13397964828	263
-169.5 80.5 -0.0369842696629 0.148469562042	178
-168 80.5 -0.0775247368421 0.158663799494	95
-166.5 80.5 -0.0161011111111 0.159231310966	90
-165 80.5 0.00275581395349 0.170501887072	86
-163.5 80.5 0.0227944444444 0.198030360677	81
-162 80.5 0.00212611940299 0.165899686822	67
-160.5 80.5 0.0509733333333 0.184077067838	60
-159 80.5 0.0602464912281 0.217091559819	57
-157.5 80.5 -0.00346818181818 0.18756056296	44
-156 80.5 0.137916666667 0.167877743941	42
-154.5 80.5 0.0536761904762 0.12256731363	42
-153 80.5 -0.0464639534884 0.155610627592	43
-151.5 80.5 -0.0539775862069 0.146984364806	29
-150 80.5 -0.0172528571429 0.17542278423	35
-148.5 80.5 0.00365 0.16697353982	21
-147 80.5 -0.0622130434783 0.138043795561	46
-145.5 80.5 -0.07942 0.141935337781	10
-144 80.5 -0.0124370967742 0.150827505763	31
-142.5 80.5 -0.027662 0.1746239324	25
-141 80.5 -0.017466 0.191238262559	25
-139.5 80.5 -0.12424 0.113607711495	10
-138 80.5 -0.17075 0.0989782299296	3
-135 80.5 0.29115 NaN	1
-133.5 80.5 0.20805 0.188640690202	3
-132 80.5 -0.10085 0.12110836057	5
-130.5 80.5 0.01055 0.162807647241	3
-129 80.5 0.03235 0.144547766038	7
-127.5 80.5 0.0255642857143 0.172598189923	14
-126 80.5 0.134841666667 0.0925530752726	12
-124.5 80.5 0.00247105263158 0.171181030163	19
-123 80.5 0.0615630434783 0.156983792749	23
-121.5 80.5 0.00551 0.118693435183	10
-120 80.5 0.0401142857143 0.117555617142	28
-118.5 80.5 0.004875 0.097937979646	8
-117 80.5 -0.0116642857143 0.177695594756	14
-115.5 80.5 0.0883727272727 0.0935015106547	44
-114 80.5 0.219507142857 0.130032968347	7
-112.5 80.5 0.0637285714286 0.059695563275	14
-111 80.5 0.0761807692308 0.0884380281203	39
-109.5 80.5 0.0958666666667 0.0395491803539	6
-108 80.5 0.108363793103 0.0716591770822	29
-106.5 80.5 0.125592105263 0.0779908279208	19
-105 80.5 0.19951 0.0618359873644	10
-103.5 80.5 0.246305555556 0.133417260044	9
-102 80.5 0.2256 0.109446866865	4
-100.5 80.5 0.13065 NaN	1
-99 80.5 0.253007692308 0.113204590625	26
-97.5 80.5 0.0635122222222 0.156303427649	45
-96 80.5 0.376916666667 0.0333593065475	3
-88.5 80.5 0.08483 0.294638366477	5
-87 80.5 0.0162916666667 0.12622213794	12
-82.5 80.5 0.0197065217391 0.0792291510491	69
-81 80.5 0.03915 0.0808862658305	16
-69 80.5 -0.0697281818182 0.181855257555	55
-67.5 80.5 0.0324051724138 0.184327612008	87
-66 80.5 0.167516666667 0.0834105708728	3
-16.5 80.5 -0.0775611111111 0.123937206323	9
-15 80.5 -0.0226438271605 0.125424414834	81
-13.5 80.5 -0.080946692112 0.121870154908	393
-12 80.5 -0.113441511628 0.0949528728646	860
-10.5 80.5 -0.0557949052133 0.0920217832797	844
-9 80.5 0.021976943557 0.0984684538594	939
-7.5 80.5 0.0374776842105 0.0914620089147	950
-6 80.5 0.0182655629139 0.0980949169248	1510
-4.5 80.5 -0.00762681063123 0.103137192318	1505
-3 80.5 -0.00620628742515 0.116582471167	835
-1.5 80.5 0.029522927242 0.120008027463	591
0 80.5 0.0592702505219 0.134300393591	479
1.5 80.5 -0.0130083333333 0.124746733855	156
3 80.5 0.020825 0.147261455437	168
4.5 80.5 0.10817 0.143389933011	10
6 80.5 0.0213972222222 0.133984622755	36
7.5 80.5 0.0204059633028 0.119228184146	109
9 80.5 0.0370519480519 0.0909950666412	154
10.5 80.5 0.011797826087 0.139151866977	92
12 80.5 0.117540082645 0.128931628784	121
13.5 80.5 0.0616304054054 0.119375589557	148
15 80.5 0.0461193593315 0.0941165950932	359
16.5 80.5 0.010257641196 0.10777175747	301
18 80.5 0.0527578333333 0.108324846223	600
19.5 80.5 0.0774678707224 0.125436802403	263
21 80.5 0.120187631579 0.109867967677	380
22.5 80.5 0.0479132047478 0.112246862876	337
24 80.5 -0.0515185714286 0.109406273827	105
25.5 80.5 -0.0810730769231 0.103163580004	91
27 80.5 -0.0467682432432 0.078601647035	148
28.5 80.5 0.0609359550562 0.097383890444	178
30 80.5 0.0972425925926 0.107295240348	135
31.5 80.5 0.0182922222222 0.125365426059	180
33 80.5 -0.000782673267327 0.119299913754	101
34.5 80.5 0.0706373563218 0.197862298138	87
36 80.5 -0.0522055555556 0.130162745353	9
37.5 80.5 -0.06529 0.143607181125	35
39 80.5 -0.0875573170732 0.124989334325	41
40.5 80.5 -0.105935714286 0.0834395207703	14
42 80.5 -0.100183333333 0.150625440525	3
43.5 80.5 0.07805 0.0760905322028	12
45 80.5 0.0245368421053 0.147376939358	38
46.5 80.5 0.0587678571429 0.0829736774573	28
48 80.5 -0.0173225 0.0953859554988	40
49.5 80.5 0.0198033333333 0.0693191573948	60
51 80.5 0.0252590909091 0.0952442789853	77
52.5 80.5 -0.0161051724138 0.117678756385	29
54 80.5 0.2757 0.0632860569162	2
55.5 80.5 -0.0156916666667 0.0916393016889	96
63 80.5 0.0157998141264 0.0911284452234	538
64.5 80.5 -0.00986742160279 0.0864093059628	287
66 80.5 0.100534 0.197281589528	25
67.5 80.5 0.102340909091 0.166904574839	33
69 80.5 0.01655 0.110103496766	26
70.5 80.5 0.00869649122807 0.0760274204879	228
72 80.5 0.00779267015707 0.0860756505831	382
73.5 80.5 0.0247166666667 0.067128074883	513
75 80.5 0.05479625 0.0677413121938	320
76.5 80.5 0.031778150134 0.0794059806939	373
78 80.5 -0.0143122222222 0.121365477478	180
79.5 80.5 -0.00746180555556 0.0915722391454	288
81 80.5 0.0223870786517 0.120393417011	89
82.5 80.5 0.0522641304348 0.121023560127	92
84 80.5 0.0121846774194 0.165107792848	124
85.5 80.5 0.0424940366972 0.0786769178773	218
87 80.5 0.0214428571429 0.0906656843755	252
88.5 80.5 -0.0165939306358 0.0604150790764	173
90 80.5 -0.12325 0.150472323036	2
91.5 80.5 -0.00841666666667 0.121125559749	99
93 80.5 -0.169914285714 0.0626920764932	28
97.5 80.5 -0.0618423076923 0.125018424715	39
99 80.5 0.032468 0.0968345227074	400
100.5 80.5 -0.0423836956522 0.0960948708299	460
102 80.5 -0.0284528735632 0.148760762054	174
103.5 80.5 0.0130044303797 0.157332544392	237
105 80.5 0.0946946969697 0.158487396043	132
106.5 80.5 -0.000410714285714 0.162285242345	56
108 80.5 0.0942320895522 0.158574519262	67
109.5 80.5 0.0706019480519 0.154020921007	77
111 80.5 0.0648 0.134632219826	92
112.5 80.5 0.0536669230769 0.141410712299	65
114 80.5 0.131327777778 0.148632115838	45
115.5 80.5 0.18142804878 0.136452265485	41
117 80.5 0.0901859375 0.166942107984	64
118.5 80.5 0.0906527027027 0.167338127035	74
120 80.5 0.00954690721649 0.143874033774	97
121.5 80.5 0.0275444444444 0.135376314665	54
123 80.5 -0.0130644736842 0.170186733289	76
124.5 80.5 -0.0203031561462 0.131798886812	301
126 80.5 -0.00224626168224 0.178182868184	107
127.5 80.5 0.181154347826 0.124590613088	46
129 80.5 0.15152027027 0.132009988964	74
130.5 80.5 0.15416875 0.15912651538	64
132 80.5 0.120053076923 0.115860558659	65
133.5 80.5 0.0519475609756 0.182667034317	82
135 80.5 -0.0599344036697 0.154145530718	218
136.5 80.5 -0.0233673989455 0.121770168079	569
138 80.5 -0.0153317102138 0.117374661916	421
139.5 80.5 -0.02072125 0.129149389121	400
141 80.5 -0.0491851585014 0.131026947225	347
142.5 80.5 -0.0386969333333 0.135828359112	375
144 80.5 -0.0274143835616 0.162868645338	292
145.5 80.5 -0.0145755060729 0.154096536226	247
147 80.5 -0.0416104395604 0.135102647968	273
148.5 80.5 -0.0215794871795 0.138272723067	312
150 80.5 -0.0196448837209 0.154446992455	215
151.5 80.5 -0.0282060240964 0.143207313783	166
153 80.5 -0.0350914201183 0.121838781311	169
154.5 80.5 -0.0364490740741 0.144657543711	108
156 80.5 -0.00127574257426 0.148476258475	101
157.5 80.5 0.0177272222222 0.151552436057	180
159 80.5 0.0527322222222 0.172921085189	90
160.5 80.5 -0.0103727272727 0.169356201375	154
162 80.5 -0.0138831168831 0.145702358464	154
163.5 80.5 -0.0245369565217 0.162719607427	161
165 80.5 0.02125375 0.164699468592	160
166.5 80.5 -0.0413244186047 0.148141346433	172
168 80.5 -0.0330803867403 0.156558046794	181
169.5 80.5 -0.0137351405622 0.148610068568	249
171 80.5 -0.0522877593361 0.166044045693	241
172.5 80.5 -0.02295 0.153518679511	122
174 80.5 -0.0457607438017 0.147505084546	121
175.5 80.5 0.0128664021164 0.17694952218	189
177 80.5 0.0530465909091 0.167900630782	176
178.5 80.5 0.0826996855346 0.152698661585	159
-180 80 0.0731354166667 0.163806100982	48
-178.5 80 0.00350735294118 0.148071124818	68
-177 80 -0.014136 0.165497730436	50
-175.5 80 -0.0467548484848 0.111505908629	165
-174 80 -0.0166261904762 0.145288537355	147
-172.5 80 0.0228574534161 0.161096623394	161
-171 80 0.0049625 0.128734747981	112
-169.5 80 -0.0418837209302 0.157491404517	86
-168 80 -0.0282771428571 0.143974958276	140
-166.5 80 0.00583758169935 0.148625097194	153
-165 80 -0.0368331460674 0.164812337659	89
-163.5 80 -0.0225158119658 0.172067629127	117
-162 80 0.0690227272727 0.167794337521	44
-160.5 80 0.09981 0.164992699107	30
-159 80 -0.00648387096774 0.181511178307	62
-157.5 80 0.16540483871 0.206058662907	31
-156 80 0.0520333333333 0.186690980686	48
-154.5 80 0.0386307692308 0.187107106831	52
-153 80 0.0498921052632 0.172895727458	19
-151.5 80 -0.037 0.177963157059	38
-150 80 -0.0870566666667 0.147483896502	45
-148.5 80 -0.141903846154 0.160508921199	26
-147 80 -0.0219833333333 0.161711175145	33
-145.5 80 -0.0810970588235 0.148559597122	17
-144 80 -0.09875 0.159070076478	14
-142.5 80 -0.03805 0.125851437062	39
-141 80 -0.084728125 0.130742209053	64
-139.5 80 -0.017765625 0.145006718664	32
-138 80 -0.0336944444444 0.184567000782	9
-136.5 80 -0.0865785714286 0.0836495808773	7
-135 80 -0.2633 0.0119501046021	2
-132 80 0.01035 0.0705692567624	2
-127.5 80 0.12325 0.0872553150244	3
-126 80 0.05155 NaN	1
-124.5 80 0.15075 0.243321318425	6
-123 80 0.0346833333333 0.128608349262	9
-121.5 80 0.0108 0.0884355132286	8
-120 80 -0.04193 0.150151186666	15
-118.5 80 0.00139827586207 0.13701787083	58
-117 80 0.4054 0.80099068846	6
-115.5 80 0.144025 0.0735597484424	12
-114 80 0.03327 0.0794427907365	5
-111 80 0.0218911764706 0.0732320887557	17
-109.5 80 0.18849 0.119926615061	5
-108 80 0.09405 NaN	1
-103.5 80 0.2453 0.126736642952	4
-102 80 -0.03385 NaN	1
-100.5 80 0.00895833333333 0.150109023763	12
-99 80 0.56902 0.585988244194	10
-97.5 80 0.166468181818 0.0826176956612	11
-96 80 0.220183333333 0.078350515846	3
-82.5 80 -0.09975 0.124592214845	2
-70.5 80 0.128815853659 0.218493489159	41
-69 80 -0.0560231707317 0.166790369684	82
-67.5 80 0.00659 0.209822168711	30
-18 80 -0.0679166666667 0.115649484795	3
-16.5 80 0.0140766666667 0.153737357049	15
-15 80 0.10481097561 0.131574759886	41
-13.5 80 -0.0737004854369 0.0979529597725	103
-12 80 -0.0293404761905 0.125195690421	546
-10.5 80 0.0344404958678 0.135294198078	726
-9 80 0.0351440729483 0.139644164592	658
-7.5 80 0.0113678913738 0.125487121249	626
-6 80 0.0344037650602 0.125153981362	664
-4.5 80 0.0202829468599 0.0813524066527	1035
-3 80 0.00143625429553 0.0940560731829	873
-1.5 80 0.0577487012987 0.148216082019	308
0 80 0.0734799180328 0.137291975548	244
1.5 80 0.024202173913 0.144121556165	138
3 80 0.131574418605 0.14942534704	86
4.5 80 0.0884282178218 0.130967044407	101
6 80 0.179845333333 0.166376388335	150
7.5 80 0.063728 0.0778469488906	350
9 80 0.0832371257485 0.115699470835	334
10.5 80 0.129090350877 0.087689807443	228
12 80 0.0751402777778 0.0942637193059	72
13.5 80 0.107016666667 0.169009463246	6
15 80 0.0840222772277 0.0639546184709	101
16.5 80 0.0100200680272 0.0676387598768	147
27 80 0.105215217391 0.156149696849	23
28.5 80 0.10126 0.131771958515	60
30 80 0.0382056521739 0.117858444952	230
31.5 80 -0.025082183908 0.0926850475482	348
33 80 0.0372735955056 0.11193990117	178
34.5 80 0.0287352941176 0.130334855759	34
36 80 0.0343112903226 0.20077941242	31
37.5 80 -0.0392989795918 0.145946315933	49
39 80 -0.0190409090909 0.183880323164	22
40.5 80 -0.099206 0.129805909855	25
42 80 -0.11265 NaN	1
43.5 80 0.0376564516129 0.106565356896	31
45 80 0.00673571428571 0.174827349936	21
46.5 80 0.0283471428571 0.0662292017831	210
48 80 0.0250683453237 0.0615795091229	278
49.5 80 0.0312333333333 0.0356755611962	6
64.5 80 0.24475 NaN	1
66 80 0.1669 0.0738690959288	4
67.5 80 -0.105577272727 0.198214919171	11
69 80 -0.118001282051 0.125512265854	39
70.5 80 -0.07638 0.14206124365	20
72 80 0.065041509434 0.0758182552687	106
73.5 80 -0.039575 0.106877891519	24
78 80 -0.134133928571 0.0611631749799	112
79.5 80 -0.0682580246914 0.0806026724419	162
81 80 -0.0273413043478 0.082428009123	69
82.5 80 -0.144275 0.136817352179	8
84 80 0.12323 0.194055332315	5
85.5 80 0.076825 0.238850836597	8
87 80 0.0123294871795 0.0592510607098	312
88.5 80 0.0271997326203 0.0606912005634	561
90 80 0.06833 0.055320953564	125
99 80 0.00717214285714 0.103354283737	280
100.5 80 -0.063431871345 0.106848638902	342
102 80 -0.0560077777778 0.136933168038	180
103.5 80 0.0680467032967 0.1840346196	91
105 80 0.0766355769231 0.193358540359	104
106.5 80 0.0451239130435 0.165603463141	92
108 80 -0.0466471153846 0.120780782289	104
109.5 80 -0.0391331683168 0.0942994422776	101
111 80 0.123023076923 0.152688953255	26
112.5 80 0.08125 0.137418404072	28
114 80 0.159542307692 0.109627430593	26
115.5 80 0.15337 0.103088854878	5
117 80 0.0423274193548 0.152570516395	31
118.5 80 0.0201272727273 0.153838116158	44
120 80 0.0862558823529 0.117820857936	51
121.5 80 0.187182142857 0.145096665234	28
123 80 0.156269354839 0.154100991603	31
124.5 80 0.0567220588235 0.139061017259	68
126 80 0.10826971831 0.154674295232	71
127.5 80 0.1397925 0.113824407926	40
129 80 0.150677777778 0.14776753128	18
130.5 80 0.122797058824 0.171275111727	17
132 80 0.072575 0.152686112378	24
133.5 80 0.04969 0.110570798923	95
135 80 -0.0373176190476 0.149088101178	210
136.5 80 -0.0511563492063 0.0913537725336	630
138 80 -0.016262109375 0.11385874483	256
139.5 80 -0.00228422818792 0.13571256056	298
141 80 -0.0402048192771 0.124232201729	332
142.5 80 -0.0296867857143 0.147814832959	280
144 80 -0.0192781524927 0.139044068445	341
145.5 80 -0.0466071100917 0.126761650968	436
147 80 -0.0456152406417 0.134808449629	374
148.5 80 -0.00958385826772 0.130920444552	254
150 80 -0.00595931372549 0.161004753354	204
151.5 80 0.0179505952381 0.150204462047	168
153 80 -0.0585794478528 0.131225875353	163
154.5 80 -0.0101833333333 0.179805181088	90
156 80 -0.0037297979798 0.181345967686	99
157.5 80 0.0240348214286 0.162818484137	112
159 80 -0.00114816513761 0.149918801468	109
160.5 80 0.0689860655738 0.167571146388	122
162 80 -0.0502607843137 0.144921467232	102
163.5 80 0.0360477011494 0.155236681245	87
165 80 0.00566228070175 0.127656999046	114
166.5 80 -0.0097202247191 0.161349580336	178
168 80 -0.00529689922481 0.153037206413	258
169.5 80 -0.0244783783784 0.142091305666	222
171 80 -0.000905428571429 0.152306109121	175
172.5 80 0.026373943662 0.144521021038	142
174 80 0.0628448717949 0.160916224794	78
175.5 80 0.0371531746032 0.160206621554	126
177 80 0.0395640350877 0.165041917228	57
178.5 80 0.00950666666667 0.17549233154	60
-180 79.5 -0.0481712765957 0.142295629094	47
-178.5 79.5 -0.0101977272727 0.167365148995	88
-177 79.5 -0.00473529411765 0.185485166374	68
-175.5 79.5 0.03875 0.17720088768	38
-174 79.5 -0.00189074074074 0.181044874577	54
-172.5 79.5 0.0329311594203 0.177872071738	69
-171 79.5 -0.00880189873418 0.166312417518	79
-169.5 79.5 -0.0844611111111 0.131224684769	117
-168 79.5 -0.0459714876033 0.112368504044	121
-166.5 79.5 0.0601423076923 0.184341421488	39
-165 79.5 0.00274761904762 0.158718671943	42
-163.5 79.5 0.063446969697 0.171989704425	33
-162 79.5 -0.0113974747475 0.123384667575	99
-160.5 79.5 0.0472946808511 0.203790997805	47
-159 79.5 0.093953125 0.168684562432	32
-157.5 79.5 0.0284916666667 0.202827073308	24
-156 79.5 -0.03059 0.160803863395	30
-154.5 79.5 -0.0210583333333 0.130917633969	24
-153 79.5 -0.0833127659574 0.12823101296	94
-151.5 79.5 -0.0451832103321 0.0982877804301	271
-150 79.5 -0.0454823741007 0.0739284830683	278
-148.5 79.5 -0.0299264227642 0.104713027108	123
-147 79.5 -0.120877058824 0.114751104765	85
-145.5 79.5 -0.0619682692308 0.128393825854	104
-144 79.5 -0.0650679487179 0.13248796407	117
-142.5 79.5 -0.0326840425532 0.150169757965	47
-141 79.5 -0.06615 0.143199703212	41
-139.5 79.5 -7.14285714286e-05 0.175322863394	14
-138 79.5 -0.0989568965517 0.10856205576	29
-136.5 79.5 -0.171812962963 0.0936241263619	27
-135 79.5 -0.089235 0.140169841621	20
-127.5 79.5 -0.06384 0.0967727400781	10
-126 79.5 0.0721214285714 0.169458910598	7
-124.5 79.5 0.024425 0.0810661612512	4
-123 79.5 -0.01657 0.0618317636818	5
-121.5 79.5 0.0275166666667 0.20231871721	3
-120 79.5 0.16625 NaN	1
-118.5 79.5 -0.08345 0.171377536451	4
-117 79.5 0.13763 0.0561258140253	5
-115.5 79.5 0.10065 NaN	1
-114 79.5 0.252275 0.0918707561378	4
-112.5 79.5 -0.0275 0.243448325112	6
-111 79.5 -0.08575 0.184920983125	3
-109.5 79.5 0.20255 NaN	1
-108 79.5 0.27195 0.0135723984616	3
-106.5 79.5 0.0184642857143 0.167435387571	14
-105 79.5 0.205705555556 0.12122174012	9
-103.5 79.5 0.336355555556 0.537908033329	18
-102 79.5 0.133361111111 0.127191523346	9
-100.5 79.5 0.05715 0.0852770778111	2
-99 79.5 0.246672222222 0.119393573359	18
-97.5 79.5 0.110264285714 0.0929373557183	14
-96 79.5 0.20409 0.0619204005155	10
-94.5 79.5 -0.15755 0.138592929113	2
-75 79.5 -0.0181833333333 0.163886822737	6
-73.5 79.5 -0.0117307017544 0.107319991212	57
-72 79.5 -0.06953 0.0898581226317	70
-70.5 79.5 -0.0458023809524 0.110682924134	168
-69 79.5 -0.00992934782609 0.132197576525	92
-67.5 79.5 0.0482833333333 0.0803112901984	3
-19.5 79.5 0.02795 NaN	1
-18 79.5 -0.0300833333333 0.178243242041	3
-13.5 79.5 -0.068083974359 0.115655880844	156
-12 79.5 -0.0333646946565 0.120025602566	524
-10.5 79.5 -0.00532116788321 0.102201162374	274
-9 79.5 0.0117881756757 0.122534706277	592
-7.5 79.5 -0.00750606837607 0.0933491613583	585
-6 79.5 0.006690625 0.0938637756737	832
-4.5 79.5 0.0188457957958 0.0838408810526	666
-3 79.5 0.0127011627907 0.0908913051816	430
-1.5 79.5 0.0318756 0.118012333713	250
0 79.5 0.0450439597315 0.132981763243	149
1.5 79.5 0.0312613333333 0.146912416742	150
3 79.5 0.1106 0.143291852525	30
4.5 79.5 0.0660558823529 0.100017407398	34
6 79.5 0.08035 NaN	1
18 79.5 0.383217368421 0.0500492256452	95
19.5 79.5 0.243494859813 0.0652049369277	214
21 79.5 0.283211702128 0.0807193213554	94
25.5 79.5 0.0327346153846 0.140379122653	13
27 79.5 0.00535218579235 0.104707907673	183
28.5 79.5 0.0157886440678 0.0941959059919	295
30 79.5 0.0750742105263 0.067430453635	190
31.5 79.5 -0.0365952830189 0.145975017049	53
33 79.5 -0.000259795918367 0.110419023005	245
34.5 79.5 -0.00658881578947 0.111370842279	152
36 79.5 0.00995925925926 0.161041151741	54
37.5 79.5 -0.0424055555556 0.128683517895	9
39 79.5 -0.0243088235294 0.162898680392	17
40.5 79.5 0.0186083333333 0.165398903252	12
42 79.5 -0.0338 0.07629682169	2
67.5 79.5 0.0535625 0.0900327042431	16
84 79.5 0.126258333333 0.0384291343053	84
85.5 79.5 0.107605102041 0.0309544898549	49
90 79.5 0.0587829411765 0.0506587548308	170
91.5 79.5 0.0197293333333 0.0470717434679	150
93 79.5 -0.119978571429 0.0521131481124	98
100.5 79.5 0.0122686046512 0.144839208477	43
102 79.5 -0.083804491018 0.0703234983663	167
103.5 79.5 -0.0535408196721 0.0958722219507	305
105 79.5 0.00376572052402 0.0934374957748	458
106.5 79.5 0.0257684313725 0.0915080548792	255
108 79.5 -0.0242158064516 0.0928261588738	155
109.5 79.5 0.0562120689655 0.179742437579	29
111 79.5 -0.0411285714286 0.133053616599	14
112.5 79.5 0.0807794117647 0.12655143107	17
114 79.5 -0.0492952054795 0.10457522816	73
115.5 79.5 -0.0318928571429 0.117970997243	7
118.5 79.5 0.126105555556 0.0847454734943	9
120 79.5 -0.0469285714286 0.145192568037	14
121.5 79.5 0.21365 0.0550129075763	2
123 79.5 0.138097619048 0.101479651256	21
124.5 79.5 -0.0828704081633 0.138990159993	49
126 79.5 0.0590956692913 0.164807337618	127
127.5 79.5 0.137748425197 0.136911968	127
129 79.5 0.112997619048 0.165388078184	63
130.5 79.5 0.15533125 0.15646082457	16
132 79.5 0.122583333333 0.12915952949	24
133.5 79.5 0.125036956522 0.114991198495	23
135 79.5 0.0149472222222 0.160435828713	36
136.5 79.5 -0.00768650793651 0.135230438096	63
138 79.5 -0.0424864963504 0.103555095403	274
139.5 79.5 -0.0458135772358 0.0970627446093	615
141 79.5 -0.0188646478873 0.117335959827	355
142.5 79.5 -0.011693537415 0.091920480461	588
144 79.5 -0.0274533519553 0.1062486932	358
145.5 79.5 -0.0341147686833 0.123070519291	281
147 79.5 -0.00763888888889 0.128386202103	279
148.5 79.5 0.00809308943089 0.0927493766075	369
150 79.5 -0.00154183006536 0.0938927373643	306
151.5 79.5 -0.0429212550607 0.109774865804	247
153 79.5 -0.0114647368421 0.171981094934	95
154.5 79.5 -0.0664873626374 0.146098449096	182
156 79.5 -0.0375543478261 0.16076910456	115
157.5 79.5 0.00777926829268 0.166828181825	123
159 79.5 -0.0637122222222 0.136331480835	135
160.5 79.5 -0.073537755102 0.149458746266	147
162 79.5 -0.053578 0.11383117706	125
163.5 79.5 -0.0201814516129 0.141904162304	124
165 79.5 -0.0307685840708 0.167927431472	113
166.5 79.5 0.0758214285714 0.141009462261	70
168 79.5 0.0230335820896 0.117983230186	67
169.5 79.5 -0.0487990740741 0.147718582216	108
171 79.5 -0.0321528169014 0.164697069947	71
172.5 79.5 0.0225416666667 0.16308718117	72
174 79.5 0.0366624087591 0.150224315337	137
175.5 79.5 0.0882927083333 0.134449447158	96
177 79.5 -0.00939078947368 0.154456879141	76
178.5 79.5 -0.065375 0.163471203886	36
-180 79 -0.0065125 0.191465897886	48
-178.5 79 -0.0635572727273 0.193371278704	55
-177 79 -0.08784 0.133393738115	20
-175.5 79 0.0350888888889 0.17420414658	54
-174 79 0.065446969697 0.176400973433	33
-172.5 79 0.127547222222 0.153767736698	36
-171 79 0.121063043478 0.176704008837	69
-169.5 79 -0.0211745901639 0.150621430144	61
-168 79 -0.04387 0.165667802142	85
-166.5 79 0.0332551724138 0.146805289859	58
-165 79 0.00390217391304 0.149336358018	69
-163.5 79 0.0209780898876 0.152987418518	89
-162 79 0.0229993975904 0.170831628971	83
-160.5 79 0.00696351351351 0.139676153679	111
-159 79 0.00637 0.149640789421	100
-157.5 79 -0.0668192307692 0.149810989408	78
-156 79 -0.00342820512821 0.16475995104	78
-154.5 79 0.0210980769231 0.170159132545	52
-153 79 -0.08453 0.121337048372	105
-151.5 79 -0.0597373271889 0.0675138661714	434
-150 79 -0.0789325 0.113672429153	200
-148.5 79 -0.0224226256983 0.112746240274	179
-147 79 -0.0176436170213 0.0804874656314	329
-145.5 79 -0.0341555837563 0.0763581706418	197
-144 79 -0.0103540540541 0.0901380859641	148
-142.5 79 -0.137344285714 0.0956347738346	35
-141 79 -0.0553803030303 0.147344139018	33
-139.5 79 -0.0463152173913 0.093568736484	92
-138 79 -0.0468902777778 0.0841210205676	72
-136.5 79 -0.0410214285714 0.152236377077	14
-135 79 -0.067830952381 0.129948406719	42
-127.5 79 0.16505 NaN	1
-126 79 0.09525 0.0892337380143	5
-124.5 79 2.15405 NaN	1
-123 79 0.322775 0.500595294791	4
-118.5 79 0.187257142857 0.111768403849	14
-117 79 0.16735 0.0917788465098	19
-115.5 79 0.0763571428571 0.108505111289	14
-114 79 -0.08927 0.12586634578	5
-112.5 79 0.141392857143 0.177046103762	7
-111 79 0.26023 0.107115895698	10
-109.5 79 0.145456666667 0.118478331151	15
-108 79 0.0641147058824 0.0744102054591	17
-106.5 79 0.0884833333333 0.0716176188751	3
-105 79 0.31525 NaN	1
-103.5 79 0.34955 NaN	1
-102 79 0.22035 0.0808930157677	2
-99 79 0.26995 0.0843748382714	4
-97.5 79 0.1197 0.0146371103706	2
-75 79 -0.08787 0.190080948546	5
-73.5 79 -0.160846428571 0.0875174761735	112
-72 79 -0.060491796875 0.108802971463	256
-70.5 79 -0.09775 0.116367479376	40
-69 79 0.03655 0.352815016687	6
-19.5 79 0.1917 0.0294863527755	2
-18 79 0.155216666667 0.0194561901032	3
-16.5 79 0.1784 0.0465983368802	2
-15 79 0.0249 0.128475203604	18
-13.5 79 0.0161226027397 0.134155971893	73
-12 79 0.0262536363636 0.127214444341	110
-10.5 79 0.0785166666667 0.125317590653	87
-9 79 0.0197182926829 0.146833552772	41
-7.5 79 0.0105878787879 0.129608108442	66
-6 79 0.0694490291262 0.0971195275366	309
-4.5 79 0.0615854691076 0.116677438802	437
-3 79 0.078248206278 0.0910702190936	446
-1.5 79 0.05510066313 0.0822552517617	377
0 79 -0.0105638461538 0.144976735238	130
1.5 79 0.0333857142857 0.158770933049	42
3 79 -0.08115 NaN	1
4.5 79 0.12776971831 0.0868110602231	71
6 79 0.0570166666667 0.137035045438	30
21 79 0.125 0.199827979356	16
22.5 79 0.140867032967 0.0478254686765	182
24 79 0.0417448275862 0.0749893612066	406
25.5 79 0.0390094059406 0.0672259591803	202
27 79 -0.171216666667 0.0714677736233	6
28.5 79 -0.239883333333 0.116796932037	3
30 79 0.171238888889 0.14479094796	9
31.5 79 0.00894411764706 0.129266132797	17
33 79 0.02045 0.085172037665	6
34.5 79 0.0597944444444 0.100413484044	9
39 79 0.2959 0.0779774967539	4
87 79 0.00280483870968 0.0476224450368	62
88.5 79 0.0548871794872 0.0631628098099	234
90 79 0.0477822033898 0.0542258959632	472
91.5 79 0.0137971544715 0.0477420292742	246
93 79 0.000104237288136 0.071225303585	118
94.5 79 0.111544535519 0.0669096050257	183
96 79 0.0592567039106 0.0730261809276	179
97.5 79 -0.01041 0.0504476263069	5
100.5 79 0.0201576923077 0.0777212828274	104
103.5 79 -0.0568055555556 0.091689481069	117
105 79 -0.0631336065574 0.0850591348607	122
106.5 79 0.31385 NaN	1
108 79 -0.0552838235294 0.102257145297	68
109.5 79 0.0843388888889 0.156556662962	27
111 79 0.133090625 0.179469646745	32
112.5 79 -0.0493494818653 0.0584476550868	193
114 79 -0.049573853211 0.0889095554785	109
115.5 79 0.093425 0.0616456743549	4
117 79 0.18725 NaN	1
118.5 79 0.06575 0.169524364031	3
120 79 0.12925 NaN	1
121.5 79 0.148278571429 0.0551691252509	7
123 79 -0.17055 NaN	1
124.5 79 0.0726552631579 0.125747799825	38
126 79 -0.00965 0.148920381412	80
127.5 79 0.0244563157895 0.158500260964	95
129 79 -0.0158322695035 0.139547455463	141
130.5 79 0.0671673076923 0.127178356651	52
132 79 0.0727944444444 0.0986257079963	9
133.5 79 0.134075 0.112936384903	44
135 79 0.0600989361702 0.166558948792	47
136.5 79 0.0685193877551 0.191923446331	49
138 79 0.182359302326 0.130565429345	43
139.5 79 0.0762288461538 0.1735634193	104
141 79 0.0905388888889 0.203760380866	18
142.5 79 -0.0476847490347 0.0885610280374	259
144 79 -0.0338282608696 0.153671899216	69
145.5 79 -0.00474863013699 0.116536648376	73
147 79 -0.010358411215 0.0956040459804	107
148.5 79 -0.0375344155844 0.0895000515884	231
150 79 -0.0202908805031 0.0842008333833	318
151.5 79 -0.0225645695364 0.0859601699447	302
153 79 0.0211753333333 0.096265596963	375
154.5 79 -0.00115554528651 0.0970951278802	541
156 79 -0.0388862745098 0.105139727354	408
157.5 79 -0.0230605263158 0.127769214784	247
159 79 -0.0174085034014 0.143529077214	147
160.5 79 -0.0363418552036 0.137658830007	221
162 79 -0.0411911428571 0.151537424985	175
163.5 79 -0.0309557971014 0.134274717725	138
165 79 0.00435555555556 0.160274760464	72
166.5 79 -0.0502893939394 0.148513910127	66
168 79 0.0138311320755 0.164171047125	53
169.5 79 -0.0392179245283 0.175370367172	53
171 79 -0.0151755639098 0.143127078338	133
172.5 79 0.0548350574713 0.158784940508	87
174 79 -0.00317972972973 0.14539403523	37
175.5 79 0.108137878788 0.172577264866	33
177 79 0.0511637254902 0.179610245832	51
178.5 79 0.00643666666667 0.174802724125	60
-180 78.5 0.129986 0.202951772456	50
-178.5 78.5 0.161632692308 0.187832914614	52
-177 78.5 0.0572261904762 0.203138935766	42
-175.5 78.5 0.129229310345 0.17572623875	29
-174 78.5 0.0307719512195 0.180702060741	41
-172.5 78.5 0.156927272727 0.132960716114	44
-171 78.5 0.050625 0.170860543821	24
-169.5 78.5 -0.020862 0.155864198662	50
-168 78.5 -0.0175996240602 0.123233586788	133
-166.5 78.5 -0.0247644 0.12088288434	125
-165 78.5 -0.0155169642857 0.142491880842	112
-163.5 78.5 0.031712195122 0.176272918755	82
-162 78.5 0.0238286666667 0.171876471428	75
-160.5 78.5 -0.0100617647059 0.0761920925921	357
-159 78.5 -0.0504644508671 0.100945525082	173
-157.5 78.5 -0.00765657894737 0.163138648873	76
-156 78.5 -0.0411204081633 0.154752900617	98
-154.5 78.5 -0.0416192307692 0.164958508163	26
-153 78.5 -0.0805006024096 0.113176457706	83
-151.5 78.5 -0.0393246478873 0.120121665369	71
-150 78.5 -0.0563223076923 0.0907378069759	130
-148.5 78.5 -0.0350594339623 0.0985433103344	318
-147 78.5 -0.0816082781457 0.0920898172855	151
-145.5 78.5 0.00455636363636 0.154591633274	110
-144 78.5 -0.0309107734807 0.0909245087205	181
-142.5 78.5 -0.0575551470588 0.101255437399	136
-141 78.5 -0.03465 0.0916113697372	262
-139.5 78.5 -0.0497074257426 0.0946379356775	101
-138 78.5 -0.0255185950413 0.0810368794984	121
-136.5 78.5 -0.0236538461538 0.135769370425	52
-135 78.5 -0.0418574074074 0.150436362538	27
-133.5 78.5 -0.0751738095238 0.134227262152	21
-132 78.5 -0.0349810344828 0.0572930443513	29
-123 78.5 0.17445 0.119867545947	8
-121.5 78.5 0.27955 0.0702226236693	33
-120 78.5 0.34148 0.048018562383	10
-118.5 78.5 0.19115 NaN	1
-117 78.5 0.164207142857 0.116237384364	7
-115.5 78.5 0.10285 0.181904700324	9
-114 78.5 -0.0294444444444 0.118474856159	90
-112.5 78.5 -0.0951 0.0897559055202	34
-109.5 78.5 -0.0142928571429 0.115943173684	7
-108 78.5 0.03625 NaN	1
-106.5 78.5 0.24035 NaN	1
-105 78.5 0.0254014285714 0.0615816048868	105
-96 78.5 0.364116666667 0.785001562631	3
-94.5 78.5 -0.07913 0.156622083373	5
-75 78.5 -0.103744594595 0.0975870834632	37
-73.5 78.5 -0.0754077586207 0.0825776695269	116
-72 78.5 0.0136875 0.161458910629	8
-19.5 78.5 0.264415517241 0.33154703316	29
-18 78.5 0.580218539326 0.327684074084	89
-16.5 78.5 -0.0708248091603 0.107837209465	131
-15 78.5 0.0147838797814 0.10793114945	183
-13.5 78.5 -0.0340134210526 0.102597283283	380
-12 78.5 -0.0483043478261 0.0909631151562	368
-10.5 78.5 0.126405555556 0.115997039629	18
-9 78.5 0.113698214286 0.0771379708199	56
-7.5 78.5 -0.0265408045977 0.114986584285	87
-6 78.5 0.0158051724138 0.143480383368	58
-4.5 78.5 0.0132515151515 0.114633321818	132
-3 78.5 0.0415903225806 0.152137232081	124
-1.5 78.5 0.00936134751773 0.111082442416	141
0 78.5 -0.0692666666667 0.0866365607966	6
22.5 78.5 0.159037972509 0.0607484481965	291
24 78.5 0.126962269939 0.0693964294213	163
30 78.5 0.0288833333333 0.283819067952	3
88.5 78.5 0.00277340425532 0.0593029746764	141
90 78.5 -0.0381182539683 0.0722789868781	126
91.5 78.5 0.0253346666667 0.0467893117731	150
93 78.5 0.00221849315068 0.0949223906332	73
94.5 78.5 0.162734615385 0.0846907616789	143
96 78.5 0.0664432432432 0.0753775358004	296
97.5 78.5 0.000591995841996 0.118126556354	481
99 78.5 -0.00267803468208 0.0972458825635	346
100.5 78.5 0.000109504132231 0.0846176277719	121
105 78.5 0.000964423076923 0.0875007067026	104
106.5 78.5 0.0640441176471 0.100947015899	187
108 78.5 -0.0444483606557 0.0843345773178	183
109.5 78.5 -0.0587166666667 0.160974408939	21
111 78.5 0.130469387755 0.108201070338	196
112.5 78.5 -0.0215137426901 0.123094812219	171
114 78.5 -0.025626146789 0.139748170928	109
115.5 78.5 0.009746 0.125877961667	25
117 78.5 -0.0217662790698 0.0518910071315	258
120 78.5 -0.00925 0.257245446996	2
121.5 78.5 0.29985 NaN	1
123 78.5 -0.173183333333 0.14079160185	12
124.5 78.5 0.19385 NaN	1
126 78.5 0.178775 0.119315362939	4
127.5 78.5 0.0730727272727 0.154424945344	22
129 78.5 -0.0137602564103 0.134422231077	39
130.5 78.5 0.0188695121951 0.125343895383	41
132 78.5 0.158583333333 0.111714649838	30
133.5 78.5 -0.00328928571429 0.14314018644	56
135 78.5 0.0890007936508 0.164276669532	63
136.5 78.5 0.041946 0.154701875877	25
138 78.5 0.0535803571429 0.157981371652	56
139.5 78.5 -0.014707591623 0.0598819736733	191
141 78.5 0.0256194444444 0.10945386016	72
142.5 78.5 -0.0160997674419 0.0740005189894	215
144 78.5 0.0201466480447 0.0775532487598	179
145.5 78.5 0.08429140625 0.0822667751147	128
147 78.5 -0.0087829787234 0.107857223813	94
148.5 78.5 -0.0352 0.0900717653268	56
150 78.5 -0.0380833333333 0.0666400310296	465
151.5 78.5 -0.00179576271186 0.0460175972362	118
153 78.5 0.0218390243902 0.0443764730407	82
154.5 78.5 0.0239730434783 0.0744440861033	230
156 78.5 0.0190046546547 0.0944992912144	333
157.5 78.5 -0.0119255555556 0.104294002823	135
159 78.5 -0.0308110810811 0.131604273829	185
160.5 78.5 -0.0745236842105 0.113866236224	247
162 78.5 -0.0753227272727 0.110631732822	143
163.5 78.5 -0.0616548192771 0.122228777451	166
165 78.5 -0.0807166666667 0.123454905066	54
166.5 78.5 -0.0259893939394 0.129274104586	66
168 78.5 -0.0289242857143 0.193039539295	35
169.5 78.5 7.8431372549e-06 0.144879522114	102
171 78.5 0.01565 0.149005390123	36
172.5 78.5 0.00735701754386 0.146926350427	57
174 78.5 0.103729104478 0.173106548497	67
175.5 78.5 -0.00826886792453 0.182643535817	53
177 78.5 -0.0213574074074 0.136668661441	27
178.5 78.5 0.0410444444444 0.194852917297	18
-180 78 0.145395454545 0.137623959269	44
-178.5 78 0.151604 0.15507063461	50
-177 78 0.0829551282051 0.174697575342	78
-175.5 78 0.00432101449275 0.159980156951	69
-174 78 0.0229857142857 0.166717963626	14
-172.5 78 -0.0491861111111 0.156700325741	36
-171 78 -0.025234 0.153022242867	100
-169.5 78 -0.0283718309859 0.123937227372	142
-168 78 -0.00083375 0.141775303096	80
-166.5 78 -0.000407142857143 0.158691615378	14
-165 78 -0.09905 0.179018099644	8
-163.5 78 0.042275 0.180938683905	16
-162 78 -0.0629774509804 0.178373575485	51
-160.5 78 0.117160638298 0.170954122035	47
-159 78 -0.0238096491228 0.146978126239	57
-157.5 78 -0.063702 0.199488174503	25
-156 78 -0.0687476470588 0.0834628003485	85
-154.5 78 -0.0110578947368 0.0902233633597	266
-153 78 -0.0413882575758 0.108751337103	264
-151.5 78 -0.017855027933 0.127069058581	179
-150 78 -0.0174848258706 0.0755761367759	402
-148.5 78 -0.00267936170213 0.083136875796	235
-147 78 0.0210533536585 0.076078817699	328
-145.5 78 -0.0177513245033 0.0974466232541	302
-144 78 -0.0319215909091 0.10859490561	264
-142.5 78 -0.0352933427762 0.104117655078	353
-141 78 -0.01045591133 0.0826717136759	203
-139.5 78 -0.0559094202899 0.11941311796	69
-138 78 -0.0590703252033 0.118555040105	123
-136.5 78 -0.0918837837838 0.0852880490384	74
-135 78 -0.0820257575758 0.082622999334	33
-133.5 78 -0.0683382352941 0.1249299798	17
-132 78 0.0378 0.198316600134	10
-127.5 78 -0.00715 NaN	1
-124.5 78 0.2381 0.00360624458405	2
-123 78 0.24765 NaN	1
-121.5 78 0.3011 0.0313866744548	4
-120 78 0.21187173913 0.0848520421168	23
-118.5 78 0.303522727273 0.0825477258648	33
-117 78 -0.114701851852 0.043980435951	27
-115.5 78 -0.1006 0.120955883693	26
-114 78 0.13035 0.277494558505	3
-109.5 78 -0.04885 NaN	1
-108 78 2.50845 NaN	1
-105 78 -0.0201528368794 0.0787798396466	141
-103.5 78 -0.0104461538462 0.0541332709521	78
-102 78 0.106216666667 0.225001540735	3
-99 78 0.0454318181818 0.157232940685	11
-97.5 78 0.103985714286 0.776435734729	14
-96 78 -0.11025 0.0989277766858	61
-94.5 78 0.02757 0.147268587961	5
-93 78 0.123475 0.156883730833	8
-91.5 78 -0.0259666666667 0.0766179983207	6
-90 78 0.08945 0.153017907449	2
-85.5 78 0.38675 0.169729682142	5
-78 78 0.22655 NaN	1
-76.5 78 0.0435653846154 0.183807456349	65
-75 78 -0.040491509434 0.173491631861	212
-73.5 78 0.0829318181818 0.174883570458	187
-72 78 0.0706357142857 0.0694283563587	49
-21 78 0.16825 NaN	1
-19.5 78 0.0728706896552 0.124098565029	29
-18 78 0.55193313253 0.206529133254	83
-16.5 78 0.137729439252 0.260889114372	214
-15 78 -0.0803133333333 0.112041852028	270
-13.5 78 -0.0251188596491 0.0973575582532	456
-12 78 0.025350795756 0.140368896864	377
-10.5 78 0.0636237704918 0.175294450285	61
-9 78 0.0608273333333 0.128909868548	75
-7.5 78 -0.0123107142857 0.132911012668	28
-6 78 0.0641184210526 0.186005307728	19
-4.5 78 -0.101707142857 0.13706730533	7
28.5 78 0.077925 0.12602852521	4
88.5 78 0.02365 NaN	1
90 78 -0.0518705479452 0.108093738845	73
91.5 78 -0.02155 0.165813351392	25
93 78 -0.00876398601399 0.0732285209593	143
94.5 78 -0.0148214285714 0.0835028135731	434
96 78 0.0235299171843 0.0605168968414	483
97.5 78 0.0542821775312 0.108328497286	721
99 78 0.0683846456693 0.125091186662	127
100.5 78 -0.0645924242424 0.108343581691	198
102 78 -0.018207 0.113734023396	300
103.5 78 -0.0508880032206 0.0736979069507	621
105 78 -0.0734841530055 0.118109811026	366
106.5 78 0.0989257575758 0.11001645977	429
108 78 -0.00389298780488 0.0966617597174	328
109.5 78 -0.0238455844156 0.0989220934848	385
111 78 -0.0597929090909 0.0780369997794	275
112.5 78 -0.0433205882353 0.100194399106	238
114 78 0.0309390410959 0.173608322889	292
115.5 78 0.00865528634361 0.111307215647	227
117 78 -0.016433 0.0719961535522	400
118.5 78 0.0279078947368 0.0745901786347	266
120 78 -0.10715 0.0586454175533	5
123 78 0.2377375 0.0390609573981	8
124.5 78 -0.0297973684211 0.19286701627	19
126 78 -0.1311 0.136882662647	4
127.5 78 0.2691 0.0174655374953	2
129 78 0.181325 0.0509573923325	4
130.5 78 0.125816666667 0.119298002219	3
132 78 0.0196071428571 0.138843327257	7
133.5 78 0.0429856164384 0.130085871607	73
135 78 -0.0383915730337 0.130466556851	89
136.5 78 -0.000973571428571 0.114085589233	140
138 78 -0.0163218446602 0.0942842660626	103
139.5 78 -0.0159630434783 0.158454754954	23
141 78 0.0181423076923 0.105647133129	26
144 78 -0.00673260869565 0.0567468273216	23
145.5 78 0.18995 0.177768051123	6
147 78 -0.1587 0.0648051012949	14
154.5 78 -0.0524708333333 0.143617705034	24
156 78 0.0704161073826 0.0731717960901	298
157.5 78 0.0128017799353 0.089195347622	309
159 78 -0.0630465686275 0.114673172927	204
160.5 78 -0.0607800429185 0.105953230364	233
162 78 -0.0735436170213 0.121112140015	141
163.5 78 -0.033747826087 0.122813799005	92
165 78 -0.02408 0.108864385644	40
166.5 78 -0.06305 0.143357072312	56
168 78 0.0441785714286 0.171151731346	21
169.5 78 -0.00986627906977 0.125392340334	43
171 78 0.0107982758621 0.185613991969	29
172.5 78 0.0737448717949 0.197537236928	39
174 78 0.00543095238095 0.129098537216	42
175.5 78 0.0352532608696 0.129182319795	92
177 78 -0.0149661290323 0.161989915523	31
178.5 78 0.166223170732 0.161639766185	41
-180 77.5 -0.0270232142857 0.128610428661	56
-178.5 77.5 0.00593620689655 0.150132897613	29
-177 77.5 0.0364092592593 0.188658622033	54
-175.5 77.5 -0.000926119402985 0.150796697865	134
-174 77.5 -0.0152319148936 0.132061483696	94
-172.5 77.5 -0.0669590225564 0.121557546204	133
-171 77.5 -0.0674330985915 0.125861475992	71
-169.5 77.5 -0.045224137931 0.146496856514	58
-168 77.5 0.0058373015873 0.117790131155	63
-166.5 77.5 -0.0619510204082 0.108814652302	98
-165 77.5 -0.0137934306569 0.0904326971966	274
-163.5 77.5 -0.017687398374 0.095484049655	246
-162 77.5 -0.0661935810811 0.0997150901965	296
-160.5 77.5 -0.0254540716612 0.0776344748161	614
-159 77.5 -0.0431046357616 0.0994241738239	302
-157.5 77.5 -0.0314393203883 0.12033485833	206
-156 77.5 0.0204831578947 0.117773947252	190
-154.5 77.5 0.00514153439153 0.093049430874	378
-153 77.5 0.0124789156627 0.0888268148223	249
-151.5 77.5 0.0109262626263 0.0993036567566	396
-150 77.5 0.0241766129032 0.0816352151814	248
-148.5 77.5 0.0137528571429 0.0862454064579	350
-147 77.5 -0.00541551724138 0.0900569644455	551
-145.5 77.5 0.0223825806452 0.080704884116	310
-144 77.5 0.00219462151394 0.0824039638273	502
-142.5 77.5 -0.0218730936819 0.0677482817779	459
-141 77.5 -0.0664961538462 0.0927887282769	169
-139.5 77.5 -0.0580220930233 0.0906223185744	86
-138 77.5 -0.0498981012658 0.0962593077228	79
-136.5 77.5 -0.02058515625 0.099975245432	128
-135 77.5 0.0417573170732 0.601490882055	41
-133.5 77.5 0.0828642857143 0.457640271496	7
-132 77.5 -0.0700261904762 0.16637157481	21
-126 77.5 -0.0217666666667 0.139497231753	6
-123 77.5 0.234425 0.059340563698	4
-121.5 77.5 -0.01525 0.247646912626	4
-117 77.5 -0.01285625 0.240815117102	16
-115.5 77.5 -0.2354 0.0364159992311	2
-109.5 77.5 1.00555 0.0169705627485	2
-106.5 77.5 0.00375909090909 0.0994838953482	88
-102 77.5 0.011225 0.15002252926	8
-100.5 77.5 -0.06271 0.110460572151	5
-99 77.5 0.0058 0.392090710168	2
-97.5 77.5 -0.1239 0.0678837455441	56
-96 77.5 -0.125746666667 0.0523213537334	60
-94.5 77.5 -0.136102173913 0.127249803963	23
-93 77.5 0.31695 NaN	1
-91.5 77.5 0.17745 0.0299080256787	3
-88.5 77.5 0.26945 NaN	1
-78 77.5 -0.185164285714 0.0718087373646	7
-76.5 77.5 0.0370131067961 0.163572329741	103
-75 77.5 -0.0461112121212 0.140688443884	165
-73.5 77.5 -0.038125 0.0883808874692	64
-72 77.5 0.0119483957219 0.0893555814913	187
-18 77.5 0.193910504202 0.204320292211	238
-16.5 77.5 -0.141081390135 0.0964068599888	446
-15 77.5 -0.0581190402477 0.088308944513	969
-13.5 77.5 -0.000324651162791 0.0872020066398	430
-12 77.5 0.013576618705 0.0974307482104	278
-10.5 77.5 0.0348026315789 0.16708473688	19
-9 77.5 -0.0180538461538 0.112554063386	26
-7.5 77.5 0.06855 NaN	1
-6 77.5 -0.00959 0.127999953125	5
-4.5 77.5 0.0173960526316 0.160514950033	76
-3 77.5 0.00408516483516 0.100566597474	91
-1.5 77.5 0.0730222222222 0.101810066257	54
0 77.5 0.177538888889 0.109434014872	9
85.5 77.5 0.0142605263158 0.0761921977249	19
87 77.5 0.000774324324324 0.0519607191669	37
88.5 77.5 -0.0755269230769 0.146993203663	13
90 77.5 0.0252725 0.129140653766	40
91.5 77.5 -0.000543055555556 0.14066721324	72
93 77.5 0.0854214285714 0.167112995135	21
94.5 77.5 -0.00698095238095 0.0907082128305	336
96 77.5 0.0555963576159 0.0822000531681	302
97.5 77.5 0.0961122568093 0.0905780314471	257
99 77.5 -0.0228731707317 0.0761358856221	164
100.5 77.5 -0.0184616564417 0.129756780261	163
102 77.5 0.032089084507 0.0807118474488	284
103.5 77.5 -0.250083333333 0.0110870795674	3
105 77.5 -0.0991388888889 0.0810832969591	18
106.5 77.5 0.122316459627 0.150232448203	161
108 77.5 0.0897793859649 0.152897925599	228
109.5 77.5 -0.0597483783784 0.101906345258	185
111 77.5 -0.0186244897959 0.100333085796	98
112.5 77.5 -0.0839441634241 0.0707143472941	514
114 77.5 -0.0399383008357 0.0643991041192	359
115.5 77.5 -0.038027124183 0.0634542608755	153
117 77.5 -0.22035 0.035211787799	3
118.5 77.5 -0.0575196969697 0.0773781272878	99
120 77.5 -0.04505 0.22121982603	8
121.5 77.5 -0.03805 0.100225167926	15
123 77.5 0.028995 0.116905686121	20
126 77.5 -0.0873617647059 0.0539895925428	17
127.5 77.5 -0.0670125 0.167801676094	16
129 77.5 -0.0389109375 0.0835101881986	128
130.5 77.5 0.0268747191011 0.0661870475336	178
132 77.5 -0.0410611111111 0.0978472645478	27
133.5 77.5 0.0328236842105 0.0549886446883	133
135 77.5 -0.00015 0.110439454746	80
136.5 77.5 -0.0479633333333 0.156754803374	15
156 77.5 0.0198794117647 0.149670111264	17
157.5 77.5 -0.00292580645161 0.094738999079	124
159 77.5 -0.0408766393443 0.112950425355	244
160.5 77.5 -0.00268257918552 0.0962845514237	221
162 77.5 -0.0897436170213 0.118080415495	47
163.5 77.5 0.102435294118 0.169594255785	34
165 77.5 0.0552166666667 0.135466064801	30
166.5 77.5 0.0708023809524 0.190499852018	21
168 77.5 -0.0929106060606 0.118583274905	33
169.5 77.5 -0.0141029411765 0.166095031643	34
171 77.5 -0.00163846153846 0.186627001963	26
172.5 77.5 -0.0326634831461 0.138339209415	89
174 77.5 -0.0450928571429 0.128110341424	35
175.5 77.5 0.0742717391304 0.198272665133	46
177 77.5 0.123351851852 0.158044082089	54
178.5 77.5 0.0941564516129 0.146707318462	31
-180 77 0.0292438461538 0.0786270565648	65
-178.5 77 0.0232602941176 0.149602295796	68
-177 77 0.0594 0.0703571247281	2
-175.5 77 -0.102567283951 0.10768693954	81
-174 77 -0.0658509433962 0.121285453527	106
-172.5 77 -0.0482277777778 0.136910380286	144
-171 77 0.00528214285714 0.154941796823	56
-169.5 77 -0.0649922535211 0.135381907065	71
-168 77 -0.035934496124 0.101099322644	129
-166.5 77 -0.063289375 0.0710889693062	480
-165 77 -0.0375367567568 0.106177241565	370
-163.5 77 -0.0383928571429 0.104223167626	175
-162 77 -0.061406227758 0.0744549990684	562
-160.5 77 -0.0536682432432 0.085436781766	148
-159 77 -0.0296370662461 0.0974466320012	634
-157.5 77 -0.0254277777778 0.151657234373	189
-156 77 -0.0671531390135 0.130434038209	223
-154.5 77 -0.0621269230769 0.142550492479	91
-153 77 0.0597603343465 0.0740581792732	329
-151.5 77 0.0684121621622 0.107967404217	111
-150 77 0.02655 0.0854457328907	105
-148.5 77 0.0209460714286 0.0729677678554	280
-147 77 0.0402653846154 0.0922725056801	481
-145.5 77 0.0254132411067 0.062678680084	253
-144 77 0.0114015151515 0.0692968536136	66
-142.5 77 0.0268739884393 0.0778236950411	346
-141 77 -0.0202802583026 0.106626714947	271
-139.5 77 -0.00866283783784 0.0873503871755	296
-138 77 -0.0433393203883 0.0834606128928	103
-136.5 77 0.00833181818182 0.0657088573892	22
-135 77 0.0140023809524 0.18552359855	21
-133.5 77 0.00710263157895 0.159561138991	19
-132 77 -0.0522318181818 0.139011005451	11
-130.5 77 -0.165983333333 0.085907003983	3
-124.5 77 0.0549285714286 0.133944978248	14
-123 77 0.207775 0.0497877746038	4
-120 77 0.0579 0.0779938779649	2
-115.5 77 0.39325 NaN	1
-111 77 1.78285 NaN	1
-109.5 77 0.1982 0.07629682169	2
-108 77 0.01025 NaN	1
-105 77 0.2163 0.0570635172418	2
-103.5 77 -0.08275 NaN	1
-102 77 -0.05075 0.159523289836	2
-99 77 -0.0285666666667 0.219967823405	12
-97.5 77 0.355504545455 0.497568365883	11
-96 77 0.23455 NaN	1
-94.5 77 0.0577611111111 0.179564789452	9
-93 77 0.0803981012658 0.139165832512	79
-91.5 77 -0.0645330508475 0.0923130322039	59
-90 77 -0.0849714285714 0.113824511964	28
-79.5 77 0.999875 0.162561708796	4
-78 77 0.019208 0.101456086992	50
-76.5 77 -0.0993114678899 0.133893063396	218
-75 77 0.0484925 0.150345869432	40
-73.5 77 0.15657 0.193124995793	10
-18 77 0.0965875 0.153030566992	160
-16.5 77 -0.114909577279 0.12423471547	757
-15 77 -0.0262047439127 0.0733053210417	1191
-13.5 77 -0.0222703647416 0.0790131644935	329
-12 77 0.0403083333333 0.146390719144	12
-10.5 77 0.0706666666667 0.0935408021489	6
-9 77 0.0192833333333 0.160729539911	9
-7.5 77 0.133892857143 0.162962495517	14
-6 77 0.03245 0.164277250403	9
-4.5 77 0.00448692307692 0.184248003355	65
-3 77 0.061054109589 0.159687276365	73
84 77 -0.10095 0.0793373808491	2
85.5 77 0.00303571428571 0.136619048034	21
87 77 0.0451806748466 0.121008654078	163
88.5 77 -0.0257712765957 0.106140365445	94
90 77 0.0694625 0.19906778672	32
91.5 77 -0.01405 0.119799373955	3
93 77 -0.0259736933798 0.256825232942	287
94.5 77 0.0256208121827 0.0574368358532	394
96 77 -0.0341576923077 0.102698786601	13
97.5 77 -0.0420902439024 0.093976683389	164
99 77 -0.0224493548387 0.0873796355787	155
100.5 77 -0.0230744939271 0.0805752438793	494
102 77 0.0213352941176 0.0540894374457	68
106.5 77 0.161704545455 0.134152266948	11
108 77 0.0591514925373 0.168708472578	134
109.5 77 0.0141346153846 0.127976306893	221
111 77 -0.0444118860511 0.111446753119	509
112.5 77 -0.139026132931 0.0596728861186	331
114 77 -0.0709436440678 0.0449466748097	236
115.5 77 -0.00479376811594 0.0475114468796	345
117 77 -0.0161358208955 0.0440979909402	134
121.5 77 -0.0666459183673 0.0627684367311	49
123 77 0.028632962963 0.0721626807759	270
124.5 77 -0.015120995671 0.0587128833973	231
126 77 -0.103896153846 0.0511472321732	13
127.5 77 -0.215421428571 0.0763406775423	7
129 77 -0.0569653846154 0.100153465238	39
130.5 77 -0.0337897435897 0.129394833534	78
132 77 -0.00345020790021 0.0707604761087	481
133.5 77 -0.00469532374101 0.0667017232715	139
136.5 77 -0.00355 NaN	1
138 77 -0.019116966967 0.0451590114503	333
139.5 77 -0.0171792079208 0.0653677677686	202
156 77 0.0572456521739 0.179093428078	46
157.5 77 -0.0606381578947 0.124841317912	76
159 77 -0.0484881818182 0.129402823149	110
160.5 77 -0.0127615044248 0.149247776815	113
162 77 -0.0307828358209 0.14297127004	67
163.5 77 0.21069 0.127037368518	5
165 77 0.0892738095238 0.19114443627	42
166.5 77 0.00441923076923 0.203465251617	26
168 77 0.122634210526 0.156338393421	38
169.5 77 -0.0283719512195 0.171364603276	41
171 77 -0.0738204545455 0.153228831126	44
172.5 77 -0.0285666666667 0.154586713894	72
174 77 0.0460617647059 0.189210609779	17
175.5 77 0.0688961538462 0.233221294106	39
177 77 0.110938333333 0.173181954957	60
178.5 77 0.073964 0.188705429672	50
-180 76.5 -0.0152920168067 0.0630250971319	238
-178.5 76.5 -0.00488333333333 0.110086370674	243
-177 76.5 0.0248765822785 0.0875890123535	158
-175.5 76.5 -0.0575483333333 0.106604254399	120
-174 76.5 0.00101666666667 0.114807710762	186
-172.5 76.5 -0.0226366920152 0.0854506009569	263
-171 76.5 -0.00157852112676 0.0990319354384	284
-169.5 76.5 -0.0202455156951 0.121688337244	223
-168 76.5 -0.0729902985075 0.114454570927	67
-166.5 76.5 -0.0367320971867 0.106361599426	391
-165 76.5 -0.0739065815324 0.0705429657767	509
-163.5 76.5 -0.03375 0.139338194595	94
-162 76.5 -0.0339804093567 0.148851208019	171
-160.5 76.5 -0.0664563492063 0.135903952994	126
-159 76.5 -0.0575706896552 0.150316137919	58
-157.5 76.5 -0.0482078680203 0.12909789515	197
-156 76.5 -0.0451833333333 0.0925026255347	318
-154.5 76.5 -0.0367285714286 0.101199138901	56
-153 76.5 0.0209730769231 0.0883806975097	52
-151.5 76.5 -0.108883333333 0.158182215604	3
-150 76.5 -0.0342236842105 0.0993809382923	95
-148.5 76.5 -0.111157692308 0.0907613855258	13
-147 76.5 0.128811979167 0.094370043955	192
-145.5 76.5 0.0715613043478 0.068433931213	115
-144 76.5 0.112712626263 0.0784837033566	198
-142.5 76.5 0.0504884297521 0.062038980353	484
-141 76.5 0.0210017073171 0.076443903946	205
-139.5 76.5 0.029565 0.0687831200101	240
-138 76.5 -0.000134403669725 0.123761283193	109
-136.5 76.5 -0.000642173913043 0.168149872137	115
-135 76.5 -0.0135844827586 0.169768498257	58
-133.5 76.5 -0.12025 0.109758097651	6
-132 76.5 0.0147125 0.124721471831	8
-130.5 76.5 -0.0563357142857 0.127056987589	7
-129 76.5 -0.04155 0.243677997913	4
-120 76.5 -0.25055 NaN	1
-118.5 76.5 0.029804 0.0776177767614	50
-108 76.5 0.93765 0.022061731573	2
-106.5 76.5 0.616 0.504258204362	4
-102 76.5 0.05565 NaN	1
-99 76.5 -0.106295454545 0.0587616092619	44
-97.5 76.5 -0.03269 0.196358765755	10
-96 76.5 -0.104039655172 0.0726076205214	58
-93 76.5 -0.0142600840336 0.0539065849173	119
-91.5 76.5 -0.0289125 0.118906264854	8
-90 76.5 0.11465 NaN	1
-88.5 76.5 -0.143434210526 0.0403663124559	19
-87 76.5 0.549535714286 0.360909750624	7
-79.5 76.5 -0.27415 0.0284256926037	2
-78 76.5 -0.0932166666667 0.122455760719	3
-18 76.5 0.049634375 0.182667738397	32
-16.5 76.5 -0.110939097744 0.0894048484381	532
-15 76.5 -0.050314 0.111226667183	750
-13.5 76.5 -0.012299044586 0.138049010072	157
-12 76.5 -0.0415433333333 0.135719834674	15
-10.5 76.5 0.0564 0.326188358161	2
-9 76.5 0.164178571429 0.131200631532	7
-7.5 76.5 0.167475 0.0835397552922	8
-6 76.5 -0.02735 0.132058593056	6
-4.5 76.5 -0.0518625 0.132133941514	16
-3 76.5 0.175788888889 0.09522912603	36
84 76.5 0.046307615894 0.0356269531621	151
85.5 76.5 0.0408871900826 0.0382246825412	121
87 76.5 -0.0253423076923 0.065067890226	26
88.5 76.5 -0.0216305970149 0.111991151287	134
90 76.5 0.00774047619048 0.171979211463	42
91.5 76.5 0.0765547393365 0.0887457699934	211
93 76.5 0.0308410714286 0.108913826281	56
96 76.5 -0.12835 0.123460843995	2
99 76.5 -0.01365 0.32512769799	2
111 76.5 -0.20295 NaN	1
112.5 76.5 -0.114359677419 0.0716419818953	31
114 76.5 -0.127005223881 0.0450335271857	67
115.5 76.5 0.0114146551724 0.0402574740656	116
121.5 76.5 -0.0199190909091 0.0510793350718	55
123 76.5 0.00301408668731 0.0596738777657	323
124.5 76.5 -0.0385373469388 0.0605928129285	245
126 76.5 -0.0396153846154 0.113569962842	104
127.5 76.5 -0.0233006666667 0.0768484844376	75
129 76.5 -0.0694905405405 0.103401073118	37
130.5 76.5 -0.0417239130435 0.140654428936	23
133.5 76.5 0.215113636364 0.0434424279415	11
136.5 76.5 0 0.198484873479	2
138 76.5 -0.0843135036496 0.0548101883454	137
139.5 76.5 -0.0591995575221 0.101459442217	113
141 76.5 -0.07940625 0.127395776847	16
157.5 76.5 -0.0455436585366 0.0701058800699	205
159 76.5 -0.0384113207547 0.081782025701	106
160.5 76.5 -0.0174255555556 0.160397428504	45
162 76.5 -0.0599528985507 0.114103250419	69
163.5 76.5 -0.05965 0.145312220337	30
165 76.5 0.26345 NaN	1
166.5 76.5 0.18657 0.0961337996158	15
168 76.5 0.25539 0.0912114192412	5
169.5 76.5 0.10055 0.179737590472	15
171 76.5 0.00744285714286 0.194733456745	14
172.5 76.5 -0.07988 0.150079075823	10
174 76.5 0.0687961538462 0.194739670738	13
175.5 76.5 0.0658045454545 0.157526386988	22
177 76.5 -0.0457535714286 0.195814209907	28
178.5 76.5 0.0186362745098 0.15582138495	51
-180 76 -0.046721875 0.0718313576198	96
-178.5 76 -0.0201618541033 0.0883217390265	329
-177 76 0.00512027027027 0.0684165617134	592
-175.5 76 -0.0282012096774 0.109265799673	248
-174 76 -0.0340058139535 0.0810361652765	344
-172.5 76 0.0199135897436 0.0877957086136	195
-171 76 -0.0371095652174 0.0817473553371	230
-169.5 76 -0.04470375 0.104537444014	80
-168 76 0.0153653846154 0.0661240443994	273
-166.5 76 -0.0324099483204 0.0747860850776	387
-165 76 -0.00149931506849 0.0885786066229	146
-163.5 76 0.0307705882353 0.125005059669	68
-162 76 0.0287698198198 0.151554432957	111
-160.5 76 -0.0421723529412 0.121794543408	85
-159 76 0.067969924812 0.0768060518547	266
-157.5 76 -0.0081375 0.119940943122	24
-150 76 0.00521363636364 0.153991683365	11
-148.5 76 0.0606590909091 0.17911746679	11
-147 76 0.221280208333 0.0484176808066	96
-145.5 76 0.152625294118 0.0687119434165	85
-144 76 0.173477586207 0.069202352853	29
-142.5 76 0.0518325 0.142412949367	40
-141 76 0.168162048193 0.0920079371544	249
-139.5 76 0.103063043478 0.298202498763	69
-138 76 0.0423003225806 0.16322542152	155
-136.5 76 -0.00878090128755 0.100413999005	233
-135 76 0.00502884615385 0.104327922562	52
-133.5 76 0.0477433333333 0.11272078948	15
-132 76 0.12301 0.0309559848818	5
-129 76 -0.0665785714286 0.195468912399	7
-127.5 76 0.03785 NaN	1
-126 76 -0.171775 0.102318599645	4
-120 76 0.0942714285714 0.304614238211	14
-117 76 -0.08865 NaN	1
-105 76 0.131292857143 0.107897078384	7
-103.5 76 -0.104901351351 0.0985762046496	37
-97.5 76 -0.123257407407 0.13156883231	27
-96 76 0.0859044169611 0.132514873539	283
-94.5 76 0.0349309322034 0.157239408522	236
-93 76 -0.0119668539326 0.285887055828	89
-90 76 0.325183333333 0.101940881561	3
-88.5 76 -0.113615730337 0.110874309174	178
-87 76 -0.17930177305 0.089295443495	141
-85.5 76 -0.04605 0.227546962186	2
-84 76 -0.08853 0.0960115982577	5
-82.5 76 -0.008825 0.184930406522	40
-61.5 76 -0.03205 0.106793289427	7
-60 76 0.256839655172 0.176716320988	29
-16.5 76 -0.103832075472 0.114408426758	212
-15 76 0.0067028189911 0.0870294750259	337
-13.5 76 -0.017193768997 0.102887327222	329
-10.5 76 0.06665 0.14396694065	2
-9 76 0.15735 0.0483661038332	2
-7.5 76 0.0159984848485 0.151693760421	33
-6 76 0.0209993150685 0.121337385605	73
-4.5 76 0.0821 0.132158257404	2
67.5 76 0.17355 0.124579768288	16
87 76 0.09925 0.0206475180106	2
91.5 76 0.0785833333333 0.0292476209859	3
93 76 0.152471153846 0.0504679821082	104
112.5 76 0.0528833333333 0.0394054141796	6
114 76 -0.199873214286 0.0506475126952	56
120 76 0.0433251269036 0.048550949891	197
121.5 76 0.061452259887 0.047727050595	177
124.5 76 0.0259909090909 0.256196913961	22
126 76 0.004105 0.0873952308636	140
127.5 76 -0.0055058988764 0.0817523908013	356
129 76 -0.0337761904762 0.111319186615	126
135 76 -0.08377 0.0697534736835	45
138 76 -0.105345 0.200364201223	20
139.5 76 0.0968961538462 0.123095787843	26
141 76 -0.158665384615 0.138795382322	26
159 76 -0.120297727273 0.105332356584	44
160.5 76 -0.0517557142857 0.0689093690499	35
162 76 -0.0520028301887 0.0613945587903	106
163.5 76 -0.0297835260116 0.0904113308894	173
165 76 -0.0317649253731 0.0944658303684	67
166.5 76 -0.0243136363636 0.152821152153	11
168 76 0.10589 0.0824471527707	5
169.5 76 0.06825 0.118687853914	4
171 76 -0.1926 0.0511238202798	2
172.5 76 0.08603 0.198487246442	5
174 76 0.10305 0.274957233038	3
175.5 76 -0.0123833333333 0.145799897119	9
177 76 -0.00861388888889 0.118957541412	36
178.5 76 0.0264033333333 0.150261186257	15
-180 75.5 -0.0567403846154 0.13721831076	52
-178.5 75.5 -0.0510916666667 0.130366667752	108
-177 75.5 -0.0572757281553 0.108224230496	206
-175.5 75.5 -0.0265617886179 0.0915328782663	492
-174 75.5 -0.0529793333333 0.126114196438	150
-172.5 75.5 -0.06015 0.0707425298854	160
-171 75.5 -0.0122721212121 0.0676747399036	330
-169.5 75.5 -0.0447825 0.11930014141	80
-168 75.5 -0.00773484848485 0.087084734772	231
-166.5 75.5 0.0154810679612 0.116722333039	206
-165 75.5 -0.01871 0.164822828786	10
-163.5 75.5 0.0541136363636 0.191510686295	66
-162 75.5 0.0109409090909 0.176361916602	22
-160.5 75.5 0.0584440540541 0.0845040982882	185
-157.5 75.5 0.0388110526316 0.106131290927	95
-154.5 75.5 0.0474474576271 0.0601803932944	118
-150 75.5 0.119416666667 0.151748882478	3
-148.5 75.5 -0.19595 0.132930508161	3
-147 75.5 0.0743214285714 0.174133005878	14
-141 75.5 -0.0246681818182 0.120836739597	11
-139.5 75.5 0.0864183333333 0.163312709804	60
-138 75.5 0.0122449820789 0.0779836256788	279
-136.5 75.5 0.023049734748 0.0580711565982	377
-135 75.5 -0.061071875 0.103394785827	64
-133.5 75.5 -0.0181642857143 0.164846207381	14
-130.5 75.5 0.11405 0.0435577777211	2
-129 75.5 -0.0609681818182 0.135796301998	11
-121.5 75.5 -0.09829 0.131507900903	5
-118.5 75.5 -0.0326409090909 0.100532445168	66
-117 75.5 -0.28805 NaN	1
-105 75.5 -0.0239458333333 0.0816933687861	24
-103.5 75.5 0.0366161016949 0.0889696935054	118
-102 75.5 -0.09835 0.163684305906	6
-96 75.5 0.0932753968254 0.0610090156433	63
-94.5 75.5 -0.0125301204819 0.169948093402	166
-93 75.5 -0.0742230392157 0.0687056067766	204
-88.5 75.5 0.00491363636364 0.161592612905	11
-87 75.5 0.11185 0.0369109739779	2
-60 75.5 0.106369553073 0.116148085968	179
-58.5 75.5 0.140902272727 0.153670840448	44
-18 75.5 0.1821625 0.105260315165	152
-16.5 75.5 -0.109492424242 0.0767304988359	495
-15 75.5 0.0101905594406 0.074962267438	572
-13.5 75.5 0.0462295454545 0.100007503329	176
-12 75.5 0.144687931034 0.143231339881	29
-10.5 75.5 0.0301590909091 0.108670257702	11
-9 75.5 0.0246770833333 0.0835801997191	96
-7.5 75.5 0.0604966666667 0.111605925079	105
-6 75.5 0.00726617647059 0.130071689315	68
63 75.5 -0.0143666666667 0.0884726956681	12
66 75.5 0.10919057971 0.100907720393	69
114 75.5 0.0518166666667 0.124699859663	9
118.5 75.5 -0.0147388888889 0.149885401594	9
120 75.5 -0.0111558139535 0.0371002120008	86
121.5 75.5 -0.0626833333333 0.109539521026	6
124.5 75.5 0.0245842857143 0.166235093879	35
126 75.5 -0.106411538462 0.0950374184068	13
127.5 75.5 -0.113228947368 0.112303777412	19
129 75.5 0.0148578651685 0.0916980212247	89
130.5 75.5 0.0341227272727 0.0744667958729	143
132 75.5 -0.08865 0.0933380951166	2
133.5 75.5 0.00249423076923 0.0413289616757	104
135 75.5 -0.0253980122324 0.0529470257369	327
136.5 75.5 -0.00477142857143 0.127906326711	28
142.5 75.5 -0.261516666667 0.024473318805	3
160.5 75.5 -0.0554547619048 0.0848532718117	126
162 75.5 -0.0224456043956 0.0443920193015	273
163.5 75.5 -0.0297178571429 0.0868859663628	28
165 75.5 -0.00429117647059 0.157328676895	17
166.5 75.5 -0.0493196969697 0.148890728566	33
168 75.5 -0.190964285714 0.152266799058	7
169.5 75.5 -0.0322777777778 0.171356868091	18
171 75.5 -0.20145 0.050628845533	2
172.5 75.5 -0.00265 0.166398828121	3
174 75.5 -0.1419375 0.110278264113	8
175.5 75.5 0.0312 0.0805626402249	6
177 75.5 -0.0323944444444 0.201424484057	9
178.5 75.5 0.09265 0.0616868705642	3
-180 75 -0.0481535714286 0.126395275	28
-178.5 75 -0.053959375 0.136040526124	32
-177 75 0.0741152173913 0.14109462205	23
-175.5 75 -0.0332145833333 0.170055455898	48
-174 75 0.0636649377593 0.127494933334	241
-172.5 75 0.00710614035088 0.09015360366	228
-171 75 -0.00343167539267 0.0772095026148	191
-169.5 75 -0.015835483871 0.113600610202	62
-168 75 0.0102251173709 0.0598622900057	213
-166.5 75 0.043625 0.109164403699	44
-165 75 0.0320319672131 0.0623856166869	61
-163.5 75 -0.0122737704918 0.0421268843967	122
-162 75 0.0265923076923 0.151574283236	26
-159 75 0.0710394957983 0.0847442223549	238
-157.5 75 0.07055 0.0664249651863	6
-154.5 75 0.0888414285714 0.0390224223371	105
-153 75 0.0536203448276 0.0495846234064	145
-151.5 75 -0.0910804347826 0.0855608950333	23
-150 75 -0.21885 0.116248354827	2
-148.5 75 -0.1055625 0.170042880621	8
-147 75 -0.0662928571429 0.13780327593	7
-145.5 75 -0.06135 0.222597214718	2
-144 75 -0.252016666667 0.0287230453353	3
-142.5 75 -0.0131 0.216134749635	4
-141 75 0.0258044554455 0.070265454563	101
-139.5 75 0.0160331460674 0.0796847844024	267
-138 75 0.0506909448819 0.107902799701	127
-136.5 75 0.00310625 0.101039215681	160
-135 75 -0.0298680555556 0.122853922563	72
-133.5 75 -0.0281928571429 0.17564476325	7
-132 75 0.13625 NaN	1
-127.5 75 -0.0105 0.0646417048043	4
-126 75 0.06765 NaN	1
-124.5 75 0.216083333333 0.431853497535	3
-115.5 75 -0.06865 0.180301784055	4
-114 75 0.0339090909091 0.169356796253	22
-112.5 75 -0.0950138297872 0.156734691958	47
-108 75 -0.02537 0.148134801973	10
-106.5 75 -0.0550961538462 0.0595955688766	104
-105 75 -0.04708125 0.392952763014	96
-103.5 75 -0.0664297029703 0.074845399091	202
-102 75 -0.0278014204545 0.0908015135874	352
-100.5 75 -0.0374013274336 0.113601807797	113
-99 75 -0.0448954545455 0.0916663882089	11
-97.5 75 -0.0697 0.100621294963	2
-96 75 -0.26715 NaN	1
-93 75 0.00471071428571 0.0586914324817	56
-19.5 75 -0.0253596774194 0.116938423554	31
-16.5 75 -0.0458389908257 0.0808127572202	109
-15 75 -0.0431928571429 0.208191705383	7
-13.5 75 0.134463333333 0.135676219863	45
-12 75 0.171516666667 0.0742996553685	12
-9 75 -0.020652173913 0.140156887474	46
-7.5 75 0.0234275757576 0.0887990938425	165
61.5 75 0.21205 NaN	1
63 75 0.09615 0.0918647608483	8
66 75 0.05372125 0.0953065157677	80
115.5 75 0.104662790698 0.0766367670884	86
117 75 -0.0619394117647 0.0584002918521	170
118.5 75 -0.0335863636364 0.0444807319113	33
121.5 75 0.0412815789474 0.1214878963	19
123 75 -0.0568203703704 0.0931556693292	54
124.5 75 0.0350807692308 0.205952103593	13
129 75 -0.000790727272727 0.041106529924	275
130.5 75 0.0392767326733 0.0656132455246	202
132 75 0.00986747572816 0.15050443836	103
133.5 75 0.0227548543689 0.0759271753498	103
135 75 -0.0416816143498 0.0660015829609	446
136.5 75 -0.0308991525424 0.1222142061	177
138 75 0.027125 0.0662968809868	8
141 75 0.0468067164179 0.115537815171	67
142.5 75 -0.267583333333 0.0231940365899	3
144 75 -0.0770304054054 0.0749824193987	148
147 75 -0.0665691176471 0.0963405515236	68
157.5 75 0.00690816326531 0.0465705736999	98
159 75 -0.0170717213115 0.0453229479243	244
160.5 75 -0.0513964285714 0.105944908435	56
163.5 75 -0.00233333333333 0.0614713803819	12
165 75 -0.0723 0.0881004918639	4
166.5 75 -0.0328428571429 0.141786516437	28
168 75 0.0135719512195 0.161432914104	41
169.5 75 -0.00685 0.0852606568351	102
171 75 -0.0561388888889 0.140989631218	9
172.5 75 -0.10197 0.250069904227	5
174 75 -0.03206 0.185400187078	20
175.5 75 -0.0353833333333 0.13896590709	3
177 75 -0.03963 0.222795460756	10
178.5 75 -0.0592928571429 0.136908137165	14
-180 74.5 -0.0265217391304 0.129678790259	92
-178.5 74.5 -0.015782173913 0.123689597024	115
-177 74.5 0.00300862068966 0.179848181049	29
-175.5 74.5 -0.01312 0.160690109286	10
-174 74.5 -0.0068953125 0.157619912457	64
-172.5 74.5 0.0402882352941 0.0874878641818	136
-171 74.5 0.00301375 0.0901643458703	240
-169.5 74.5 -0.139696666667 0.110574964014	15
-168 74.5 0.0836558823529 0.0975264353303	17
-166.5 74.5 0.0287233333333 0.101176244088	30
-163.5 74.5 0.0157477272727 0.0422203142729	88
-159 74.5 0.2899 0.0577717161808	22
-153 74.5 0.0141236842105 0.0794688707487	266
-151.5 74.5 -0.01855 0.096173970471	209
-150 74.5 0.046675 0.293370611741	4
-147 74.5 -0.0410333333333 0.145388997451	24
-145.5 74.5 -0.0503792682927 0.128185574937	41
-144 74.5 0.11955 0.118809784951	5
-142.5 74.5 0.110936486486 0.0931051173023	37
-141 74.5 0.0664102076125 0.100497685718	289
-139.5 74.5 0.0840985106383 0.0680245646612	235
-138 74.5 0.07201 0.085076940064	350
-136.5 74.5 0.0822390804598 0.0878671760757	174
-135 74.5 -0.0150666666667 0.0925485039032	30
-133.5 74.5 -0.0877557142857 0.112788560493	35
-132 74.5 -0.0902166666667 0.0829012866808	3
-126 74.5 -0.0443229166667 0.0572335035773	48
-124.5 74.5 -0.00797327586207 0.291642578557	116
-123 74.5 -0.158344949495 0.0902333769798	99
-118.5 74.5 -0.0521083333333 0.105189106404	12
-117 74.5 -0.00739142857143 0.0682743671269	140
-115.5 74.5 0.06553125 0.111707231749	16
-114 74.5 0.0448269230769 0.106774945779	26
-109.5 74.5 -0.0422459183673 0.0611130917479	49
-108 74.5 0.04068 0.237300597227	10
-106.5 74.5 -0.00956866666667 0.056682636318	150
-105 74.5 -0.0291032258065 0.0707316024107	62
-103.5 74.5 -0.108233687943 0.0442398473004	141
-102 74.5 -0.042245890411 0.0635678833265	292
-100.5 74.5 0.012352293578 0.0730623308434	218
-99 74.5 -0.097226534296 0.0792474943021	277
-97.5 74.5 -0.0114445454545 0.120676256443	110
-96 74.5 0.0227166666667 0.227767255109	9
-94.5 74.5 0.0499395238095 0.147458946649	105
-93 74.5 -0.0734146017699 0.0673020628536	113
-91.5 74.5 -0.190439411765 0.0629154232426	85
-88.5 74.5 -0.0638755319149 0.128324346987	47
-15 74.5 0.105534552846 0.0947306016585	123
-13.5 74.5 0.0100078313253 0.100646080418	332
-12 74.5 0.119760791367 0.162871899824	139
64.5 74.5 0.0902071428571 0.111408339589	56
115.5 74.5 0.0894890977444 0.0820379169861	133
117 74.5 -0.136013636364 0.136750343859	11
127.5 74.5 -0.00785 0.00820243866176	2
130.5 74.5 0.0104068627451 0.0805288774413	51
132 74.5 -0.108824358974 0.0696788951183	78
135 74.5 -0.0453236842105 0.108674635915	19
136.5 74.5 -0.0487016129032 0.143684979199	31
138 74.5 -0.10091 0.106035687913	10
139.5 74.5 0.11833 0.163934834935	20
141 74.5 -0.17326862069 0.167623845586	145
142.5 74.5 -0.17885 0.101605444877	29
144 74.5 -0.0262762626263 0.0595231569251	198
145.5 74.5 -0.0414954545455 0.0794452655383	22
147 74.5 -0.0216764367816 0.0737879275116	87
148.5 74.5 -0.0380817857143 0.0687282943802	280
150 74.5 0.0537852941176 0.181155771855	17
156 74.5 0.125463157895 0.0610390723872	76
157.5 74.5 -0.00407413793103 0.06178627086	58
159 74.5 -0.0201164788732 0.0705019675788	355
165 74.5 -0.051452173913 0.127854736129	46
166.5 74.5 -0.081774 0.125089239079	25
168 74.5 0.0108 0.139652198932	4
169.5 74.5 -0.040575 0.110886180604	52
171 74.5 0.01735 0.141562777594	2
172.5 74.5 0.0879815789474 0.112730701983	19
174 74.5 -0.112372222222 0.152621672023	18
175.5 74.5 0.0521785714286 0.200950571985	7
177 74.5 0.0191071428571 0.156164598418	28
178.5 74.5 -0.000367054263566 0.131525177678	129
-180 74 0.0061948 0.0813929035664	125
-178.5 74 0.0271773109244 0.0815850355601	238
-177 74 0.0550121212121 0.109600854524	66
-175.5 74 0.0109804568528 0.0582669812884	197
-172.5 74 0.00487363636364 0.130915313259	55
-171 74 -0.066025 0.200457549538	4
-169.5 74 0.0002875 0.135352011508	40
-168 74 0.00367816901408 0.0996617696914	71
-153 74 0.04135 0.11659210951	3
-151.5 74 -0.00189761904762 0.108294656466	21
-150 74 -0.13275 0.0414841536011	5
-147 74 -0.129464285714 0.111342076931	7
-145.5 74 -0.12243 0.132398233412	20
-144 74 -0.00585 0.0823825102798	31
-142.5 74 -0.24335 NaN	1
-141 74 0.156799056604 0.207556944571	53
-139.5 74 0.124273809524 0.182094980322	42
-138 74 0.185512146893 0.0558896112714	354
-136.5 74 -0.0443782894737 0.0791287745971	152
-135 74 0.0965833333333 0.186422888437	3
-133.5 74 -0.03691875 0.130301280212	16
-130.5 74 -0.18735 NaN	1
-126 74 0.0101835106383 0.0920912840227	188
-124.5 74 -0.121473902439 0.141457123568	205
-117 74 -0.0757355263158 0.0840525561046	76
-106.5 74 0.04825 NaN	1
-105 74 0.07701 0.210025362754	5
-102 74 0.389868181818 0.823598259855	11
-100.5 74 -0.02035 0.0930552524041	2
-97.5 74 -0.0399860655738 0.105978666264	183
-96 74 -0.0456579365079 0.107103556102	252
-94.5 74 0.156395454545 0.176509327593	11
-91.5 74 -0.0253954545455 0.0657855662533	11
-90 74 -0.0048914893617 0.0963402353289	188
-88.5 74 0.0938884615385 0.112193582973	52
-85.5 74 0.022325 0.121704762301	4
-15 74 0.0504865384615 0.120759524496	52
-13.5 74 -0.0440809917355 0.0894534487427	242
63 74 0.06269 0.0995071767373	10
127.5 74 -0.0728854166667 0.0391058056831	48
129 74 -0.0989576923077 0.0517643774157	13
130.5 74 -0.07185 NaN	1
132 74 -0.00311753926702 0.0796382648088	382
133.5 74 0.0101207482993 0.0754471766685	147
135 74 -0.02288 0.0819643432929	50
136.5 74 0.0151733576642 0.0505250247588	137
138 74 -0.0168167647059 0.0575259642403	340
139.5 74 0.00693490566038 0.109623703213	53
141 74 0.00279444444444 0.0938115120881	90
145.5 74 -0.105067647059 0.161399141243	17
147 74 -0.0487277777778 0.168796579822	18
148.5 74 0.0156224867725 0.104018874027	189
150 74 0.0653177083333 0.140791410096	96
151.5 74 -0.08555 NaN	1
156 74 0.285283333333 0.123900376647	3
157.5 74 0.104419230769 0.099015653079	39
159 74 0.18935 NaN	1
163.5 74 -0.05023 0.173109797527	5
165 74 0.0167543478261 0.0752241346563	23
166.5 74 -0.0623907407407 0.118239536077	27
168 74 0.0217467741935 0.0496233243806	31
169.5 74 -0.0148325174825 0.10398032812	143
171 74 0.0216555555556 0.0821650775467	36
172.5 74 -0.0458942105263 0.151223343855	95
174 74 -0.09585 0.190737238854	8
175.5 74 0.0201055555556 0.038287891224	18
177 74 -0.01932 0.079700495607	10
178.5 74 0.0300352272727 0.140063403163	88
-180 73.5 0.00736351351351 0.0627002770838	74
-178.5 73.5 0.0216735294118 0.145939844326	17
-177 73.5 0.0522118181818 0.110960609576	110
-175.5 73.5 -0.0598520408163 0.13425155103	49
-174 73.5 0.18445 NaN	1
-172.5 73.5 -0.04396 0.116844811134	10
-171 73.5 -0.0755166666667 0.0879748752012	6
-169.5 73.5 0.0189 0.172887608	2
-168 73.5 -0.00665285714286 0.131801828707	35
-166.5 73.5 0.116975 0.0642798763222	4
-153 73.5 -0.0156928571429 0.147335507832	14
-151.5 73.5 -0.0840357142857 0.146974798617	7
-150 73.5 -0.02425 0.293025050124	2
-147 73.5 0.0114205570292 0.0440216866038	377
-142.5 73.5 -0.0819166666667 0.148394968468	6
-141 73.5 0.0557409090909 0.0831144566793	11
-139.5 73.5 0.122818627451 0.1430826548	204
-138 73.5 0.00946 0.111002973393	50
-136.5 73.5 -0.00766489361702 0.12535501235	47
-135 73.5 0.06883 0.146784557165	10
-132 73.5 -0.03665 0.155024739961	9
-130.5 73.5 -0.0505 0.197636345342	2
-129 73.5 -0.109683333333 0.110537610492	3
-127.5 73.5 0.01322 0.0418061169465	100
-126 73.5 -0.002718 0.0601308095528	175
-124.5 73.5 -0.0793301282051 0.067749937193	156
-115.5 73.5 0.296916666667 0.224021033239	3
-112.5 73.5 0.08735 NaN	1
-111 73.5 -0.0369409090909 0.0690383003056	11
-109.5 73.5 0.0121944444444 0.127823150398	9
-108 73.5 -0.0121833333333 0.133995456164	45
-105 73.5 0.04315 NaN	1
-103.5 73.5 -0.0504166666667 0.1701904541	6
-102 73.5 -0.059428125 0.105572713772	32
-100.5 73.5 -0.128127777778 0.111797514208	18
-97.5 73.5 -0.0898344155844 0.100978623409	77
-96 73.5 -0.139671527778 0.114488815934	144
-91.5 73.5 1.03321666667 0.566305062076	3
-90 73.5 -0.127891666667 0.0943165136492	192
-88.5 73.5 0.0766928571429 0.126752639782	77
-84 73.5 -0.0625055555556 0.0861719073136	54
-21 73.5 0.0333727272727 0.0553339122042	22
-15 73.5 -0.0422696428571 0.0820652454833	56
130.5 73.5 -0.0141234177215 0.0675213449787	158
132 73.5 -0.0505963302752 0.0456404512787	218
135 73.5 0.0180176470588 0.0965703948825	136
136.5 73.5 -0.0445954545455 0.13411977754	11
138 73.5 0.0479326815642 0.0718374973796	358
139.5 73.5 -0.0205716981132 0.0992187597514	106
141 73.5 0.20725 0.126605153924	9
145.5 73.5 -0.0222933628319 0.0493024265487	113
147 73.5 -0.0872645454545 0.0629668227144	165
148.5 73.5 -0.054958 0.100100744844	50
150 73.5 0.0711727436823 0.0465296861261	277
151.5 73.5 0.041875 0.0790300546973	56
165 73.5 -0.23515 NaN	1
166.5 73.5 -0.178616666667 0.0947789181904	3
169.5 73.5 -0.03125 0.0537247615165	5
171 73.5 -0.0148565217391 0.120190573493	46
172.5 73.5 -0.0175015151515 0.0704621103691	66
175.5 73.5 -0.00803362573099 0.0932959098199	171
177 73.5 0.055575 0.137923562768	4
178.5 73.5 -0.00328977272727 0.112362834429	88
-180 73 -0.0395714285714 0.118714720613	14
-178.5 73 -0.05545 0.0650538238692	2
-174 73 0.0571666666667 0.15484306141	6
-154.5 73 0.00172647058824 0.144527599135	17
-151.5 73 -0.0100788888889 0.0619251509856	90
-150 73 0.0124214285714 0.119033800722	7
-148.5 73 -0.0168047619048 0.10824517384	42
-147 73 0.03116375 0.0345246884467	80
-142.5 73 0.0131868421053 0.0413097649926	114
-141 73 0.0222286516854 0.0550803346426	267
-139.5 73 0.03009675 0.0591160134571	400
-138 73 -0.01885625 0.150415036787	16
-136.5 73 -0.07765 0.126467868119	13
-135 73 -0.0196833333333 0.108871621647	9
-130.5 73 -0.0113833333333 0.0930966093189	6
-126 73 -0.0560482758621 0.0905956458645	58
-124.5 73 -0.015775 0.0945393887722	52
-112.5 73 0.0160833333333 0.116645508558	6
-111 73 0.00483344370861 0.126995408017	151
-109.5 73 -0.026541588785 0.151272168263	107
-108 73 -0.108416666667 0.0988523263471	12
-105 73 -0.0693 0.224930667095	2
-103.5 73 -0.123839285714 0.105958970925	56
-102 73 -0.0050775862069 0.127234880933	29
-91.5 73 0.0182214285714 0.150017024142	56
-90 73 0.0127061403509 0.109670574934	57
-73.5 73 0.117801515152 0.0451508181796	66
-21 73 0.0980663043478 0.122088525149	92
-19.5 73 0.00422352941176 0.0542189070725	34
-18 73 0.14095 NaN	1
76.5 73 -0.165962 0.0490203301362	25
78 73 -0.226406097561 0.0460600771839	205
129 73 0.4661 0.570160681738	6
130.5 73 0.0480111570248 0.0538057955075	242
135 73 0.0451 0.170716538937	4
136.5 73 -0.14433 0.178917556433	5
138 73 -0.03033 0.15631761577	5
139.5 73 -0.00679520547945 0.0907682121932	73
141 73 -0.0161465517241 0.134457283399	29
142.5 73 -0.0816928571429 0.0532558872221	7
144 73 -0.155634615385 0.0972468838074	13
145.5 73 -0.03335 0.0402530787	30
147 73 0.05305 0.145946839637	2
150 73 -0.0408337209302 0.105581771357	43
175.5 73 -0.02822 0.0455560472873	10
177 73 -0.0401122641509 0.106713382644	159
178.5 73 -0.00835 0.12253765655	111
-180 72.5 0.00963039215686 0.138991785397	51
-142.5 72.5 0.0430619047619 0.0379073401888	42
-139.5 72.5 0.0451987119438 0.0694740243752	427
-138 72.5 -0.18125 0.117386413183	3
-136.5 72.5 -0.02432 0.0966478378214	10
-135 72.5 -0.10785 NaN	1
-132 72.5 -0.0506214285714 0.174536650538	7
-129 72.5 0.0278714285714 0.103994439042	14
-127.5 72.5 -0.05645 NaN	1
-126 72.5 -0.01061 0.125712303271	130
-118.5 72.5 -0.032075 0.18774552458	16
-108 72.5 0.09445 NaN	1
-105 72.5 -0.19785 0.00622253967444	2
-103.5 72.5 -0.146309183673 0.0795113642778	49
-102 72.5 -0.0791579545455 0.108194904188	88
-96 72.5 -0.084728 0.0903038776712	50
-93 72.5 0.00081170212766 0.0787227124654	47
-91.5 72.5 -0.0213277777778 0.0670715808969	72
-90 72.5 -0.0863977777778 0.0630988776904	90
-73.5 72.5 0.00257815533981 0.0900220347944	103
-66 72.5 0.167638695652 0.0530752804741	115
-21 72.5 -0.115178571429 0.0800165600992	14
78 72.5 -0.223073809524 0.045607251293	42
135 72.5 0.00355 0.0507582013078	5
136.5 72.5 -0.00993679245283 0.141888013856	53
138 72.5 -0.11595 0.0585152182704	14
150 72.5 0.0398530612245 0.0432096053041	98
151.5 72.5 0.0574788617886 0.0520334564696	246
177 72.5 0.00775526315789 0.116477792681	38
178.5 72.5 -0.0193670212766 0.11391477806	47
-180 72 -0.098775 0.176947770744	8
-141 72 -0.0122516949153 0.0593500033958	118
-139.5 72 0.0116039823009 0.044547707243	113
-138 72 -0.00591923076923 0.17741224772	13
-136.5 72 -0.0467108695652 0.162007754414	23
-133.5 72 -0.0286016129032 0.0717178725794	31
-132 72 -0.0706566666667 0.063933931974	75
-130.5 72 -0.0107575 0.0497850436974	80
-129 72 -0.0760745614035 0.10644516337	171
-127.5 72 -0.0859913043478 0.0799289417342	138
-126 72 -0.0492666666667 0.0593880599672	6
-118.5 72 -0.04195 NaN	1
-108 72 -0.0382008928571 0.143139991954	112
-105 72 0.165316666667 0.136123669262	3
-103.5 72 -0.125595454545 0.1493053494	22
-102 72 -0.0995852272727 0.114112303063	88
-100.5 72 0.009125 0.194044949689	4
-96 72 0.206838888889 0.122298369209	9
-93 72 0.103521428571 0.0391229986953	70
-91.5 72 -0.0504855932203 0.0963574515666	236
-90 72 -0.00823888888889 0.491434854392	9
-73.5 72 -0.0404460784314 0.0588387082142	51
-72 72 -0.0416611111111 0.155507014742	18
-70.5 72 -0.0176166666667 0.0880512689569	39
-69 72 -0.05285 0.143230280784	4
-67.5 72 -0.05179 0.0825914200548	10
-66 72 0.103418831169 0.106294062156	154
-64.5 72 0.108674793388 0.10459827064	242
-22.5 72 -0.0761364864865 0.11684141263	74
73.5 72 0.162213636364 0.0331799419146	11
133.5 72 -0.0602023076923 0.0428422728873	65
135 72 0.105340625 0.139191178251	32
136.5 72 0.104978937729 0.069116974627	273
150 72 0.0816158536585 0.0511612196584	205
178.5 72 0.0108026315789 0.132049958427	19
-178.5 71.5 0.00620531914894 0.0778515694978	47
-139.5 71.5 0.02755 NaN	1
-138 71.5 -0.17625 0.0753702527527	5
-135 71.5 -0.107983333333 0.105966120372	6
-132 71.5 -0.102822222222 0.0953954296942	18
-129 71.5 -0.09557 0.0966806961084	5
-127.5 71.5 -0.158415423729 0.0528796640349	295
-103.5 71.5 -0.0947173913043 0.104655199063	46
-102 71.5 -0.0154430232558 0.126755023185	43
-100.5 71.5 0.141783333333 0.170389739519	3
-99 71.5 0.02155 0.112175754956	4
-97.5 71.5 0.0828938596491 0.0561149957638	114
-96 71.5 -0.0487685185185 0.135707918926	27
-93 71.5 0.0766322134387 0.0478935654442	253
-91.5 71.5 0.06705 0.0719109705977	14
-90 71.5 -0.10193 0.0766165749401	10
-70.5 71.5 -0.0923722222222 0.160509040071	9
-67.5 71.5 -0.0188220930233 0.17602245707	43
-66 71.5 0.0120661764706 0.043845061108	340
-64.5 71.5 -0.00251 0.0559006976701	5
-22.5 71.5 0.1423 0.110096525831	2
135 71.5 0.127419230769 0.136540287884	26
177 71.5 0.0597909326425 0.0428069641574	193
178.5 71.5 0.00125754716981 0.0708360345312	53
-130.5 71 -0.118634653465 0.0482457835874	202
-127.5 71 -0.05595 0.0601614343398	12
-105 71 -0.192622727273 0.108196599678	11
-103.5 71 0.041358 0.112101972238	50
-102 71 0.00728333333333 0.124454189315	15
-100.5 71 -0.0460346153846 0.125058791815	13
-99 71 0.00475 0.0688259398773	3
-97.5 71 0.03425 0.107156474373	3
-91.5 71 -0.0132300925926 0.146282696753	216
-90 71 0.0437269230769 0.175109585469	13
-69 71 -0.0970679487179 0.158381924925	39
-67.5 71 0.0370961538462 0.134490697419	13
-66 71 -0.0027303030303 0.103021912859	66
-64.5 71 0.00661451612903 0.109271367242	31
66 71 0.284175 0.0996974213976	4
67.5 71 0.83245 NaN	1
177 71 0.0698271144279 0.101764809112	201
-132 70.5 0.067206 0.0920779519393	25
-130.5 70.5 -0.224034507042 0.0429070112415	71
-103.5 70.5 -0.08515 0.123048140986	5
-102 70.5 0.04305 0.0726070933174	3
-100.5 70.5 0.0118277777778 0.169870755561	18
-99 70.5 -0.02135 0.17345835235	6
-97.5 70.5 -0.0274608695652 0.0881118550561	92
-91.5 70.5 -0.0311867231638 0.0641326205511	177
-90 70.5 0.0453464912281 0.102208308868	228
-88.5 70.5 0.0875828125 0.046002291367	64
-67.5 70.5 -0.013075 0.086050101685	64
-66 70.5 -0.0298142857143 0.14653483776	28
-63 70.5 -0.15675 0.125440742982	2
58.5 70.5 -0.2893 0.0127450644042	4
-144 70 2.40455 NaN	1
-102 70 0.26035 0.620110527782	4
-100.5 70 -0.034977027027 0.0872587615742	37
-99 70 -0.100495121951 0.0750106003249	82
-96 70 -0.055556 0.104110520965	50
-90 70 0.0033024822695 0.127280965125	141
-88.5 70 0.096443 0.0951908611765	100
-78 70 0.108059090909 0.0867304612526	11
-66 70 -0.0211820754717 0.0991031431885	53
-64.5 70 0.0291408163265 0.0994040407471	98
-63 70 0.147209459459 0.0787153361432	37
-102 69.5 -0.171435 0.0885527869632	20
-100.5 69.5 -0.119778205128 0.0823432969596	156
-99 69.5 -0.0204795302013 0.114033942614	149
-96 69.5 -0.056775 0.072230230404	20
-90 69.5 0.0687620689655 0.166633873347	58
-88.5 69.5 -0.019043442623 0.122285651746	61
-87 69.5 2.19525 NaN	1
-78 69.5 0.166677272727 0.133185457847	11
-66 69.5 -0.0705343023256 0.0874829877402	172
-64.5 69.5 0.0430473684211 0.154638440532	38
-63 69.5 0.0545528571429 0.115438731216	105
-102 69 -0.1457 0.0768468737165	36
-100.5 69 -0.172109459459 0.0423527422053	74
-99 69 0.0083 0.183211367005	2
-90 69 -0.0924363636364 0.119913759866	22
-78 69 -0.0836313084112 0.104141048339	107
-75 69 -0.0919681818182 0.0784177966059	44
-67.5 69 -0.0291966666667 0.0974053704858	255
-66 69 -0.000839130434783 0.0941164880551	184
-64.5 69 0.0194281818182 0.132284123176	110
-63 69 -0.0042625 0.139880500549	160
-102 68.5 0.087097826087 0.0392783061749	23
-87 68.5 -0.0196515384615 0.109502667622	65
-78 68.5 -0.0886127906977 0.212450561222	43
-76.5 68.5 0.399160465116 0.210195517963	86
-75 68.5 0.0751564935065 0.161920659858	77
-66 68.5 -0.0908843137255 0.0990226704352	204
-64.5 68.5 0.0178233333333 0.196029367466	45
-63 68.5 -0.0577916666667 0.149093948439	48
-61.5 68.5 0.084056557377 0.155465611277	61
-54 68.5 -0.017225 0.0825177595001	80
-103.5 68 0.118985294118 0.0478695354737	17
-102 68 0.103466666667 0.0385342287923	42
-87 68 -0.00308978494624 0.0985565100973	93
-81 68 -0.0578273809524 0.0864909504819	168
-79.5 68 0.064724025974 0.0896467335561	154
-78 68 0.250058683473 0.157742099849	357
-64.5 68 -0.01795 0.136396884129	3
-63 68 -0.0210944444444 0.128094448661	9
-61.5 68 0.14875 0.114419486205	18
-60 68 -0.12904 0.0497117370359	230
-31.5 68 0.13604375 0.123782839396	96
-87 67.5 -0.0282010869565 0.0926156176688	92
-81 67.5 -0.112244594595 0.0486413858192	37
-79.5 67.5 -0.0548598039216 0.0639036219784	51
-78 67.5 -0.0873597744361 0.153977257114	399
-76.5 67.5 -0.03545 NaN	1
-75 67.5 0.047875 0.0596076267492	4
-73.5 67.5 0.184043975904 0.161187274319	83
-63 67.5 0.16605 0.0474799606852	4
-60 67.5 -0.152421296296 0.0551538986191	108
-33 67.5 0.08847 0.0906424099567	30
-31.5 67.5 0.20939047619 0.0860322034417	42
-81 67 -0.0610217948718 0.086957164133	39
-79.5 67 -0.0951099156118 0.0589030893696	237
-78 67 -0.24326572327 0.0433631523192	159
-76.5 67 -0.1410140625 0.0746974540421	64
-73.5 67 0.0357597902098 0.225141908399	143
72 67 -0.220001401869 0.0516426132446	107
-85.5 66.5 0.0398534482759 0.140376576401	29
-82.5 66.5 0.0761333333333 0.102896966266	6
-81 66.5 -0.0774009615385 0.0798395940356	104
-79.5 66.5 0.0171323529412 0.128809380653	17
70.5 66.5 0.361664285714 0.0755716531638	7
72 66.5 0.36552734375 0.0784886071424	128
-85.5 66 0.04325 0.13656754739	5
-82.5 66 0.0340558823529 0.144734590829	34
-81 66 -0.044036440678 0.138983192308	59
-79.5 66 0.04595 0.124856491371	65
-75 66 0.135001666667 0.0755697174837	60
-66 66 -0.0493 0.206970154853	2
24 66 0.13235 0.044689148571	2
-82.5 65.5 0.0362168539326 0.0609984835617	178
-81 65.5 0.0883671428571 0.1042574542	35
-66 65.5 0.0679317204301 0.0476456780882	93
25.5 65.5 -0.0178018518519 0.0626766567264	54
-82.5 65 0.23797 0.0780262584006	5
-81 65 0.0800572463768 0.0479444111901	69
-66 65 0.146567307692 0.0624457192518	104
24 65 -0.108281313131 0.0623241766017	99
25.5 65 -0.0551791666667 0.0442516855333	72
36 65 -0.08983 0.0597709953763	180
-172.5 64.5 -0.0861125 0.114657681092	16
-64.5 64.5 0.0336555555556 0.0924489656453	126
-63 64.5 0.13975 0.0495667227079	4
21 64.5 -0.236465789474 0.057761110169	19
24 64.5 -0.053105 0.0638160965918	20
34.5 64.5 -0.0445776595745 0.0600114383221	141
36 64.5 -0.0428346153846 0.0388864982171	13
-81 64 0.24355 NaN	1
-79.5 64 0.125783333333 0.0512382994774	3
-64.5 64 0.0377648148148 0.0977705934182	108
-63 64 0.162729775281 0.11984207523	89
-61.5 64 0.0885227272727 0.122879085678	22
-81 63.5 -0.0337676470588 0.0539103913371	17
-64.5 63.5 -0.14305 0.142574794406	6
22.5 63.5 0.42945 0.0988535280099	2
21 63 -0.090285971223 0.161940457839	139
21 61.5 -0.115656451613 0.0835076866413	62
21 61 0.19557 0.120309837503	5
19.5 60.5 0.111183333333 0.243919054684	15
21 60.5 0.00664027777778 0.158338410241	72
28.5 60.5 0.12335 NaN	1
21 60 -0.00279545454545 0.131442475621	44
22.5 60 0.0703625 0.230552966159	56
24 60 -0.07605 NaN	1
