lon, lat, freeboard (m), standard deviation, count
-166.5 88 0.15025 0.0827160625272	6
-165 88 0.164672 0.0688233095203	25
-162 88 0.11265 0.050155391867	4
-160.5 88 0.0777095238095 0.0898413930478	21
-159 88 0.0570952380952 0.106806032022	21
-157.5 88 0.110575 0.0999708127181	68
-156 88 0.0777467391304 0.099709816827	92
-154.5 88 0.109195652174 0.0853678773684	92
-153 88 0.124229310345 0.100723634413	58
-151.5 88 0.077405 0.0763042350691	20
-150 88 0.109487878788 0.0734631785215	33
-148.5 88 0.120811764706 0.0547275511323	17
-147 88 0.0957708333333 0.111291552692	72
-145.5 88 0.1036475 0.102076528718	80
-144 88 0.0814508333333 0.10680662334	120
-142.5 88 0.05772 0.112724153511	80
-141 88 0.109562727273 0.0733632958989	110
-139.5 88 0.136742748092 0.103473647355	131
-138 88 0.09130625 0.101791659085	80
-136.5 88 0.0697111111111 0.0824668222755	72
-135 88 0.1022 0.0935336130366	100
-133.5 88 0.0907304964539 0.10948380829	141
-132 88 0.0885716981132 0.105285743398	106
-130.5 88 0.123921428571 0.112087105847	126
-129 88 0.113094047619 0.0930509904924	84
-127.5 88 0.10925 0.0856660471832	126
-126 88 0.14176971831 0.0894280883013	142
-124.5 88 0.160774137931 0.0940942063741	116
-123 88 0.159276363636 0.0979018277488	110
-121.5 88 0.118548837209 0.0932975288043	86
-120 88 0.129354074074 0.116111217761	135
-118.5 88 0.16494137931 0.107048840943	174
-117 88 0.172990547264 0.0859914760904	201
-115.5 88 0.144168907563 0.109548067577	119
-114 88 0.138052592593 0.086788001122	135
-112.5 88 0.184089017341 0.0887461931425	173
-111 88 0.181909489051 0.125022871956	137
-109.5 88 0.13592 0.112356998002	125
-108 88 0.144462962963 0.0879885209107	135
-106.5 88 0.166882777778 0.0993554618644	180
-105 88 0.161694767442 0.0861095149734	172
-103.5 88 0.143380319149 0.0963941645443	188
-102 88 0.138871779141 0.0900675120647	163
-100.5 88 0.13276369863 0.101223708467	146
-99 88 0.16652625 0.094649982466	160
-97.5 88 0.152639669421 0.10777560599	121
-96 88 0.147279268293 0.101602789969	164
-94.5 88 0.147459307359 0.112962141359	231
-93 88 0.1627432 0.107695735568	250
-91.5 88 0.151487064677 0.110340594669	201
-90 88 0.156901209677 0.114055483509	248
-88.5 88 0.137785294118 0.117969139813	170
-87 88 0.189407344633 0.0915653560818	177
-85.5 88 0.158074829932 0.11734380399	147
-84 88 0.168360451977 0.106960415447	177
-82.5 88 0.158898130841 0.102598011293	214
-81 88 0.161928746177 0.0881565974513	327
-79.5 88 0.142971308017 0.0879730058967	237
-78 88 0.146317894737 0.0821316512904	190
-76.5 88 0.15697244898 0.0989814463636	196
-75 88 0.137666990291 0.0973687738208	103
-73.5 88 0.14611971831 0.099952352391	71
-72 88 0.149832167832 0.102174559691	143
-70.5 88 0.166848888889 0.114447120081	180
-69 88 0.176244295302 0.0906309910471	149
-67.5 88 0.190806626506 0.106334684404	166
-66 88 0.188006578947 0.11364156307	152
-64.5 88 0.185710666667 0.0971511975607	150
-63 88 0.189411111111 0.12192272217	99
-61.5 88 0.216523170732 0.107929570427	82
-60 88 0.111348148148 0.125029271653	54
-58.5 88 0.127775925926 0.121782692229	54
-57 88 0.115947945205 0.133500599364	73
-55.5 88 0.168460869565 0.112010257169	69
-54 88 0.155188505747 0.122504566052	87
-52.5 88 0.206305102041 0.0809277957072	98
-51 88 0.188640963855 0.076230502563	83
-49.5 88 0.168183333333 0.0702988951099	78
-48 88 0.181732222222 0.0864219903192	90
-46.5 88 0.163526744186 0.0978799582014	86
-45 88 0.16074893617 0.0854478873377	94
-43.5 88 0.155427604167 0.0758326064951	192
-42 88 0.110133333333 0.0877962548656	153
-40.5 88 0.104642857143 0.116662892856	154
-39 88 0.139743283582 0.0855377330022	201
-37.5 88 0.0949956521739 0.0918674607147	253
-36 88 0.122230103806 0.0773454019879	289
-34.5 88 0.121145692884 0.0853503285348	267
-33 88 0.111268333333 0.0938585158704	240
-31.5 88 0.0998644970414 0.0787270734177	338
-30 88 0.116308496732 0.0785257718561	306
-28.5 88 0.110682565789 0.0765940285309	304
-27 88 0.097567752443 0.0854737338921	307
-25.5 88 0.108282758621 0.0695178432056	232
-24 88 0.0973612745098 0.0691942117254	204
-22.5 88 0.0917313901345 0.0682889423029	223
-21 88 0.0848399317406 0.0699947572107	293
-19.5 88 0.0871449122807 0.0817163826973	285
-18 88 0.0974675925926 0.0660420184691	324
-16.5 88 0.0952740740741 0.0689274528363	351
-15 88 0.0942597260274 0.0780524963869	365
-13.5 88 0.0988093655589 0.080638440359	331
-12 88 0.11372749004 0.0709447283544	251
-10.5 88 0.0819105072464 0.0854826493725	276
-9 88 0.0938610972569 0.0817177354238	401
-7.5 88 0.0895356466877 0.0865371568543	317
-6 88 0.101930601093 0.0741721052552	366
-4.5 88 0.123305945946 0.0761229921735	370
-3 88 0.118150485437 0.0792270461745	309
-1.5 88 0.115060617761 0.0706273449443	259
0 88 0.106401345291 0.0816542559865	223
1.5 88 0.121878832117 0.0820283473515	137
3 88 0.112515625 0.0783496076173	128
4.5 88 0.101423076923 0.0965075414301	65
6 88 0.134034782609 0.0775959592377	69
7.5 88 0.131232786885 0.0870629862443	61
9 88 0.121398550725 0.0852905871862	69
10.5 88 0.126272477064 0.0688249145666	109
12 88 0.165833333333 0.0794853613357	51
13.5 88 0.1372625 0.0554092756976	16
15 88 0.1316625 0.0565803602557	16
16.5 88 0.141442105263 0.0560395526569	19
18 88 0.119745714286 0.0691996019321	35
19.5 88 0.1347 0.106353252696	40
21 88 0.124707142857 0.114305090509	70
22.5 88 0.142242307692 0.121894004966	78
24 88 0.142676923077 0.0870410400108	26
25.5 88 0.151356666667 0.107045945096	60
27 88 0.141862184874 0.105730894409	119
28.5 88 0.169059090909 0.090974400354	132
30 88 0.166640932642 0.0999263871409	193
31.5 88 0.15549704142 0.0902211010492	169
33 88 0.14334852071 0.0944359824145	169
34.5 88 0.116713333333 0.112489401448	90
36 88 0.159437254902 0.104871688618	102
37.5 88 0.13221 0.104297382227	100
39 88 0.125237333333 0.116426077665	75
40.5 88 0.10974875 0.107925758582	80
42 88 0.128476470588 0.107763009587	51
43.5 88 0.0598952380952 0.10845829805	42
45 88 0.120422222222 0.114315325236	72
46.5 88 0.136852702703 0.119163861193	74
48 88 0.0983876106195 0.111867918078	113
49.5 88 0.066964516129 0.122872470335	62
51 88 0.112867307692 0.102791990077	52
52.5 88 0.0328 0.0687858997179	4
54 88 -0.0448 0.0895336026305	11
55.5 88 0.01915 0.068796341957	4
57 88 0.0699458333333 0.08925422401	24
58.5 88 -0.00651111111111 0.0989858000478	9
61.5 88 -0.06845 0.0334011476849	4
63 88 -0.0351 0.117096882964	2
72 88 0.0921 0.0248335458604	5
73.5 88 0.098175 0.0420210562298	4
76.5 88 0.124625 0.0876322494083	12
78 88 0.0993147058824 0.0806989246759	34
79.5 88 0.123385714286 0.0841051983863	14
81 88 0.06765 0.0925602776573	2
82.5 88 -0.0278818181818 0.0976967534587	11
84 88 0.11973125 0.11396247756	16
85.5 88 0.078425 0.0317657441279	4
87 88 0.0866 0.1232398745	7
88.5 88 0.0518 NaN	1
90 88 -0.0827 0.101261443798	4
91.5 88 0.173933333333 0.0399453110989	12
93 88 0.164621153846 0.0755777805727	52
94.5 88 0.141737096774 0.0986431874857	62
96 88 0.00672222222222 0.127228768148	9
97.5 88 0.06663 0.147479897312	10
99 88 0.145692857143 0.0914308689186	14
102 88 0.109023529412 0.127350566986	17
103.5 88 0.127488888889 0.0853362062935	18
105 88 0.055405 0.100816067407	20
106.5 88 0.121761904762 0.0943989431942	21
108 88 0.0133818181818 0.105862390094	11
109.5 88 0.2271 NaN	1
111 88 0.0851208333333 0.100642803493	24
112.5 88 0.07335625 0.139072695469	16
114 88 0.119922727273 0.123609658013	22
115.5 88 0.106289473684 0.102353531637	19
117 88 0.160259183673 0.0975570707295	49
118.5 88 0.173227777778 0.1047813864	72
120 88 0.192615384615 0.0936260578282	39
121.5 88 0.1758625 0.0906268677968	16
123 88 0.0629 NaN	1
126 88 0.169188888889 0.0842549916095	9
127.5 88 0.169487878788 0.0814312688291	66
129 88 0.149296261682 0.0919990688276	107
130.5 88 0.136213636364 0.11371154187	88
132 88 0.1688125 0.0851850786174	64
133.5 88 0.020992 0.104505350421	25
135 88 0.0724782608696 0.143116287608	23
136.5 88 0.05682 0.112242107369	10
138 88 0.1412 NaN	1
139.5 88 0.23685 0.0310968915917	4
141 88 0.177354054054 0.0907308094022	37
142.5 88 0.111453658537 0.108005208434	41
144 88 0.0889794117647 0.125239346077	34
145.5 88 0.100790625 0.138720397271	32
147 88 0.03398 0.153303023454	5
148.5 88 0.03268 0.113897045616	5
150 88 0.07885 0.0919323614997	12
151.5 88 0.140895454545 0.0774271176642	22
153 88 0.148166666667 0.0611818473055	48
154.5 88 0.109541666667 0.0854523130256	48
156 88 0.0759263157895 0.117717113087	19
157.5 88 0.11558125 0.107643387899	16
159 88 0.110952 0.124573793793	25
160.5 88 0.094475 0.138954105466	28
162 88 0.114455555556 0.0810822439118	9
163.5 88 0.110366666667 0.123540710128	18
165 88 0.123211111111 0.0763754263598	18
166.5 88 0.151285714286 0.0305030287333	7
168 88 0.0495916666667 0.0614133455786	12
169.5 88 0.0321666666667 0.1629177809	3
171 88 0.08355 0.0303348809129	2
172.5 88 0.178228571429 0.0881424172251	7
-175.5 87.5 0.1429125 0.121749824777	16
-174 87.5 0.0580933333333 0.126392916091	15
-172.5 87.5 0.204272727273 0.063939362254	33
-171 87.5 0.169228571429 0.0555117838198	21
-169.5 87.5 0.13805 0.124524875976	20
-168 87.5 0.191680645161 0.0724055956371	31
-166.5 87.5 0.166578787879 0.0630738394541	33
-165 87.5 0.158768965517 0.0880333453707	58
-163.5 87.5 0.152530681818 0.0835371544538	88
-162 87.5 0.185222680412 0.0747043290038	97
-160.5 87.5 0.159908695652 0.0765582195218	115
-159 87.5 0.136823741007 0.0907454039901	139
-157.5 87.5 0.0994180555556 0.0904553876463	144
-156 87.5 0.123330412371 0.0789466229648	194
-154.5 87.5 0.141562087912 0.100029140738	182
-153 87.5 0.126572282609 0.111598623311	184
-151.5 87.5 0.104968888889 0.0921133066464	180
-150 87.5 0.10229688716 0.0852582514681	257
-148.5 87.5 0.0679307359307 0.11210416142	231
-147 87.5 0.097187704918 0.0976752746199	244
-145.5 87.5 0.0904037037037 0.0945437735461	270
-144 87.5 0.0761157676349 0.0951449806016	241
-142.5 87.5 0.0662412587413 0.114263339486	143
-141 87.5 0.095397037037 0.0997139834658	135
-139.5 87.5 0.0983051162791 0.091076914306	215
-138 87.5 0.0876067264574 0.0976747761271	223
-136.5 87.5 0.0586852017937 0.0956271202713	223
-135 87.5 0.0842042253521 0.0904792915481	213
-133.5 87.5 0.0853232044199 0.0951783893113	181
-132 87.5 0.115181927711 0.0990760352574	166
-130.5 87.5 0.0977646464646 0.0905348678526	198
-129 87.5 0.104573369565 0.105421554486	184
-127.5 87.5 0.127186690647 0.0976258817246	278
-126 87.5 0.153995949367 0.09068934834	395
-124.5 87.5 0.143162616822 0.0841669696718	214
-123 87.5 0.149469090909 0.117831880505	110
-121.5 87.5 0.123453125 0.105155448795	96
-120 87.5 0.132843529412 0.126138298484	85
-118.5 87.5 0.0958655172414 0.0934585555051	58
-117 87.5 0.113388 0.100877265856	25
-115.5 87.5 0.167909230769 0.10709269455	65
-114 87.5 0.172909859155 0.091439928977	142
-112.5 87.5 0.145309821429 0.105836077535	112
-111 87.5 0.145257407407 0.122806711744	108
-109.5 87.5 0.131844274809 0.131305745472	131
-108 87.5 0.18075877193 0.104457462072	114
-106.5 87.5 0.151764457831 0.0891123172897	166
-105 87.5 0.134035638298 0.0929569508559	188
-103.5 87.5 0.144661389961 0.091083810411	259
-102 87.5 0.168792307692 0.0970930991567	273
-100.5 87.5 0.16175042735 0.0987912366219	234
-99 87.5 0.155886746988 0.0913050480502	249
-97.5 87.5 0.171069076305 0.0977869769985	249
-96 87.5 0.189337991266 0.0828532575003	229
-94.5 87.5 0.110223529412 0.101809399767	170
-93 87.5 0.152130434783 0.0997691448066	161
-91.5 87.5 0.147751569507 0.0993834814376	223
-90 87.5 0.151492473118 0.0862386477608	279
-88.5 87.5 0.143163117871 0.090882034357	263
-87 87.5 0.10532972973 0.114303160067	296
-85.5 87.5 0.148487356322 0.0970423965292	261
-84 87.5 0.163163928571 0.0934747110047	280
-82.5 87.5 0.135024583333 0.0981463586665	240
-81 87.5 0.129619090909 0.10728688166	220
-79.5 87.5 0.142600578035 0.100437178385	173
-78 87.5 0.137003636364 0.108432179361	220
-76.5 87.5 0.130008163265 0.118382806854	196
-75 87.5 0.131584848485 0.109011755398	198
-73.5 87.5 0.146733476395 0.0991226795372	233
-72 87.5 0.134606282723 0.113011743974	191
-70.5 87.5 0.13493411215 0.106778057763	214
-69 87.5 0.143132777778 0.105462869545	180
-67.5 87.5 0.187955797101 0.103984040759	138
-66 87.5 0.180664285714 0.103665376329	210
-64.5 87.5 0.137177272727 0.107104543347	154
-63 87.5 0.154138888889 0.124324732702	162
-61.5 87.5 0.131146268657 0.0919722863266	134
-60 87.5 0.146509954751 0.0935258451907	221
-58.5 87.5 0.135742948718 0.0882751564161	156
-57 87.5 0.101193965517 0.0908071049593	116
-55.5 87.5 0.11680625 0.0949373432837	112
-54 87.5 0.134188815789 0.0866945567235	152
-52.5 87.5 0.0923006802721 0.107276548585	147
-51 87.5 0.125616141732 0.0835724334673	254
-49.5 87.5 0.0969679425837 0.0890260537496	209
-48 87.5 0.135060330579 0.0873552839828	242
-46.5 87.5 0.112743023256 0.0790274870282	258
-45 87.5 0.0939662162162 0.0788702519097	222
-43.5 87.5 0.0827265822785 0.0879407712498	237
-42 87.5 0.109661710037 0.0859949932509	269
-40.5 87.5 0.117091103203 0.0787351978778	281
-39 87.5 0.11911722973 0.0748233785211	296
-37.5 87.5 0.11875013624 0.0909211003887	367
-36 87.5 0.133054854369 0.0790492824243	412
-34.5 87.5 0.131764108911 0.0764318475444	404
-33 87.5 0.120310669975 0.0684820120937	403
-31.5 87.5 0.116558108108 0.0845475694053	370
-30 87.5 0.117613677812 0.0799127708217	329
-28.5 87.5 0.128879514825 0.0718254450191	371
-27 87.5 0.125389728097 0.0872971564859	331
-25.5 87.5 0.10562245509 0.0840698451505	334
-24 87.5 0.116997783251 0.087131462022	406
-22.5 87.5 0.116872237197 0.0911095942977	371
-21 87.5 0.113406997085 0.0770387888024	343
-19.5 87.5 0.0930737704918 0.0849878139516	305
-18 87.5 0.0928261044177 0.0791884883985	249
-16.5 87.5 0.111456535948 0.0869224321993	306
-15 87.5 0.102512589928 0.0704137444004	278
-13.5 87.5 0.0733821052632 0.0718361966594	285
-12 87.5 0.0827634782609 0.0734234548385	345
-10.5 87.5 0.0922641269841 0.0787628947007	315
-9 87.5 0.0841534296029 0.066438217711	277
-7.5 87.5 0.0891468656716 0.0659767540765	335
-6 87.5 0.0881602409639 0.0706725215908	249
-4.5 87.5 0.0865750865052 0.0819207234631	289
-3 87.5 0.0982865168539 0.0792957235443	267
-1.5 87.5 0.1026125 0.082343449952	280
0 87.5 0.0915680851064 0.0947701935357	282
1.5 87.5 0.121334736842 0.0951976155553	285
3 87.5 0.139699307958 0.08627195292	289
4.5 87.5 0.144453441296 0.101651248889	247
6 87.5 0.120257734807 0.0954761504257	362
7.5 87.5 0.128107083333 0.0903088757867	240
9 87.5 0.141251091703 0.0879471644673	229
10.5 87.5 0.13752039801 0.0737864407045	201
12 87.5 0.118141767068 0.0924691649918	249
13.5 87.5 0.140353846154 0.0953273795976	286
15 87.5 0.114727014218 0.0916665872559	211
16.5 87.5 0.129556435644 0.106642031436	202
18 87.5 0.13810199005 0.0867310255677	201
19.5 87.5 0.143039 0.108972259524	200
21 87.5 0.130569506726 0.114316232653	223
22.5 87.5 0.120255376344 0.109432414281	186
24 87.5 0.159736138614 0.108952579629	202
25.5 87.5 0.148942857143 0.111318913084	196
27 87.5 0.158786877828 0.124838194402	221
28.5 87.5 0.153709502262 0.113420836831	221
30 87.5 0.169270247934 0.105325796586	242
31.5 87.5 0.163199528302 0.112510865404	212
33 87.5 0.15512238806 0.116412523151	201
34.5 87.5 0.175465533981 0.0981713167908	206
36 87.5 0.143683035714 0.108826777146	224
37.5 87.5 0.144870434783 0.11385428439	230
39 87.5 0.168295 0.108770813408	240
40.5 87.5 0.143497777778 0.110929609749	180
42 87.5 0.118547586207 0.109781389514	145
43.5 87.5 0.123420833333 0.121911507955	96
45 87.5 0.0707008333333 0.109882804258	120
46.5 87.5 0.101070921986 0.104954603478	141
48 87.5 0.126680172414 0.112470610824	116
49.5 87.5 0.131797520661 0.116252846892	121
51 87.5 0.0813119402985 0.11179175245	67
52.5 87.5 0.13711 0.0768250895721	50
54 87.5 0.039270212766 0.11878802259	47
55.5 87.5 0.02905 0.111502848472	24
57 87.5 0.0955304347826 0.101968594009	46
58.5 87.5 0.148746428571 0.0663895322078	28
60 87.5 0.0502857142857 0.12813669298	14
61.5 87.5 -0.0293 0.055437171645	2
63 87.5 -0.0816 0.0896611398545	2
67.5 87.5 -0.0673 NaN	1
69 87.5 0.0181714285714 0.109030572384	7
70.5 87.5 0.0506346153846 0.092526095529	26
72 87.5 0.0537375 0.0761170403611	16
73.5 87.5 0.00860625 0.122869043681	32
75 87.5 0.0987288888889 0.0976978847475	90
76.5 87.5 0.119933540373 0.0914037437308	161
78 87.5 0.087821875 0.107698339139	96
79.5 87.5 0.0943440860215 0.108088107642	93
81 87.5 0.121915702479 0.101194392967	121
82.5 87.5 0.0838886363636 0.117312480284	88
84 87.5 0.138309022556 0.0937097464763	133
85.5 87.5 0.0967383561644 0.0996069061865	146
87 87.5 0.134714285714 0.0925954021887	133
88.5 87.5 0.114050833333 0.113896242031	120
90 87.5 0.121075824176 0.0967311363645	91
91.5 87.5 0.130452830189 0.0889909467921	106
93 87.5 0.134504109589 0.0988658470208	146
94.5 87.5 0.133842268041 0.08935380965	97
96 87.5 0.145663917526 0.101959159701	97
97.5 87.5 0.115462626263 0.102285096353	99
99 87.5 0.151840594059 0.113754480508	101
100.5 87.5 0.139361946903 0.105107398576	113
102 87.5 0.119215841584 0.104662924412	101
103.5 87.5 0.0748985507246 0.127532189123	69
105 87.5 0.067637804878 0.110703109395	82
106.5 87.5 0.0867209677419 0.11067861632	62
108 87.5 0.120807432432 0.103141019698	148
109.5 87.5 0.10898 0.105727189697	210
111 87.5 0.126625547445 0.100892915006	137
112.5 87.5 0.107038888889 0.114759069711	108
114 87.5 0.0947042735043 0.103838540444	117
115.5 87.5 0.102196428571 0.10631702699	84
117 87.5 0.119763247863 0.0982981079889	117
118.5 87.5 0.122205517241 0.102333560518	145
120 87.5 0.1389152 0.109952069511	125
121.5 87.5 0.128519565217 0.104892930827	184
123 87.5 0.126212389381 0.131376969968	113
124.5 87.5 0.197190551181 0.126969754824	127
126 87.5 0.143614728682 0.10781067542	129
127.5 87.5 0.119301923077 0.0900395640986	104
129 87.5 0.121747222222 0.0917014337397	72
130.5 87.5 0.121945132743 0.0941519535409	113
132 87.5 0.128505511811 0.103558467733	127
133.5 87.5 0.154608130081 0.102444615659	123
135 87.5 0.1433752 0.110551429906	125
136.5 87.5 0.169366321244 0.102269815498	193
138 87.5 0.129369811321 0.103138655277	212
139.5 87.5 0.135550331126 0.10647127179	151
141 87.5 0.117310734463 0.110517880331	177
142.5 87.5 0.109773287671 0.119928352916	146
144 87.5 0.124603703704 0.106161390771	189
145.5 87.5 0.147714619883 0.0993725886411	171
147 87.5 0.147243781095 0.102298656754	201
148.5 87.5 0.1388328125 0.100556183751	192
150 87.5 0.150827516779 0.0965651515531	149
151.5 87.5 0.116989516129 0.119281880958	124
153 87.5 0.0862316666667 0.119889954473	60
154.5 87.5 0.0899113043478 0.116819717728	115
156 87.5 0.0997421768707 0.110601454649	147
157.5 87.5 0.1439475 0.102993827801	120
159 87.5 0.12786728972 0.0917451934638	107
160.5 87.5 0.0943842519685 0.120733607731	127
162 87.5 0.126053333333 0.108990613221	120
163.5 87.5 0.117224840764 0.110844427046	157
165 87.5 0.110532394366 0.136518202632	71
166.5 87.5 0.148091666667 0.0556863367987	12
168 87.5 0.113608333333 0.138067542485	12
169.5 87.5 -0.0855 NaN	1
-180 87 0.143196428571 0.0964382415394	28
-178.5 87 0.134507407407 0.0995849499207	27
-177 87 0.0902696969697 0.0840571995907	33
-175.5 87 0.1498125 0.0756501864275	24
-174 87 0.185573913043 0.0916952225255	23
-172.5 87 0.197906451613 0.0994753501644	31
-171 87 0.140647368421 0.0883504671046	57
-169.5 87 0.13459 0.0646592809283	60
-168 87 0.120508450704 0.0939574808798	71
-166.5 87 0.156742696629 0.0700826766425	89
-165 87 0.153425757576 0.0692224359152	66
-163.5 87 0.151457142857 0.0642383176366	119
-162 87 0.166356779661 0.0829351723751	118
-160.5 87 0.144235820896 0.10540041789	67
-159 87 0.0859897058824 0.137452644914	68
-157.5 87 0.102801123596 0.111170885551	89
-156 87 0.110905691057 0.121058639971	123
-154.5 87 0.0679315068493 0.103505177451	146
-153 87 0.101367142857 0.105044248602	140
-151.5 87 0.0956061797753 0.0992547473769	178
-150 87 0.0789466165414 0.0959058009659	133
-148.5 87 0.117430357143 0.0983802320648	112
-147 87 0.0861971631206 0.113999856481	141
-145.5 87 0.118090643275 0.104543875535	171
-144 87 0.120893478261 0.116063418898	230
-142.5 87 0.145309345794 0.108206901524	321
-141 87 0.146573448276 0.106591534905	290
-139.5 87 0.146006870229 0.100816223657	131
-138 87 0.1038575 0.0891408648145	160
-136.5 87 0.0943296296296 0.118439680029	108
-135 87 0.1285704 0.105155055271	125
-133.5 87 0.113618404908 0.109893164302	163
-132 87 0.1231069869 0.107874617944	229
-130.5 87 0.13517 0.114681629849	130
-129 87 0.0673736842105 0.0949102261697	76
-127.5 87 0.0778888888889 0.0886839007779	90
-126 87 0.112630097087 0.0818414210711	103
-124.5 87 0.113460869565 0.11283775053	23
-123 87 0.149271428571 0.0682902512274	28
-121.5 87 0.198353061224 0.0719801943305	49
-120 87 0.16731025641 0.0792446197768	78
-118.5 87 0.1845 0.0909733308342	27
-117 87 0.136275609756 0.0846308004821	41
-115.5 87 0.15622 0.0491380323397	10
-114 87 0.118366666667 0.0346400013997	12
-111 87 0.20636 0.0508059507497	20
-109.5 87 0.179341052632 0.0905121250779	95
-108 87 0.140859310345 0.106531977135	145
-106.5 87 0.13823632287 0.1056319472	223
-105 87 0.139100460829 0.103914348855	217
-103.5 87 0.140220720721 0.0969731549522	222
-102 87 0.158810738255 0.101315190652	149
-100.5 87 0.171800746269 0.104497929969	134
-99 87 0.192441509434 0.119529557712	53
-97.5 87 0.231361176471 0.09445162795	85
-96 87 0.153229807692 0.116513122624	104
-94.5 87 0.122973148148 0.104900661159	108
-93 87 0.145826717557 0.118121647742	131
-91.5 87 0.118543333333 0.112731554964	120
-90 87 0.145343835616 0.0791688209993	73
-88.5 87 0.156132352941 0.0869453584476	68
-87 87 0.176966101695 0.0968596346839	59
-85.5 87 0.131826229508 0.108635762837	61
-84 87 0.168806818182 0.131157141685	88
-82.5 87 0.1709390625 0.0829011110308	128
-81 87 0.221641104294 0.120102516256	163
-79.5 87 0.154253921569 0.0954944388735	102
-78 87 0.150354545455 0.0960991997686	77
-76.5 87 0.113020879121 0.0892434529394	91
-75 87 0.154947126437 0.103419233557	87
-73.5 87 0.198634615385 0.111528797954	182
-72 87 0.183361538462 0.0964717666497	195
-70.5 87 0.137515263158 0.095141948691	190
-69 87 0.132060700389 0.109037522087	257
-67.5 87 0.111103137255 0.0857821833614	255
-66 87 0.0875389344262 0.0888209138267	244
-64.5 87 0.100545248869 0.0926430767543	221
-63 87 0.0947986928105 0.0943019373768	153
-61.5 87 0.117584076433 0.111898389983	157
-60 87 0.0923031007752 0.11305748188	129
-58.5 87 0.115255434783 0.101823572227	184
-57 87 0.109669642857 0.118642603332	224
-55.5 87 0.0997578740157 0.111501416345	254
-54 87 0.0792917475728 0.102410990644	206
-52.5 87 0.0875857819905 0.0916767716685	211
-51 87 0.0899280612245 0.0894626338175	196
-49.5 87 0.107692307692 0.104408394572	169
-48 87 0.0741848214286 0.0933268741747	112
-46.5 87 0.135693236715 0.0960623131737	207
-45 87 0.126566666667 0.100688073467	309
-43.5 87 0.105166763006 0.0952290923118	346
-42 87 0.0928144200627 0.0894356054782	319
-40.5 87 0.100429460581 0.0775794093394	241
-39 87 0.0878585365854 0.086558258109	205
-37.5 87 0.0987578947368 0.0726031841811	209
-36 87 0.0852837988827 0.0741794598534	179
-34.5 87 0.0981502824859 0.0797870611551	177
-33 87 0.0958477732794 0.0763424467243	247
-31.5 87 0.070363099631 0.0944792466139	271
-30 87 0.108618245614 0.0777032909631	285
-28.5 87 0.116910394265 0.09003672352	279
-27 87 0.118918548387 0.0846837162642	248
-25.5 87 0.0704014563107 0.105654546831	206
-24 87 0.0807547770701 0.0727585746518	157
-22.5 87 0.068531884058 0.0614467759549	138
-21 87 0.0694973509934 0.0679553568622	151
-19.5 87 0.0678570621469 0.0916183236955	177
-18 87 0.0444118881119 0.0781152637782	143
-16.5 87 0.0804 0.0698721829264	114
-15 87 0.0787471428571 0.0622940964475	140
-13.5 87 0.0491333333333 0.0638471987441	150
-12 87 0.0610375838926 0.0632256827269	149
-10.5 87 0.0875354285714 0.0603041591531	175
-9 87 0.0722026455026 0.068353930636	189
-7.5 87 0.0604155405405 0.068955891169	148
-6 87 0.0331554140127 0.0765110352313	157
-4.5 87 0.0748442748092 0.053827745434	131
-3 87 0.0512974576271 0.0834579729046	118
-1.5 87 0.0491867256637 0.0757129111282	113
0 87 0.0784186567164 0.0629597677575	134
1.5 87 0.065335 0.086045816744	140
3 87 0.0457546448087 0.0823884798556	183
4.5 87 0.0524198529412 0.0785291385598	136
6 87 0.0825520408163 0.0943413716567	196
7.5 87 0.117401298701 0.101480638325	231
9 87 0.12445046729 0.0938625024489	214
10.5 87 0.132945303867 0.0856548120367	181
12 87 0.128224468085 0.0900671730143	188
13.5 87 0.112034782609 0.106480393077	138
15 87 0.13294137931 0.10056836531	203
16.5 87 0.13162780083 0.111636666687	241
18 87 0.136001463415 0.0997389742681	205
19.5 87 0.103766839378 0.104870676504	193
21 87 0.0874601398601 0.115310380987	143
22.5 87 0.117 0.102685570121	226
24 87 0.0916669491525 0.121514706686	118
25.5 87 0.102253932584 0.118980622044	89
27 87 0.153205031447 0.112834777159	159
28.5 87 0.176872571429 0.113298640777	175
30 87 0.130695294118 0.112216435428	170
31.5 87 0.143646067416 0.11461604344	178
33 87 0.0932035211268 0.11785316168	142
34.5 87 0.10878372093 0.0942172952132	129
36 87 0.0992942622951 0.0944068637188	122
37.5 87 0.0937277777778 0.126722083802	90
39 87 0.113406122449 0.117549414092	49
40.5 87 0.0950545454545 0.111816867656	99
42 87 0.0711705882353 0.102497419027	119
43.5 87 0.0659206896552 0.126663922611	145
45 87 0.0743949367089 0.129349948608	79
46.5 87 0.076944 0.0895248753594	75
48 87 0.0810875 0.114041783083	104
49.5 87 0.104368085106 0.107664374041	47
51 87 0.0752485714286 0.073371922709	35
52.5 87 -0.00328636363636 0.108878890667	44
54 87 0.0261333333333 0.0795301386	87
55.5 87 0.08659140625 0.100010609695	128
57 87 0.0724495412844 0.0993517913722	109
58.5 87 0.0981725 0.0983829577734	120
60 87 0.0794322580645 0.116968039473	31
61.5 87 0.03474 0.0798887081145	20
63 87 0.0708642857143 0.0689549976673	14
64.5 87 0.0686741935484 0.102529953242	31
66 87 0.0567257142857 0.0911114362852	70
67.5 87 0.101379310345 0.111871647567	58
69 87 0.130605263158 0.0987350905467	76
70.5 87 0.0485705882353 0.0811968479539	51
72 87 0.0549444444444 0.0964632745315	27
73.5 87 0.0113307692308 0.103147975345	39
75 87 0.118313461538 0.0936543981125	52
76.5 87 0.066625 0.0833206106955	28
78 87 0.0879542168675 0.106746485978	83
79.5 87 0.119632098765 0.0767139652005	81
81 87 0.0926666666667 0.105362308104	87
82.5 87 0.12051 0.0772621744888	90
84 87 0.0755869565217 0.081171943696	92
85.5 87 0.103739583333 0.0956899703034	96
87 87 0.0987857142857 0.0764584554949	49
88.5 87 0.06005 0.0911573871432	40
90 87 0.0623946428571 0.113271648414	56
91.5 87 0.0598724637681 0.117546010871	69
93 87 0.0755225352113 0.0966239281178	71
94.5 87 0.0745442307692 0.101453059586	52
96 87 0.0775581818182 0.111581419685	55
97.5 87 0.119342424242 0.10989639732	33
99 87 0.0942803921569 0.089178930291	51
100.5 87 0.124651470588 0.0963244199484	68
102 87 0.117222666667 0.0931025699609	75
103.5 87 0.0948549450549 0.088359737266	91
105 87 0.0899670103093 0.0679138497192	97
106.5 87 0.109951020408 0.0708621680068	98
108 87 0.0894980769231 0.0995316768778	52
109.5 87 0.143857142857 0.0967577344023	49
111 87 0.0984506849315 0.0889171870077	73
112.5 87 0.1040225 0.0860123380759	40
114 87 0.120233333333 0.0954383632046	75
115.5 87 0.128385555556 0.0868449342104	90
117 87 0.124508955224 0.0694631376656	67
118.5 87 0.0935346153846 0.104117437319	26
120 87 0.130363636364 0.0938165366311	11
121.5 87 0.14702 0.0730707406754	15
123 87 0.141026666667 0.0796159200617	45
124.5 87 0.100026086957 0.0763393930085	23
126 87 0.108908510638 0.0959196965532	47
127.5 87 0.119077142857 0.060680439203	70
129 87 0.0970241935484 0.0702788046902	62
130.5 87 0.107932183908 0.0749400807068	87
132 87 0.15422 0.0498323760592	55
133.5 87 0.161532608696 0.0839936533432	46
135 87 0.133793548387 0.0699548282142	62
136.5 87 0.145457692308 0.094963357941	52
138 87 0.14744 0.0960102045858	40
139.5 87 0.123522857143 0.118579640176	70
141 87 0.12446969697 0.0797638290708	33
142.5 87 0.126653703704 0.0868582500033	108
144 87 0.154914130435 0.0868836402379	92
145.5 87 0.145630136986 0.100825154882	73
147 87 0.154463846154 0.0729574613277	130
148.5 87 0.156566292135 0.0746652711406	89
150 87 0.153172839506 0.108770678508	81
151.5 87 0.206931683168 0.0914168977057	101
153 87 0.154530666667 0.108934622316	150
154.5 87 0.15526519337 0.108973399678	181
156 87 0.116091666667 0.123973771233	84
157.5 87 0.103894791667 0.109402730044	96
159 87 0.10998961039 0.0964497452324	154
160.5 87 0.0915465116279 0.102978117262	86
162 87 0.0644575757576 0.13455657739	33
163.5 87 0.129236363636 0.0961601621591	44
165 87 0.0652128205128 0.0749123248221	39
166.5 87 0.0539263157895 0.068324404637	19
168 87 -0.0071 NaN	1
175.5 87 0.154336111111 0.0842673607472	36
177 87 0.1694125 0.0713898919082	64
178.5 87 0.153488888889 0.0849729079535	72
-180 86.5 0.182855555556 0.128725979421	9
-178.5 86.5 0.0974447368421 0.098053815057	38
-177 86.5 0.140564814815 0.0646797456192	54
-175.5 86.5 0.110473529412 0.0945123827347	34
-172.5 86.5 0.139144117647 0.0901246291024	68
-171 86.5 0.101454545455 0.102975326588	44
-169.5 86.5 0.0655315789474 0.099707889859	38
-168 86.5 0.0583 NaN	1
-166.5 86.5 0.222 NaN	1
-163.5 86.5 0.172692857143 0.0733535533646	14
-162 86.5 0.172588461538 0.0892178606644	26
-160.5 86.5 0.2735 0.0803713113761	14
-159 86.5 0.218014285714 0.169326798712	7
-154.5 86.5 0.12473 0.0784996821985	20
-151.5 86.5 0.0074 0.0701801016433	4
-150 86.5 0.0861058823529 0.107905632792	17
-148.5 86.5 0.0736615384615 0.0945096779741	13
-147 86.5 0.135977419355 0.119926865797	31
-145.5 86.5 0.114374468085 0.0810048212953	47
-144 86.5 0.0801541666667 0.139598177087	48
-142.5 86.5 0.11347 0.0921636879059	20
-141 86.5 0.0971402777778 0.108103480237	72
-139.5 86.5 0.156668253968 0.090134147714	126
-138 86.5 0.129982474227 0.0834393729631	97
-136.5 86.5 0.140200578035 0.0917984657476	173
-135 86.5 0.169635582822 0.0932607301482	163
-133.5 86.5 0.16685 0.101168977749	86
-132 86.5 -0.0193 NaN	1
-130.5 86.5 0.091655 0.0813717394085	40
-129 86.5 0.116655555556 0.0774664812888	54
-127.5 86.5 0.0710455696203 0.111034239115	79
-126 86.5 0.105130851064 0.0902170484696	188
-124.5 86.5 0.128886666667 0.10951325303	225
-123 86.5 0.107187288136 0.0930574976625	118
-121.5 86.5 0.124146753247 0.0841952579994	77
-120 86.5 0.146184375 0.0793183341673	32
-118.5 86.5 0.122211764706 0.0551782168521	34
-117 86.5 0.1074 0.0290762445993	6
-115.5 86.5 -0.0688545454545 0.117909875444	11
-114 86.5 0.136603225806 0.106922780497	31
-112.5 86.5 0.092916 0.119596020279	25
-111 86.5 0.160787857143 0.0819624703272	140
-109.5 86.5 0.169365986395 0.0861489244931	147
-108 86.5 0.128455555556 0.0880815676751	27
-106.5 86.5 0.1358 0.0346480879703	3
-105 86.5 0.141991071429 0.0827698655678	56
-103.5 86.5 0.152329824561 0.0826578724707	114
-102 86.5 0.186452272727 0.0678006670528	132
-100.5 86.5 0.121121212121 0.0951539882729	99
-99 86.5 0.126957317073 0.0916008383574	82
-97.5 86.5 0.142001190476 0.13320114104	84
-96 86.5 0.117583333333 0.12623111041	18
-94.5 86.5 0.033 NaN	1
-93 86.5 0.101263636364 0.10540772866	33
-91.5 86.5 0.172723684211 0.11463536654	38
-90 86.5 0.221782608696 0.0932405569943	46
-88.5 86.5 0.0953 0.110754471048	15
-87 86.5 0.213585185185 0.0970499185737	27
-85.5 86.5 0.1499 0.0895765254575	24
-84 86.5 0.0912 NaN	1
-81 86.5 0.0880428571429 0.135732455676	7
-79.5 86.5 0.199362 0.0916122460623	50
-78 86.5 0.080647826087 0.109020706981	46
-76.5 86.5 0.139958474576 0.102901633659	118
-75 86.5 0.19334484127 0.106834920565	252
-73.5 86.5 0.116972268908 0.134163596793	238
-72 86.5 0.10508496732 0.118673296985	153
-70.5 86.5 0.143617045455 0.13106043111	88
-69 86.5 0.128686956522 0.0953546952992	69
-67.5 86.5 0.0790677419355 0.15157798738	31
-66 86.5 0.159919512195 0.120839828326	41
-64.5 86.5 0.157860606061 0.102549372773	132
-63 86.5 0.116137155963 0.113573038458	218
-61.5 86.5 0.1305443769 0.110444537898	329
-60 86.5 0.12053257329 0.107436912241	307
-58.5 86.5 0.0996364741641 0.0927827481847	329
-57 86.5 0.145595625 0.0921932086251	160
-55.5 86.5 0.126344262295 0.113546167592	61
-54 86.5 0.151876136364 0.102487981908	88
-52.5 86.5 0.126713125 0.105639013378	160
-51 86.5 0.100879130435 0.123311707492	230
-49.5 86.5 0.11675078125 0.110943669754	384
-48 86.5 0.090680730897 0.105065495577	301
-46.5 86.5 0.0818989637306 0.0959546263159	193
-45 86.5 0.0871751552795 0.0921912252	161
-43.5 86.5 0.048258 0.110350658321	50
-42 86.5 0.145404347826 0.109557782505	23
-40.5 86.5 0.0955426966292 0.0875569358756	89
-39 86.5 0.1155112 0.0907561817877	250
-37.5 86.5 0.0786559748428 0.0944479761603	318
-36 86.5 0.0770326968974 0.0885824291342	419
-34.5 86.5 0.0802679452055 0.0807461599631	365
-33 86.5 0.0916660818713 0.0662076369895	171
-31.5 86.5 0.0591224489796 0.0832287767374	49
-30 86.5 0.14155625 0.0810849092822	48
-28.5 86.5 0.118848 0.0648081543555	125
-27 86.5 0.0962684684685 0.0778391327352	222
-25.5 86.5 0.0857525951557 0.0800097967212	289
-24 86.5 0.0536467661692 0.0904767124844	201
-22.5 86.5 0.0663302857143 0.0843890821194	175
-21 86.5 0.0640253968254 0.0759199398698	126
-19.5 86.5 0.0446602564103 0.0878809559911	78
-18 86.5 0.0277216216216 0.092867214449	37
-16.5 86.5 0.0766134328358 0.0607260462702	67
-15 86.5 0.0405552447552 0.0824244576706	143
-13.5 86.5 0.0709666666667 0.0831438045418	195
-12 86.5 0.0499575268817 0.0710582819207	186
-10.5 86.5 0.048696031746 0.0625560579331	126
-9 86.5 0.0404695652174 0.0662517953453	46
-7.5 86.5 0.0635888888889 0.0452871517222	9
-6 86.5 0.0184111111111 0.0877256343842	18
-4.5 86.5 0.0195483870968 0.0782713990802	31
-3 86.5 0.0356277027027 0.0694477690693	148
-1.5 86.5 0.0445301980198 0.0764637879953	202
0 86.5 0.0577925233645 0.0732623290923	214
1.5 86.5 0.056206779661 0.0779977990607	177
3 86.5 0.0523056451613 0.0853322767044	124
4.5 86.5 0.0527544642857 0.077140091221	112
6 86.5 0.0337935483871 0.0816141488366	31
7.5 86.5 0.0227526315789 0.0977723340125	19
9 86.5 0.114301515152 0.112784962844	66
10.5 86.5 0.158746296296 0.114064046049	162
12 86.5 0.0895198675497 0.107487161416	151
13.5 86.5 0.100131658291 0.101678835103	199
15 86.5 0.0870597560976 0.103219660128	82
16.5 86.5 0.0578806451613 0.101259499192	62
18 86.5 0.051255 0.0942004105198	20
19.5 86.5 0.122093939394 0.0762720512957	66
21 86.5 0.126994444444 0.0933060804114	108
22.5 86.5 0.0905625 0.101814991239	128
24 86.5 0.0799156976744 0.105634510233	172
25.5 86.5 0.0910529411765 0.104785320531	136
27 86.5 0.097688 0.103596221129	125
28.5 86.5 0.00821403508772 0.103474958045	57
30 86.5 0.0374233333333 0.115261093963	30
31.5 86.5 0.0218588235294 0.117685476264	17
33 86.5 0.114776785714 0.102781634354	56
34.5 86.5 0.0654449438202 0.106606137905	89
36 86.5 0.0104516129032 0.0886410975659	62
37.5 86.5 0.0479103448276 0.130557355332	87
39 86.5 0.0887513888889 0.131368452912	72
40.5 86.5 0.0957421568627 0.141469408537	102
42 86.5 -0.0202975 0.0900526725852	40
43.5 86.5 -0.1104375 0.037902918753	8
45 86.5 0.0821833333333 0.0767624888664	12
46.5 86.5 0.0335052631579 0.0989486542999	38
48 86.5 0.0223224 0.0945069794862	125
49.5 86.5 0.00898846153846 0.0998473040667	130
51 86.5 0.0275044776119 0.0902751239819	67
52.5 86.5 0.0323 0.106704911438	33
54 86.5 0.0275625 0.0937456123418	16
55.5 86.5 0.0621807692308 0.0503074071622	26
57 86.5 0.130036363636 0.122910763392	22
58.5 86.5 0.145241176471 0.0863891988074	51
60 86.5 0.111195918367 0.0882924847865	98
61.5 86.5 0.0459371794872 0.0888313740484	78
63 86.5 0.0701149253731 0.0843940527377	67
64.5 86.5 0.0690091954023 0.0777613218141	87
66 86.5 0.0795095238095 0.0748272886963	63
67.5 86.5 0.113153846154 0.0498936805515	13
69 86.5 0.1098 0.0867266568017	21
70.5 86.5 0.140204545455 0.0700537241271	22
72 86.5 0.0420296296296 0.0886217478944	54
73.5 86.5 0.0659807017544 0.100699681583	57
75 86.5 0.0763820512821 0.0921849224793	39
76.5 86.5 0.08136 0.0523224010062	35
78 86.5 0.0516113636364 0.0843771412225	44
79.5 86.5 0.081 0.0958091853634	12
81 86.5 0.0837 0.0344038203859	8
82.5 86.5 0.116158333333 0.089234736445	24
84 86.5 0.110466233766 0.0924598740997	77
85.5 86.5 0.101896460177 0.0834736666445	113
87 86.5 0.133658860759 0.0853021606717	158
88.5 86.5 0.1043375 0.0774403205358	48
90 86.5 0.1378375 0.0775772046324	8
94.5 86.5 0.11114 0.109888890855	25
96 86.5 0.121891208791 0.0877882979399	91
97.5 86.5 0.106902941176 0.0772554390483	102
99 86.5 0.083845 0.102855155686	40
100.5 86.5 0.0965214285714 0.108025886325	28
102 86.5 0.115141666667 0.0663147364872	24
103.5 86.5 0.16035 0.0657790468158	6
108 86.5 0.0929452380952 0.0879030458208	42
109.5 86.5 0.0931520833333 0.0872815692801	48
111 86.5 0.111156097561 0.0758357239327	41
112.5 86.5 0.0945625 0.0967267276058	16
114 86.5 0.074 0.0435577777211	2
118.5 86.5 -0.044625 0.0770734444107	4
120 86.5 0.0528739130435 0.0757335473725	23
121.5 86.5 0.0277916666667 0.118004454288	24
123 86.5 -0.0712 0.111666512438	7
126 86.5 -0.0212285714286 0.043960653403	7
130.5 86.5 0.0940578947368 0.0638244842934	19
132 86.5 0.100353333333 0.0788299452792	45
133.5 86.5 0.078147826087 0.0845574622779	23
135 86.5 -0.0200833333333 0.116571221434	6
136.5 86.5 0.053455 0.094886760626	20
138 86.5 0.0930464285714 0.0964609630585	28
139.5 86.5 0.14325 0.0805292665916	10
144 86.5 0.123972727273 0.0857758828455	22
145.5 86.5 0.129056756757 0.0814088112108	74
147 86.5 0.109895294118 0.105392489687	85
148.5 86.5 0.116633823529 0.0996688560687	204
150 86.5 0.135454268293 0.0905115749305	164
151.5 86.5 0.126648623853 0.0950093286011	109
153 86.5 0.0613931034483 0.12458671659	29
154.5 86.5 0.0888111111111 0.0967166278936	9
156 86.5 0.144247619048 0.120294549415	21
157.5 86.5 0.136296551724 0.106426961967	58
159 86.5 0.117417045455 0.0990290509119	88
160.5 86.5 0.0704209580838 0.0918023123789	167
162 86.5 0.0642420118343 0.0924077916125	169
163.5 86.5 0.0841528985507 0.0942062074233	138
165 86.5 0.0967019417476 0.107407159162	103
166.5 86.5 0.0458204081633 0.077881183488	49
168 86.5 0.0573666666667 0.0652188367473	15
169.5 86.5 0.01646 0.0994442959651	5
171 86.5 0.115752777778 0.0949016287906	72
172.5 86.5 0.112635 0.0768862462078	60
174 86.5 0.122682758621 0.0799038438307	58
175.5 86.5 0.161614814815 0.0492166849734	27
-180 86 0.1563 NaN	1
-135 86 0.133110638298 0.12197772112	47
-133.5 86 0.156364606742 0.0987560272643	178
-132 86 0.117282716049 0.101673363607	162
-130.5 86 0.149671794872 0.11400531812	117
-129 86 0.145569642857 0.112568234933	168
-127.5 86 0.142063758389 0.0996723844313	149
-126 86 0.117465625 0.115026716315	64
-124.5 86 0.0486 0.106088783573	13
-123 86 0.154857971014 0.102563868775	69
-121.5 86 0.213275609756 0.0818619349285	41
-91.5 86 -0.00836666666667 0.0725578298095	6
-90 86 0.107337931034 0.123345039896	29
-88.5 86 0.2144 0.143233508982	22
-87 86 0.0490416666667 0.158022135724	12
-85.5 86 0.03602 0.111276444048	5
-79.5 86 0.210095121951 0.115524769966	41
-78 86 0.222633333333 0.118022566883	144
-76.5 86 0.174406976744 0.131002763142	86
-75 86 0.178068571429 0.106466232624	35
-73.5 86 0.222977868852 0.102968469468	122
-72 86 0.178183333333 0.132512578019	12
-70.5 86 0.0607315789474 0.152148922122	19
-69 86 0.209571304348 0.113176958759	115
-67.5 86 0.202808095238 0.123805535434	210
-66 86 0.201115028902 0.113050174108	173
-64.5 86 0.217635353535 0.140211651335	198
-63 86 0.182711881188 0.120876448729	101
-61.5 86 0.23433125 0.119862672047	80
-60 86 0.100136734694 0.121289628737	49
-58.5 86 0.181865811966 0.105121539807	117
-57 86 0.151590647482 0.0971574166369	139
-55.5 86 0.110299038462 0.110768461996	208
-54 86 0.118463681592 0.115203281309	201
-52.5 86 0.0988936305732 0.11427119266	157
-51 86 0.0800815602837 0.1106368665	141
-49.5 86 0.112131343284 0.103964297789	67
-48 86 0.153957758621 0.109883854217	116
-46.5 86 0.132821153846 0.0974505876509	156
-45 86 0.101311688312 0.0849592420144	154
-43.5 86 0.0927282296651 0.111111461783	209
-42 86 0.0997563636364 0.0950659124945	165
-40.5 86 0.098753125 0.105818176354	128
-39 86 0.06187265625 0.10523417435	128
-37.5 86 0.0477785714286 0.11423277974	14
-36 86 0.137104918033 0.079105417906	61
-34.5 86 0.106435064935 0.0941295310872	77
-33 86 0.0670087912088 0.0657445910717	91
-31.5 86 0.0396737373737 0.0707519196143	198
-30 86 0.072132780083 0.0780131054972	241
-28.5 86 0.0792652459016 0.0830581389514	305
-27 86 0.0681030612245 0.0817566940148	196
-25.5 86 0.0789301724138 0.0726790014765	116
-24 86 0.0671432835821 0.084719187165	67
-22.5 86 0.0852867924528 0.112886539427	53
-21 86 0.0877814569536 0.0767951686015	151
-19.5 86 0.0601345794393 0.069275097084	107
-18 86 0.0735324786325 0.0715809522789	117
-16.5 86 0.0573858333333 0.0918352345335	120
-15 86 0.0323946428571 0.0708914851992	112
-13.5 86 0.0372543478261 0.0644510277705	46
-12 86 0.0226225 0.0714929707411	40
-10.5 86 0.0919068493151 0.0988681941453	73
-9 86 0.0946166666667 0.0822391946713	108
-7.5 86 0.0265728395062 0.0689926803433	162
-6 86 0.0346461038961 0.0865517625418	154
-4.5 86 0.0577264864865 0.0763193262968	185
-3 86 0.069262745098 0.0743516864233	153
-1.5 86 0.0222931034483 0.0737110184196	29
0 86 0.041475 0.0782514725392	12
1.5 86 0.0678696969697 0.0668101250039	33
3 86 0.0364075757576 0.0847080603023	66
4.5 86 0.0270153846154 0.0796896530907	39
6 86 0.0203277310924 0.104801589718	119
7.5 86 0.06205 0.123624621456	134
9 86 0.0485857142857 0.105168231971	91
10.5 86 0.0266442622951 0.0661486218667	61
12 86 0.00885217391304 0.105836661759	23
13.5 86 0.0314857142857 0.0927770102255	14
15 86 0.00560740740741 0.115329434381	54
16.5 86 0.0567585714286 0.0979239478532	70
18 86 0.0462742268041 0.126951922723	97
19.5 86 0.0922710280374 0.113057849618	107
21 86 0.112913888889 0.115807054696	108
22.5 86 0.0889620689655 0.123232597768	29
24 86 0.07975 0.106613382525	16
25.5 86 0.0417476190476 0.125999938964	21
27 86 0.0527369565217 0.105770280133	46
28.5 86 -0.0126603448276 0.108201177053	58
30 86 0.035836 0.09858848871	50
31.5 86 0.00481343283582 0.094260896638	67
33 86 0.0451341176471 0.105636097673	85
34.5 86 -0.00913191489362 0.100803642762	47
36 86 0.0708666666667 0.0501114258428	9
37.5 86 -0.064425 0.115753343056	8
39 86 -0.0267666666667 0.0856191973237	48
40.5 86 0.0370535714286 0.0851122025553	28
42 86 0.00791875 0.0964461957226	32
43.5 86 0.0427955555556 0.103187270082	45
45 86 -0.00705405405405 0.0906195575978	37
46.5 86 0.00679393939394 0.0691985997844	33
48 86 -0.00237096774194 0.0774474410748	31
49.5 86 -0.00779 0.0844043765321	10
51 86 0.0553857142857 0.107387779965	21
52.5 86 0.0467878787879 0.0911739812034	33
54 86 -0.0505927272727 0.0828699513395	55
55.5 86 -0.00259811320755 0.0875946948924	53
57 86 0.024978 0.104000086911	50
58.5 86 0.01744 0.0915081923804	45
60 86 0.00447692307692 0.0666667102564	13
61.5 86 0.060245 0.0499733241998	20
63 86 0.0345230769231 0.0992455469517	13
64.5 86 0.0788666666667 0.0651682840669	48
66 86 0.0383018181818 0.080381457441	55
67.5 86 0.0467333333333 0.0840301366157	39
69 86 0.0238285714286 0.0583068810772	7
70.5 86 -0.0313888888889 0.105423733623	9
72 86 0.0304266666667 0.0549721938369	15
75 86 0.117123529412 0.0829974512366	17
76.5 86 0.0081 0.0760874934971	10
78 86 0.13092 0.0776452885456	25
79.5 86 0.00112222222222 0.0950949627711	9
81 86 0.103096774194 0.0895139560213	31
82.5 86 0.128373333333 0.0639271901178	45
84 86 -0.0788 0.115393089048	5
88.5 86 0.127936666667 0.0508978658406	30
90 86 0.13424 0.0397972109576	5
91.5 86 0.0634583333333 0.109085524899	12
93 86 0.106 0.056145400524	11
94.5 86 0.07615 0.0928141315924	44
96 86 0.0866666666667 0.0891550522031	3
99 86 0.0207 NaN	1
100.5 86 -0.0103272727273 0.0946644610285	11
105 86 0.1333 0.0495385203655	9
106.5 86 0.13845 0.0686214446559	16
112.5 86 0.103716666667 0.0466069701511	6
114 86 0.03025 0.0736755441106	26
115.5 86 0.0294666666667 0.0454818517717	24
117 86 0.03715 0.0485397775026	4
118.5 86 0.0834228571429 0.0634143242573	35
120 86 0.09674 0.046253789034	5
121.5 86 -0.0097 NaN	1
130.5 86 0.0560111111111 0.0765474761903	9
132 86 0.0252 0.0875319578004	23
133.5 86 -0.00106666666667 0.114402462095	3
136.5 86 0.0176333333333 0.0485947871004	3
138 86 0.0522818181818 0.0898589298441	22
139.5 86 0.1689 NaN	1
141 86 0.0773214285714 0.0510357119682	56
142.5 86 0.0963596491228 0.087804478123	57
144 86 0.107325454545 0.11662012122	55
145.5 86 0.0744818181818 0.100333236812	33
147 86 0.106482608696 0.0694816041853	23
150 86 0.0949352941176 0.0948326400859	34
151.5 86 0.0952178082192 0.0974397952904	73
153 86 0.100582795699 0.0969349665718	93
154.5 86 0.108436036036 0.0769672879662	111
156 86 0.0672772727273 0.0943824045364	110
157.5 86 0.0319657894737 0.100430318122	38
159 86 0.0528483870968 0.121851042592	31
160.5 86 0.0937214285714 0.0873634823157	28
162 86 0.0551138888889 0.0892449699352	36
163.5 86 0.0891958333333 0.0854290002734	96
165 86 0.0660195121951 0.0727080580323	164
166.5 86 0.074247752809 0.0790849462523	178
168 86 0.0689311926606 0.0817856602951	218
169.5 86 0.0454780141844 0.0992638555224	141
171 86 0.0627440366972 0.0981082569402	109
172.5 86 0.0606177777778 0.0732533253632	45
174 86 0.100015384615 0.077648136339	13
175.5 86 0.16128125 0.0733854711713	32
177 86 0.168035849057 0.0651469052761	53
178.5 86 0.130292857143 0.057408458072	28
-180 85.5 0.00143333333333 0.0797461806818	3
-172.5 85.5 0.17392972973 0.0775194701882	37
-166.5 85.5 0.180484313725 0.0656361009584	51
-142.5 85.5 0.104809090909 0.0836030915044	11
-141 85.5 0.106252173913 0.0780532204165	46
-135 85.5 0.191485714286 0.0672571059954	28
-133.5 85.5 0.161497540984 0.0914420165493	122
-132 85.5 0.0995324561404 0.112387729226	114
-130.5 85.5 0.138793023256 0.102877423561	172
-129 85.5 0.158817355372 0.0856909540905	121
-123 85.5 0.13775 0.086940502644	6
-121.5 85.5 0.1455 0.0811475199868	6
-117 85.5 0.204875 0.089136678758	44
-115.5 85.5 0.101986111111 0.0710139710712	36
-103.5 85.5 0.16674 0.0695656210808	45
-102 85.5 0.2269875 0.0840011817334	24
-100.5 85.5 0.0854588235294 0.113479874381	34
-99 85.5 0.135394285714 0.101420829244	70
-97.5 85.5 0.209975213675 0.0870834953146	117
-96 85.5 0.183844230769 0.0922197247681	104
-94.5 85.5 0.264570588235 0.066667437373	17
-93 85.5 0.0683764705882 0.139737607048	34
-91.5 85.5 0.142884705882 0.0924660571095	170
-90 85.5 0.146426490066 0.0963395555328	151
-88.5 85.5 0.151563809524 0.111284833029	105
-87 85.5 0.173003030303 0.111080384853	132
-85.5 85.5 0.174490625 0.135976234757	64
-84 85.5 0.262686585366 0.123827808323	82
-82.5 85.5 0.243256521739 0.0810123718166	23
-81 85.5 0.237614880952 0.0994581238511	168
-79.5 85.5 0.231757894737 0.122492970191	171
-78 85.5 0.213796655518 0.118262493227	299
-76.5 85.5 0.189522374429 0.134858831736	219
-75 85.5 0.16364691358 0.133338066664	81
-73.5 85.5 0.110964444444 0.096377204386	45
-72 85.5 0.136944444444 0.167727776682	45
-70.5 85.5 0.222400740741 0.121224428906	135
-69 85.5 0.265591570881 0.10803680038	261
-67.5 85.5 0.17090855615 0.118401436854	187
-66 85.5 0.19655483871 0.124651215201	217
-64.5 85.5 0.172679661017 0.133747941631	118
-63 85.5 0.238933333333 0.126629602911	21
-61.5 85.5 -0.00183548387097 0.101456008688	31
-60 85.5 0.196072131148 0.146526841831	61
-58.5 85.5 0.150430188679 0.106191350482	53
-57 85.5 0.177276666667 0.122876662719	120
-55.5 85.5 0.167884541063 0.118943018309	207
-54 85.5 0.153296529968 0.102125716244	317
-52.5 85.5 0.113980088496 0.101638267518	226
-51 85.5 0.113165413534 0.119880880931	133
-49.5 85.5 0.0935043478261 0.101470543986	115
-48 85.5 0.158025 0.126660243561	88
-46.5 85.5 0.152442857143 0.10445548946	98
-45 85.5 0.0802203125 0.110969883379	128
-43.5 85.5 0.107732450331 0.100793402264	151
-42 85.5 0.0811017241379 0.1208079669	116
-40.5 85.5 0.12806173913 0.10890063762	115
-39 85.5 0.123704477612 0.0966128378332	67
-37.5 85.5 0.08223125 0.121277652345	16
-34.5 85.5 0.211692857143 0.0971543535133	14
-33 85.5 0.120855494505 0.100847929101	182
-31.5 85.5 0.0549672566372 0.0941020119362	113
-30 85.5 0.0764093596059 0.0947424406508	203
-28.5 85.5 0.0981616740088 0.0909961390935	227
-27 85.5 0.0397735294118 0.0811159031054	68
-25.5 85.5 0.03925 0.0783204561156	40
-24 85.5 0.0754363636364 0.0996330193533	11
-22.5 85.5 0.0376321428571 0.0777491867415	56
-21 85.5 0.0260319444444 0.074467761862	72
-19.5 85.5 0.0321137096774 0.0883870896421	124
-18 85.5 0.0405414012739 0.083173358534	157
-16.5 85.5 -0.00627741935484 0.101068389183	155
-15 85.5 0.0131566666667 0.0835461453467	30
-13.5 85.5 -0.00243684210526 0.0986137820576	19
-12 85.5 -0.00888888888889 0.104061609689	9
-10.5 85.5 0.0130092592593 0.0685148744862	54
-9 85.5 0.0138056 0.0747840722907	125
-7.5 85.5 -0.00716477987421 0.0822378436543	159
-6 85.5 -0.0188052631579 0.0887494996279	133
-4.5 85.5 -0.00338911564626 0.0764375339284	147
-3 85.5 0.0251054794521 0.0712467852889	73
-1.5 85.5 0.0167774193548 0.0999256447221	31
0 85.5 0.0381230769231 0.0792495547185	13
1.5 85.5 0.0308789473684 0.0734464777081	19
3 85.5 -0.01164875 0.0838748917542	80
4.5 85.5 -0.0156490196078 0.0799976258961	51
6 85.5 -0.0398294117647 0.0935683501836	102
7.5 85.5 -0.0286058823529 0.0930707575216	102
9 85.5 -0.0166981132075 0.0986375796122	53
10.5 85.5 -0.00678846153846 0.0975502035733	52
12 85.5 0.00237 0.0868221539761	20
13.5 85.5 -0.0188133333333 0.0878716910913	15
15 85.5 0.0601397260274 0.0783272759001	73
16.5 85.5 0.0505675675676 0.098070750402	74
18 85.5 0.0443413333333 0.0872072122193	75
19.5 85.5 0.0669544303797 0.0990841118955	79
21 85.5 0.071088 0.100643940256	50
22.5 85.5 0.0124666666667 0.0844927955509	9
24 85.5 -0.0962 0.0650617014841	5
25.5 85.5 0.0215384615385 0.0815447682612	13
27 85.5 0.0757037037037 0.0678808833594	54
28.5 85.5 0.065128358209 0.0826958242001	134
30 85.5 0.0235456790123 0.0955763975171	81
31.5 85.5 0.0264842105263 0.0906945732337	76
33 85.5 0.0187395348837 0.102079924661	43
34.5 85.5 0.0464090909091 0.0507109728812	22
37.5 85.5 0.0033 0.0758501593055	4
39 85.5 0.06685 0.0751574865052	28
40.5 85.5 0.0341722222222 0.0711233141636	54
42 85.5 -0.049 0.0742787939507	27
43.5 85.5 -0.0155285714286 0.0773624789084	21
45 85.5 -0.0270161764706 0.0706203040659	68
48 85.5 0.041 NaN	1
49.5 85.5 0.0635 0.0940452018978	2
51 85.5 0.06545 0.127067088579	2
52.5 85.5 0.00228378378378 0.0880097296184	37
54 85.5 -0.0463178571429 0.0972218656003	28
55.5 85.5 -0.00356071428571 0.0813450846223	56
57 85.5 0.0469970588235 0.100867057677	34
58.5 85.5 -0.02208 0.0894286407018	10
60 85.5 0.0973 NaN	1
64.5 85.5 0.0844428571429 0.103004204722	7
66 85.5 0.00913529411765 0.111485161239	17
67.5 85.5 0.03885 0.0862382634155	14
69 85.5 0.0444363636364 0.0814932924231	22
79.5 85.5 0.0859318181818 0.0872920079599	22
81 85.5 0.0867789473684 0.116730147391	19
88.5 85.5 0.0616357142857 0.115245503533	28
90 85.5 0.0265863636364 0.112307500048	22
91.5 85.5 0.0917 0.0326203413021	4
93 85.5 0.13776875 0.0728561204819	16
94.5 85.5 0.123015384615 0.0906381672026	26
102 85.5 0.133725 0.0477426695944	4
103.5 85.5 0.10854 0.0594234111534	30
106.5 85.5 0.0895 NaN	1
108 85.5 0.0969 NaN	1
114 85.5 0.0512035714286 0.0763936030003	28
115.5 85.5 0.020775 0.106794314838	12
117 85.5 -0.041625 0.0843587534623	8
118.5 85.5 0.005 0.0750891470187	4
120 85.5 -0.0157842105263 0.0788213046719	19
126 85.5 -0.0326 0.0421435641587	2
127.5 85.5 0.0841898305085 0.07663387136	59
130.5 85.5 0.1197 NaN	1
132 85.5 0.0352846153846 0.0969622249999	13
133.5 85.5 -0.1923 NaN	1
138 85.5 0.0579818181818 0.101463188898	22
139.5 85.5 0.114271794872 0.0922410491169	78
141 85.5 0.0609509803922 0.0981443352875	51
142.5 85.5 0.0405524590164 0.100563617686	61
144 85.5 0.0496276595745 0.0694298040943	47
145.5 85.5 0.11230625 0.0606674373806	16
147 85.5 0.05095 0.12131507326	6
150 85.5 0.0832857142857 0.103553197739	7
151.5 85.5 0.0549018518519 0.0881212618439	54
153 85.5 0.0567848484848 0.103866811524	66
154.5 85.5 0.0974301075269 0.0751896671106	93
156 85.5 0.0945381818182 0.088706359196	110
157.5 85.5 0.0696219512195 0.0968575969147	82
159 85.5 0.04932 0.0783751892228	15
160.5 85.5 0.0280722222222 0.0855710630416	18
162 85.5 0.0422571428571 0.11877766144	7
163.5 85.5 0.091088172043 0.0728549763295	93
165 85.5 0.0877040229885 0.0837700115746	174
166.5 85.5 0.0863157894737 0.0843562955292	228
168 85.5 0.093899382716 0.0981856581539	324
169.5 85.5 0.0605234375 0.0867188469393	320
171 85.5 0.0417356164384 0.0937792027086	146
172.5 85.5 0.0410976190476 0.0910344076037	84
174 85.5 0.0745512195122 0.073131142894	41
177 85.5 0.138839473684 0.0620049498437	38
178.5 85.5 0.055025 0.106062855506	12
-177 85 0.11274375 0.102177459802	16
-175.5 85 0.110881609195 0.0748080808481	87
-174 85 0.131024479167 0.074869254797	192
-172.5 85 0.127725581395 0.0747575031624	86
-171 85 -0.0187833333333 0.113197516168	6
-166.5 85 0.0660647058824 0.0896127288753	17
-165 85 0.0778236842105 0.0927643607835	76
-163.5 85 0.112841558442 0.0883060562247	77
-162 85 0.136526785714 0.0693451669446	56
-160.5 85 0.134296226415 0.0707101286463	53
-153 85 0.159533333333 0.0712015074747	6
-151.5 85 0.121372916667 0.0633808506539	48
-150 85 0.143917647059 0.0764192285351	68
-148.5 85 0.111906060606 0.0841366231039	66
-141 85 0.11609245283 0.134830925249	53
-139.5 85 0.120917777778 0.101602774133	135
-138 85 0.109592592593 0.115822477069	81
-136.5 85 0.126078947368 0.11069324324	133
-135 85 0.118375630252 0.0978054207766	119
-133.5 85 0.175876923077 0.0360181934085	13
-127.5 85 0.10456 0.0726042905068	5
-126 85 0.115211504425 0.107877815103	113
-124.5 85 0.177636904762 0.129283502965	168
-123 85 0.184501754386 0.0942975675554	57
-121.5 85 0.148503225806 0.0908002330536	31
-117 85 0.221121428571 0.0699572526462	14
-115.5 85 0.197481690141 0.0922282364877	142
-114 85 0.172172277228 0.109885238425	101
-112.5 85 0.142838461538 0.122726415563	117
-111 85 0.148708597285 0.109115416661	221
-109.5 85 0.166927777778 0.0942004054325	54
-108 85 0.121216666667 0.148221730914	12
-103.5 85 0.0803888888889 0.105384776468	9
-102 85 0.18392513089 0.113966961957	191
-100.5 85 0.153591810345 0.11487870913	232
-99 85 0.147769125683 0.107658219483	366
-97.5 85 0.145090555556 0.114132678593	360
-96 85 0.135145070423 0.116965024754	213
-94.5 85 0.146945588235 0.125316051922	136
-93 85 0.181624 0.0903042792592	100
-91.5 85 0.210057575758 0.110900658333	66
-90 85 0.196971014493 0.127385574361	138
-88.5 85 0.184114948454 0.127211572506	194
-87 85 0.143478896104 0.122641872015	308
-85.5 85 0.190709482759 0.120106246898	348
-84 85 0.190510126582 0.123554302474	237
-82.5 85 0.18555625 0.124366682565	176
-81 85 0.218754477612 0.103671742378	134
-79.5 85 0.164634722222 0.116177364598	72
-78 85 0.205205 0.101150023005	40
-76.5 85 0.188875539568 0.1057840183	139
-75 85 0.135172483221 0.117170685649	149
-73.5 85 0.162201612903 0.107485145935	248
-72 85 0.163854489164 0.0936903112014	323
-70.5 85 0.168214788732 0.081353875114	284
-69 85 0.190324778761 0.0845774669556	226
-67.5 85 0.14932027027 0.105965946946	74
-66 85 0.145264 0.12809347134	25
-64.5 85 0.203083035714 0.0962037036319	112
-63 85 0.161807608696 0.113110296491	92
-61.5 85 0.171637799043 0.227855039859	209
-60 85 0.089123255814 0.104773192595	215
-58.5 85 0.114721818182 0.113638882512	165
-57 85 0.138451685393 0.103388455607	89
-55.5 85 0.128767857143 0.120172447244	28
-54 85 0.0550181818182 0.105327378683	55
-52.5 85 0.133913953488 0.117316847289	43
-51 85 0.103496774194 0.109791037245	124
-49.5 85 0.0722529100529 0.100028794549	189
-48 85 0.103026857143 0.117015276627	175
-46.5 85 0.120173604061 0.1364016208	197
-45 85 0.0743253731343 0.122121171003	67
-43.5 85 0.00646315789474 0.108187610764	19
-42 85 0.138316666667 0.0842902940241	6
-40.5 85 0.18132992126 0.105626511309	127
-39 85 0.131743877551 0.112955143059	98
-37.5 85 0.17942745098 0.132203043716	153
-36 85 0.156795901639 0.156388346038	122
-34.5 85 0.213306481481 0.151631393485	108
-33 85 0.126707692308 0.138742100094	26
-31.5 85 0.0673857142857 0.127380550956	7
-30 85 0.100314285714 0.12731615485	21
-28.5 85 0.106679411765 0.0834736093049	68
-27 85 0.0576564516129 0.113756035503	62
-25.5 85 0.0500091743119 0.0942783993379	109
-24 85 0.014406185567 0.0813241274859	97
-22.5 85 0.0304086419753 0.0919580436905	81
-21 85 0.00101666666667 0.132040908242	24
-19.5 85 -0.0455 0.0594572535524	5
-18 85 0.11 NaN	1
-16.5 85 -0.00743770491803 0.0914938525511	61
-15 85 0.0329829457364 0.0849001280219	129
-13.5 85 0.0211311355311 0.0752592847836	273
-12 85 0.0159826347305 0.0812696382065	167
-10.5 85 0.0153805970149 0.0712589975615	134
-9 85 0.0410836065574 0.0650531454026	61
-7.5 85 0.00313333333333 0.11655612252	12
-4.5 85 0.00705882352941 0.0806606786082	17
-3 85 -0.00448055555556 0.0806314489077	108
-1.5 85 0.00638141025641 0.0854911833254	156
0 85 -0.00116266666667 0.0893673773089	150
1.5 85 -0.0238777777778 0.0823310769426	108
3 85 0.000331111111111 0.0868342303217	45
4.5 85 -0.0225209302326 0.091244022787	43
6 85 -0.00597 0.0739097655553	10
7.5 85 0.0606380952381 0.0760340547136	21
9 85 0.0197581818182 0.0800537081079	55
10.5 85 -0.0227031746032 0.0902105082361	63
12 85 0.00164956521739 0.0933935385776	115
13.5 85 0.0124835294118 0.0988658926298	85
15 85 0.0450821428571 0.0938391088618	84
16.5 85 -0.0287888888889 0.111327887841	9
18 85 -0.01625 0.098358553263	2
19.5 85 -0.018 0.0974393144475	2
21 85 0.102863157895 0.0970956413401	19
22.5 85 0.0360309859155 0.0905470179229	71
24 85 0.018308974359 0.0735557358882	78
25.5 85 0.0431777777778 0.0715254309046	153
27 85 0.00317571428571 0.0690560797851	70
28.5 85 0.0322259259259 0.0669845251509	27
30 85 -0.00318571428571 0.0554550998127	7
31.5 85 0.0747888888889 0.0558878216708	9
33 85 0.0216652173913 0.0936004060243	23
34.5 85 0.0337724637681 0.069276856937	69
36 85 -0.0145763636364 0.0784085642612	55
37.5 85 0.0319482758621 0.0634391520627	87
39 85 0.0316756097561 0.067643047612	41
40.5 85 -0.05195 0.100197030894	2
42 85 -0.0272 0.0927714755012	7
45 85 -0.063875 0.0978583116892	4
46.5 85 -0.00983333333333 0.0384398664583	3
48 85 -0.0104692307692 0.0769359515508	13
49.5 85 -0.00215 0.0665589337855	10
51 85 -0.0318909090909 0.0925973717054	22
52.5 85 0.0621727272727 0.140193595367	11
57 85 -0.025 0.0735391052434	2
60 85 0.0811 NaN	1
82.5 85 0.134917391304 0.0888936169719	23
84 85 0.0926911764706 0.0631993256947	34
85.5 85 0.0681194444444 0.067667400125	36
87 85 0.0804254901961 0.0854490487791	51
88.5 85 0.0724666666667 0.0602594280314	6
96 85 0.06174 0.0570977933024	5
97.5 85 0.154925 0.0492974897941	4
99 85 0.119171428571 0.0388355813778	7
100.5 85 0.03435 0.0891812168814	10
108 85 0.0220714285714 0.0513717728682	7
109.5 85 0.05561875 0.075101091179	48
111 85 0.0527774193548 0.0615368433405	62
112.5 85 0.0479461538462 0.0794100909873	39
114 85 0.0658066666667 0.0988930698501	30
120 85 0.0103307692308 0.0640902538693	13
121.5 85 0.025619047619 0.121292412724	42
123 85 0.07308 0.128206130899	5
124.5 85 0.022468 0.100373588492	25
126 85 0.0456461538462 0.0955906197522	26
127.5 85 0.06645 0.00106066017178	2
132 85 0.111266666667 0.0883230622959	3
133.5 85 0.0267181818182 0.115369231758	11
135 85 0.0056 NaN	1
136.5 85 0.055721875 0.101116546409	32
138 85 0.0551111111111 0.0952370039853	18
139.5 85 0.0942714285714 0.0850791796692	14
144 85 0.06718 0.0835884407593	15
145.5 85 0.0261489361702 0.076876238406	47
147 85 0.0636255319149 0.0841149794551	47
148.5 85 0.0106636363636 0.0677527616408	22
150 85 0.0196617647059 0.112386025807	34
151.5 85 0.0191557692308 0.110277641439	52
153 85 -0.0938 NaN	1
157.5 85 0.104558333333 0.0968658628145	12
159 85 0.101786792453 0.104384470726	106
160.5 85 0.0453036231884 0.105234108435	138
162 85 0.0890467391304 0.0925897248499	184
163.5 85 0.0679893442623 0.0966677378364	122
165 85 0.06033 0.0899277318465	90
166.5 85 0.0250074074074 0.0964564904939	27
168 85 -0.0541391304348 0.0662237237025	23
169.5 85 0.0910234375 0.0827761692993	64
171 85 0.0624221052632 0.0957063018212	95
172.5 85 0.0738936842105 0.0877872958997	95
174 85 0.0388032258065 0.106901420916	93
175.5 85 0.0918982300885 0.0951602342127	113
177 85 0.0786060606061 0.0996853297237	33
178.5 85 0.0766392156863 0.0923763434618	51
-177 84.5 0.0942702702703 0.106523001858	37
-175.5 84.5 0.101911764706 0.112299354445	102
-174 84.5 0.0920582608696 0.0976720968969	230
-172.5 84.5 0.088204950495 0.0777958520889	202
-171 84.5 0.118426829268 0.0875548999896	41
-165 84.5 -0.1762 NaN	1
-163.5 84.5 0.107341958042 0.0872954981759	143
-162 84.5 0.0938831967213 0.0974793472081	244
-160.5 84.5 0.104534259259 0.0825560924599	216
-159 84.5 0.0801 0.0792086775549	101
-157.5 84.5 0.0840533333333 0.104692896926	15
-156 84.5 0.0485444444444 0.0909368752365	9
-153 84.5 0.0649 NaN	1
-151.5 84.5 0.127701639344 0.131446645059	61
-150 84.5 0.107576923077 0.0820197324459	221
-148.5 84.5 0.116091121495 0.0818663973191	214
-147 84.5 0.103526732673 0.078944006601	101
-145.5 84.5 0.0720780821918 0.0931071504095	73
-144 84.5 0.1437 0.087243129725	39
-142.5 84.5 0.131402777778 0.0444797962875	36
-139.5 84.5 0.189115151515 0.105404595847	33
-138 84.5 0.100819148936 0.11412955234	235
-136.5 84.5 0.116209219858 0.109085316378	282
-135 84.5 0.104522222222 0.111987787156	162
-133.5 84.5 0.1130375 0.0824941138149	40
-127.5 84.5 0.1707 0.100966525298	79
-126 84.5 0.139758783784 0.115487079661	148
-124.5 84.5 0.12586779661 0.114430719207	354
-123 84.5 0.141617528736 0.107583134037	348
-121.5 84.5 0.129206521739 0.116117678019	184
-120 84.5 0.145113114754 0.149592374444	61
-118.5 84.5 0.0603615384615 0.102218520325	13
-114 84.5 0.161965662651 0.13272928325	166
-112.5 84.5 0.15448006993 0.121887202333	286
-111 84.5 0.119480816327 0.120071083111	245
-109.5 84.5 0.125024749164 0.119119656114	299
-108 84.5 0.112277253219 0.113949980509	233
-106.5 84.5 0.111662222222 0.114392971004	90
-103.5 84.5 -0.092 NaN	1
-102 84.5 0.115076041667 0.101146169108	96
-100.5 84.5 0.0866128205128 0.0977790997642	156
-99 84.5 0.157239892183 0.114689170883	371
-97.5 84.5 0.168979522184 0.111341415529	293
-96 84.5 0.158472596154 0.142325212982	208
-94.5 84.5 0.161478723404 0.1150995059	141
-93 84.5 0.16784 0.148068850714	30
-90 84.5 0.15616875 0.0820610806554	16
-88.5 84.5 0.180211184211 0.133325485086	152
-87 84.5 0.180814396887 0.114668639742	257
-85.5 84.5 0.176809302326 0.116299114083	344
-84 84.5 0.17706557971 0.11902864381	276
-82.5 84.5 0.0975525510204 0.108276937638	196
-81 84.5 0.1230703125 0.0826100471996	64
-78 84.5 0.108304 0.126119686806	25
-76.5 84.5 0.126734117647 0.100700549193	85
-75 84.5 0.0981642533937 0.0995417218969	221
-73.5 84.5 0.0758841155235 0.0932643599331	277
-72 84.5 0.08970562249 0.0988106047619	249
-70.5 84.5 0.0580152777778 0.0934050734007	144
-69 84.5 0.0235604395604 0.0813960234889	91
-67.5 84.5 0.0356 NaN	1
-64.5 84.5 0.0638464285714 0.0807924433518	84
-63 84.5 0.0803934497817 0.0895986499393	229
-61.5 84.5 0.0539536290323 0.08374002803	248
-60 84.5 0.0656053254438 0.0996394829327	338
-58.5 84.5 0.0759126984127 0.091686711267	315
-57 84.5 0.0402240310078 0.104376448923	129
-55.5 84.5 0.13896 0.0461895334464	5
-52.5 84.5 0.0580171428571 0.0987101147619	35
-51 84.5 0.0896601694915 0.0942441565804	118
-49.5 84.5 0.109788965517 0.122586729002	145
-48 84.5 0.0928598484848 0.129383095195	132
-46.5 84.5 0.115721367521 0.131203373872	117
-45 84.5 0.0209113207547 0.125920893452	53
-43.5 84.5 -0.00285714285714 0.0822817488297	7
-40.5 84.5 0.0631666666667 0.196578135441	3
-39 84.5 0.142057142857 0.127620100449	112
-37.5 84.5 0.139145731707 0.130724842552	164
-36 84.5 0.119763190184 0.107189341508	163
-34.5 84.5 0.19014964539 0.118654667372	141
-33 84.5 0.137920149254 0.115788604228	134
-31.5 84.5 0.105863157895 0.154659440243	19
-28.5 84.5 -0.062 NaN	1
-27 84.5 0.116821238938 0.145790590067	113
-25.5 84.5 0.0829688172043 0.123052350099	93
-24 84.5 0.109113071895 0.137505625575	153
-22.5 84.5 0.167066666667 0.0982332189543	99
-21 84.5 0.104942857143 0.102398352708	14
-16.5 84.5 -0.00800344827586 0.0870986201414	29
-15 84.5 -0.0108556521739 0.0855955085632	115
-13.5 84.5 0.0135985074627 0.087708279813	201
-12 84.5 0.0104559241706 0.0827844832509	211
-10.5 84.5 -0.0106019480519 0.0790655841532	154
-9 84.5 -0.00485882352941 0.0671282546587	17
-7.5 84.5 0.05285 0.0580838064475	8
-3 84.5 -0.0318770833333 0.0772196817585	48
-1.5 84.5 -0.0384040268456 0.0764655830363	149
0 84.5 -0.0203720588235 0.0775382712031	204
1.5 84.5 0.0110616438356 0.0863194834936	73
3 84.5 0.00354285714286 0.0647256223645	7
9 84.5 0.023194 0.0762633766386	50
10.5 84.5 0.0303914141414 0.0760607183116	198
12 84.5 0.0367831081081 0.0859037155901	148
13.5 84.5 0.0551729323308 0.0689484558552	133
15 84.5 0.0292733333333 0.0809871547722	15
16.5 84.5 0.074625 0.0604806580652	16
18 84.5 0.1317 NaN	1
19.5 84.5 -0.0126 0.122266512177	5
21 84.5 0.05445 0.0746263487186	14
22.5 84.5 0.0389297709924 0.0677708726799	131
24 84.5 0.0474127659574 0.0643237054864	188
25.5 84.5 0.0541696629213 0.0682511644997	89
27 84.5 0.0376041666667 0.0806880492157	24
34.5 84.5 0.0310896551724 0.0592314066355	29
36 84.5 0.0110234042553 0.0697711202643	47
37.5 84.5 0.0504333333333 0.0791973026916	24
39 84.5 0.1323 NaN	1
48 84.5 0.0467 0.0318515305755	3
49.5 84.5 0.0469454545455 0.0454240985301	11
60 84.5 -0.0211 NaN	1
61.5 84.5 0.062175 0.0367522675037	4
72 84.5 -0.06625 0.0357088924499	2
85.5 84.5 0.06631 0.0481603675235	10
97.5 84.5 0.0520833333333 0.0344933151187	12
108 84.5 0.0554 0.0319612265096	2
109.5 84.5 0.027225 0.0526461796076	12
111 84.5 0.0371844660194 0.0630113618097	103
112.5 84.5 0.0830061538462 0.0777955230013	65
121.5 84.5 0.0138290322581 0.0890285317321	31
123 84.5 0.0115451612903 0.0723682565711	31
124.5 84.5 0.0699833333333 0.0473939714459	18
133.5 84.5 0.102905555556 0.0730726751233	18
135 84.5 0.0389642857143 0.0715684568158	14
136.5 84.5 0.0430142857143 0.0955720047673	7
138 84.5 -0.00697 0.103166791061	10
147 84.5 0.0696952380952 0.0872192551917	21
148.5 84.5 0.0507611764706 0.0892278785365	85
150 84.5 0.0975857142857 0.0353114442531	7
159 84.5 0.0714266666667 0.0937889128939	45
160.5 84.5 0.089452991453 0.0836157782634	117
162 84.5 0.0865993630573 0.0997421512218	157
163.5 84.5 0.0899862385321 0.0775759824276	109
165 84.5 0.0908 0.128685111804	11
171 84.5 0.0747529411765 0.115294330159	34
172.5 84.5 0.0674252747253 0.0960205632993	91
174 84.5 0.0762902439024 0.108333009981	123
175.5 84.5 0.0942887179487 0.099748207621	195
177 84.5 0.080834351145 0.0999076741266	131
178.5 84.5 0.0389125 0.102898152663	8
-180 84 0.0026 0.0703891184772	11
-178.5 84 0.052909375 0.113184594755	32
-177 84 0.109079365079 0.118011402072	63
-175.5 84 0.101518604651 0.112663357488	86
-174 84 0.0748419047619 0.109109577755	105
-172.5 84 0.0670633986928 0.0864160992186	153
-171 84 0.0784730769231 0.07917016963	78
-169.5 84 0.115006976744 0.107466210056	86
-168 84 0.13570877193 0.0926588140143	57
-166.5 84 0.0499485714286 0.0949541670413	70
-165 84 0.102918181818 0.103615968176	88
-163.5 84 0.119807909605 0.104615961892	177
-162 84 0.121360544218 0.0841012066092	147
-160.5 84 0.077206185567 0.0998095505771	194
-159 84 0.127789772727 0.0963781644557	88
-157.5 84 0.130574431818 0.082078493266	176
-156 84 0.0816971962617 0.0804369616743	107
-154.5 84 0.0895849056604 0.0627185330119	53
-153 84 0.148848235294 0.0988605663257	85
-151.5 84 0.134608270677 0.0822654038676	133
-150 84 0.115829365079 0.0774689750209	126
-148.5 84 0.0790865384615 0.0852419617913	104
-147 84 0.110117521368 0.0793333002232	234
-145.5 84 0.111596216216 0.0890753017833	185
-144 84 0.0935769230769 0.0937670468445	104
-142.5 84 0.122411956522 0.0913598594647	92
-141 84 0.120108391608 0.0886662769122	143
-139.5 84 0.137710447761 0.110729155623	134
-138 84 0.12765942029 0.105688681822	138
-136.5 84 0.125425568182 0.114987652876	176
-135 84 0.106170760234 0.122924800872	171
-133.5 84 0.134666942149 0.120870454336	121
-132 84 0.0504354166667 0.108379703858	48
-130.5 84 0.0651977777778 0.107455105824	45
-129 84 0.143478125 0.100202452273	32
-127.5 84 0.150195412844 0.146528449636	109
-126 84 0.121664583333 0.0877187443339	144
-124.5 84 0.0854169014085 0.1102195873	71
-123 84 0.0874159090909 0.103629709037	220
-121.5 84 0.119150802139 0.109386131381	187
-120 84 0.115648901099 0.103603077952	182
-118.5 84 0.0907547619048 0.0969938456036	168
-117 84 0.0892363636364 0.102687784748	33
-115.5 84 0.181075287356 0.125101247406	174
-114 84 0.10449223301 0.118239218046	103
-112.5 84 0.0757833333333 0.10310368651	156
-111 84 0.104717929293 0.119537182634	396
-109.5 84 0.0843593406593 0.106116330389	182
-108 84 0.102105223881 0.0967989283458	134
-106.5 84 0.099932 0.0961090320228	100
-105 84 0.0777405063291 0.102335861723	79
-103.5 84 0.0545022222222 0.108847919695	135
-102 84 0.104382467532 0.104734738157	154
-100.5 84 0.0867553571429 0.0921378822223	112
-99 84 0.110446979866 0.0720687636698	149
-97.5 84 0.0953654054054 0.089515743654	185
-96 84 0.130155263158 0.0990264933641	114
-94.5 84 0.087504 0.117557578345	100
-93 84 0.0363795918367 0.107308433925	49
-91.5 84 0.1053 0.096179653328	8
-90 84 0.105092 0.102806151441	125
-88.5 84 0.0732155844156 0.120898078067	77
-87 84 0.153366964286 0.116224698797	112
-85.5 84 0.131962222222 0.107483678966	270
-84 84 0.0818875912409 0.101578053475	137
-82.5 84 0.0668778947368 0.0982088787629	95
-81 84 0.0768792079208 0.0967206475545	101
-79.5 84 0.0867683673469 0.105415002744	98
-78 84 0.0436371794872 0.0900168499508	78
-76.5 84 0.0594286585366 0.0883957496724	164
-75 84 0.0710906666667 0.0669500939513	150
-73.5 84 0.0324328282828 0.0743921560127	198
-72 84 0.00896330645161 0.0844494419358	248
-70.5 84 0.0918804123711 0.0882620596566	97
-69 84 0.0703423728814 0.0903151229698	118
-67.5 84 0.0178706349206 0.0778558792308	126
-66 84 -0.00197808219178 0.076978864788	73
-64.5 84 0.0557223140496 0.0902922998633	121
-63 84 0.027834502924 0.0918055690491	171
-61.5 84 0.0324410596026 0.0951238774581	302
-60 84 0.0285060913706 0.0887793674519	197
-58.5 84 0.0318566433566 0.0999944171395	143
-57 84 0.0138240601504 0.0757824859338	133
-55.5 84 0.0288986013986 0.0941064807351	143
-54 84 0.0561246376812 0.103609404249	69
-52.5 84 0.082161682243 0.0837782784079	107
-51 84 0.0700887096774 0.0876496056319	124
-49.5 84 0.0517452380952 0.0993639408294	126
-48 84 0.0254920634921 0.134916771599	63
-46.5 84 0.118341463415 0.113547263884	123
-45 84 0.129893162393 0.106706594766	117
-43.5 84 0.145877319588 0.152492860151	97
-42 84 0.105059322034 0.152511676341	59
-40.5 84 0.102264615385 0.12196930253	65
-39 84 0.120434615385 0.124780841423	52
-37.5 84 0.0272568181818 0.10166512836	44
-36 84 0.0470084745763 0.106546851097	59
-34.5 84 0.140552307692 0.13422367422	65
-33 84 0.0690235294118 0.106063604322	17
-31.5 84 0.0272571428571 0.108912975308	7
-28.5 84 0.153697674419 0.140930502103	43
-27 84 0.155281578947 0.0997617969865	38
-25.5 84 0.127453333333 0.13637359331	15
-24 84 0.210184057971 0.133144414766	69
-22.5 84 0.13717804878 0.162795549295	82
-21 84 0.223545 0.126291526726	120
-19.5 84 0.1396625 0.135469168039	24
-18 84 0.155705263158 0.127463811981	57
-16.5 84 0.0902386138614 0.134567743513	101
-15 84 0.0913402173913 0.107255308083	92
-13.5 84 -0.0167513513514 0.0975685218524	37
-12 84 0.0271578125 0.0868269393582	64
-10.5 84 0.0383217054264 0.0854382241751	129
-9 84 0.0119917808219 0.0872524573889	73
-7.5 84 0.0170605263158 0.0668163013751	38
-6 84 0.18535 0.00742462120246	2
-4.5 84 0.0307245283019 0.0535293589669	53
-3 84 0.00908076923077 0.077276505274	104
-1.5 84 0.0328636363636 0.0627839689838	33
0 84 0.0378277777778 0.0619420583672	18
1.5 84 0.0317176470588 0.068177677453	119
3 84 0.0802184210526 0.065891257381	114
4.5 84 0.0551266666667 0.0654313868182	15
7.5 84 0.0799557575758 0.0551185201396	165
9 84 0.0470204819277 0.0740762150663	166
10.5 84 0.0423164179104 0.0767817560342	67
12 84 0.0330585365854 0.0808221596334	41
13.5 84 0.117026190476 0.0639033497445	126
15 84 0.14531734104 0.0606562928337	173
16.5 84 0.092825 0.0439359883402	36
19.5 84 -0.01315 0.0692257538782	2
21 84 0.11812 0.0826622066495	50
22.5 84 0.0931844444444 0.0901341852098	45
24 84 0.10495 0.0431840634185	4
25.5 84 0.05575 0.0586229662668	24
27 84 0.0416714285714 0.0388029944843	7
31.5 84 0.1087 NaN	1
33 84 0.0551 0.0657978666771	28
34.5 84 0.0272909090909 0.0947256190747	11
39 84 0.0609 NaN	1
46.5 84 0.0579 NaN	1
48 84 0.0031 NaN	1
87 84 0.160675 0.0238911943332	4
100.5 84 0.0730428571429 0.057928630145	7
106.5 84 0.0747 0.067677396522	3
108 84 0.0796 0.0635068500242	3
112.5 84 0.0962785714286 0.0879510990273	28
114 84 0.0702 0.0894532885552	49
120 84 0.115788888889 0.117208039721	18
121.5 84 -0.0098 0.0930213953884	4
123 84 -0.03796 0.118931505498	5
124.5 84 0.062544 0.0896097794142	25
126 84 0.0377333333333 0.0758409017678	15
132 84 0.0087 NaN	1
133.5 84 0.023775 0.0657769770838	8
136.5 84 -0.0198666666667 0.0750232852742	3
138 84 0.11522 0.0642958998447	20
139.5 84 -0.02915 0.115702650503	4
144 84 -0.1575 NaN	1
145.5 84 0.0837941176471 0.103839476761	34
147 84 0.0038619047619 0.0787012927225	21
150 84 0.0845 0.095013850665	23
151.5 84 0.12595 0.0387035939135	12
157.5 84 0.0768863636364 0.0942230853093	22
159 84 0.0995714285714 0.075313738214	42
162 84 0.128554878049 0.0781854761424	82
163.5 84 0.132477647059 0.103382310387	170
165 84 0.1433075 0.0771890507993	80
166.5 84 0.119517948718 0.093766056971	78
169.5 84 0.098701 0.0880268743342	100
171 84 0.0996544117647 0.0783150038689	68
172.5 84 0.109809230769 0.108812287799	65
174 84 0.105449315068 0.0931849342903	73
175.5 84 0.0888313432836 0.116214875709	67
177 84 0.0629734375 0.119375583425	64
178.5 84 0.0278333333333 0.120731594751	24
-180 83.5 0.105398561151 0.101113919099	139
-178.5 83.5 0.0998686046512 0.112773325237	86
-177 83.5 0.119025555556 0.0855369130661	90
-175.5 83.5 0.103761111111 0.100023222618	54
-174 83.5 0.0566666666667 0.10688928492	27
-172.5 83.5 0.120645454545 0.166423870665	11
-171 83.5 0.0309476190476 0.107527564788	42
-169.5 83.5 0.0689147727273 0.102238328215	88
-168 83.5 0.0748274509804 0.103709340745	102
-166.5 83.5 0.0877084033613 0.0992803807234	119
-165 83.5 0.100189937107 0.0994853161323	159
-163.5 83.5 0.11693125 0.073144851249	80
-162 83.5 0.15964 0.030623977534	5
-160.5 83.5 0.1078 0.0866759354018	10
-159 83.5 0.119255045872 0.110164874322	109
-157.5 83.5 0.143913612565 0.0902744780803	191
-156 83.5 0.0962059210526 0.0795855175297	152
-154.5 83.5 0.0903192439863 0.077612927119	291
-153 83.5 0.0906971428571 0.0854466086093	175
-151.5 83.5 0.106739726027 0.0788583976007	73
-150 83.5 0.0951152542373 0.0602458263358	59
-148.5 83.5 0.107147761194 0.0794118710273	67
-147 83.5 0.135697916667 0.0832623576914	48
-145.5 83.5 0.143447317073 0.0801502458935	205
-144 83.5 0.0955844594595 0.0845877242286	148
-142.5 83.5 0.115667179487 0.0967571572234	195
-141 83.5 0.102733333333 0.086032348866	228
-139.5 83.5 0.110400581395 0.113652103042	172
-138 83.5 0.0948388235294 0.0924448639977	85
-136.5 83.5 0.169975 0.0361177126444	4
-135 83.5 0.116715909091 0.126934537135	44
-133.5 83.5 0.126832 0.124128891834	150
-132 83.5 0.100726712329 0.117064238357	146
-130.5 83.5 0.078402173913 0.111197324751	138
-129 83.5 0.105117622951 0.11727555631	244
-127.5 83.5 0.0989098837209 0.108901215315	172
-126 83.5 0.0913734375 0.0937062875737	64
-124.5 83.5 0.0856675675676 0.0983787495517	37
-121.5 83.5 0.115247904192 0.1137843976	167
-120 83.5 0.109688990826 0.113856841829	218
-118.5 83.5 0.0777695454545 0.096298054385	220
-117 83.5 0.103946073298 0.108846007943	191
-115.5 83.5 0.0882603773585 0.103118700608	106
-114 83.5 0.0754503448276 0.103408689676	145
-112.5 83.5 0.0912627659574 0.0969050005745	94
-111 83.5 -0.0425 NaN	1
-109.5 83.5 0.0688489583333 0.0978496225362	96
-108 83.5 0.095387755102 0.0916171926334	147
-106.5 83.5 0.05203 0.104332952608	50
-105 83.5 0.0624054545455 0.10198871067	165
-103.5 83.5 0.0531893333333 0.0968096029034	150
-102 83.5 0.0733058252427 0.0960977788661	103
-100.5 83.5 0.054787654321 0.0883553880399	81
-99 83.5 0.0406535211268 0.0814948338958	71
-97.5 83.5 0.0964242424242 0.0778193020332	33
-96 83.5 0.0319852941176 0.107135595568	34
-94.5 83.5 0.0532226086957 0.0876951128496	115
-93 83.5 0.0735834532374 0.0857164846381	139
-91.5 83.5 0.0484212871287 0.0992131285062	202
-90 83.5 0.0993533333333 0.080119362157	195
-88.5 83.5 0.0560763779528 0.0989595142941	127
-87 83.5 0.0566013986014 0.0861433933821	143
-85.5 83.5 0.0806475409836 0.0970138265173	61
-84 83.5 0.102241666667 0.100294433018	108
-82.5 83.5 0.0653419047619 0.0863670830513	105
-81 83.5 0.0597793103448 0.101670792878	145
-79.5 83.5 0.0176243243243 0.0933345430935	74
-78 83.5 0.0129268292683 0.0919010936398	41
-76.5 83.5 0.0765826086957 0.12776789557	23
-75 83.5 0.0474555555556 0.104710270869	36
-73.5 83.5 0.0378 0.0845882748967	17
-72 83.5 0.0456714285714 0.104859334348	49
-70.5 83.5 0.0157315217391 0.0994842092825	92
-69 83.5 0.0213420454545 0.0944224728773	88
-67.5 83.5 -0.00793468208092 0.0858913704111	173
-66 83.5 -0.0179283185841 0.0915361353968	226
-64.5 83.5 -0.0377645454545 0.0827356446556	110
-63 83.5 -0.0383305194805 0.0891686903402	154
-61.5 83.5 -0.0102025 0.0708972086572	120
-60 83.5 0.0234033898305 0.0693644571762	59
-58.5 83.5 0.0632154929577 0.0876428917302	71
-57 83.5 0.0338636363636 0.0871432204327	110
-55.5 83.5 0.0324206557377 0.100446905978	305
-54 83.5 0.047594 0.108259212969	250
-52.5 83.5 0.0367754807692 0.0916110372691	208
-51 83.5 -0.0087201183432 0.086708857116	169
-49.5 83.5 0.0331614285714 0.0873167817475	70
-46.5 83.5 0.14467962963 0.15476097258	54
-45 83.5 0.111532 0.138011283833	50
-43.5 83.5 0.148508823529 0.123474810013	34
-42 83.5 0.0559352941176 0.0989143059748	17
-22.5 83.5 0.1637 NaN	1
-21 83.5 0.227111111111 0.151687578883	36
-19.5 83.5 0.246096875 0.125116456188	64
-18 83.5 0.1651 0.124455183775	178
-16.5 83.5 0.153930434783 0.127804221061	138
-15 83.5 0.12440862069 0.126647272686	58
-13.5 83.5 0.0783285714286 0.14036462212	21
-12 83.5 0.0247555555556 0.0963421978417	18
-10.5 83.5 0.0547041666667 0.100849502506	24
-9 83.5 0.077852739726 0.0997579257556	146
-7.5 83.5 0.0341774193548 0.0749272533123	93
-6 83.5 0.0644538461538 0.0756112191276	130
-4.5 83.5 0.018963 0.0908975132229	100
-3 83.5 0.0382142857143 0.0588398635879	42
-1.5 83.5 0.0176909090909 0.10733358705	11
0 83.5 0.102766666667 0.0254405843748	3
1.5 83.5 0.0374384615385 0.0694881589249	13
3 83.5 0.039262037037 0.0708362092813	108
4.5 83.5 0.04459 0.0667275906041	70
6 83.5 0.0545438095238 0.066498509127	105
7.5 83.5 0.0386426829268 0.0625504881337	164
9 83.5 0.0293945945946 0.0876672114874	37
10.5 83.5 -0.0853 NaN	1
13.5 83.5 0.101533333333 0.0649307579914	3
15 83.5 0.10285959596 0.102704437159	99
16.5 83.5 0.0476702702703 0.0886398639466	37
18 83.5 0.09307 0.0648046989037	10
19.5 83.5 0.0377363636364 0.0572083039715	22
114 83.5 0.0713363636364 0.072912458095	11
115.5 83.5 0.0555222222222 0.067755637029	36
118.5 83.5 0.07608 0.0507582242926	10
120 83.5 0.078475 0.0602548684064	4
130.5 83.5 -0.0354 NaN	1
138 83.5 -0.0515 NaN	1
139.5 83.5 0.06064 0.12463241115	45
142.5 83.5 0.090325 0.100453368713	8
144 83.5 0.114666666667 0.0923830008745	30
151.5 83.5 -0.02175 0.0501338707861	2
153 83.5 0.0154666666667 0.0880774956393	15
156 83.5 0.0310307692308 0.116201659373	13
163.5 83.5 0.104873684211 0.0908949666617	38
165 83.5 0.090156 0.0749880161537	25
168 83.5 0.0837830769231 0.0916175620604	65
169.5 83.5 0.0866225352113 0.090463843128	71
175.5 83.5 0.1492875 0.306972590598	40
177 83.5 0.107342682927 0.0734304559388	82
178.5 83.5 0.0622012820513 0.0934454608538	78
-180 83 0.0550403100775 0.100179967371	129
-178.5 83 0.0903284482759 0.108839080103	116
-177 83 0.0844207792208 0.107452472159	77
-175.5 83 0.024704 0.103228236124	25
-174 83 -0.0034 NaN	1
-171 83 0.184611764706 0.0417591289773	17
-169.5 83 0.0827780952381 0.084091299949	105
-168 83 0.0821979166667 0.0808922727225	192
-166.5 83 0.0869029850746 0.107700914846	134
-165 83 0.0591035087719 0.111913970411	57
-163.5 83 0.0837308510638 0.093130299548	94
-162 83 0.0716875 0.0361271736865	8
-159 83 0.0385375 0.0944603006181	8
-157.5 83 0.115735333333 0.0793246478082	150
-156 83 0.0900726495726 0.077270682561	117
-154.5 83 0.0873308016878 0.0932264989504	237
-153 83 0.0831636904762 0.087522836319	168
-151.5 83 0.0760711538462 0.0743052777766	104
-150 83 0.0440340909091 0.0832207485957	44
-145.5 83 0.07174375 0.113346733909	48
-144 83 0.10846507177 0.0792659634197	209
-142.5 83 0.125509205021 0.0827678503875	239
-141 83 0.106706666667 0.0722475397505	45
-139.5 83 0.118805128205 0.0893446842548	39
-138 83 0.0700888888889 0.142763827553	18
-133.5 83 0.10280754717 0.105076098521	53
-132 83 0.125061616162 0.108644461064	99
-130.5 83 0.086751910828 0.103739033045	314
-129 83 0.0740596244131 0.104579487977	213
-127.5 83 0.0822052287582 0.0871798509969	153
-126 83 0.0612105263158 0.0849620385485	38
-120 83 0.120045108696 0.106497205269	184
-118.5 83 0.0902884758364 0.104572899558	269
-117 83 0.0852537313433 0.0997497980149	134
-115.5 83 0.066721875 0.0971151187476	128
-114 83 0.0659974025974 0.0958182297429	77
-112.5 83 0.0700047619048 0.0825730493332	21
-108 83 0.0228344827586 0.0938096029045	58
-106.5 83 0.0301326086957 0.0945692665602	92
-105 83 0.0742492753623 0.0913177880732	69
-103.5 83 0.0560588235294 0.0899348859324	34
-102 83 0.0479344827586 0.0848605590528	29
-100.5 83 0.0699333333333 0.0767752602061	24
-96 83 0.0460545454545 0.0859283934844	33
-94.5 83 0.0357160220994 0.0742585237732	181
-93 83 0.0239861313869 0.0790251636975	137
-91.5 83 0.00188629441624 0.0727405570348	197
-90 83 0.0227346820809 0.0834987289942	173
-88.5 83 0.00896462585034 0.0643728201415	147
-87 83 0.0135432432432 0.0556307895391	37
-84 83 0.0323333333333 0.0982243011344	3
-82.5 83 -0.014 0.160210236876	3
-66 83 -0.054225 0.0695047737312	8
-64.5 83 -0.0166851851852 0.100969548737	27
-63 83 -0.0153840909091 0.111958752669	44
-58.5 83 0.00456551724138 0.0936543350986	29
-57 83 0.0556618644068 0.123711347875	118
-55.5 83 0.0477456989247 0.103141410709	186
-54 83 -0.000139130434783 0.100097286447	276
-52.5 83 0.0333593908629 0.0941209088638	197
-51 83 -0.00265102040816 0.0982658195967	49
-49.5 83 0.00639411764706 0.084572162017	17
-19.5 83 0.209624324324 0.173132956946	37
-18 83 0.171567226891 0.138889327426	119
-16.5 83 0.129725 0.140208039076	168
-15 83 0.1082976 0.126699333873	125
-13.5 83 0.103330952381 0.0888459463865	42
-9 83 0.0731202380952 0.077459705467	84
-7.5 83 0.0464185929648 0.0862296827543	199
-6 83 0.00529211618257 0.0852194792634	241
-4.5 83 0.047846728972 0.0929534335819	107
-3 83 -0.0015125 0.0601173223427	24
-1.5 83 -0.0152 0.0963466138481	3
3 83 0.0786 0.0718624479723	8
4.5 83 0.0358983146067 0.0712221641332	178
6 83 0.0334841409692 0.0785525956182	227
7.5 83 0.0583291139241 0.0648795257339	79
15 83 0.2528 0.0409628403033	8
16.5 83 0.027 0.246638845278	2
18 83 0.0173 0.0233345237792	2
139.5 83 0.0532444444444 0.0831981208938	18
141 83 0.0224285714286 0.126688287315	21
142.5 83 -0.0836 0.0336582827845	2
153 83 -0.04645 0.0624375287788	2
154.5 83 0.0282055555556 0.080859191134	18
165 83 0.0307413793103 0.0669121519886	29
166.5 83 -0.0027275862069 0.125776720809	29
168 83 0.101422222222 0.123568857582	27
177 83 0.0627 0.0969089727528	61
178.5 83 0.0500993506494 0.100931353425	154
-180 82.5 0.0587851851852 0.100326680644	27
-178.5 82.5 0.0513288888889 0.0821963326494	45
-177 82.5 0.0597827586207 0.0902024023058	58
-175.5 82.5 0.0667483870968 0.0528838908741	31
-169.5 82.5 0.121667058824 0.0944088176726	85
-168 82.5 0.077888125 0.0858989309368	160
-166.5 82.5 0.124016842105 0.0910427543387	95
-165 82.5 0.0985296296296 0.0841515858095	108
-163.5 82.5 0.0654245614035 0.0894233336454	57
-162 82.5 0.0709666666667 0.0951928462176	24
-157.5 82.5 0.120684210526 0.10444228377	57
-156 82.5 0.106194405594 0.0972043149337	143
-154.5 82.5 0.103864137931 0.0843719120224	145
-153 82.5 0.119187596899 0.0875933635897	129
-151.5 82.5 0.0874382608696 0.0917057791351	115
-150 82.5 0.10182972973 0.072667988768	37
-145.5 82.5 0.151744827586 0.0750083309002	29
-144 82.5 0.100296774194 0.0826309764954	217
-142.5 82.5 0.0944312101911 0.0749265416784	157
-141 82.5 0.0445823529412 0.065785097652	34
-133.5 82.5 0.0810952380952 0.115616268216	21
-132 82.5 0.11776007326 0.118076406824	273
-130.5 82.5 0.107872151899 0.107561640511	237
-129 82.5 0.074434375 0.0958656806338	224
-127.5 82.5 0.0369705479452 0.0928632254654	146
-126 82.5 0.071495049505 0.0899576804684	101
-124.5 82.5 0.0880333333333 0.133852959126	6
-120 82.5 0.0984304347826 0.0971769788447	92
-118.5 82.5 0.106953684211 0.0941867777802	95
-117 82.5 0.108671111111 0.0829901352906	45
-115.5 82.5 0.0509376344086 0.0934705532728	93
-114 82.5 0.074785483871 0.0939058891409	62
-112.5 82.5 0.0932333333333 0.12065026592	6
-108 82.5 0.05284 0.10039490206	90
-106.5 82.5 0.075112037037 0.10401003683	216
-105 82.5 0.0650242718447 0.0943898117488	103
-103.5 82.5 0.0588088235294 0.0776609974559	34
-102 82.5 0.046275 0.0967205975995	16
-100.5 82.5 0.0517722222222 0.0805369027988	18
-96 82.5 0.0467 0.0312541197284	2
-94.5 82.5 0.0376794117647 0.043568551206	34
-93 82.5 0.022427184466 0.0753210243208	103
-91.5 82.5 0.0445724637681 0.0677532024076	69
-90 82.5 0.0260465346535 0.0814286958809	101
-88.5 82.5 0.0223958333333 0.0894409276959	24
-58.5 82.5 0.06865 0.153512882196	2
-57 82.5 0.0381483870968 0.0953491124621	31
-55.5 82.5 0.0216913793103 0.122934004952	58
-54 82.5 -0.0209594594595 0.0964446313795	37
-18 82.5 0.214946153846 0.189750779235	52
-16.5 82.5 0.359853030303 0.236606369875	132
-15 82.5 0.15868647343 0.125827085121	207
-13.5 82.5 0.0469815384615 0.126632993198	65
-9 82.5 0.107111111111 0.136563701528	18
-7.5 82.5 0.0402671641791 0.079488802383	268
-6 82.5 -0.004468 0.0791294116802	225
-4.5 82.5 -0.0108794871795 0.0824742279446	78
-3 82.5 0.00951666666667 0.0747493790387	6
-1.5 82.5 0.132 NaN	1
3 82.5 0.0745904761905 0.0712616159286	21
4.5 82.5 0.0593165714286 0.059586152346	175
6 82.5 0.0473770562771 0.0779643806184	231
7.5 82.5 0.0476090909091 0.0288820863009	11
141 82.5 0.021972972973 0.0875937060623	74
142.5 82.5 -0.00256825396825 0.0903380922503	63
144 82.5 0.0514 0.0621672816608	34
166.5 82.5 0.09116 0.0989674679594	15
168 82.5 0.131 0.0282839176919	4
177 82.5 0.0833052631579 0.0879266342329	57
178.5 82.5 0.04403125 0.0788837136316	96
-180 82 0.0338733333333 0.0771704094536	15
-178.5 82 0.0847903225806 0.0888072345208	31
-177 82 0.0272 0.106972613318	26
-175.5 82 0.0541 0.0792602961479	12
-174 82 -0.13855 0.023263813101	2
-171 82 0.0587916666667 0.0725912023011	12
-169.5 82 0.0514833333333 0.0927907628305	6
-168 82 0.0602823529412 0.0823309856269	34
-166.5 82 0.0884470588235 0.0737611757749	34
-165 82 0.0833333333333 0.0805598913353	30
-163.5 82 0.0888888888889 0.0759078982443	36
-162 82 0.09145 0.0385169659587	4
-159 82 0.104968493151 0.0694847662695	73
-157.5 82 0.100243373494 0.0967134290783	83
-156 82 0.137711428571 0.0702815694043	70
-154.5 82 0.129532 0.0957994368301	100
-153 82 0.120477931034 0.0862641634659	145
-151.5 82 0.125980769231 0.0916765794267	26
-150 82 0.0963428571429 0.0919183042619	70
-148.5 82 -0.0176 0.0775651983817	3
-145.5 82 0.120883333333 0.0870072145485	114
-144 82 0.0599783783784 0.0750292881957	148
-142.5 82 0.0796074733096 0.0759520712194	281
-141 82 0.0572153310105 0.0623968085897	287
-139.5 82 0.099140625 0.0790003493638	192
-138 82 0.102018811881 0.096833135561	101
-136.5 82 0.0867193548387 0.0869476103538	31
-133.5 82 0.0843032679739 0.109258568506	153
-132 82 0.0888292517007 0.111428685475	147
-130.5 82 0.0994735714286 0.113219322547	280
-129 82 0.057509787234 0.105317877548	235
-127.5 82 0.0661043209877 0.0875875167293	162
-126 82 0.0640871794872 0.0835225503098	39
-124.5 82 0.0524289855072 0.0965419660371	69
-121.5 82 0.0272416666667 0.104165929331	12
-120 82 0.0849666666667 0.101376328171	78
-118.5 82 0.0681564102564 0.0961256682815	39
-117 82 0.0409086419753 0.102990890614	81
-115.5 82 0.0703936170213 0.0798556643719	47
-114 82 0.070009375 0.0841074403497	32
-112.5 82 0.098025 0.0916186311371	8
-109.5 82 0.0867222222222 0.210145368884	36
-108 82 0.0635608 0.10518620808	125
-106.5 82 0.0822346666667 0.0874913841215	75
-105 82 0.0747123188406 0.096599417759	138
-103.5 82 0.07919 0.0898979907402	70
-102 82 0.141694230769 0.0891029112296	52
-100.5 82 0.0374409090909 0.0971788222034	22
-96 82 0.00964705882353 0.0846603295355	17
-94.5 82 -0.00872 0.0592531630661	10
-93 82 0.032168627451 0.0813441638723	51
-91.5 82 0.0579636363636 0.0887936177068	11
-15 82 0.255598591549 0.2031119132	71
-13.5 82 0.0816 NaN	1
-12 82 0.0751666666667 0.0866540439526	3
-9 82 0.11808556701 0.0964085025963	97
-7.5 82 0.070518487395 0.0791856999656	119
-6 82 0.0368070512821 0.0878217300703	156
-4.5 82 0.02414 0.0795527903204	135
-3 82 0.021234375 0.060156980714	32
3 82 0.0831596774194 0.101286138193	62
4.5 82 0.0949259259259 0.0582442707159	27
139.5 82 0.0592975 0.0698883557694	80
141 82 0.018002247191 0.0755622229712	89
142.5 82 0.04915 0.0942496296667	66
144 82 0.0125367088608 0.0991693503329	79
145.5 82 0.0240387096774 0.078662323372	31
177 82 -0.0146 0.181726442765	2
178.5 82 -0.1709 0.0141035456535	3
-175.5 81.5 0.0406631578947 0.0637863553027	19
-172.5 81.5 0.1196 NaN	1
-171 81.5 0.0402230769231 0.0971766103018	13
-169.5 81.5 0.0290666666667 0.106926024272	6
-168 81.5 0.0379 0.106752807074	12
-166.5 81.5 0.0689256410256 0.0750337247613	39
-165 81.5 0.0802603773585 0.103070361217	53
-163.5 81.5 0.0484592592593 0.0963958356077	27
-162 81.5 0.0955315789474 0.0878049356537	19
-160.5 81.5 0.0402777777778 0.0541789345082	9
-159 81.5 0.0865357142857 0.0849418136332	14
-157.5 81.5 0.04730625 0.0663641369216	32
-156 81.5 0.0147 0.105001170062	8
-154.5 81.5 0.0967328947368 0.080559078757	76
-153 81.5 0.0684182926829 0.110180901897	82
-151.5 81.5 0.063662 0.0788298112314	50
-150 81.5 0.112840909091 0.0713531347536	66
-148.5 81.5 0.114118181818 0.106666782603	22
-147 81.5 0.0842338709677 0.0834749809255	62
-145.5 81.5 0.08105 0.0693331775888	104
-144 81.5 0.0984063829787 0.0584904763866	47
-142.5 81.5 0.0861604651163 0.0641500601844	129
-141 81.5 0.0797093333333 0.0637277362784	75
-139.5 81.5 0.0706551020408 0.0962678015166	49
-138 81.5 0.0760531531532 0.0854933254384	111
-136.5 81.5 0.0921982608696 0.095217924546	115
-135 81.5 0.120726582278 0.100988631892	79
-133.5 81.5 0.0857426229508 0.113106133726	61
-132 81.5 0.0704337837838 0.0882393294058	74
-130.5 81.5 0.121714084507 0.102821610146	71
-129 81.5 0.0660348 0.100655204285	250
-127.5 81.5 0.0379220779221 0.0932873949619	77
-126 81.5 0.064905 0.0879550606073	60
-124.5 81.5 0.0762135135135 0.0843311092022	74
-123 81.5 0.05616 0.0956317998516	15
-121.5 81.5 0.0401971153846 0.0918840620858	104
-120 81.5 0.0949710526316 0.0799958813396	38
-118.5 81.5 0.05165 0.123996592695	6
-117 81.5 0.0373438596491 0.0941077612132	57
-115.5 81.5 0.0842659574468 0.100034598964	47
-114 81.5 0.059825 0.0922193929094	8
-112.5 81.5 0.0811380952381 0.0792687168825	21
-111 81.5 0.0127214285714 0.063604235207	14
-109.5 81.5 0.0497129032258 0.0972002440346	93
-108 81.5 0.0570321428571 0.084336484302	56
-106.5 81.5 0.0460727272727 0.113243261891	22
-105 81.5 0.039163 0.107266606075	100
-103.5 81.5 0.025574015748 0.101195589505	127
-102 81.5 0.105146428571 0.0853461556432	28
-100.5 81.5 0.03712 0.0954089703834	55
-99 81.5 0.029276744186 0.0726322204417	43
-97.5 81.5 0.0630388888889 0.0766007536354	18
-96 81.5 0.055 0.0385238108188	6
-94.5 81.5 -0.0191692307692 0.0472475464022	13
-9 81.5 0.249383606557 0.287936941696	61
-7.5 81.5 0.0409740740741 0.0898875733372	27
-6 81.5 0.0615696428571 0.0893390618418	56
-4.5 81.5 0.0594372881356 0.0749842545257	118
-3 81.5 0.00824848484848 0.0819713712265	33
-1.5 81.5 0.0190571428571 0.0402420119255	7
1.5 81.5 0.0502145454545 0.0729282585533	55
3 81.5 0.0460608695652 0.0407217245921	23
130.5 81.5 0.0981133333333 0.0470193860728	15
133.5 81.5 0.0436375 0.0929675029938	32
135 81.5 0.0124130434783 0.0774657478816	23
136.5 81.5 0.0260166666667 0.115875820026	6
138 81.5 0.1022775 0.0461037430345	40
139.5 81.5 0.065979245283 0.0786976477134	106
141 81.5 0.0275632911392 0.0880781007987	79
142.5 81.5 -0.0360790697674 0.0905356482228	43
144 81.5 0.0235993589744 0.0885261816543	156
145.5 81.5 0.0229864864865 0.0787555859118	37
147 81.5 0.0802 NaN	1
177 81.5 0.0678512820513 0.0621100842384	39
-178.5 81 0.0360470588235 0.102825198259	17
-165 81 0.0647842105263 0.0848697777851	19
-163.5 81 0.1356875 0.0642085983895	8
-162 81 0.0757052631579 0.110672803413	19
-159 81 0.0378857142857 0.0910590729247	7
-157.5 81 0.015975 0.0983692714796	8
-154.5 81 0.0514666666667 0.0534949502006	12
-153 81 0.1312 0.0667828230501	12
-151.5 81 0.0921294117647 0.0896747845294	136
-150 81 0.0792595238095 0.0563752981859	84
-147 81 0.080036 0.0638399822789	100
-145.5 81 0.0710989690722 0.0830139113528	97
-144 81 0.0722071428571 0.0573192419929	28
-142.5 81 0.0878328571429 0.0555439993274	70
-141 81 0.00271379310345 0.0924029093703	29
-138 81 0.092627027027 0.0937512715429	37
-136.5 81 0.0678490196078 0.0940381334833	51
-135 81 0.0664111111111 0.0943013181833	9
-133.5 81 0.0833055555556 0.0940828235255	36
-132 81 0.133112121212 0.0790310095228	66
-130.5 81 0.06494375 0.0968049616747	32
-129 81 0.0705744680851 0.0925234976678	94
-127.5 81 0.118617741935 0.128654957948	62
-126 81 0.0723765306122 0.0953942992537	98
-124.5 81 0.0305268292683 0.094907320646	41
-123 81 0.0361759036145 0.0833041775522	83
-121.5 81 0.0871181818182 0.0766506461711	22
-120 81 0.0559833333333 0.0997891327475	24
-118.5 81 0.0437230769231 0.0918064281868	13
-117 81 0.0409307692308 0.0720458347699	13
-115.5 81 0.0395602941176 0.0923576567379	68
-114 81 0.0539055555556 0.0833787917189	18
-112.5 81 -0.00408333333333 0.0534168294329	6
-111 81 0.0436 0.0913908012081	56
-109.5 81 0.0250428571429 0.0857411854104	63
-108 81 0.0712631578947 0.0848125463106	19
-106.5 81 0.02452 0.0953297910028	20
-105 81 0.0150661290323 0.0947623549513	62
-103.5 81 0.0727614285714 0.109025694742	70
-102 81 0.0697416666667 0.12253271051	24
-100.5 81 0.043719047619 0.102409017891	42
-99 81 0.108464705882 0.126123312383	17
-97.5 81 0.0185666666667 0.145433157613	3
-10.5 81 0.00435 0.140784960134	2
-9 81 0.126040909091 0.0924404758755	22
-7.5 81 0.1134 0.0315070627003	9
-6 81 -0.1143 NaN	1
-4.5 81 0.0141416666667 0.106510755243	96
-3 81 0.0386682926829 0.066595414403	41
-1.5 81 0.0415230769231 0.0619446805315	26
0 81 0.00041875 0.0817929762164	16
1.5 81 0.00645813953488 0.065954320137	86
133.5 81 0.0165777777778 0.0640766320217	18
135 81 -0.0492 NaN	1
138 81 0.0856875 0.0485012623099	24
141 81 -0.0091 0.100867225316	8
142.5 81 0.0113571428571 0.114836432331	7
144 81 0.10514 0.0873407481116	115
145.5 81 0.0970125 0.11085983992	8
175.5 81 -0.013025 0.128170209097	4
-165 80.5 0.0472111111111 0.0611209343115	9
-162 80.5 0.05365 0.0362745778749	2
-150 80.5 0.0486583333333 0.076822448693	24
-148.5 80.5 0.08628125 0.0514745531792	16
-147 80.5 0.0102025641026 0.0898533937126	39
-145.5 80.5 0.0390777777778 0.117444186508	9
-144 80.5 0.0604857142857 0.0778376007333	14
-142.5 80.5 0.0632 NaN	1
-138 80.5 0.0927846153846 0.0822725795988	26
-136.5 80.5 0.0429173913043 0.0898597398883	115
-135 80.5 0.0317151515152 0.0826901109611	33
-133.5 80.5 0.0557991803279 0.0868353524152	122
-132 80.5 0.08274 0.112952021525	25
-130.5 80.5 0.0692645833333 0.0852155951405	48
-129 80.5 0.0884723404255 0.106207053115	47
-127.5 80.5 0.08199 0.114079650088	40
-126 80.5 0.0282285714286 0.0984052206768	42
-124.5 80.5 0.0792769230769 0.0933645288983	13
-123 80.5 0.0216851485149 0.0937709404732	101
-121.5 80.5 0.1149 0.0579836614918	5
-120 80.5 0.0562 0.12260618074	10
-118.5 80.5 0.066825 0.188183339238	4
-117 80.5 0.0253 NaN	1
-115.5 80.5 0.0774697674419 0.0779643341379	43
-114 80.5 0.0550948717949 0.101536775678	39
-112.5 80.5 0.0855333333333 0.0793189973041	3
-111 80.5 0.027753 0.0953753684134	100
-109.5 80.5 0.0473070422535 0.0878883891632	71
-108 80.5 0.103845454545 0.118932134965	11
-106.5 80.5 0.0832083333333 0.103213505675	24
-105 80.5 0.0711333333333 0.090510759029	9
-103.5 80.5 0.13405 0.0767764467645	10
-102 80.5 0.0729 0.111371684013	16
-100.5 80.5 0.0417428571429 0.135660260174	7
-97.5 80.5 0.0547 0.11086588745	5
-12 80.5 -0.02605 0.00841457069612	2
-10.5 80.5 0.011796 0.0761323927992	25
-9 80.5 -0.05336 0.0617892015531	15
-7.5 80.5 -0.0143 NaN	1
-4.5 80.5 -0.028625 0.0696742373825	32
-3 80.5 0.00526444444444 0.0651524975353	90
-1.5 80.5 0.00642 0.0709946445555	10
0 80.5 0.054279787234 0.0608924798574	94
1.5 80.5 0.056924137931 0.0629365743395	58
-144 80 -0.0039 NaN	1
-136.5 80 -0.0157333333333 0.126598670346	3
-135 80 0.0369615384615 0.0647594463954	13
-133.5 80 0.0792048387097 0.0923697601986	62
-132 80 0.0995066666667 0.0772557103495	30
-130.5 80 0.0512 0.0615182899632	2
-127.5 80 0.0461583333333 0.0898844571817	36
-124.5 80 0.0436692307692 0.0870370456053	13
-123 80 0.02182 0.0510528843455	5
-121.5 80 0.08176 0.0336744413465	5
-120 80 0.0675 0.0856054028669	5
-117 80 0.0985 NaN	1
-115.5 80 0.0446333333333 0.0784532769658	15
-114 80 0.0675962962963 0.0654019258801	27
-112.5 80 0.049425 0.0700551257594	32
-111 80 0.0489610169492 0.0841407810775	59
-109.5 80 0.040475 0.0860951352564	28
-108 80 0.0448461538462 0.0946980870573	13
-106.5 80 0.06804 0.101315684867	5
-105 80 0.08474 0.111688105902	5
-102 80 0.0408071428571 0.0783532480725	14
-12 80 0.0428111111111 0.0659262930181	9
-10.5 80 0.0238090909091 0.0898416323822	11
-9 80 -0.118766666667 0.126573944133	3
-3 80 0.00425294117647 0.0672902948349	34
-1.5 80 0.0747391304348 0.0319859307016	23
0 80 0.0498162790698 0.0666506561616	43
-135 79.5 0.1275 NaN	1
-132 79.5 0.0827 0.0777817459305	2
-127.5 79.5 0.0538232142857 0.063408668725	56
-126 79.5 0.0581806451613 0.0558926078556	31
-124.5 79.5 0.0167052631579 0.0648524351889	38
-123 79.5 0.0322 0.040096134477	12
-121.5 79.5 0.0216 0.0524573159817	9
-120 79.5 0.03315 0.0604296009143	4
-118.5 79.5 0.015925 0.0626565439519	4
-114 79.5 0.0292868421053 0.0503485160202	38
-112.5 79.5 0.00204791666667 0.055435774568	48
-111 79.5 0.0553130434783 0.0621211229216	23
-109.5 79.5 0.0615333333333 0.0536402709414	6
-108 79.5 0.119 NaN	1
-102 79.5 0.0567555555556 0.042463840827	9
-99 79.5 0.105554545455 0.0814026825558	11
-97.5 79.5 0.0779 NaN	1
-15 79.5 0.126021917808 0.121109779455	73
-13.5 79.5 0.114441304348 0.106306167013	46
-10.5 79.5 -0.0107 0.0984132867046	9
-1.5 79.5 0.0573638297872 0.0591728177369	47
0 79.5 0.0185166666667 0.105856457841	6
-126 79 0.04892 0.0548566793812	45
-124.5 79 0.0398555555556 0.0512690162393	18
-123 79 0.047 0.000989949493661	2
-121.5 79 0.03102 0.0478283075176	5
-114 79 0.0658375 0.0825976986449	8
-112.5 79 0.0433 0.0788638959912	45
-111 79 0.08065 0.064983113191	2
-109.5 79 0.00995714285714 0.078297165916	7
-108 79 0.128675 0.0892773720865	4
-97.5 79 0.0845 NaN	1
-15 79 0.157572 0.125359026134	25
-13.5 79 0.204909589041 0.133920546958	292
-12 79 0.0804722222222 0.0824803777417	18
-9 79 0.08335 0.0064346717088	2
-126 78.5 0.0154666666667 0.130979324068	3
-124.5 78.5 -0.0168642857143 0.0807214546559	14
-123 78.5 0.0356181818182 0.055882230059	11
-121.5 78.5 0.0658777777778 0.0403012958159	9
-120 78.5 0.00893333333333 0.0105187134828	3
-108 78.5 0.06755 0.0635958331968	4
-106.5 78.5 0.0103 0.0842871283174	2
-15 78.5 -0.0184 0.0749400427008	3
-13.5 78.5 0.00955238095238 0.0979046915068	21
-12 78.5 -0.045825 0.0915587553532	12
-126 78 -0.0129285714286 0.0533484680906	7
-124.5 78 0.0299230769231 0.08288013662	26
-123 78 0.0262777777778 0.0525022395449	54
-121.5 78 0.0567454545455 0.0469279174034	33
-120 78 -0.00185 0.0522551911297	2
-109.5 78 0.1349 NaN	1
-108 78 0.0577 0.0823293521305	37
-15 78 -0.082725 0.0933672453273	4
-13.5 78 -0.08416 0.0787983058194	5
-12 78 -0.0490777777778 0.0450141582665	9
-126 77.5 0.041625 0.0824132395035	12
-124.5 77.5 0.0258678571429 0.0771513536111	84
-123 77.5 0.0433164556962 0.0986147534476	79
-121.5 77.5 0.00149791666667 0.0587212256002	48
-120 77.5 0.0863833333333 0.118312381841	12
-109.5 77.5 0.08354 0.078851677922	10
-108 77.5 0.0208288888889 0.0934103425805	45
-13.5 77.5 -0.04725 0.152223574609	4
-124.5 77 0.06784 0.0832818964285	45
-123 77 0.0325058823529 0.0963483618866	17
-109.5 77 0.1656 0.0183847763108	2
-124.5 76.5 0.040778125 0.0881575778836	32
