lon, lat, freeboard (m), standard deviation, count
-171 88 0.1177 NaN	1
-169.5 88 -0.0532 0.0123036579926	2
-168 88 -0.1442 NaN	1
-166.5 88 0.0514 NaN	1
-165 88 -0.05768 0.120325691355	5
-162 88 0.0281 0.0651952452254	2
-160.5 88 0.0869428571429 0.108417723907	7
-159 88 0.28694 0.1320701821	5
-157.5 88 0.300353846154 0.124684505957	13
-156 88 -0.015525 0.125625432006	4
-153 88 0.0994 0.0958875382936	5
-151.5 88 0.2551 NaN	1
-147 88 0.2119375 0.194902913102	8
-145.5 88 0.158316666667 0.198619942772	6
-142.5 88 0.0708 0.231066051163	3
-141 88 0.3207 0.0941401791656	7
-138 88 0.2437 0.140289985387	2
-136.5 88 0.26261 0.063483356524	10
-135 88 0.13154 0.0874648100667	5
-133.5 88 0.158255555556 0.157026009877	9
-130.5 88 0.298783333333 0.180890252179	12
-129 88 0.35695 0.0333047293939	2
-127.5 88 0.05615 0.0523966124859	2
-126 88 0.203727272727 0.156187925852	11
-124.5 88 0.328905882353 0.190895656939	17
-123 88 0.252 0.0804297208748	10
-121.5 88 0.346753846154 0.178401044538	13
-118.5 88 0.2611 0.205920081585	3
-117 88 0.1184 NaN	1
-115.5 88 0.2305 0.0779411133027	8
-114 88 -0.1364 NaN	1
-112.5 88 0.1947 NaN	1
-111 88 0.2799 NaN	1
-109.5 88 0.10488 0.166180615596	5
-108 88 0.26976875 0.114689840984	16
-106.5 88 0.2057 0.0217788888605	2
-105 88 -0.1872 NaN	1
-103.5 88 0.373483333333 0.170926703235	12
-102 88 -0.1687 NaN	1
-100.5 88 0.16165 0.134035513951	6
-99 88 0.251258333333 0.136714283741	12
-97.5 88 0.23906 0.11547061531	5
-96 88 0.207375 0.156671000827	4
-94.5 88 0.1126 0.155338340406	8
-93 88 0.1558 NaN	1
-91.5 88 0.26986 0.206431727751	10
-90 88 0.2211 0.226115921598	3
-87 88 0.259883333333 0.093818642426	6
-85.5 88 0.304309090909 0.12624156326	22
-84 88 0.2614 0.177908194178	19
-82.5 88 0.24396 0.114679902337	25
-81 88 0.215926086957 0.122583445484	23
-79.5 88 0.201830434783 0.123047871079	23
-78 88 0.22809 0.0844667646671	10
-76.5 88 0.346496428571 0.108676064632	28
-75 88 0.244081818182 0.0986998360503	11
-73.5 88 0.16848 0.161321780922	5
-72 88 0.265175 0.168996523633	8
-70.5 88 0.21378 0.119920388406	10
-69 88 0.233786666667 0.152648428314	15
-67.5 88 0.15379375 0.133703973856	16
-66 88 0.14436 0.103716093255	5
-64.5 88 0.08185 0.188778785884	4
-63 88 0.17712173913 0.169597290278	23
-61.5 88 0.07785 0.081498691196	4
-60 88 0.158166666667 0.108347507697	12
-58.5 88 0.20852 0.146280634398	10
-57 88 0.20265 0.123570452636	18
-55.5 88 0.221277777778 0.140562674133	18
-54 88 0.188158823529 0.147234498585	17
-52.5 88 0.233985714286 0.0974729437429	7
-51 88 0.1002 0.143016380181	5
-49.5 88 0.0196666666667 0.209254637543	3
-48 88 0.1757 0.14430495487	7
-46.5 88 0.143728571429 0.141134589598	7
-45 88 0.28335 0.0453038314368	8
-43.5 88 0.2893 NaN	1
-42 88 0.2539 0.100577620661	10
-40.5 88 0.208475 0.131733351257	4
-39 88 0.20925 0.062524955018	4
-37.5 88 0.184233333333 0.132914496325	3
-36 88 0.0451428571429 0.129212252478	7
-34.5 88 0.128883333333 0.137047589058	6
-33 88 0.0666 0.119239638663	8
-31.5 88 0.121633333333 0.14966846918	6
-30 88 -0.0442333333333 0.141564343439	3
-28.5 88 0.175452941176 0.194141347083	17
-27 88 0.322630434783 0.0772426485751	23
-25.5 88 0.260453846154 0.208604544595	13
-24 88 0.31156 0.111042196184	10
-22.5 88 0.336945 0.0985790490979	20
-21 88 0.2531 0.0929211493687	18
-19.5 88 0.25438125 0.0988885515366	16
-18 88 0.347755555556 0.104511579635	9
-16.5 88 0.367266666667 0.194197445603	12
-15 88 0.286175 0.156331674654	20
-13.5 88 0.2402 0.0769118326397	3
-12 88 0.37751875 0.198229578078	16
-10.5 88 0.466173913043 0.136001040161	23
-9 88 0.29017 0.19250898571	20
-7.5 88 0.31321875 0.154884177022	16
-6 88 0.381917647059 0.149492735144	34
-4.5 88 0.377545454545 0.114018293132	22
-3 88 0.251657894737 0.166875010831	19
-1.5 88 0.17755 0.176423141906	2
0 88 0.272544444444 0.0685054945079	9
1.5 88 0.28281 0.223897850965	10
3 88 0.178966666667 0.184514039213	6
4.5 88 0.341572727273 0.0891394476399	22
6 88 0.400596551724 0.0827421747822	29
7.5 88 0.3655375 0.132856434347	40
9 88 0.344081818182 0.0972386029779	33
10.5 88 0.4306 0.0476403890272	4
12 88 0.367027272727 0.10294836167	33
13.5 88 0.3808125 0.0779805184004	8
22.5 88 0.0856 0.120388683023	5
24 88 0.193514285714 0.171619729136	7
25.5 88 0.260422222222 0.126237878406	9
27 88 0.09044 0.206908948574	5
28.5 88 0.221866666667 0.145185616827	3
-169.5 87.5 0.2551 NaN	1
-168 87.5 0.274326086957 0.110530930337	23
-166.5 87.5 0.2867 0.106453698855	3
-165 87.5 0.159031578947 0.183832302967	19
-163.5 87.5 0.12976 0.153176950994	20
-162 87.5 0.151808333333 0.165538199153	12
-160.5 87.5 0.28018 0.175886344616	10
-159 87.5 0.250234782609 0.110991505034	23
-157.5 87.5 0.20497 0.215313461673	10
-156 87.5 0.298716666667 0.199567716995	6
-154.5 87.5 0.22822 0.197581633199	10
-153 87.5 0.105266666667 0.084148460077	3
-144 87.5 0.00275 0.130319779773	2
-142.5 87.5 0.08675 0.1037325648	2
-141 87.5 -0.0961 NaN	1
-139.5 87.5 0.2136 NaN	1
-138 87.5 0.1498 0.168149992566	2
-135 87.5 0.0239 0.121681017418	3
-133.5 87.5 0.0911 0.166194464408	6
-132 87.5 -0.1222 NaN	1
-130.5 87.5 0.209 NaN	1
-129 87.5 0.225666666667 0.0623553125243	9
-127.5 87.5 0.248425 0.0940924127805	8
-124.5 87.5 0.2644 0.193304500724	3
-118.5 87.5 0.1451 0.111440028715	2
-117 87.5 -0.01328 0.105181875815	5
-114 87.5 0.0635333333333 0.136399921799	6
-111 87.5 0.183475 0.0763538418592	4
-109.5 87.5 0.0276 0.320036529165	2
-108 87.5 0.273066666667 0.132245428402	3
-106.5 87.5 0.1364 0.0674869617037	3
-105 87.5 0.0884 NaN	1
-103.5 87.5 0.0240333333333 0.21900000761	3
-97.5 87.5 0.19115 0.12141023433	2
-96 87.5 0.1686 0.169945897273	16
-94.5 87.5 0.228966666667 0.107517920987	3
-93 87.5 0.13967 0.134309650931	10
-91.5 87.5 0.217814285714 0.133309258144	28
-90 87.5 0.27695 0.149773705493	8
-88.5 87.5 0.21734 0.159039407066	5
-87 87.5 0.23968125 0.0990390308161	16
-85.5 87.5 -0.1888 NaN	1
-84 87.5 0.211553846154 0.17881464153	13
-82.5 87.5 0.1945875 0.155053165421	8
-81 87.5 0.222728 0.187407047004	25
-79.5 87.5 0.254377272727 0.221729420974	22
-78 87.5 0.317139130435 0.172451483926	23
-76.5 87.5 0.334228571429 0.160661686728	14
-75 87.5 0.32202 0.112123568314	15
-73.5 87.5 0.2933 0.130188775026	15
-72 87.5 0.218733333333 0.14464475218	21
-70.5 87.5 0.293361538462 0.120038377453	26
-69 87.5 0.217841666667 0.134059894744	12
-67.5 87.5 0.154516666667 0.153537527739	12
-66 87.5 -0.1544 NaN	1
-64.5 87.5 0.4221 0.0749533188058	2
-63 87.5 -0.02335 0.223799296246	2
-60 87.5 0.24704 0.111466174241	5
-58.5 87.5 0.0525 0.122612315858	2
-51 87.5 0.24616 0.0295758854474	5
-49.5 87.5 0.208 0.10224764056	2
-48 87.5 0.14102 0.139367632541	5
-46.5 87.5 0.226971428571 0.186396510485	14
-45 87.5 0.222413043478 0.103565896038	23
-43.5 87.5 0.20184 0.103496572139	10
-42 87.5 0.225125 0.0516210793507	4
-40.5 87.5 0.0296571428571 0.153793550549	7
-39 87.5 0.222583333333 0.140909012014	6
-28.5 87.5 0.351533333333 0.048290923923	3
-27 87.5 0.294925 0.210646403957	12
-25.5 87.5 0.150533333333 0.113975626049	3
-24 87.5 0.312164285714 0.104685460067	14
-22.5 87.5 0.24075 0.0904467030187	24
-21 87.5 0.21526 0.150101712182	15
-19.5 87.5 0.109271428571 0.2433453151	7
-18 87.5 0.173405555556 0.130742956046	18
-16.5 87.5 0.207276923077 0.142462615879	13
-15 87.5 0.341961538462 0.0789553200494	13
-13.5 87.5 0.2319125 0.242693836743	8
-12 87.5 0.256782352941 0.121725902314	17
-10.5 87.5 0.270807142857 0.145156592146	28
-9 87.5 0.236025925926 0.128015430538	27
-7.5 87.5 -0.0137555555556 0.121393884845	9
-6 87.5 -0.0569 NaN	1
-3 87.5 0.217775 0.243047037629	4
-1.5 87.5 0.228416666667 0.13243306863	6
0 87.5 0.288705555556 0.17452472104	36
1.5 87.5 0.258681818182 0.0957681765325	11
3 87.5 0.31512 0.0776592610919	25
6 87.5 -0.0008 NaN	1
13.5 87.5 0.2979 NaN	1
21 87.5 -0.13205 0.0540936687608	2
24 87.5 0.159466666667 0.103897850475	3
25.5 87.5 0.306884615385 0.153757730679	13
-169.5 87 0.10907 0.180466469954	10
-157.5 87 0.05065 0.344997398541	2
-156 87 0.212388888889 0.173166447706	9
-154.5 87 0.23765 0.059140426106	4
-153 87 0.13055 0.0692833072729	4
-151.5 87 0.30421875 0.157221394008	32
-150 87 0.218135714286 0.126091155105	14
-148.5 87 0.163065217391 0.142151380925	23
-147 87 0.177842857143 0.151081771142	21
-145.5 87 0.150758333333 0.121087289764	12
-144 87 0.17092 0.174580531561	5
-132 87 0.362471428571 0.117651161126	7
-130.5 87 0.3296 0.126989428694	5
-129 87 0.0108 NaN	1
-127.5 87 0.265944827586 0.167520304923	29
-126 87 0.294242857143 0.170722658691	7
-124.5 87 0.172283333333 0.147699331157	12
-123 87 0.128566666667 0.210163039884	3
-121.5 87 0.0783 0.147325716244	4
-120 87 0.379 0.122552056966	4
-108 87 -0.07742 0.0956584915206	5
-106.5 87 0.0587 0.0503460028205	2
-105 87 0.04975 0.152381511346	2
-103.5 87 0.368975 0.0869555202388	4
-102 87 0.086675 0.190000427631	4
-100.5 87 0.0348666666667 0.0755251128213	6
-99 87 0.469618181818 0.0956995174302	11
-97.5 87 0.2399 NaN	1
-96 87 0.12345 0.134536302412	4
-94.5 87 0.04845 0.251376460712	2
-91.5 87 0.27255 0.0866205806954	2
-90 87 -0.0156 NaN	1
-88.5 87 0.307607142857 0.188845156205	14
-87 87 0.3400125 0.147148122045	8
-85.5 87 0.0934 0.0958555162732	4
-82.5 87 0.30965 0.107268098706	2
-78 87 0.1381 NaN	1
-76.5 87 0.177015789474 0.154204144141	19
-75 87 0.295815384615 0.10054381609	26
-66 87 0.11895 0.292711349773	8
-64.5 87 0.0048 NaN	1
-63 87 0.0258 NaN	1
-55.5 87 0.205905555556 0.0707582584847	18
-54 87 0.27622 0.112065228186	20
-52.5 87 0.253688461538 0.0709291665081	26
-51 87 0.23248 0.14694965729	10
-49.5 87 0.284527272727 0.0855978748674	11
-39 87 -0.1611 NaN	1
-37.5 87 0.3073 0.290149530415	3
-36 87 0.2595 NaN	1
-34.5 87 0.149233333333 0.183022958487	3
-33 87 0.20895 0.00459619407771	2
-30 87 0.3288 0.0440068933994	4
-27 87 0.23 0.193230591953	13
-25.5 87 0.279975 0.0869051734172	4
-16.5 87 0.516471428571 0.0549239387482	7
-12 87 0.296573684211 0.126608025207	19
-10.5 87 0.334955882353 0.0671423552867	34
-9 87 0.27018 0.149041077347	20
-7.5 87 0.0641 0.268417734138	2
-6 87 -0.0399 0.119501046021	2
-4.5 87 0.23296 0.138629091063	10
-3 87 0.27580625 0.110199143788	16
-1.5 87 0.326078571429 0.0991668227598	14
0 87 -0.0277 NaN	1
4.5 87 0.285484615385 0.0802704475108	13
6 87 0.325121052632 0.13506250643	19
7.5 87 0.187585714286 0.0634471808822	7
9 87 0.246671428571 0.245771368785	7
10.5 87 0.424166666667 0.0489267139029	3
12 87 0.47607 0.0705871100918	10
22.5 87 0.186775 0.115165715582	12
25.5 87 0.262133333333 0.0598473335524	3
-159 86.5 0.09085 0.10737738744	4
-157.5 86.5 0.297548 0.117985748151	25
-156 86.5 0.2675125 0.0932343504677	8
-154.5 86.5 0.155866666667 0.125613713423	9
-153 86.5 0.22374 0.0960382238718	10
-148.5 86.5 0.1964 0.111722871427	2
-147 86.5 0.050625 0.0695387841424	4
-145.5 86.5 0.183571428571 0.148993139823	7
-144 86.5 0.124247058824 0.126023554929	17
-142.5 86.5 0.151475 0.0933472147415	4
-133.5 86.5 0.226133333333 0.132455079537	15
-132 86.5 0.234591304348 0.169191993989	23
-130.5 86.5 0.0707 0.201807121494	8
-129 86.5 0.154515384615 0.12684657955	13
-123 86.5 0.269466666667 0.0544110589249	3
-121.5 86.5 0.2258 NaN	1
-109.5 86.5 0.2865 NaN	1
-108 86.5 0.287666666667 0.230102897273	3
-106.5 86.5 0.23195 0.178020607421	4
-105 86.5 0.26872 0.114839509268	10
-103.5 86.5 0.175685714286 0.208390638214	7
-99 86.5 0.299905555556 0.154181750931	18
-97.5 86.5 0.264280952381 0.175001401763	21
-96 86.5 0.22424 0.0772531509605	10
-94.5 86.5 0.265633333333 0.134057108112	18
-93 86.5 0.251113043478 0.216252800937	23
-91.5 86.5 0.288584615385 0.110282205018	13
-72 86.5 0.1248125 0.220329788126	8
-70.5 86.5 -0.0163333333333 0.0487177927798	3
-69 86.5 -0.0531 NaN	1
-66 86.5 0.1059 0.0199404112295	2
-49.5 86.5 0.299842857143 0.0955265557693	7
-48 86.5 0.110275 0.0968514455235	4
-46.5 86.5 0.293471428571 0.134007059826	49
-45 86.5 0.320504651163 0.130377185328	43
-43.5 86.5 0.304664705882 0.112681608643	17
-24 86.5 0.01455 0.196667680788	4
-22.5 86.5 0.266352941176 0.158174599405	17
-21 86.5 0.264475 0.0733564982352	4
-18 86.5 0.16167 0.22336959432	10
-16.5 86.5 0.4002 NaN	1
1.5 86.5 0.064 0.0197989898732	2
3 86.5 0.180222222222 0.164615892138	9
4.5 86.5 0.29785 0.0885818077636	4
6 86.5 0.23944 0.143652901119	10
16.5 86.5 0.246758823529 0.134598059323	17
18 86.5 0.36125 0.111093581673	46
19.5 86.5 0.326092 0.167322674594	25
21 86.5 0.254888888889 0.216357917838	9
28.5 86.5 0.304783333333 0.143944720803	18
30 86.5 0.26445 0.16395021172	14
31.5 86.5 0.2097 0.193464415333	2
40.5 86.5 0.1207 NaN	1
42 86.5 0.2625 0.193072804921	6
43.5 86.5 0.27401 0.128735869536	20
45 86.5 0.137990909091 0.157087876391	11
-165 86 0.1617125 0.103427786229	8
-163.5 86 0.183290909091 0.126470862167	33
-162 86 0.166428 0.132252216491	25
-160.5 86 0.126733333333 0.136145941915	9
-159 86 0.11658 0.16436815417	20
-142.5 86 0.223305263158 0.169099981844	19
-141 86 0.208157142857 0.131353069974	35
-139.5 86 0.147182608696 0.138686807566	23
-138 86 0.224676470588 0.154358954751	17
-136.5 86 0.15359 0.157240427725	10
-135 86 0.12986 0.190030041485	25
-133.5 86 0.29802 0.108897552773	5
-118.5 86 0.253925 0.198809563402	4
-117 86 0.381455263158 0.0843651929552	38
-115.5 86 0.1054 0.259377254207	6
-114 86 0.0914 0.197298834259	3
-112.5 86 0.0898428571429 0.160851602485	14
-111 86 0.211304545455 0.129456444145	22
-109.5 86 0.05477 0.114141238531	10
-100.5 86 0.1916125 0.113894149358	32
-99 86 0.203127272727 0.272300455714	11
-97.5 86 0.374592857143 0.113431778645	14
-93 86 -0.0474 NaN	1
-91.5 86 0.135066666667 0.12910645801	9
-90 86 0.160933333333 0.172279756985	6
-88.5 86 0.168333333333 0.107435370283	12
-76.5 86 0.332825 0.195053353507	8
-75 86 0.354556 0.141384434787	25
-73.5 86 0.3335 0.17955132352	19
-72 86 0.125 0.163639879003	3
-67.5 86 0.207044444444 0.27002155058	9
-66 86 0.393206666667 0.105022932643	15
-64.5 86 0.23458 0.173669991651	15
-51 86 0.09545 0.142556088377	10
-49.5 86 0.0713777777778 0.161114964992	9
-48 86 0.260134782609 0.120538343989	23
-42 86 0.203315384615 0.138516791077	13
-40.5 86 0.293757142857 0.10379591927	7
-39 86 0.2451 0.0486350353826	4
-25.5 86 0.30185 0.163709195086	10
-24 86 0.241063636364 0.155072252117	22
-22.5 86 0.299344444444 0.083243026362	18
-18 86 0.215957142857 0.126586200632	7
-16.5 86 0.219730769231 0.0951844733891	13
-15 86 0.124707142857 0.179615128985	14
-1.5 86 0.23395 0.10345957074	10
15 86 0.17450625 0.105032912104	16
16.5 86 0.0478 NaN	1
31.5 86 0.14574 0.145965948845	10
33 86 0.188303846154 0.0925131665473	26
34.5 86 0.175613157895 0.0920457940406	38
36 86 -0.1647 NaN	1
37.5 86 0.22212 0.0790135241588	5
39 86 0.303241176471 0.139413033862	34
40.5 86 0.28762 0.0630489650986	5
-166.5 85.5 0.155733333333 0.115641572686	3
-165 85.5 0.0706785714286 0.119462785828	14
-163.5 85.5 0.216314285714 0.112755713871	42
-162 85.5 0.147645454545 0.11873659414	22
-160.5 85.5 0.211366666667 0.180058313032	30
-141 85.5 0.0264714285714 0.165954478842	7
-139.5 85.5 0.0894214285714 0.139204300213	14
-138 85.5 0.185015384615 0.163950791867	26
-136.5 85.5 0.175781818182 0.153055008531	11
-135 85.5 0.199875 0.249803143924	8
-117 85.5 0.256825 0.335475457374	4
-115.5 85.5 0.244517647059 0.142254444401	34
-114 85.5 0.280128125 0.119555785965	32
-112.5 85.5 0.322429411765 0.174400009908	17
-111 85.5 0.268888888889 0.130010205796	9
-105 85.5 -0.0195 NaN	1
-103.5 85.5 0.2782 0.134234399142	24
-102 85.5 0.234373333333 0.183594636813	15
-88.5 85.5 0.188025 0.173895758352	12
-87 85.5 0.0600333333333 0.105827044433	3
-85.5 85.5 0.364692857143 0.10178701341	14
-79.5 85.5 0.541365 0.237808098828	20
-78 85.5 0.493121212121 0.131423387277	33
-76.5 85.5 0.497916 0.177520249268	25
-55.5 85.5 0.1231 NaN	1
-54 85.5 0.156777777778 0.131103334986	9
-52.5 85.5 0.178671428571 0.180420506376	14
-39 85.5 -0.1813 NaN	1
-36 85.5 0.013875 0.123713011307	4
-30 85.5 0.167607142857 0.0772527267558	14
-28.5 85.5 0.103983333333 0.0853307545183	6
-27 85.5 0.255378787879 0.146138647262	33
-13.5 85.5 0.192246153846 0.162271149702	13
-12 85.5 0.465833333333 0.138577481798	27
-10.5 85.5 0.1342 0.0992777920786	2
34.5 85.5 0.330993617021 0.102935189412	47
36 85.5 0.27963030303 0.172510357451	33
37.5 85.5 0.125823529412 0.146020009457	17
39 85.5 0.1746 NaN	1
172.5 85.5 0.2205125 0.106166246205	16
-168 85 0.143341666667 0.107899316662	24
-166.5 85 0.21001 0.114793876293	30
-160.5 85 0.0632 NaN	1
-159 85 0.0830058823529 0.147324889575	17
-157.5 85 0.227983333333 0.10179281058	36
-144 85 0.307736 0.110001067722	25
-142.5 85 0.142570588235 0.12955962317	17
-135 85 0.204785714286 0.14023219677	14
-133.5 85 0.116527027027 0.15749290751	37
-132 85 0.21536 0.196041482855	5
-118.5 85 0.410972222222 0.573009254422	18
-117 85 0.215757142857 0.197895648187	21
-111 85 0.108825 0.193579154783	4
-109.5 85 0.221094444444 0.158782594513	18
-108 85 0.419888888889 0.119831469619	9
-106.5 85 0.281386206897 0.195681462594	29
-105 85 0.20917 0.0915372304342	10
-85.5 85 0.3969 0.117862441006	13
-84 85 0.356645454545 0.254221138695	22
-82.5 85 0.53805952381 0.152017224729	42
-81 85 0.524496296296 0.179185424977	27
-79.5 85 0.45243 0.202173698971	10
-69 85 0.0827 NaN	1
-60 85 0.312963636364 0.251500825608	22
-58.5 85 0.1461 0.0537401153702	2
-57 85 0.325918181818 0.126340213853	11
-55.5 85 0.330033333333 0.120490383434	9
-34.5 85 0.34485 0.0608818938602	2
-33 85 0.4305375 0.154603036734	24
-31.5 85 -0.1041 NaN	1
-30 85 -0.15225 0.0396686904246	2
-10.5 85 0.373223809524 0.153277225027	42
-9 85 0.26112 0.105126975442	30
-7.5 85 0.11285 0.227895798557	6
-6 85 0.354433333333 0.0764812395297	9
39 85 0.158657142857 0.166971942325	7
40.5 85 0.1951 0.165976964839	15
142.5 85 -0.0436 0.174513953597	2
166.5 85 0.169775 0.0528436308194	12
168 85 0.173788888889 0.0956016508279	27
-171 84.5 0.260463157895 0.0947341555824	19
-169.5 84.5 0.0806111111111 0.132035226781	9
-157.5 84.5 0.235443902439 0.1011002474	41
-156 84.5 0.238132352941 0.104819715078	68
-145.5 84.5 0.158490909091 0.169368092781	33
-144 84.5 0.205354545455 0.14106767956	22
-132 84.5 0.163707692308 0.266034933363	13
-121.5 84.5 0.0942 0.0683389713121	5
-120 84.5 0.09771 0.161664930942	30
-118.5 84.5 0.1814 NaN	1
-109.5 84.5 0.371605555556 0.236684492079	18
-108 84.5 0.321689285714 0.140316574189	28
-106.5 84.5 0.320835714286 0.203166830215	28
-105 84.5 0.04945 0.136966583516	2
-84 84.5 0.44335 0.203516436683	24
-82.5 84.5 0.409156521739 0.184536988948	46
-81 84.5 0.377085 0.125623833956	20
-67.5 84.5 0.16884 0.0678653929154	10
-60 84.5 0.343433333333 0.119762304992	12
-58.5 84.5 0.404615151515 0.160207741331	66
-57 84.5 0.422606382979 0.147400345708	47
-55.5 84.5 0.501471428571 0.10737631201	7
-34.5 84.5 0.1504 NaN	1
-33 84.5 0.35205 0.192370968299	10
-31.5 84.5 0.08025 0.222809346752	2
-9 84.5 0.260944444444 0.128345518138	18
-7.5 84.5 0.273971428571 0.0978987869525	28
-6 84.5 0.308314285714 0.114707038851	7
139.5 84.5 0.0087 NaN	1
141 84.5 0.20835 0.018594174715	4
165 84.5 0.154266666667 0.130996059101	9
178.5 84.5 0.2079 0.0718134013634	14
-172.5 84 0.162315789474 0.115308524611	19
-171 84 0.0984 0.102737694378	27
-156 84 0.1817 0.100468850894	3
-154.5 84 0.161901754386 0.13733275607	57
-153 84 0.2449 0.0323854905783	2
-147 84 0.187341176471 0.129406367502	34
-145.5 84 0.2659 0.0673580915704	9
-130.5 84 0.0952 NaN	1
-129 84 0.178 0.194985973855	9
-123 84 0.1923125 0.164468890169	16
-121.5 84 0.176985714286 0.18658244099	21
-111 84 0.167037931034 0.124607269949	29
-109.5 84 0.323239130435 0.193235981787	46
-105 84 0.28247804878 0.173279089206	41
-103.5 84 0.286442857143 0.240470184272	7
-85.5 84 0.278905 0.189819633156	20
-81 84 0.3753375 0.0941843856486	16
-79.5 84 0.427818867925 0.162759651795	53
-67.5 84 0.21335 0.0604364955966	4
-66 84 0.086875 0.112633783416	4
-61.5 84 0.418151428571 0.156301353672	35
-60 84 0.305374545455 0.18561956037	55
-55.5 84 0.372852380952 0.185719101384	21
-54 84 0.532257142857 0.219884847569	7
-36 84 0.01905 0.187454007693	2
-34.5 84 0.698375 0.387040543742	4
-31.5 84 0.1798 NaN	1
-12 84 -0.1944 NaN	1
-10.5 84 0.118427272727 0.104834947331	11
-6 84 0.23055 0.170291627314	10
-4.5 84 0.237577419355 0.123357890464	31
63 84 0.172175 0.169813155725	8
112.5 84 0.22905 0.144716042978	22
114 84 0.04775 0.0427799602618	2
130.5 84 -0.00623333333333 0.152358305758	3
132 84 0.10805 0.00403050865276	2
138 84 0.1157 NaN	1
156 84 0.2369 0.0565685424949	2
162 84 0.1709 NaN	1
163.5 84 0.207691666667 0.0981566508499	12
-178.5 83.5 0.143915789474 0.140770120974	19
-174 83.5 0.164229166667 0.147827562527	24
-172.5 83.5 0.16256 0.125679726996	10
-153 83.5 0.204279166667 0.134610541974	72
-151.5 83.5 0.4067 NaN	1
-150 83.5 -0.06015 0.173029029356	2
-148.5 83.5 0.155588888889 0.141576969026	36
-129 83.5 0.301214285714 0.222900962954	21
-127.5 83.5 0.330175609756 0.202169269154	41
-124.5 83.5 0.163857692308 0.125914390514	26
-123 83.5 0.255745 0.123785988813	20
-112.5 83.5 0.193983333333 0.149915902688	12
-111 83.5 0.120182352941 0.155714061806	17
-103.5 83.5 0.3025 0.211967324526	46
-102 83.5 0.469266666667 0.171080898436	15
-87 83.5 0.328823076923 0.17869938018	52
-85.5 83.5 0.265066666667 0.0692885512429	3
-78 83.5 0.529038235294 0.222152534295	34
-63 83.5 0.406966666667 0.156745647375	24
-61.5 83.5 0.390075 0.222177969044	36
-54 83.5 0.492618181818 0.278384027269	44
-52.5 83.5 0.56576 0.142282744451	20
-13.5 83.5 -0.0309 NaN	1
-12 83.5 0.11075 0.201451252168	6
-4.5 83.5 0.298404651163 0.0801359943902	43
-3 83.5 0.310661290323 0.0829951511733	31
61.5 83.5 0.172466666667 0.127216231369	15
63 83.5 0.0915888888889 0.139144249692	18
111 83.5 0.164866666667 0.0616238157425	6
112.5 83.5 0.21620625 0.0850944139863	16
132 83.5 0.118886363636 0.152344397729	22
133.5 83.5 0.079375 0.151004290778	4
136.5 83.5 0.145585714286 0.187682785826	7
138 83.5 0.12924 0.0882567164583	5
157.5 83.5 0.1785 0.0758951344196	8
162 83.5 0.154898360656 0.110541587184	61
-177 83 0.1429 NaN	1
-175.5 83 0.218267741935 0.0974667409499	31
-174 83 0.2062 0.158364725397	33
-151.5 83 0.150664285714 0.157008127212	28
-150 83 0.228729166667 0.126951306924	24
-127.5 83 0.238952 0.194534181058	25
-126 83 0.178544117647 0.184633333921	34
-124.5 83 0.291803125 0.189741334086	32
-114 83 0.191321875 0.230476492027	32
-112.5 83 0.182663157895 0.182122767539	19
-102 83 0.31382173913 0.254824420523	46
-100.5 83 0.5576 NaN	1
-88.5 83 0.356047826087 0.202267239673	23
-87 83 0.46895 0.270751186516	2
-63 83 0.601306451613 0.265532770025	31
-52.5 83 0.688830555556 0.175625196402	36
-13.5 83 0.0388571428571 0.162421818894	14
-3 83 0.328867948718 0.128991454961	78
-1.5 83 0.350013793103 0.0853505490992	29
133.5 83 0.24422 0.0464953976217	5
157.5 83 0.183085714286 0.0942239252804	7
159 83 0.198572222222 0.0946092509191	18
-177 82.5 0.30773125 0.14196302673	16
-175.5 82.5 0.243971028037 0.142405085908	107
-174 82.5 0.298577777778 0.120776971913	9
-151.5 82.5 0.311093333333 0.0890770410268	15
-150 82.5 0.274517241379 0.16017988118	29
-127.5 82.5 0.27445 0.0789838274585	2
-126 82.5 0.282801428571 0.189994997259	70
-124.5 82.5 0.313572222222 0.164009589634	36
-115.5 82.5 0.244066666667 0.10849066012	3
-114 82.5 0.277819047619 0.161712175472	63
-100.5 82.5 0.362919672131 0.199046656021	61
-90 82.5 0.47949 0.324027651255	10
-88.5 82.5 0.37871 0.215621831764	10
-15 82.5 0.130625 0.202158268893	12
-1.5 82.5 0.245257894737 0.358439823426	19
0 82.5 0.284114285714 0.125576064978	7
61.5 82.5 -0.08655 0.0581948880917	2
84 82.5 0.108516666667 0.0821346069977	6
85.5 82.5 0.0391 0.0547652261933	3
109.5 82.5 0.21295 0.118093254112	4
133.5 82.5 0.174290909091 0.100350709559	11
135 82.5 0.129988888889 0.0935182513381	27
159 82.5 0.150452941176 0.117126390694	17
160.5 82.5 0.208275862069 0.0563306162324	29
-177 82 0.157223809524 0.109559079518	21
-174 82 0.23682 0.147144291255	50
-127.5 82 0.267680487805 0.16790788281	41
-124.5 82 0.3055953125 0.170097984301	64
-115.5 82 0.277325 0.181188841354	68
-100.5 82 0.32419375 0.195677137035	16
-99 82 0.491468421053 0.171251924598	38
0 82 0.210190909091 0.161592447179	44
61.5 82 0.0095 0.12968338367	2
109.5 82 0.164233333333 0.121039222293	3
111 82 0.171777941176 0.110529138247	68
133.5 82 0.130653968254 0.108621658901	63
135 82 0.0351888888889 0.126789702307	9
136.5 82 0.115521875 0.0514386997175	32
157.5 82 0.13945 0.198205154659	4
159 82 0.17485 0.109087789025	8
160.5 82 0.1860775 0.0952523301754	40
162 82 0.190566666667 0.0831291364886	3
-178.5 81.5 0.194924242424 0.11799990739	33
-177 81.5 0.26878 0.0823109166514	5
-174 81.5 0.148005555556 0.158751483447	18
-172.5 81.5 0.171083333333 0.0927464806161	6
-129 81.5 0.315360465116 0.177639347233	43
-127.5 81.5 0.242714285714 0.193299229403	14
-124.5 81.5 0.273688 0.136218480513	25
-123 81.5 0.284756 0.164466883901	25
-117 81.5 0.259161764706 0.188083498567	34
-115.5 81.5 0.284384848485 0.216201564115	33
-99 81.5 0.535151351351 0.328434916284	37
0 81.5 0.0435 0.208737921806	2
1.5 81.5 0.285211111111 0.176995240511	18
7.5 81.5 0.298192405063 0.119924903609	79
9 81.5 0.281577777778 0.133956505477	18
112.5 81.5 0.144538095238 0.0986162282598	21
132 81.5 0.1222625 0.117088934148	16
133.5 81.5 0.105125 0.124628150244	4
136.5 81.5 0.120005 0.0696191328436	20
138 81.5 -0.03858 0.0963396439686	5
162 81.5 0.208954347826 0.114012198512	92
-178.5 81 0.170383333333 0.197468008149	12
-129 81 0.264255555556 0.183890492948	36
-123 81 0.288078947368 0.217500904202	38
-117 81 0.325347619048 0.204700888174	21
-97.5 81 0.421170588235 0.257656510117	17
1.5 81 0.170917857143 0.159844785949	28
7.5 81 0.159331818182 0.16530761624	22
112.5 81 0.06062 0.15648679497	5
114 81 -0.149 NaN	1
130.5 81 0.10638 0.109434761388	5
132 81 0.108481818182 0.11167815201	11
162 81 0.173013513514 0.113372549985	37
163.5 81 0.12552 0.113523372043	15
-130.5 80.5 0.362829545455 0.151429441056	44
-129 80.5 0.209843333333 0.21327773973	30
-123 80.5 0.177625 0.0825686936234	4
-121.5 80.5 0.345241304348 0.226305031688	46
-118.5 80.5 0.3695 0.327673282402	2
-117 80.5 0.2162 0.235718893317	7
1.5 80.5 0.0606 NaN	1
7.5 80.5 0.178533333333 0.0565536080921	18
114 80.5 0.224595 0.0771325071412	20
130.5 80.5 0.160733333333 0.104921748619	3
163.5 80.5 0.1451175 0.127583325989	40
-171 80 0.272683529412 0.121734985235	85
-130.5 80 0.21738 0.21281036546	35
-121.5 80 0.377556756757 0.253821700916	37
-118.5 80 0.467513924051 0.183772260633	79
-69 80 0.15442 0.109447096809	5
3 80 0.0261428571429 0.213567451149	7
114 80 0.0932 0.0969631270123	6
139.5 80 0.170577777778 0.0442173262924	9
163.5 80 0.0470428571429 0.10839907529	7
165 80 -0.0478 0.0602435058741	3
-171 79.5 0.226776595745 0.145422512181	47
-169.5 79.5 0.33095 0.212764007429	8
-145.5 79.5 0.167279591837 0.131873277208	49
-132 79.5 0.28045 0.0719696842743	12
-130.5 79.5 0.282414634146 0.120001093742	82
-121.5 79.5 0.437494736842 0.129108423315	19
-120 79.5 0.420313043478 0.237252683296	23
-118.5 79.5 0.300948214286 0.185799048819	56
-69 79.5 0.107254666667 0.102973174535	75
3 79.5 -0.146685714286 0.0461716878823	7
165 79.5 0.16098 0.140706918806	5
-169.5 79 0.0572 0.10336005031	4
-145.5 79 0.128 0.00240416305604	2
-132 79 0.189504918033 0.127628564496	61
-120 79 0.400525409836 0.183707223305	122
-169.5 78.5 0.205294736842 0.125287928272	19
-132 78.5 0.135083529412 0.123733335431	85
-120 78.5 0.249258695652 0.154567710551	46
166.5 78.5 0.0771 NaN	1
-169.5 78 0.101159259259 0.141624243522	27
-168 78 0.04664 0.11944204871	5
-133.5 78 0.09548 0.153716645162	5
-132 78 0.0720823529412 0.146235000724	34
-120 78 0.248579069767 0.167730132679	43
-118.5 78 0.32816 0.218647021475	25
166.5 78 0.170013333333 0.0981172573089	45
-133.5 77.5 0.144570833333 0.153171942257	24
-121.5 77.5 0.308061538462 0.230697271899	26
-118.5 77.5 0.3958625 0.226125593052	16
117 77.5 0.110775 0.0412133776825	4
166.5 77.5 0.153475609756 0.142486427039	41
-133.5 77 -0.0072 0.108259107172	8
-121.5 77 0.472818181818 0.243223110819	11
117 77 -0.002645 0.0793803599931	20
127.5 77 0.0215181818182 0.0645283320439	11
151.5 77 0.0992777777778 0.0968969914107	9
166.5 77 0.221677777778 0.10406877976	36
168 77 0.252077777778 0.0911172428492	9
-159 76.5 0.103530769231 0.0789339215696	13
-142.5 76.5 0.0508777777778 0.0833881253204	9
-133.5 76.5 0.23862972973 0.138638760944	37
76.5 76.5 0.04155 0.0539522474045	2
117 76.5 0.0974371428571 0.0813096589506	35
118.5 76.5 0.0861208333333 0.0705331866334	24
127.5 76.5 0.000483333333333 0.0865973075024	6
168 76.5 0.185707692308 0.178095818981	26
-159 76 0.208211764706 0.106419207463	85
-142.5 76 0.1187375 0.0688976868262	8
67.5 76 -0.0341 NaN	1
69 76 0.134381578947 0.130658591334	38
70.5 76 -0.027875 0.108909821259	4
73.5 76 0.110933333333 0.198658547933	6
75 76 0.111756521739 0.0990776574183	69
76.5 76 0.117213793103 0.115884640837	58
78 76 0.06112 0.116021911724	10
79.5 76 -0.0289833333333 0.0894562556039	6
85.5 76 -0.0557333333333 0.0627675287602	6
87 76 0.176245833333 0.186572505966	48
88.5 76 0.16640625 0.15073661563	16
90 76 0.0512 0.0720976421251	3
118.5 76 0.07563 0.0937367147078	20
168 76 0.266033333333 0.123377925497	9
175.5 76 0.211883333333 0.075471003864	12
-166.5 75.5 0.1572 0.190222080737	17
-159 75.5 0.188085294118 0.138012928978	34
-142.5 75.5 0.228732432432 0.138820715821	37
-135 75.5 -0.08025 0.06314463556	2
63 75.5 0.10625 0.0922774349448	2
64.5 75.5 0.0196363636364 0.0869013610104	11
66 75.5 0.04611 0.055246446844	10
67.5 75.5 0.212722222222 0.237987563225	81
69 75.5 0.158133333333 0.123491915451	45
70.5 75.5 0.18818976378 0.115666948562	127
72 75.5 0.175057575758 0.128862341838	33
73.5 75.5 0.134881333333 0.13245990285	75
75 75.5 0.122932706767 0.133208113038	266
76.5 75.5 0.143948979592 0.135624943913	98
78 75.5 0.158571428571 0.0974294054566	7
79.5 75.5 0.076285 0.131214662511	20
81 75.5 0.0440277777778 0.0878567002069	18
168 75.5 0.122233333333 0.18850799402	15
-166.5 75 0.0749 0.107533051397	15
-159 75 0.15131 0.0965606942118	10
-142.5 75 0.22209122807 0.150521390602	57
-141 75 0.267372 0.161098625382	25
-135 75 0.188993103448 0.138753735937	29
63 75 0.0512333333333 0.0359922028593	6
64.5 75 0.0391617647059 0.11637484893	34
66 75 0.112104347826 0.108368935599	46
67.5 75 0.188628 0.141573873907	75
69 75 0.0389 0.084865393418	9
70.5 75 0.106065384615 0.132200069417	26
72 75 0.109636111111 0.120085662518	180
73.5 75 0.119686111111 0.111315313162	36
75 75 0.252131081081 0.193022018707	74
76.5 75 0.115026785714 0.0878774363243	56
79.5 75 -0.0769 NaN	1
81 75 0.0455086956522 0.0754946290266	23
82.5 75 -0.00472666666667 0.0540253838046	15
84 75 0.029 0.00565685424949	2
-166.5 74.5 0.14604516129 0.135040739134	31
-160.5 74.5 0.177098507463 0.122863386183	67
-141 74.5 0.219383333333 0.106560357135	30
-135 74.5 0.193955172414 0.16404776871	29
63 74.5 0.13255 0.0109601551084	2
64.5 74.5 0.182628571429 0.126174426572	84
66 74.5 0.0621708333333 0.112850915425	24
67.5 74.5 0.142771794872 0.142194856944	39
69 74.5 0.116395238095 0.104504965816	63
72 74.5 0.216265079365 0.140352781508	63
73.5 74.5 0.279181818182 0.149973909095	33
75 74.5 0.20902 0.18253223104	20
76.5 74.5 -0.039 NaN	1
79.5 74.5 0.0443 NaN	1
81 74.5 0.217237837838 0.0870024787366	37
82.5 74.5 0.00316666666667 0.0573194768315	12
-166.5 74 0.183943589744 0.142641368095	39
-160.5 74 0.115392592593 0.122553977098	54
-141 74 0.194948484848 0.158335129396	33
-135 74 0.13119 0.175456271539	10
63 74 0.0790620689655 0.139342843924	29
64.5 74 0.148401785714 0.152908095381	56
66 74 0.125505319149 0.0859030803797	94
67.5 74 0.11447810219 0.105249158663	137
69 74 0.0889441860465 0.106058616547	43
70.5 74 0.124066666667 0.056513036844	3
72 74 0.0364 NaN	1
73.5 74 -0.0164 0.0825178273874	50
81 74 0.233275757576 0.173817166928	33
-166.5 73.5 0.148829761905 0.115009361358	84
-165 73.5 0.14068 0.0738439367856	5
-160.5 73.5 0.0892741935484 0.160011134962	31
-141 73.5 0.252244444444 0.140106114322	54
-135 73.5 0.183456896552 0.151035228971	58
60 73.5 0.060803030303 0.0909262183203	33
61.5 73.5 0.15026969697 0.06487695799	33
63 73.5 0.199053846154 0.12084326123	26
64.5 73.5 0.188628125 0.116516096726	32
66 73.5 0.0713821428571 0.127454198174	28
67.5 73.5 -0.00791666666667 0.0796003749801	12
69 73.5 0.00218 0.106412455411	10
73.5 73.5 -0.00512727272727 0.082865156621	11
-165 73 0.140378723404 0.166827470025	47
-160.5 73 0.177845945946 0.107179611957	37
-141 73 0.265785185185 0.190280188874	81
-136.5 73 0.2064875 0.129489920079	24
60 73 0.02151875 0.107113221489	32
61.5 73 0.0862129032258 0.115541261726	31
63 73 0.11445 0.144265796362	8
64.5 73 0.160666666667 0.0843329705932	48
66 73 0.141922077922 0.1139800867	77
67.5 73 0.0413166666667 0.0854854471046	6
76.5 73 -0.0163266666667 0.0678393230149	30
-165 72.5 0.196024137931 0.106432140202	29
-160.5 72.5 0.131113888889 0.116767253611	36
-141 72.5 0.328669014085 0.181481908261	71
-136.5 72.5 0.196536734694 0.180035541276	49
58.5 72.5 0.0981 NaN	1
60 72.5 0.0876533333333 0.095060708923	15
61.5 72.5 0.166097029703 0.104685348025	101
64.5 72.5 0.179372727273 0.100964649946	55
66 72.5 0.0784666666667 0.126409427391	3
169.5 72.5 0.2892 0.080263686402	32
-165 72 0.104222222222 0.155240569583	9
-162 72 0.11205 0.239497066788	2
-160.5 72 0.1519390625 0.141707832246	64
-141 72 0.265737931034 0.0951447634389	29
-139.5 72 0.139776923077 0.0907818645054	13
-136.5 72 0.325525396825 0.169075836171	63
58.5 72 0.0309227272727 0.112173424116	22
60 72 0.0692736842105 0.137040650263	19
61.5 72 0.123351470588 0.133368104102	68
64.5 72 0.0812647058824 0.0949172332955	17
66 72 -0.1192 NaN	1
67.5 72 0.057025 0.0604888220538	108
169.5 72 0.271823636364 0.120519044082	55
-165 71.5 0.114439393939 0.157698672195	33
-162 71.5 0.16714 0.0676799674941	5
-139.5 71.5 0.21231641791 0.0816386695139	134
58.5 71.5 0.144092307692 0.103964922241	130
60 71.5 0.0859970588235 0.116700604982	34
61.5 71.5 0.129432692308 0.109489617596	52
63 71.5 0.1355 NaN	1
66 71.5 0.052675 0.0299488870133	4
67.5 71.5 0.0273 0.044194016689	19
169.5 71.5 0.362221052632 0.10006951239	19
171 71.5 0.267025 0.159127150418	16
174 71.5 0.2353 0.118904948033	13
-165 71 0.129275 0.145690831937	48
-162 71 0.0986619047619 0.100738361492	21
-139.5 71 0.211049494949 0.110876548719	99
-100.5 71 0.17479516129 0.0835124167217	62
58.5 71 0.0395954545455 0.112782367236	22
60 71 0.0501947368421 0.126815033606	19
61.5 71 0.153113333333 0.105909446465	30
64.5 71 0.1523 NaN	1
171 71 0.0966 0.116715056631	10
174 71 0.214538888889 0.173885672256	36
-165 70.5 0.168871186441 0.0983862918873	59
-139.5 70.5 0.176967741935 0.117351746408	62
-136.5 70.5 0.14242875 0.0841739521839	80
-90 70.5 0.255966129032 0.0881941002888	62
60 70.5 0.05995 0.0675286976033	2
61.5 70.5 0.0718 NaN	1
66 70.5 -0.0349333333333 0.0603613562914	12
174 70.5 0.318235714286 0.138807484874	14
-90 70 0.08556 0.136443007027	25
-90 69.5 0.169447058824 0.145397528855	17
-79.5 65 0.029625 0.0671636992727	4
-81 64.5 -0.0423090909091 0.100110034008	11
-79.5 64.5 0.084384375 0.107921832852	32
-63 64 0.159141666667 0.090641616554	12
-63 63.5 0.080488 0.102245571705	25
-63 63 0.125 NaN	1
-88.5 61.5 -0.0892 NaN	1
-88.5 61 0.0328 NaN	1
-82.5 61 -0.0889 NaN	1
-82.5 60.5 0.2672 NaN	1
-79.5 60.5 0.0643333333333 0.227131599152	3
-66 60.5 0.0746 NaN	1
-82.5 60 0.0705 NaN	1
