924
-178.5  79.5 0 0.15999 0.10466
-177.0  79.5 0 0.12232 0.11164
-175.5  79.5 0 0.13221 0.12621
-174.0  79.5 0 0.09166 0.10654
-172.5  79.5 0 0.10718 0.10301
-171.0  79.5 0 0.07894 0.11376
-169.5  79.5 0 0.10305 0.12352
-168.0  79.5 0 0.13509 0.12301
-166.5  79.5 0 0.15201 0.11525
-165.0  79.5 0 0.12932 0.13358
-163.5  79.5 0 0.10979 0.11882
-162.0  79.5 0 0.16011 0.11085
-160.5  79.5 0 0.18449 0.11403
-159.0  79.5 0 0.15249 0.12661
-157.5  79.5 0 0.14000 0.14734
-156.0  79.5 0 0.20606 0.15517
-154.5  79.5 0 0.15673 0.14633
-153.0  79.5 0 0.13318 0.13593
-151.5  79.5 0 0.12428 0.12753
-150.0  79.5 0 0.15073 0.13004
-148.5  79.5 0 0.20061 0.13496
-147.0  79.5 0 0.14954 0.14122
-145.5  79.5 0 0.18350 0.12430
-144.0  79.5 0 0.19283 0.12410
-142.5  79.5 0 0.19476 0.12911
-141.0  79.5 0 0.20456 0.13089
-139.5  79.5 0 0.19918 0.12616
-138.0  79.5 0 0.20252 0.12995
-136.5  79.5 0 0.21580 0.14572
-135.0  79.5 0 0.21803 0.14180
-133.5  79.5 0 0.14809 0.14770
-132.0  79.5 0 0.18499 0.13051
-130.5  79.5 0 0.19757 0.13258
-178.5  79.0 0 0.15579 0.11182
-177.0  79.0 0 0.15437 0.13096
-175.5  79.0 0 0.09136 0.12001
-174.0  79.0 0 0.09801 0.11008
-172.5  79.0 0 0.09104 0.10581
-171.0  79.0 0 0.08430 0.09888
-169.5  79.0 0 0.11385 0.12690
-168.0  79.0 0 0.11754 0.12152
-166.5  79.0 0 0.09417 0.11539
-165.0  79.0 0 0.09523 0.11605
-163.5  79.0 0 0.10457 0.12169
-162.0  79.0 0 0.14998 0.12438
-160.5  79.0 0 0.17257 0.12893
-159.0  79.0 0 0.19558 0.10882
-157.5  79.0 0 0.09113 0.13386
-156.0  79.0 0 0.19594 0.13908
-154.5  79.0 0 0.20813 0.13170
-153.0  79.0 0 0.19153 0.10928
-151.5  79.0 0 0.15386 0.12970
-150.0  79.0 0 0.13577 0.14756
-148.5  79.0 0 0.11093 0.13339
-147.0  79.0 0 0.18608 0.13180
-145.5  79.0 0 0.16603 0.12664
-144.0  79.0 0 0.16374 0.13928
-142.5  79.0 0 0.16396 0.14290
-141.0  79.0 0 0.20077 0.13032
-139.5  79.0 0 0.21249 0.12804
-138.0  79.0 0 0.17345 0.14433
-136.5  79.0 0 0.17112 0.14023
-135.0  79.0 0 0.24849 0.14390
-133.5  79.0 0 0.20776 0.12868
-132.0  79.0 0 0.13376 0.14548
-130.5  79.0 0 0.19005 0.14566
-178.5  78.5 0 0.11672 0.12363
-177.0  78.5 0 0.13401 0.11692
-175.5  78.5 0 0.08903 0.10971
-174.0  78.5 0 0.06362 0.12484
-172.5  78.5 0 0.08812 0.11551
-171.0  78.5 0 0.05942 0.09991
-169.5  78.5 0 0.07347 0.11879
-168.0  78.5 0 0.09355 0.12995
-166.5  78.5 0 0.10305 0.13034
-165.0  78.5 0 0.10495 0.10411
-163.5  78.5 0 0.11770 0.12090
-162.0  78.5 0 0.13161 0.13876
-160.5  78.5 0 0.14129 0.13140
-159.0  78.5 0 0.10925 0.11847
-157.5  78.5 0 0.12879 0.14908
-156.0  78.5 0 0.18156 0.12878
-154.5  78.5 0 0.18373 0.13288
-153.0  78.5 0 0.15935 0.13858
-151.5  78.5 0 0.15967 0.12305
-150.0  78.5 0 0.16794 0.13181
-148.5  78.5 0 0.12318 0.13432
-147.0  78.5 0 0.16951 0.13561
-145.5  78.5 0 0.13349 0.13419
-144.0  78.5 0 0.15604 0.12552
-142.5  78.5 0 0.21539 0.13401
-141.0  78.5 0 0.20454 0.13854
-139.5  78.5 0 0.20347 0.13196
-138.0  78.5 0 0.20713 0.13001
-136.5  78.5 0 0.18691 0.13242
-135.0  78.5 0 0.19396 0.14473
-133.5  78.5 0 0.18356 0.12369
-132.0  78.5 0 0.17060 0.14236
-130.5  78.5 0 0.21536 0.13154
-178.5  78.0 0 0.13116 0.12309
-177.0  78.0 0 0.11185 0.11125
-175.5  78.0 0 0.05547 0.11542
-174.0  78.0 0 0.02475 0.12759
-172.5  78.0 0 0.05474 0.10598
-171.0  78.0 0 0.07537 0.10733
-169.5  78.0 0 0.09754 0.11744
-168.0  78.0 0 0.07641 0.12946
-166.5  78.0 0 0.10367 0.11935
-165.0  78.0 0 0.11976 0.11160
-163.5  78.0 0 0.12596 0.11368
-162.0  78.0 0 0.12062 0.13496
-160.5  78.0 0 0.13409 0.11292
-159.0  78.0 0 0.13116 0.12194
-157.5  78.0 0 0.09620 0.13887
-156.0  78.0 0 0.12468 0.11379
-154.5  78.0 0 0.16199 0.14554
-153.0  78.0 0 0.13571 0.12059
-151.5  78.0 0 0.17708 0.13473
-150.0  78.0 0 0.15357 0.12441
-148.5  78.0 0 0.14343 0.13350
-147.0  78.0 0 0.16309 0.14733
-145.5  78.0 0 0.14370 0.13414
-144.0  78.0 0 0.15707 0.13037
-142.5  78.0 0 0.19737 0.13076
-141.0  78.0 0 0.23560 0.13892
-139.5  78.0 0 0.19745 0.13929
-138.0  78.0 0 0.21969 0.14089
-136.5  78.0 0 0.19060 0.13404
-135.0  78.0 0 0.25411 0.13687
-133.5  78.0 0 0.21404 0.14342
-132.0  78.0 0 0.18555 0.12614
-130.5  78.0 0 0.18935 0.14771
-178.5  77.5 0 0.12569 0.11702
-177.0  77.5 0 0.10305 0.10751
-175.5  77.5 0 0.09521 0.12926
-174.0  77.5 0 0.05629 0.12575
-172.5  77.5 0 0.04884 0.11520
-171.0  77.5 0 0.08269 0.10761
-169.5  77.5 0 0.07816 0.11240
-168.0  77.5 0 0.08141 0.12806
-166.5  77.5 0 0.09997 0.10742
-165.0  77.5 0 0.11168 0.11357
-163.5  77.5 0 0.12393 0.11212
-162.0  77.5 0 0.12939 0.11168
-160.5  77.5 0 0.11235 0.12557
-159.0  77.5 0 0.08389 0.14226
-157.5  77.5 0 0.08394 0.12115
-156.0  77.5 0 0.09210 0.13473
-154.5  77.5 0 0.20806 0.12160
-153.0  77.5 0 0.12772 0.13400
-151.5  77.5 0 0.16794 0.14002
-150.0  77.5 0 0.14357 0.13717
-148.5  77.5 0 0.16859 0.11668
-147.0  77.5 0 0.14067 0.13456
-145.5  77.5 0 0.15875 0.13141
-144.0  77.5 0 0.17084 0.13479
-142.5  77.5 0 0.19277 0.12979
-141.0  77.5 0 0.19347 0.13042
-139.5  77.5 0 0.21984 0.12497
-138.0  77.5 0 0.21079 0.13855
-136.5  77.5 0 0.23128 0.12467
-135.0  77.5 0 0.25352 0.13311
-133.5  77.5 0 0.18988 0.12002
-132.0  77.5 0 0.18432 0.12055
-130.5  77.5 0 0.20794 0.13532
-178.5  77.0 0 0.11659 0.12599
-177.0  77.0 0 0.08945 0.11650
-175.5  77.0 0 0.08771 0.09876
-174.0  77.0 0 0.08525 0.11116
-172.5  77.0 0 0.07296 0.11300
-171.0  77.0 0 0.06659 0.10551
-169.5  77.0 0 0.08607 0.12778
-168.0  77.0 0 0.08779 0.10549
-166.5  77.0 0 0.10660 0.12428
-165.0  77.0 0 0.08120 0.13322
-163.5  77.0 0 0.10825 0.10616
-162.0  77.0 0 0.07562 0.12004
-160.5  77.0 0 0.05302 0.11807
-159.0  77.0 0 0.08270 0.11767
-157.5  77.0 0 0.13577 0.13415
-156.0  77.0 0 0.12102 0.13585
-154.5  77.0 0 0.14252 0.14231
-153.0  77.0 0 0.13314 0.20182
-151.5  77.0 0 0.14158 0.12238
-150.0  77.0 0 0.14694 0.12777
-148.5  77.0 0 0.15792 0.11401
-147.0  77.0 0 0.16012 0.12841
-145.5  77.0 0 0.15928 0.12140
-144.0  77.0 0 0.17967 0.14525
-142.5  77.0 0 0.16782 0.15748
-141.0  77.0 0 0.19752 0.13378
-139.5  77.0 0 0.24784 0.11908
-138.0  77.0 0 0.23544 0.12187
-136.5  77.0 0 0.21884 0.14416
-135.0  77.0 0 0.23472 0.13661
-133.5  77.0 0 0.16661 0.13348
-132.0  77.0 0 0.19130 0.13698
-130.5  77.0 0 0.21791 0.12988
-178.5  76.5 0 0.15059 0.10823
-177.0  76.5 0 0.11081 0.10902
-175.5  76.5 0 0.10536 0.12610
-174.0  76.5 0 0.06688 0.11345
-172.5  76.5 0 0.05315 0.09629
-171.0  76.5 0 0.10232 0.10874
-169.5  76.5 0 0.07535 0.11812
-168.0  76.5 0 0.08430 0.11163
-166.5  76.5 0 0.12149 0.13334
-165.0  76.5 0 0.09575 0.13685
-163.5  76.5 0 0.05477 0.11810
-162.0  76.5 0 0.07876 0.11628
-160.5  76.5 0 0.10578 0.13203
-159.0  76.5 0 0.10048 0.12383
-157.5  76.5 0 0.08776 0.14424
-156.0  76.5 0 0.11955 0.13105
-154.5  76.5 0 0.13159 0.13427
-153.0  76.5 0 0.08402 0.12728
-151.5  76.5 0 0.10878 0.13407
-150.0  76.5 0 0.11743 0.12711
-148.5  76.5 0 0.07577 0.13192
-147.0  76.5 0 0.16229 0.12219
-145.5  76.5 0 0.13352 0.14007
-144.0  76.5 0 0.17429 0.14547
-142.5  76.5 0 0.18505 0.12858
-141.0  76.5 0 0.18124 0.12756
-139.5  76.5 0 0.22998 0.13271
-138.0  76.5 0 0.19811 0.11544
-136.5  76.5 0 0.20598 0.14628
-135.0  76.5 0 0.21954 0.12425
-133.5  76.5 0 0.16418 0.12632
-132.0  76.5 0 0.14773 0.13944
-130.5  76.5 0 0.18624 0.12117
-178.5  76.0 0 0.08522 0.12182
-177.0  76.0 0 0.10385 0.10404
-175.5  76.0 0 0.08403 0.11954
-174.0  76.0 0 0.08681 0.10604
-172.5  76.0 0 0.11343 0.10725
-171.0  76.0 0 0.09587 0.12589
-169.5  76.0 0 0.11823 0.13898
-168.0  76.0 0 0.08528 0.11658
-166.5  76.0 0 0.08391 0.12461
-165.0  76.0 0 0.10763 0.12098
-163.5  76.0 0 0.08983 0.13190
-162.0  76.0 0 0.10015 0.13050
-160.5  76.0 0 0.09842 0.13092
-159.0  76.0 0 0.09025 0.13112
-157.5  76.0 0 0.11337 0.14486
-156.0  76.0 0 0.12729 0.13316
-154.5  76.0 0 0.12907 0.13082
-153.0  76.0 0 0.11416 0.13291
-151.5  76.0 0 0.14698 0.12572
-150.0  76.0 0 0.09862 0.12818
-148.5  76.0 0 0.05012 0.13577
-147.0  76.0 0 0.18425 0.11621
-145.5  76.0 0 0.16661 0.12371
-144.0  76.0 0 0.17933 0.13103
-142.5  76.0 0 0.17085 0.13032
-141.0  76.0 0 0.16781 0.12828
-139.5  76.0 0 0.21879 0.12670
-138.0  76.0 0 0.21611 0.12627
-136.5  76.0 0 0.23096 0.13512
-135.0  76.0 0 0.15731 0.13985
-133.5  76.0 0 0.12686 0.13645
-132.0  76.0 0 0.19219 0.12002
-130.5  76.0 0 0.14091 0.11216
-178.5  75.5 0 0.12089 0.11343
-177.0  75.5 0 0.11083 0.11282
-175.5  75.5 0 0.09405 0.11919
-174.0  75.5 0 0.06890 0.10788
-172.5  75.5 0 0.09481 0.11927
-171.0  75.5 0 0.07803 0.11543
-169.5  75.5 0 0.09290 0.13356
-168.0  75.5 0 0.10855 0.12230
-166.5  75.5 0 0.11807 0.10971
-165.0  75.5 0 0.08930 0.12032
-163.5  75.5 0 0.08560 0.12391
-162.0  75.5 0 0.10505 0.12601
-160.5  75.5 0 0.05808 0.11170
-159.0  75.5 0 0.11901 0.13573
-157.5  75.5 0 0.12617 0.14446
-156.0  75.5 0 0.09595 0.13802
-154.5  75.5 0 0.11671 0.13197
-153.0  75.5 0 0.17439 0.13425
-151.5  75.5 0 0.12314 0.12537
-150.0  75.5 0 0.12301 0.12361
-148.5  75.5 0 0.08623 0.11737
-147.0  75.5 0 0.16221 0.13180
-145.5  75.5 0 0.17208 0.10131
-144.0  75.5 0 0.16683 0.14025
-142.5  75.5 0 0.19606 0.12470
-141.0  75.5 0 0.16468 0.12599
-139.5  75.5 0 0.18905 0.12351
-138.0  75.5 0 0.14867 0.14392
-136.5  75.5 0 0.20496 0.13048
-135.0  75.5 0 0.15587 0.14004
-133.5  75.5 0 0.16902 0.12552
-132.0  75.5 0 0.20377 0.12017
-130.5  75.5 0 0.15947 0.11563
-178.5  75.0 0 0.10089 0.10209
-177.0  75.0 0 0.11625 0.10563
-175.5  75.0 0 0.08839 0.09629
-174.0  75.0 0 0.11456 0.11202
-172.5  75.0 0 0.07651 0.12913
-171.0  75.0 0 0.11768 0.12704
-169.5  75.0 0 0.11477 0.10373
-168.0  75.0 0 0.07843 0.11897
-166.5  75.0 0 0.07920 0.10522
-165.0  75.0 0 0.08700 0.12521
-163.5  75.0 0 0.07393 0.11975
-162.0  75.0 0 0.08209 0.10573
-160.5  75.0 0 0.09641 0.10843
-159.0  75.0 0 0.17188 0.14345
-157.5  75.0 0 0.11315 0.14175
-156.0  75.0 0 0.10595 0.14078
-154.5  75.0 0 0.12623 0.12959
-153.0  75.0 0 0.14245 0.12742
-151.5  75.0 0 0.16529 0.12787
-150.0  75.0 0 0.13078 0.11710
-148.5  75.0 0 0.09570 0.12229
-147.0  75.0 0 0.13323 0.13032
-145.5  75.0 0 0.14981 0.13687
-144.0  75.0 0 0.10698 0.13564
-142.5  75.0 0 0.14929 0.13993
-141.0  75.0 0 0.19580 0.11539
-139.5  75.0 0 0.18887 0.12734
-138.0  75.0 0 0.17034 0.12030
-136.5  75.0 0 0.19168 0.13112
-135.0  75.0 0 0.16962 0.13479
-133.5  75.0 0 0.14536 0.12874
-132.0  75.0 0 0.14960 0.12641
-130.5  75.0 0 0.15586 0.12937
-178.5  74.5 0 0.07347 0.11490
-177.0  74.5 0 0.09635 0.10525
-175.5  74.5 0 0.06387 0.10557
-174.0  74.5 0 0.09975 0.09573
-172.5  74.5 0 0.06586 0.10879
-171.0  74.5 0 0.09020 0.13003
-169.5  74.5 0 0.08679 0.11056
-168.0  74.5 0 0.08895 0.09804
-166.5  74.5 0 0.09140 0.10266
-165.0  74.5 0 0.10329 0.11031
-163.5  74.5 0 0.08517 0.10523
-162.0  74.5 0 0.09789 0.11802
-160.5  74.5 0 0.09340 0.11444
-159.0  74.5 0 0.10602 0.11914
-157.5  74.5 0 0.14188 0.12398
-156.0  74.5 0 0.12369 0.12529
-154.5  74.5 0 0.11719 0.11597
-153.0  74.5 0 0.11076 0.11910
-151.5  74.5 0 0.10817 0.12773
-150.0  74.5 0 0.12538 0.12696
-148.5  74.5 0 0.10230 0.12016
-147.0  74.5 0 0.14660 0.11109
-145.5  74.5 0 0.11817 0.13914
-144.0  74.5 0 0.13601 0.09685
-142.5  74.5 0 0.15001 0.08245
-141.0  74.5 0 0.17108 0.12598
-139.5  74.5 0 0.14009 0.12824
-138.0  74.5 0 0.16007 0.13279
-136.5  74.5 0 0.15789 0.13746
-135.0  74.5 0 0.13603 0.12904
-133.5  74.5 0 0.16161 0.12526
-132.0  74.5 0 0.16294 0.13846
-130.5  74.5 0 0.21857 0.12023
-178.5  74.0 0 0.09909 0.11021
-177.0  74.0 0 0.12209 0.11938
-175.5  74.0 0 0.07846 0.11152
-174.0  74.0 0 0.11576 0.07898
-172.5  74.0 0 0.12401 0.12039
-171.0  74.0 0 0.10074 0.12465
-169.5  74.0 0 0.09018 0.12778
-168.0  74.0 0 0.08348 0.10015
-166.5  74.0 0 0.08309 0.11058
-165.0  74.0 0 0.09960 0.11150
-163.5  74.0 0 0.12105 0.12537
-162.0  74.0 0 0.07776 0.10927
-160.5  74.0 0 0.05993 0.11656
-159.0  74.0 0 0.11857 0.13588
-157.5  74.0 0 0.13963 0.10609
-156.0  74.0 0 0.11464 0.12838
-154.5  74.0 0 0.09172 0.12152
-153.0  74.0 0 0.12317 0.11861
-151.5  74.0 0 0.16338 0.12347
-150.0  74.0 0 0.09443 0.12545
-148.5  74.0 0 0.15037 0.12263
-147.0  74.0 0 0.12537 0.12067
-145.5  74.0 0 0.10851 0.13324
-144.0  74.0 0 0.14648 0.11909
-142.5  74.0 0 0.16316 0.10621
-141.0  74.0 0 0.15940 0.10796
-139.5  74.0 0 0.17824 0.11742
-138.0  74.0 0 0.14464 0.14118
-136.5  74.0 0 0.17489 0.14578
-135.0  74.0 0 0.11662 0.13366
-133.5  74.0 0 0.14990 0.13572
-132.0  74.0 0 0.14024 0.12117
-130.5  74.0 0 0.10024 0.13562
-178.5  73.5 0 0.10002 0.10475
-177.0  73.5 0 0.13442 0.10831
-175.5  73.5 0 0.12256 0.10971
-174.0  73.5 0 0.13560 0.10681
-172.5  73.5 0 0.13288 0.11081
-171.0  73.5 0 0.12104 0.11073
-169.5  73.5 0 0.08409 0.11071
-168.0  73.5 0 0.11960 0.10743
-166.5  73.5 0 0.09466 0.10416
-165.0  73.5 0 0.08443 0.11476
-163.5  73.5 0 0.10781 0.12368
-162.0  73.5 0 0.07443 0.10859
-160.5  73.5 0 0.07805 0.12913
-159.0  73.5 0 0.13067 0.12661
-157.5  73.5 0 0.09553 0.11357
-156.0  73.5 0 0.10073 0.11585
-154.5  73.5 0 0.12019 0.11845
-153.0  73.5 0 0.13278 0.13697
-151.5  73.5 0 0.13158 0.13549
-150.0  73.5 0 0.09411 0.12958
-148.5  73.5 0 0.11243 0.12908
-147.0  73.5 0 0.11019 0.11232
-145.5  73.5 0 0.14848 0.11944
-144.0  73.5 0 0.12080 0.10256
-142.5  73.5 0 0.17493 0.11175
-141.0  73.5 0 0.16253 0.12166
-139.5  73.5 0 0.16187 0.11413
-138.0  73.5 0 0.15985 0.11682
-136.5  73.5 0 0.20260 0.12957
-135.0  73.5 0 0.17078 0.11830
-133.5  73.5 0 0.20613 0.12930
-132.0  73.5 0 0.17577 0.12587
-130.5  73.5 0 0.12343 0.13663
-178.5  73.0 0 0.12906 0.11183
-177.0  73.0 0 0.11578 0.12004
-175.5  73.0 0 0.11699 0.11349
-174.0  73.0 0 0.14972 0.11036
-172.5  73.0 0 0.12031 0.11169
-171.0  73.0 0 0.13009 0.09536
-169.5  73.0 0 0.12411 0.10346
-168.0  73.0 0 0.08651 0.09640
-166.5  73.0 0 0.08362 0.10181
-165.0  73.0 0 0.08786 0.10404
-163.5  73.0 0 0.10291 0.10393
-162.0  73.0 0 0.07923 0.12215
-160.5  73.0 0 0.11081 0.11075
-159.0  73.0 0 0.11468 0.13261
-157.5  73.0 0 0.07769 0.11756
-156.0  73.0 0 0.09267 0.10713
-154.5  73.0 0 0.10279 0.12643
-153.0  73.0 0 0.08516 0.13187
-151.5  73.0 0 0.14328 0.12324
-150.0  73.0 0 0.13189 0.13116
-148.5  73.0 0 0.15637 0.12233
-147.0  73.0 0 0.11795 0.11423
-145.5  73.0 0 0.13609 0.13705
-144.0  73.0 0 0.12174 0.12763
-142.5  73.0 0 0.11763 0.11845
-141.0  73.0 0 0.14769 0.11559
-139.5  73.0 0 0.13611 0.12550
-138.0  73.0 0 0.11943 0.11868
-136.5  73.0 0 0.15500 0.11783
-135.0  73.0 0 0.15077 0.12693
-133.5  73.0 0 0.22318 0.13602
-132.0  73.0 0 0.18933 0.10545
-130.5  73.0 0 0.14105 0.13903
-178.5  79.5 1 0.20851 0.11925
-177.0  79.5 1 0.17698 0.10545
-175.5  79.5 1 0.13437 0.13430
-174.0  79.5 1 0.16325 0.17741
-172.5  79.5 1 0.10190 0.12366
-171.0  79.5 1 0.15151 0.09959
-169.5  79.5 1 0.16329 0.11705
-168.0  79.5 1 0.20613 0.10779
-166.5  79.5 1 0.20361 0.11494
-165.0  79.5 1 0.21813 0.10521
-163.5  79.5 1 0.20620 0.11340
-162.0  79.5 1 0.20026 0.10664
-160.5  79.5 1 0.24996 0.09689
-159.0  79.5 1 0.21391 0.09878
-157.5  79.5 1 0.19682 0.10936
-156.0  79.5 1 0.22287 0.10182
-154.5  79.5 1 0.18952 0.11833
-153.0  79.5 1 0.16023 0.13988
-151.5  79.5 1 0.19004 0.10304
-150.0  79.5 1 0.18911 0.11551
-148.5  79.5 1 0.26113 0.09710
-147.0  79.5 1 0.22009 0.10539
-145.5  79.5 1 0.26541 0.10351
-144.0  79.5 1 0.26245 0.10697
-142.5  79.5 1 0.25071 0.10683
-141.0  79.5 1 0.26925 0.12518
-139.5  79.5 1 0.29889 0.08264
-138.0  79.5 1 0.31437 0.07761
-136.5  79.5 1 0.32423 0.09196
-135.0  79.5 1 0.31240 0.09184
-133.5  79.5 1 0.27719 0.09917
-132.0  79.5 1 0.33704 0.12338
-130.5  79.5 1 0.30513 0.10603
-178.5  79.0 1 0.14773 0.11490
-177.0  79.0 1 0.23386 0.08514
-175.5  79.0 1 0.17286 0.11372
-174.0  79.0 1 0.21064 0.10794
-172.5  79.0 1 0.13887 0.12268
-171.0  79.0 1 0.09950 0.14213
-169.5  79.0 1 0.10285 0.10300
-168.0  79.0 1 0.10246 0.11693
-166.5  79.0 1 0.18373 0.11137
-165.0  79.0 1 0.14400 0.10973
-163.5  79.0 1 0.24299 0.09971
-162.0  79.0 1 0.18778 0.11319
-160.5  79.0 1 0.22894 0.11282
-159.0  79.0 1 0.19813 0.10201
-157.5  79.0 1 0.21457 0.10171
-156.0  79.0 1 0.23190 0.10054
-154.5  79.0 1 0.25142 0.10336
-153.0  79.0 1 0.24822 0.12168
-151.5  79.0 1 0.15060 0.11968
-150.0  79.0 1 0.19660 0.11127
-148.5  79.0 1 0.26324 0.12751
-147.0  79.0 1 0.24930 0.10488
-145.5  79.0 1 0.18941 0.11171
-144.0  79.0 1 0.25813 0.09072
-142.5  79.0 1 0.23876 0.12911
-141.0  79.0 1 0.32875 0.08977
-139.5  79.0 1 0.31550 0.07929
-138.0  79.0 1 0.31440 0.09032
-136.5  79.0 1 0.29514 0.11853
-135.0  79.0 1 0.33237 0.10692
-133.5  79.0 1 0.32863 0.12238
-132.0  79.0 1 0.30341 0.10103
-130.5  79.0 1 0.32051 0.09822
-178.5  78.5 1 0.15959 0.11958
-177.0  78.5 1 0.19693 0.10624
-175.5  78.5 1 0.16177 0.11625
-174.0  78.5 1 0.10745 0.09846
-172.5  78.5 1 0.12751 0.10369
-171.0  78.5 1 0.07810 0.11227
-169.5  78.5 1 0.06008 0.09489
-168.0  78.5 1 0.17924 0.11634
-166.5  78.5 1 0.16663 0.09731
-165.0  78.5 1 0.16042 0.12858
-163.5  78.5 1 0.20805 0.09918
-162.0  78.5 1 0.21089 0.10192
-160.5  78.5 1 0.18232 0.11486
-159.0  78.5 1 0.18936 0.11290
-157.5  78.5 1 0.20023 0.10591
-156.0  78.5 1 0.17891 0.12884
-154.5  78.5 1 0.20226 0.13879
-153.0  78.5 1 0.22587 0.10085
-151.5  78.5 1 0.18574 0.11911
-150.0  78.5 1 0.17146 0.13721
-148.5  78.5 1 0.19320 0.10615
-147.0  78.5 1 0.23205 0.08985
-145.5  78.5 1 0.27423 0.09637
-144.0  78.5 1 0.29499 0.08780
-142.5  78.5 1 0.32215 0.08935
-141.0  78.5 1 0.31549 0.08229
-139.5  78.5 1 0.28505 0.10611
-138.0  78.5 1 0.27935 0.08721
-136.5  78.5 1 0.30198 0.12255
-135.0  78.5 1 0.34734 0.12370
-133.5  78.5 1 0.33583 0.10769
-132.0  78.5 1 0.32069 0.10920
-130.5  78.5 1 0.30661 0.09933
-178.5  78.0 1 0.15829 0.12631
-177.0  78.0 1 0.16065 0.12027
-175.5  78.0 1 0.16549 0.14663
-174.0  78.0 1 0.10896 0.10200
-172.5  78.0 1 0.06127 0.06186
-171.0  78.0 1 0.10402 0.10456
-169.5  78.0 1 0.12538 0.09547
-168.0  78.0 1 0.14610 0.12544
-166.5  78.0 1 0.14904 0.09862
-165.0  78.0 1 0.21135 0.13419
-163.5  78.0 1 0.18604 0.11208
-162.0  78.0 1 0.13337 0.11460
-160.5  78.0 1 0.16637 0.15298
-159.0  78.0 1 0.15701 0.10391
-157.5  78.0 1 0.17564 0.12703
-156.0  78.0 1 0.20006 0.14042
-154.5  78.0 1 0.19107 0.12750
-153.0  78.0 1 0.20576 0.11714
-151.5  78.0 1 0.14424 0.11991
-150.0  78.0 1 0.21889 0.10918
-148.5  78.0 1 0.26513 0.09542
-147.0  78.0 1 0.20489 0.11719
-145.5  78.0 1 0.21044 0.13416
-144.0  78.0 1 0.29077 0.10449
-142.5  78.0 1 0.24801 0.11411
-141.0  78.0 1 0.31431 0.10939
-139.5  78.0 1 0.30268 0.09850
-138.0  78.0 1 0.31469 0.09726
-136.5  78.0 1 0.28299 0.09871
-135.0  78.0 1 0.28561 0.09847
-133.5  78.0 1 0.31567 0.11081
-132.0  78.0 1 0.35128 0.10189
-130.5  78.0 1 0.32175 0.11894
-178.5  77.5 1 0.19151 0.11853
-177.0  77.5 1 0.18648 0.07127
-175.5  77.5 1 0.17179 0.12027
-174.0  77.5 1 0.08709 0.15444
-172.5  77.5 1 0.11773 0.12745
-171.0  77.5 1 0.08755 0.12033
-169.5  77.5 1 0.14681 0.12018
-168.0  77.5 1 0.17010 0.10967
-166.5  77.5 1 0.14769 0.11252
-165.0  77.5 1 0.14753 0.12637
-163.5  77.5 1 0.22587 0.09409
-162.0  77.5 1 0.15454 0.10061
-160.5  77.5 1 0.20090 0.11014
-159.0  77.5 1 0.17958 0.11724
-157.5  77.5 1 0.15969 0.10086
-156.0  77.5 1 0.16436 0.15274
-154.5  77.5 1 0.20801 0.12501
-153.0  77.5 1 0.14904 0.13514
-151.5  77.5 1 0.17005 0.14106
-150.0  77.5 1 0.21949 0.11727
-148.5  77.5 1 0.22935 0.13469
-147.0  77.5 1 0.23619 0.12905
-145.5  77.5 1 0.23645 0.07909
-144.0  77.5 1 0.25630 0.10642
-142.5  77.5 1 0.30926 0.09583
-141.0  77.5 1 0.28231 0.10688
-139.5  77.5 1 0.29918 0.09810
-138.0  77.5 1 0.29452 0.09384
-136.5  77.5 1 0.30483 0.08565
-135.0  77.5 1 0.30511 0.13156
-133.5  77.5 1 0.30513 0.09917
-132.0  77.5 1 0.29771 0.12419
-130.5  77.5 1 0.29143 0.11506
-178.5  77.0 1 0.19543 0.18974
-177.0  77.0 1 0.16554 0.11268
-175.5  77.0 1 0.19914 0.12527
-174.0  77.0 1 0.08877 0.15781
-172.5  77.0 1 0.14380 0.10708
-171.0  77.0 1 0.18319 0.08442
-169.5  77.0 1 0.17834 0.15147
-168.0  77.0 1 0.18144 0.10555
-166.5  77.0 1 0.15235 0.10311
-165.0  77.0 1 0.16294 0.10334
-163.5  77.0 1 0.08317 0.10783
-162.0  77.0 1 0.18730 0.10613
-160.5  77.0 1 0.18442 0.10953
-159.0  77.0 1 0.14066 0.13674
-157.5  77.0 1 0.11999 0.11563
-156.0  77.0 1 0.11600 0.10823
-154.5  77.0 1 0.15834 0.12356
-153.0  77.0 1 0.18846 0.10950
-151.5  77.0 1 0.17752 0.12090
-150.0  77.0 1 0.19458 0.12707
-148.5  77.0 1 0.20360 0.09606
-147.0  77.0 1 0.18385 0.12603
-145.5  77.0 1 0.23921 0.15018
-144.0  77.0 1 0.35426 0.09356
-142.5  77.0 1 0.23240 0.12700
-141.0  77.0 1 0.27170 0.09093
-139.5  77.0 1 0.29209 0.10135
-138.0  77.0 1 0.30100 0.07439
-136.5  77.0 1 0.33627 0.08918
-135.0  77.0 1 0.29669 0.10742
-133.5  77.0 1 0.30102 0.08699
-132.0  77.0 1 0.28614 0.11134
-130.5  77.0 1 0.24596 0.11828
-178.5  76.5 1 0.20020 0.10823
-177.0  76.5 1 0.21666 0.10290
-175.5  76.5 1 0.16138 0.09652
-174.0  76.5 1 0.15115 0.09509
-172.5  76.5 1 0.15287 0.12789
-171.0  76.5 1 0.18152 0.09693
-169.5  76.5 1 0.11859 0.11601
-168.0  76.5 1 0.12617 0.11101
-166.5  76.5 1 0.18899 0.11514
-165.0  76.5 1 0.16626 0.11685
-163.5  76.5 1 0.13415 0.12196
-162.0  76.5 1 0.15545 0.08444
-160.5  76.5 1 0.19853 0.12290
-159.0  76.5 1 0.13979 0.13404
-157.5  76.5 1 0.16882 0.11240
-156.0  76.5 1 0.14702 0.12707
-154.5  76.5 1 0.14908 0.11051
-153.0  76.5 1 0.14695 0.14268
-151.5  76.5 1 0.17500 0.14246
-150.0  76.5 1 0.21000 0.12336
-148.5  76.5 1 0.18561 0.14465
-147.0  76.5 1 0.23342 0.13645
-145.5  76.5 1 0.25641 0.10168
-144.0  76.5 1 0.30535 0.11084
-142.5  76.5 1 0.28988 0.09247
-141.0  76.5 1 0.27144 0.10609
-139.5  76.5 1 0.27671 0.10132
-138.0  76.5 1 0.30804 0.08663
-136.5  76.5 1 0.24750 0.13410
-135.0  76.5 1 0.23929 0.12682
-133.5  76.5 1 0.27029 0.09272
-132.0  76.5 1 0.23127 0.09515
-130.5  76.5 1 0.28240 0.09287
-178.5  76.0 1 0.19263 0.11213
-177.0  76.0 1 0.21767 0.10110
-175.5  76.0 1 0.15865 0.09653
-174.0  76.0 1 0.19505 0.09899
-172.5  76.0 1 0.15467 0.10317
-171.0  76.0 1 0.14789 0.09889
-169.5  76.0 1 0.14610 0.12400
-168.0  76.0 1 0.13242 0.09780
-166.5  76.0 1 0.12115 0.12060
-165.0  76.0 1 0.19022 0.07491
-163.5  76.0 1 0.14494 0.11704
-162.0  76.0 1 0.16702 0.12132
-160.5  76.0 1 0.21093 0.10978
-159.0  76.0 1 0.18957 0.13771
-157.5  76.0 1 0.17145 0.10984
-156.0  76.0 1 0.18952 0.11550
-154.5  76.0 1 0.13999 0.09751
-153.0  76.0 1 0.12743 0.12473
-151.5  76.0 1 0.16279 0.13190
-150.0  76.0 1 0.12074 0.12543
-148.5  76.0 1 0.21546 0.10619
-147.0  76.0 1 0.25083 0.09554
-145.5  76.0 1 0.25296 0.08786
-144.0  76.0 1 0.24027 0.08584
-142.5  76.0 1 0.30277 0.08997
-141.0  76.0 1 0.29079 0.08973
-139.5  76.0 1 0.27862 0.10501
-138.0  76.0 1 0.25073 0.10461
-136.5  76.0 1 0.28335 0.09048
-135.0  76.0 1 0.26111 0.09527
-133.5  76.0 1 0.25194 0.10504
-132.0  76.0 1 0.29352 0.10426
-130.5  76.0 1 0.27300 0.08720
-178.5  75.5 1 0.20925 0.10930
-177.0  75.5 1 0.18701 0.10128
-175.5  75.5 1 0.19456 0.11217
-174.0  75.5 1 0.12049 0.13288
-172.5  75.5 1 0.15156 0.10220
-171.0  75.5 1 0.15354 0.10608
-169.5  75.5 1 0.17534 0.11441
-168.0  75.5 1 0.09578 0.10360
-166.5  75.5 1 0.14342 0.08681
-165.0  75.5 1 0.15437 0.10119
-163.5  75.5 1 0.23589 0.09979
-162.0  75.5 1 0.15693 0.09631
-160.5  75.5 1 0.11960 0.12543
-159.0  75.5 1 0.19215 0.11097
-157.5  75.5 1 0.20357 0.08466
-156.0  75.5 1 0.19273 0.11191
-154.5  75.5 1 0.17301 0.10938
-153.0  75.5 1 0.17208 0.12450
-151.5  75.5 1 0.19176 0.11360
-150.0  75.5 1 0.16659 0.11505
-148.5  75.5 1 0.20132 0.09223
-147.0  75.5 1 0.19781 0.13034
-145.5  75.5 1 0.20309 0.12228
-144.0  75.5 1 0.23226 0.10414
-142.5  75.5 1 0.24039 0.08685
-141.0  75.5 1 0.27508 0.09784
-139.5  75.5 1 0.28227 0.10785
-138.0  75.5 1 0.22831 0.09686
-136.5  75.5 1 0.25895 0.09389
-135.0  75.5 1 0.23211 0.11031
-133.5  75.5 1 0.23397 0.08380
-132.0  75.5 1 0.16356 0.12822
-130.5  75.5 1 0.26083 0.12956
-178.5  75.0 1 0.24860 0.13957
-177.0  75.0 1 0.23078 0.09404
-175.5  75.0 1 0.23989 0.09567
-174.0  75.0 1 0.17337 0.12084
-172.5  75.0 1 0.13306 0.11879
-171.0  75.0 1 0.14653 0.10093
-169.5  75.0 1 0.15017 0.11318
-168.0  75.0 1 0.15644 0.10232
-166.5  75.0 1 0.14276 0.09497
-165.0  75.0 1 0.17454 0.10952
-163.5  75.0 1 0.15735 0.11878
-162.0  75.0 1 0.18401 0.11725
-160.5  75.0 1 0.14823 0.14874
-159.0  75.0 1 0.22792 0.11315
-157.5  75.0 1 0.11996 0.15146
-156.0  75.0 1 0.16236 0.12270
-154.5  75.0 1 0.17712 0.11211
-153.0  75.0 1 0.19074 0.12070
-151.5  75.0 1 0.16219 0.11758
-150.0  75.0 1 0.19385 0.10153
-148.5  75.0 1 0.09314 0.12320
-147.0  75.0 1 0.19587 0.09913
-145.5  75.0 1 0.21269 0.13011
-144.0  75.0 1 0.22188 0.08732
-142.5  75.0 1 0.25662 0.08684
-141.0  75.0 1 0.21163 0.09949
-139.5  75.0 1 0.22880 0.07936
-138.0  75.0 1 0.21970 0.09376
-136.5  75.0 1 0.21970 0.11241
-135.0  75.0 1 0.26651 0.10626
-133.5  75.0 1 0.25458 0.09534
-132.0  75.0 1 0.22400 0.09399
-130.5  75.0 1 0.25766 0.12681
-178.5  74.5 1 0.16107 0.08289
-177.0  74.5 1 0.20773 0.09466
-175.5  74.5 1 0.16953 0.10365
-174.0  74.5 1 0.16080 0.10877
-172.5  74.5 1 0.17941 0.10649
-171.0  74.5 1 0.14851 0.10333
-169.5  74.5 1 0.15063 0.12613
-168.0  74.5 1 0.14097 0.09378
-166.5  74.5 1 0.16873 0.10922
-165.0  74.5 1 0.14171 0.09864
-163.5  74.5 1 0.13548 0.10644
-162.0  74.5 1 0.17718 0.08385
-160.5  74.5 1 0.19403 0.12441
-159.0  74.5 1 0.18397 0.11902
-157.5  74.5 1 0.17692 0.10747
-156.0  74.5 1 0.14214 0.11059
-154.5  74.5 1 0.19882 0.11814
-153.0  74.5 1 0.16859 0.12266
-151.5  74.5 1 0.18827 0.12756
-150.0  74.5 1 0.15284 0.14171
-148.5  74.5 1 0.16903 0.10965
-147.0  74.5 1 0.15484 0.12333
-145.5  74.5 1 0.21165 0.10565
-144.0  74.5 1 0.22494 0.10302
-142.5  74.5 1 0.22788 0.08269
-141.0  74.5 1 0.21901 0.10509
-139.5  74.5 1 0.23259 0.07800
-138.0  74.5 1 0.19026 0.09515
-136.5  74.5 1 0.20034 0.09408
-135.0  74.5 1 0.18769 0.10777
-133.5  74.5 1 0.25728 0.09357
-132.0  74.5 1 0.22997 0.11364
-130.5  74.5 1 0.22290 0.08412
-178.5  74.0 1 0.18900 0.08801
-177.0  74.0 1 0.15893 0.09692
-175.5  74.0 1 0.18449 0.08834
-174.0  74.0 1 0.19245 0.11113
-172.5  74.0 1 0.19298 0.10936
-171.0  74.0 1 0.16826 0.09467
-169.5  74.0 1 0.16980 0.10162
-168.0  74.0 1 0.15899 0.09189
-166.5  74.0 1 0.19945 0.10763
-165.0  74.0 1 0.16352 0.10654
-163.5  74.0 1 0.16908 0.09014
-162.0  74.0 1 0.16342 0.13962
-160.5  74.0 1 0.12385 0.12068
-159.0  74.0 1 0.14009 0.12794
-157.5  74.0 1 0.18931 0.10794
-156.0  74.0 1 0.14468 0.10495
-154.5  74.0 1 0.14900 0.10897
-153.0  74.0 1 0.15895 0.10415
-151.5  74.0 1 0.17603 0.11217
-150.0  74.0 1 0.17795 0.10144
-148.5  74.0 1 0.12857 0.13366
-147.0  74.0 1 0.19744 0.10554
-145.5  74.0 1 0.19206 0.09748
-144.0  74.0 1 0.22448 0.07315
-142.5  74.0 1 0.22468 0.07959
-141.0  74.0 1 0.19599 0.09716
-139.5  74.0 1 0.21573 0.10123
-138.0  74.0 1 0.21041 0.09857
-136.5  74.0 1 0.20451 0.10427
-135.0  74.0 1 0.21153 0.09631
-133.5  74.0 1 0.22918 0.09821
-132.0  74.0 1 0.23222 0.09895
-130.5  74.0 1 0.15506 0.16298
-178.5  73.5 1 0.16044 0.11395
-177.0  73.5 1 0.12162 0.12630
-175.5  73.5 1 0.22033 0.09956
-174.0  73.5 1 0.23997 0.08793
-172.5  73.5 1 0.22036 0.07638
-171.0  73.5 1 0.16014 0.09224
-169.5  73.5 1 0.11297 0.12238
-168.0  73.5 1 0.23179 0.10522
-166.5  73.5 1 0.13806 0.11718
-165.0  73.5 1 0.17570 0.11833
-163.5  73.5 1 0.20796 0.10501
-162.0  73.5 1 0.19551 0.09406
-160.5  73.5 1 0.17600 0.10959
-159.0  73.5 1 0.16096 0.10052
-157.5  73.5 1 0.17330 0.09820
-156.0  73.5 1 0.14065 0.13216
-154.5  73.5 1 0.16692 0.12637
-153.0  73.5 1 0.17976 0.09793
-151.5  73.5 1 0.18711 0.23297
-150.0  73.5 1 0.15152 0.13475
-148.5  73.5 1 0.17430 0.10716
-147.0  73.5 1 0.20296 0.08574
-145.5  73.5 1 0.18181 0.10314
-144.0  73.5 1 0.18375 0.09656
-142.5  73.5 1 0.16919 0.11938
-141.0  73.5 1 0.18908 0.10759
-139.5  73.5 1 0.18355 0.09960
-138.0  73.5 1 0.24084 0.08009
-136.5  73.5 1 0.18400 0.12022
-135.0  73.5 1 0.23880 0.08751
-133.5  73.5 1 0.23526 0.07938
-132.0  73.5 1 0.21776 0.10995
-130.5  73.5 1 0.29038 0.12658
-178.5  73.0 1 0.17583 0.09337
-177.0  73.0 1 0.18234 0.09085
-175.5  73.0 1 0.23566 0.12512
-174.0  73.0 1 0.19267 0.10809
-172.5  73.0 1 0.20408 0.09406
-171.0  73.0 1 0.14267 0.12728
-169.5  73.0 1 0.16555 0.09810
-168.0  73.0 1 0.22657 0.08889
-166.5  73.0 1 0.16093 0.11024
-165.0  73.0 1 0.17905 0.10648
-163.5  73.0 1 0.18945 0.09569
-162.0  73.0 1 0.19462 0.11016
-160.5  73.0 1 0.24965 0.08651
-159.0  73.0 1 0.21827 0.08798
-157.5  73.0 1 0.12313 0.15648
-156.0  73.0 1 0.08740 0.14536
-154.5  73.0 1 0.14251 0.12815
-153.0  73.0 1 0.18188 0.12060
-151.5  73.0 1 0.17377 0.09205
-150.0  73.0 1 0.07348 0.13852
-148.5  73.0 1 0.14718 0.13317
-147.0  73.0 1 0.14082 0.13307
-145.5  73.0 1 0.15980 0.11157
-144.0  73.0 1 0.13176 0.11751
-142.5  73.0 1 0.13788 0.11623
-141.0  73.0 1 0.20876 0.08870
-139.5  73.0 1 0.20444 0.09083
-138.0  73.0 1 0.20371 0.10193
-136.5  73.0 1 0.15123 0.11334
-135.0  73.0 1 0.17994 0.12145
-133.5  73.0 1 0.23225 0.08464
-132.0  73.0 1 0.27200 0.09026
-130.5  73.0 1 0.07496 0.15777
