1200
     5.060172882      2.109405837 0      -0.154217021      0.100000000
     0.905221709      0.892966471 0      -0.050826369      0.100000000
     7.645178441      2.308390540 0      -0.127862487      0.100000000
     5.365479800      5.040502636 0      -0.290108872      0.100000000
     2.117994915      0.429011898 0      -0.089025575      0.100000000
     4.125207073      5.213855755 0      -0.459207853      0.100000000
     3.175118083      6.674364958 0      -0.243748301      0.100000000
     4.855016218      6.452844085 0      -0.205489582      0.100000000
     7.527589537      6.918347797 0      -0.096835465      0.100000000
     2.917125126      3.890983435 0      -0.518294136      0.100000000
     4.482342216      6.570596834 0      -0.129467108      0.100000000
     4.022098921      3.984206870 0      -0.556154029      0.100000000
     4.191296056      2.756617745 0      -0.644587376      0.100000000
     6.469078421      7.116595633 0      -0.323409716      0.100000000
     3.773281143      2.192425286 0      -0.398111479      0.100000000
     5.699022382      7.409875568 0      -0.091311253      0.100000000
     1.143843513      5.584429855 0      -0.318677676      0.100000000
     0.514677464      2.436205892 0       0.129344777      0.100000000
     3.139114254      4.197221100 0      -0.498919161      0.100000000
     6.945213773      1.604117832 0      -0.108755157      0.100000000
     2.777892958      3.892540380 0      -0.569042827      0.100000000
     2.498547273      5.589544740 0      -0.357797845      0.100000000
     2.197023714      0.118617813 0      -0.072040903      0.100000000
     6.223387688      3.997542117 0      -0.180799014      0.100000000
     3.455151296      7.336512724 0       0.101916076      0.100000000
     0.299106211      5.809013168 0       0.085117555      0.100000000
     7.020811496      6.030427176 0       0.015554899      0.100000000
     5.592144022      2.471149252 0      -0.268670238      0.100000000
     1.606212875      1.219168773 0      -0.081960791      0.100000000
     6.330644284      0.908969500 0       0.125566682      0.100000000
     3.845291914      1.248349984 0      -0.165597989      0.100000000
     0.911005126      2.106793557 0       0.130457093      0.100000000
     4.394616147      4.839242483 0      -0.358425974      0.100000000
     6.410301964      7.350504316 0      -0.249914429      0.100000000
     7.333930569      3.050633761 0      -0.056890926      0.100000000
     4.106557764      1.698649717 0      -0.305809662      0.100000000
     1.777140995      4.009079824 0      -0.399550986      0.100000000
     7.602135229      6.084755591 0       0.074077647      0.100000000
     3.099194014      2.579515649 0      -0.420251671      0.100000000
     1.340362255      4.991384222 0      -0.201161047      0.100000000
     6.624834290      1.301013984 0      -0.147491533      0.100000000
     7.012458961      5.449263053 0      -0.119566440      0.100000000
     6.313821066      5.373930307 0      -0.402058257      0.100000000
     6.013069694      5.201497278 0      -0.431359506      0.100000000
     0.206518720      7.039236823 0      -0.084919455      0.100000000
     5.469081316      7.464804411 0      -0.144890311      0.100000000
     3.892712675      2.611911256 0      -0.490722230      0.100000000
     5.836315356      0.297954705 0      -0.074118442      0.100000000
     0.841747422      2.392642794 0       0.003121506      0.100000000
     6.172707357      1.676217769 0      -0.182572186      0.100000000
     6.682138187      5.363349999 0      -0.056696604      0.100000000
     4.476386153      5.686631618 0      -0.393257310      0.100000000
     6.337339966      3.621289520 0      -0.331092106      0.100000000
     0.642663400      5.097055568 0      -0.130481969      0.100000000
     3.964033683      2.350278461 0      -0.442472512      0.100000000
     3.951143923      2.251653903 0      -0.257934068      0.100000000
     2.655709692      5.191987349 0      -0.482033474      0.100000000
     6.053014808      5.897087667 0      -0.202244383      0.100000000
     2.037545814      4.307069499 0      -0.387519416      0.100000000
     3.164559890      6.731658289 0      -0.353676845      0.100000000
     1.046260052      0.722324935 0       0.031062484      0.100000000
     2.625689801      2.569317186 0      -0.233498201      0.100000000
     4.765636917      2.656916544 0      -0.323701225      0.100000000
     7.541667759      4.405707905 0      -0.062749701      0.100000000
     1.363171274      7.019733295 0       0.067025703      0.100000000
     4.676750904      2.183639106 0      -0.301033057      0.100000000
     3.196982706      5.415685883 0      -0.407532558      0.100000000
     0.330618540      4.864194829 0      -0.321414811      0.100000000
     5.041861990      2.930073660 0      -0.483549720      0.100000000
     3.648799472      3.635789984 0      -0.540216417      0.100000000
     1.789992751      6.535866929 0      -0.214389613      0.100000000
     1.480962730      6.864712377 0      -0.040789928      0.100000000
     6.595195663      0.874298264 0      -0.200766129      0.100000000
     3.699323045      4.832529481 0      -0.523462521      0.100000000
     7.090061697      4.949600322 0      -0.202129532      0.100000000
     5.635328807      5.258393860 0      -0.253535181      0.100000000
     3.979167672      7.578574777 0      -0.082248393      0.100000000
     0.399033710      1.266643142 0       0.016843626      0.100000000
     7.058780916      4.899950286 0      -0.117717652      0.100000000
     6.211150356      2.662680931 0      -0.406224740      0.100000000
     3.128413133      7.242339049 0      -0.124340822      0.100000000
     2.992791614      5.342869180 0      -0.473509379      0.100000000
     2.367235976      4.597688665 0      -0.237995648      0.100000000
     7.678294442      1.093498126 0      -0.042134402      0.100000000
     5.047868777      3.905759098 0      -0.330482786      0.100000000
     3.360699440      1.687916430 0      -0.309147125      0.100000000
     4.042722749      5.324813617 0      -0.356669694      0.100000000
     6.433590490      3.553982950 0      -0.316847050      0.100000000
     2.695050722      0.910561392 0      -0.052410760      0.100000000
     6.805697347      7.005581142 0      -0.013075766      0.100000000
     7.184967702      7.727356388 0       0.112337487      0.100000000
     3.183136457      7.028777009 0      -0.211808164      0.100000000
     1.561170709      7.299623619 0      -0.197736598      0.100000000
     3.026675550      0.881437231 0      -0.277265500      0.100000000
     0.945514015      0.901730439 0      -0.074034640      0.100000000
     4.736672581      5.356673171 0      -0.308829993      0.100000000
     2.418306340      0.310231837 0       0.063032631      0.100000000
     5.084461075      0.324958926 0       0.091887658      0.100000000
     0.737605245      2.758024589 0      -0.048805933      0.100000000
     7.196372205      2.148962181 0      -0.007665479      0.100000000
     6.875565874      7.248938482 0       0.123734961      0.100000000
     4.255474315      7.791805322 0      -0.033690041      0.100000000
     7.039545272      6.775373116 0       0.002511031      0.100000000
     5.900322833      0.634016153 0      -0.195291183      0.100000000
     2.109207419      0.891984751 0      -0.086024702      0.100000000
     1.402114583      1.282382801 0       0.029405671      0.100000000
     1.967624301      0.840349667 0       0.042360001      0.100000000
     7.141314130      5.782568298 0       0.014793785      0.100000000
     6.098438040      4.907307788 0      -0.307068740      0.100000000
     1.481836486      3.439932660 0      -0.202617844      0.100000000
     1.276750655      3.253014334 0      -0.152524957      0.100000000
     7.881559935      2.936965166 0      -0.141797496      0.100000000
     4.706261561      6.171741664 0      -0.224811692      0.100000000
     1.671717934      6.317442758 0      -0.203397045      0.100000000
     1.177190260      5.157464535 0      -0.090136852      0.100000000
     5.763188655      7.799904958 0      -0.158461364      0.100000000
     2.313017015      2.903283507 0      -0.434797000      0.100000000
     5.821869089      6.363167591 0      -0.168451602      0.100000000
     2.401820001      3.912679839 0      -0.428509648      0.100000000
     5.417067720      0.424825895 0      -0.106651334      0.100000000
     0.154839259      3.700487970 0       0.014250945      0.100000000
     4.570537467      0.860889487 0      -0.077897851      0.100000000
     1.219490495      5.635217359 0      -0.022366222      0.100000000
     4.622227286      0.670300837 0      -0.294249822      0.100000000
     1.146859558      0.246868741 0       0.074458977      0.100000000
     2.575824025      4.970839808 0      -0.483406112      0.100000000
     4.707337770      1.007805943 0      -0.111138255      0.100000000
     0.259041126      2.217617180 0      -0.152990652      0.100000000
     7.329483446      6.397346147 0      -0.013988233      0.100000000
     3.809602583      1.376570223 0      -0.175965779      0.100000000
     4.144162422      1.640388127 0      -0.229890553      0.100000000
     3.076534817      4.236959025 0      -0.647254059      0.100000000
     1.351282111      4.020348966 0      -0.339216628      0.100000000
     0.647285881      0.610712226 0       0.001089232      0.100000000
     1.840503102      0.414998036 0      -0.057344709      0.100000000
     1.991707290      5.067629378 0      -0.322713711      0.100000000
     4.375595418      6.055042636 0      -0.360158678      0.100000000
     0.291836682      7.123308098 0       0.062089793      0.100000000
     3.421146242      6.643929095 0      -0.251501042      0.100000000
     6.471373242      4.327010228 0      -0.250457823      0.100000000
     6.018328668      0.986106353 0      -0.174557260      0.100000000
     2.217704776      0.790254306 0      -0.000720640      0.100000000
     0.268335248      5.977927395 0      -0.092130240      0.100000000
     5.676220430      7.429268323 0      -0.156871572      0.100000000
     3.260533847      4.996417594 0      -0.332184706      0.100000000
     0.771667372      3.827524789 0      -0.232430608      0.100000000
     4.366917330      7.755204982 0      -0.084725929      0.100000000
     4.859287588      1.174229360 0      -0.211316338      0.100000000
     6.245689907      1.542914002 0      -0.091834612      0.100000000
     0.647251571      6.361831318 0      -0.216461344      0.100000000
     7.487024351      3.338721196 0      -0.009920625      0.100000000
     1.118370332      0.048705534 0       0.207545878      0.100000000
     6.017082343      4.450928404 0      -0.316532467      0.100000000
     1.396959648      1.459687167 0       0.062810604      0.100000000
     2.080622581      2.169771294 0      -0.188722451      0.100000000
     2.811408961      0.653729237 0      -0.060907961      0.100000000
     2.519032862      5.838673495 0      -0.215514068      0.100000000
     2.640073868      6.053413831 0      -0.305218061      0.100000000
     4.984465235      2.072136828 0      -0.247848517      0.100000000
     3.348110243      0.445901949 0      -0.108642039      0.100000000
     0.850017991      7.440659421 0      -0.112330168      0.100000000
     1.214798099      0.285654986 0       0.035776821      0.100000000
     0.847042248      0.504801801 0       0.030862935      0.100000000
     3.988455132      1.899697113 0      -0.202562335      0.100000000
     0.052236571      3.463150197 0      -0.013876780      0.100000000
     7.588321354      5.935139530 0       0.002184901      0.100000000
     6.114983518      6.683841211 0      -0.222062234      0.100000000
     2.860545869      0.229538057 0      -0.157634631      0.100000000
     3.521837810      5.898252792 0      -0.236917611      0.100000000
     2.570747152      7.011515593 0      -0.222813952      0.100000000
     5.215407812      6.835500596 0      -0.243991151      0.100000000
     3.741993242      1.177026434 0      -0.122582123      0.100000000
     6.785168048      2.679035944 0      -0.105511830      0.100000000
     6.321658485      3.804235008 0      -0.166567968      0.100000000
     4.281098242      3.920844486 0      -0.469132391      0.100000000
     3.672337242      0.098386231 0       0.100794702      0.100000000
     4.706510705      5.544637512 0      -0.582940142      0.100000000
     5.886855319      2.406613294 0      -0.198209935      0.100000000
     1.702030077      4.180047906 0      -0.213056044      0.100000000
     5.621432631      0.778599526 0      -0.249292862      0.100000000
     4.883314927      6.807474330 0      -0.434331354      0.100000000
     1.382311291      5.192805098 0      -0.024617059      0.100000000
     1.530563412      4.284444478 0      -0.349188202      0.100000000
     2.628409648      7.223915392 0      -0.237758817      0.100000000
     2.096094600      4.697059074 0      -0.169500432      0.100000000
     3.386255116      7.920455758 0      -0.225864144      0.100000000
     3.156646761      2.433774390 0      -0.508104449      0.100000000
     1.481888930      1.125320883 0      -0.152982221      0.100000000
     3.315641695      7.343241982 0      -0.150243696      0.100000000
     4.551185650      2.754290217 0      -0.462162084      0.100000000
     0.018883732      1.954852440 0       0.138812240      0.100000000
     6.903530075      7.482832030 0       0.068593976      0.100000000
     6.745155640      7.920969783 0      -0.080529221      0.100000000
     0.291881537      0.687524708 0       0.047957077      0.100000000
     4.681145772      2.849918095 0      -0.327003151      0.100000000
     6.546288596      0.741267518 0      -0.232018424      0.100000000
     5.879665861      4.958738734 0      -0.412311290      0.100000000
     2.074731568      0.151071004 0       0.038688594      0.100000000
     5.449761171      6.648619487 0      -0.334221416      0.100000000
     6.712664915      6.537394759 0      -0.044090150      0.100000000
     6.308679572      6.464922109 0      -0.140075162      0.100000000
     4.093773579      7.110503751 0      -0.174364624      0.100000000
     5.919073678      3.190985980 0      -0.287635711      0.100000000
     1.677413594      6.202238375 0      -0.126903294      0.100000000
     1.885462771      0.405691600 0       0.106948574      0.100000000
     4.557553690      1.239924364 0      -0.102494480      0.100000000
     4.329591592      2.332730166 0      -0.155864766      0.100000000
     7.278151244      0.154764980 0      -0.127197986      0.100000000
     4.074263737      5.164020861 0      -0.623748705      0.100000000
     7.551518729      7.528957806 0      -0.011476648      0.100000000
     5.068137722      5.956856103 0      -0.287030935      0.100000000
     2.971911080      0.140212497 0       0.072854060      0.100000000
     1.686072145      4.591160977 0      -0.310057284      0.100000000
     3.540731098      7.836713160 0      -0.109905696      0.100000000
     7.079384712      5.914865363 0      -0.044836754      0.100000000
     7.159795385      7.030352006 0       0.046451384      0.100000000
     5.266413289      3.978366170 0      -0.481287428      0.100000000
     2.481189689      4.248394476 0      -0.516659499      0.100000000
     4.923298839      2.976345676 0      -0.405187929      0.100000000
     6.220165346      1.227001811 0       0.090877954      0.100000000
     0.379220601      1.780555304 0       0.005280082      0.100000000
     3.000762325      2.483099188 0      -0.317911100      0.100000000
     4.337822668      5.241895996 0      -0.498299059      0.100000000
     2.101117604      7.241356439 0      -0.237433965      0.100000000
     3.875126881      7.795387341 0      -0.188084192      0.100000000
     7.396379598      0.938776885 0       0.066135617      0.100000000
     5.619023683      3.688883883 0      -0.297016049      0.100000000
     2.632763265      3.604896009 0      -0.504115393      0.100000000
     0.308904140      6.921005682 0      -0.006452795      0.100000000
     6.581070938      6.804486334 0       0.029423745      0.100000000
     1.554555210      4.284960516 0      -0.338264642      0.100000000
     2.121366394      2.381923740 0      -0.269949739      0.100000000
     3.233556179      4.295007913 0      -0.524858475      0.100000000
     7.872343545      5.970960799 0      -0.169727272      0.100000000
     3.982832350      4.980983554 0      -0.396055563      0.100000000
     1.083248861      4.991316985 0      -0.121663611      0.100000000
     1.248580540      5.370180376 0      -0.340212354      0.100000000
     1.678150485      6.289924899 0      -0.076233538      0.100000000
     5.029441182      0.187091519 0      -0.149130341      0.100000000
     2.891334863      3.136128590 0      -0.533880709      0.100000000
     0.380552951      3.325741619 0      -0.153673683      0.100000000
     2.950300391      5.063935545 0      -0.298516377      0.100000000
     7.428214690      2.633207710 0       0.017630441      0.100000000
     3.948644988      2.940917882 0      -0.610608466      0.100000000
     7.904681705      1.861284018 0      -0.049137791      0.100000000
     2.468728636      7.745615946 0      -0.260676572      0.100000000
     3.703212856      0.257991017 0      -0.169201915      0.100000000
     7.100073203      0.734896693 0       0.116628223      0.100000000
     2.594856734      6.628656995 0      -0.173782651      0.100000000
     6.969304374      6.839538567 0       0.000205569      0.100000000
     7.838383801      4.094023506 0      -0.217042314      0.100000000
     3.469549251      6.338578299 0      -0.306523168      0.100000000
     2.692713776      0.983691360 0      -0.053828382      0.100000000
     3.428909155      2.438330891 0      -0.329432806      0.100000000
     4.427510253      7.080685482 0       0.012667394      0.100000000
     7.668756314      0.173053661 0      -0.048716221      0.100000000
     2.585690086      4.165748062 0      -0.378008339      0.100000000
     0.390152878      7.363756933 0       0.110700518      0.100000000
     4.711287276      1.631428392 0      -0.184231186      0.100000000
     6.907989210      3.580013654 0       0.025862238      0.100000000
     4.306015007      6.303570298 0      -0.335333254      0.100000000
     7.004815512      5.527061231 0      -0.114336787      0.100000000
     4.458475662      6.429876734 0      -0.231696699      0.100000000
     6.273387227      3.120342897 0      -0.285801379      0.100000000
     1.053009343      0.274361647 0      -0.075757156      0.100000000
     2.282799987      1.242079547 0      -0.075680182      0.100000000
     3.439157300      0.383860078 0      -0.238292376      0.100000000
     2.797957314      0.265683811 0       0.099785160      0.100000000
     0.450275135      1.121542742 0      -0.021555306      0.100000000
     0.551376104      1.665667075 0      -0.108663416      0.100000000
     5.487021542      4.240220669 0      -0.474883646      0.100000000
     1.721752987      1.842314836 0       0.092244245      0.100000000
     7.759191549      4.273936349 0      -0.008265755      0.100000000
     4.295529090      6.913715098 0      -0.353411635      0.100000000
     0.906470900      6.406465832 0      -0.369362303      0.100000000
     6.754243575      2.890665728 0       0.034879748      0.100000000
     0.670591060      6.047275859 0       0.017273113      0.100000000
     1.042223913      5.890804902 0      -0.262943700      0.100000000
     7.399558457      1.708272281 0      -0.081836200      0.100000000
     5.219441149      5.847542458 0      -0.300261253      0.100000000
     0.014653178      5.470927893 0       0.163484767      0.100000000
     2.449357570      2.354057842 0      -0.415016751      0.100000000
     2.797918373      6.010769875 0      -0.346686309      0.100000000
     7.875079201      3.156364011 0      -0.098301853      0.100000000
     6.105566741      1.887798548 0      -0.053641228      0.100000000
     7.670987964      0.872568742 0       0.039513249      0.100000000
     1.383578343      6.974525060 0       0.234820653      0.100000000
     5.860824544      7.682173058 0       0.045800677      0.100000000
     1.038638099      1.405593981 0       0.039602113      0.100000000
     6.002123230      4.387313044 0      -0.229734812      0.100000000
     3.934637107      3.543764354 0      -0.627367128      0.100000000
     6.327808198      2.984161826 0      -0.153668834      0.100000000
     7.645181626      1.955015240 0      -0.024379617      0.100000000
     0.166254291      3.579925997 0      -0.009359446      0.100000000
     0.211548491      7.493180362 0      -0.161349707      0.100000000
     5.750053351      4.723893418 0      -0.374887518      0.100000000
     5.603689275      0.799041175 0      -0.181770712      0.100000000
     4.054619215      2.943555054 0      -0.401793398      0.100000000
     4.900313389      3.605696372 0      -0.606028511      0.100000000
     0.838907281      2.026375221 0       0.064464994      0.100000000
     6.768030411      5.751285119 0      -0.180526157      0.100000000
     5.496590883      4.683492862 0      -0.442858428      0.100000000
     4.249486632      2.052356275 0      -0.287218247      0.100000000
     4.731199265      1.917644532 0      -0.328467456      0.100000000
     6.307205461      4.426751035 0      -0.318819895      0.100000000
     7.059850548      6.882382554 0      -0.206799002      0.100000000
     1.597901998      6.158743992 0      -0.315720811      0.100000000
     7.145538895      4.156930130 0      -0.100056561      0.100000000
     4.788035232      6.138189024 0      -0.242926332      0.100000000
     6.188101579      3.628697647 0      -0.105828115      0.100000000
     4.528465318      6.753519644 0      -0.166913484      0.100000000
     0.549351161      2.227709975 0      -0.064442089      0.100000000
     7.279107249      6.135730567 0      -0.180914305      0.100000000
     5.873023755      1.322204596 0      -0.019852777      0.100000000
     7.373939005      0.371897402 0       0.064088863      0.100000000
     1.842679856      2.825414798 0      -0.247362993      0.100000000
     6.037888761      2.782377043 0      -0.352159079      0.100000000
     5.559262647      2.756286768 0      -0.369277682      0.100000000
     5.055265187      7.046506008 0      -0.248208002      0.100000000
     1.283507436      5.935324224 0      -0.271990665      0.100000000
     1.212866813      5.171466604 0      -0.165336370      0.100000000
     0.101660392      7.713521796 0       0.112085161      0.100000000
     1.215797968      7.620381798 0       0.089784524      0.100000000
     4.259477570      7.373371847 0      -0.116153461      0.100000000
     6.121741415      2.504984205 0      -0.248706752      0.100000000
     5.075867885      1.782336821 0      -0.399762348      0.100000000
     7.337644142      3.400731641 0      -0.075042139      0.100000000
     4.838084305      5.352727553 0      -0.395981483      0.100000000
     7.533377756      3.313291759 0      -0.172628719      0.100000000
     6.936679961      3.820631537 0      -0.109290748      0.100000000
     6.524614092      2.708111768 0      -0.331493934      0.100000000
     7.898757321      3.061623599 0      -0.107973619      0.100000000
     4.945724678      1.747770838 0      -0.182090627      0.100000000
     2.032865301      6.119314334 0      -0.067136168      0.100000000
     6.932852621      4.462597021 0      -0.219683499      0.100000000
     5.648450422      3.383743477 0      -0.276357619      0.100000000
     5.622363168      3.129111082 0      -0.478336364      0.100000000
     5.968110440      0.117417439 0      -0.060861960      0.100000000
     6.324734624      4.914352481 0      -0.308674170      0.100000000
     1.780332482      7.578573562 0      -0.062293947      0.100000000
     3.181854001      0.160165785 0      -0.032860190      0.100000000
     7.412206781      3.570449723 0      -0.158806328      0.100000000
     7.588576061      2.156267943 0      -0.022549258      0.100000000
     1.780130221      4.836181780 0      -0.268172179      0.100000000
     2.467425427      3.400038060 0      -0.594522471      0.100000000
     0.968110864      2.728706541 0      -0.027374207      0.100000000
     4.901607322      2.390297754 0      -0.181995294      0.100000000
     2.769292689      7.499610612 0      -0.224499967      0.100000000
     0.429614351      7.356376706 0       0.017401524      0.100000000
     6.793332136      2.123121161 0       0.011224890      0.100000000
     1.063394995      6.414004349 0       0.056017318      0.100000000
     3.204444633      3.726788372 0      -0.592574452      0.100000000
     0.123125806      4.172875980 0      -0.041638477      0.100000000
     1.461562728      2.362019087 0       0.054428557      0.100000000
     7.753175671      0.827823106 0       0.008457353      0.100000000
     5.228173635      2.682627350 0      -0.204237204      0.100000000
     7.744447611      6.459569043 0       0.096325232      0.100000000
     2.360525086      7.667872819 0      -0.140214139      0.100000000
     4.360506854      5.519771566 0      -0.482665601      0.100000000
     1.258213695      7.853081518 0      -0.237798878      0.100000000
     0.096309319      0.504802253 0       0.063324529      0.100000000
     3.998275976      3.833382124 0      -0.603968435      0.100000000
     4.033970115      6.803008815 0      -0.353353045      0.100000000
     5.322919433      1.743098660 0      -0.120657719      0.100000000
     1.768915262      6.217649388 0      -0.037683591      0.100000000
     7.218001466      5.135963022 0      -0.227696183      0.100000000
     3.142704295      6.217850541 0       0.019765923      0.100000000
     0.314984895      7.250124033 0      -0.112073592      0.100000000
     0.898176088      7.024188217 0       0.049261383      0.100000000
     6.431868879      3.759692918 0      -0.342419877      0.100000000
     6.935984407      6.750549802 0      -0.114807980      0.100000000
     3.040852447      6.866755256 0      -0.053813890      0.100000000
     4.611790237      2.370951125 0      -0.591476666      0.100000000
     0.255763655      6.250254506 0      -0.026687131      0.100000000
     3.768408011      6.434797323 0      -0.122283492      0.100000000
     1.003926579      7.904001652 0       0.012550051      0.100000000
     0.505206781      6.601393299 0      -0.183808983      0.100000000
     4.784285775      7.756665987 0      -0.073427711      0.100000000
     6.767261646      2.724357747 0      -0.128099725      0.100000000
     6.668052004      2.951071105 0      -0.281826268      0.100000000
     3.684149917      7.877313649 0      -0.385679196      0.100000000
     1.021622723      6.929720570 0       0.011094109      0.100000000
     2.215044549      2.853645409 0      -0.258337038      0.100000000
     3.410492796      5.419904531 0      -0.474755962      0.100000000
     3.018338857      4.134444780 0      -0.391352973      0.100000000
     1.055996502      5.203977495 0      -0.296603555      0.100000000
     7.150199199      7.721878463 0       0.025552443      0.100000000
     3.133797557      4.407840497 0      -0.485296517      0.100000000
     3.975555585      1.988274418 0      -0.202904004      0.100000000
     1.759282430      2.174075137 0      -0.110172107      0.100000000
     4.244202281      6.690102170 0      -0.153328800      0.100000000
     0.984589113      6.472013103 0      -0.247488634      0.100000000
     1.570886540      7.341837676 0      -0.155159140      0.100000000
     2.272952175      6.556417229 0      -0.231197096      0.100000000
     4.749838541      2.087497766 0      -0.278812513      0.100000000
     7.771076392      6.702727639 0      -0.037471328      0.100000000
     0.712752098      1.081956030 0       0.117911542      0.100000000
     0.169892208      4.707153318 0      -0.097016243      0.100000000
     6.218030312      0.865536399 0      -0.085472536      0.100000000
     7.726360394      6.294188533 0      -0.001138547      0.100000000
     3.996764408      5.247568118 0      -0.474489405      0.100000000
     2.423469313      7.465920311 0      -0.010152699      0.100000000
     0.130040440      7.907746710 0       0.044462467      0.100000000
     1.623729347      3.808493015 0      -0.178214618      0.100000000
     7.562801441      1.716016646 0       0.027232206      0.100000000
     3.732204157      6.955388472 0      -0.097988671      0.100000000
     6.745909190      4.228634511 0      -0.062370004      0.100000000
     7.206444606      0.618114665 0      -0.030430866      0.100000000
     3.219814182      5.182562580 0      -0.267475255      0.100000000
     4.358841120      4.908052564 0      -0.476705829      0.100000000
     0.787112969      0.274657240 0       0.034922443      0.100000000
     2.761667470      5.432408779 0      -0.498707313      0.100000000
     5.961980476      6.517595856 0      -0.225887013      0.100000000
     3.472188991      2.745692583 0      -0.334664005      0.100000000
     5.339520051      7.751905570 0      -0.187191936      0.100000000
     0.420475175      1.426586100 0       0.134172022      0.100000000
     4.332709689      2.645507257 0      -0.323830532      0.100000000
     3.912183818      5.184904052 0      -0.510350894      0.100000000
     2.719969235      7.570691487 0      -0.127660715      0.100000000
     1.121370618      4.275601785 0      -0.255103542      0.100000000
     7.788590709      1.184765251 0      -0.224914678      0.100000000
     5.437054585      1.208715053 0      -0.130364716      0.100000000
     6.139917706      5.795756166 0      -0.271227190      0.100000000
     5.100091621      4.036504908 0      -0.585498804      0.100000000
     1.873752173      3.950420694 0      -0.361354580      0.100000000
     1.140272729      3.598922326 0      -0.179516460      0.100000000
     0.896342972      0.205306799 0       0.023228865      0.100000000
     5.546362404      1.773946371 0      -0.018666549      0.100000000
     4.045852952      4.533399460 0      -0.553618851      0.100000000
     6.946911337      7.194881281 0       0.216059457      0.100000000
     6.871787320      5.823154713 0      -0.059224246      0.100000000
     6.159319768      2.540547436 0      -0.227806788      0.100000000
     0.843346223      2.890587406 0      -0.001516436      0.100000000
     4.018921852      5.378175805 0      -0.362600448      0.100000000
     0.562795173      0.946263791 0      -0.020503628      0.100000000
     2.713045904      4.668128293 0      -0.527333275      0.100000000
     0.230387022      0.260733980 0      -0.136915061      0.100000000
     0.207333837      1.184580824 0       0.058966003      0.100000000
     6.609024976      5.793246478 0      -0.250673636      0.100000000
     6.405143425      1.412122840 0      -0.165385811      0.100000000
     2.658905243      5.958190826 0      -0.409074207      0.100000000
     0.796602339      7.822423206 0      -0.099009036      0.100000000
     6.235561282      2.518776435 0      -0.123360876      0.100000000
     5.126733491      6.650748498 0      -0.185974731      0.100000000
     6.517407818      1.154251704 0      -0.083113847      0.100000000
     2.658639986      6.611216156 0      -0.366764154      0.100000000
     1.907351261      6.559927073 0      -0.159015418      0.100000000
     1.483263367      0.853093007 0      -0.070566346      0.100000000
     1.499251853      6.803290445 0      -0.013194282      0.100000000
     3.519062331      7.183769841 0      -0.201284867      0.100000000
     5.818522955      5.352055789 0      -0.333033668      0.100000000
     4.511408771      4.815368424 0      -0.475971578      0.100000000
     3.187789824      6.971797878 0      -0.210504755      0.100000000
     2.648302037      2.021010065 0      -0.071799479      0.100000000
     2.637381942      6.850376605 0      -0.256188889      0.100000000
     3.240153547      6.492020962 0      -0.197315345      0.100000000
     0.682534969      6.854034040 0       0.000872661      0.100000000
     4.254963725      5.449292221 0      -0.522609102      0.100000000
     4.759577361      3.123796677 0      -0.465826141      0.100000000
     7.331444522      0.233939080 0       0.007304030      0.100000000
     2.419552610      7.911682843 0       0.145828035      0.100000000
     1.178921487      3.786432642 0      -0.240614222      0.100000000
     3.831357760      1.588558607 0      -0.164566052      0.100000000
     3.687571204      4.649869487 0      -0.550105869      0.100000000
     3.871507517      6.695068890 0      -0.269768320      0.100000000
     5.540571332      4.452483336 0      -0.415475248      0.100000000
     5.789678072      0.985597398 0      -0.223893059      0.100000000
     2.074938315      0.765266917 0       0.043736672      0.100000000
     1.196447874      2.980233032 0      -0.135197957      0.100000000
     3.911174138      6.044378001 0      -0.303954060      0.100000000
     0.066550434      5.779107851 0      -0.159511959      0.100000000
     4.777688189      6.702311597 0      -0.210509247      0.100000000
     6.611161856      6.303548722 0      -0.025497950      0.100000000
     5.483599357      2.226426125 0      -0.232954173      0.100000000
     2.874926812      1.645807382 0      -0.100271132      0.100000000
     4.844864032      6.298296404 0      -0.213429335      0.100000000
     2.858004179      1.690191130 0      -0.156441982      0.100000000
     1.264968956      1.040406739 0       0.131658690      0.100000000
     5.058912320      4.402363545 0      -0.440380124      0.100000000
     7.347274636      4.217291891 0      -0.196862087      0.100000000
     4.457245141      3.906201483 0      -0.472397973      0.100000000
     0.265859678      7.235021328 0      -0.051316268      0.100000000
     4.461623129      2.954705597 0      -0.536390489      0.100000000
     3.620138368      7.265863997 0      -0.115921135      0.100000000
     5.084408813      5.378316289 0      -0.331942567      0.100000000
     1.778490526      1.666954157 0      -0.001114210      0.100000000
     5.054047506      3.350059065 0      -0.479442809      0.100000000
     1.730565543      1.955318854 0      -0.056215975      0.100000000
     6.633440034      2.350479458 0      -0.171599090      0.100000000
     5.764882955      7.764755235 0      -0.097283677      0.100000000
     1.648363815      3.375558147 0      -0.230976333      0.100000000
     7.402803462      5.295509931 0       0.053626914      0.100000000
     2.419467034      6.561661630 0      -0.194419068      0.100000000
     5.778612372      1.429227348 0      -0.136152242      0.100000000
     5.245927575      0.333209565 0       0.119149010      0.100000000
     1.256900147      4.252083289 0      -0.167601853      0.100000000
     5.901988709      0.087924701 0      -0.133725437      0.100000000
     1.466290072      3.862168054 0      -0.184646973      0.100000000
     4.925637790      5.294944243 0      -0.453575662      0.100000000
     3.642804185      4.503134048 0      -0.553978538      0.100000000
     6.345821760      4.100354408 0      -0.132690447      0.100000000
     3.212045612      5.246893586 0      -0.468802138      0.100000000
     4.075887191      2.255370275 0      -0.057153347      0.100000000
     2.403208793      6.974180187 0      -0.143994025      0.100000000
     1.198440388      4.706152605 0      -0.217495158      0.100000000
     2.105250852      5.522075582 0      -0.390361620      0.100000000
     2.088384130      6.150602056 0      -0.236423458      0.100000000
     1.210432374      2.668951080 0      -0.279458285      0.100000000
     6.016478895      7.786360232 0      -0.176104452      0.100000000
     6.393428750      3.720411608 0      -0.062314786      0.100000000
     3.985203229      0.562176774 0      -0.216943347      0.100000000
     5.137702576      6.666641930 0      -0.181012839      0.100000000
     3.850437637      0.083461969 0      -0.001956988      0.100000000
     2.378020644      6.737615111 0      -0.199787221      0.100000000
     0.299494612      4.268166373 0      -0.212861592      0.100000000
     6.338763263      6.447903466 0      -0.319561595      0.100000000
     3.229786132      5.428849249 0      -0.348249620      0.100000000
     6.225078424      0.938695337 0      -0.080608359      0.100000000
     1.908584607      4.570409164 0      -0.203143634      0.100000000
     3.399138866      0.277758372 0      -0.123276533      0.100000000
     3.920332954      0.881063912 0      -0.286155627      0.100000000
     2.858091934      0.970948021 0      -0.178231620      0.100000000
     3.843644795      0.418699231 0      -0.161713764      0.100000000
     5.455871445      6.147729637 0      -0.247053793      0.100000000
     2.993039327      2.422247873 0      -0.269619478      0.100000000
     4.492272690      4.478632377 0      -0.378714035      0.100000000
     7.810183575      2.505148766 0      -0.266253259      0.100000000
     0.121135286      4.353060291 0       0.130709126      0.100000000
     6.542375748      7.697333971 0      -0.160255323      0.100000000
     7.910067724      4.227632082 0       0.126853312      0.100000000
     3.652280354      7.011274206 0      -0.216087438      0.100000000
     1.897532761      4.371677696 0      -0.396416828      0.100000000
     2.455155036      0.969576689 0       0.033411403      0.100000000
     7.129461643      4.676015604 0      -0.170875558      0.100000000
     2.298568764      7.462204497 0      -0.218505375      0.100000000
     2.935216019      1.954902142 0      -0.008026969      0.100000000
     3.567966446      6.777158632 0      -0.355039601      0.100000000
     4.286425496      5.533660001 0      -0.244443938      0.100000000
     6.663693068      6.801024172 0      -0.200053865      0.100000000
     5.723238426      4.454460952 0      -0.185512948      0.100000000
     5.530807799      5.252339512 0      -0.403489287      0.100000000
     4.085342442      0.315362847 0       0.054825868      0.100000000
     4.961517858      1.966344536 0      -0.194467937      0.100000000
     7.918694569      5.286309368 0       0.004078112      0.100000000
     7.573024230      6.268596447 0      -0.152775133      0.100000000
     2.570500553      7.282740360 0      -0.171769288      0.100000000
     6.903066347      5.737890916 0      -0.261179114      0.100000000
     2.297577742      5.094653976 0      -0.423821473      0.100000000
     7.233310032      2.144249360 0      -0.132806158      0.100000000
     6.054123939      4.008247168 0      -0.246534796      0.100000000
     5.936111821      7.222665169 0      -0.043462873      0.100000000
     4.567081913      2.103484201 0      -0.376598095      0.100000000
     3.642143425      3.245659237 0      -0.528598026      0.100000000
     5.969452914      7.208500927 0      -0.101319684      0.100000000
     6.333743012      3.588078678 0      -0.207768669      0.100000000
     6.743982504      4.365571600 0      -0.189246667      0.100000000
     5.477888487      7.657051432 0      -0.076808527      0.100000000
     1.754734980      6.149104169 0      -0.200610294      0.100000000
     5.594029934      5.071567885 0      -0.286626269      0.100000000
     7.383121016      3.918213503 0      -0.035043256      0.100000000
     0.349978123      5.933702850 0      -0.047863094      0.100000000
     4.800971376      1.934300470 0      -0.264417848      0.100000000
     0.383622616      3.958527927 0      -0.011416123      0.100000000
     5.127764937      0.876562911 0      -0.115333462      0.100000000
     5.444922613      1.763209921 0      -0.266350985      0.100000000
     2.449881278      2.004374181 0      -0.149423321      0.100000000
     5.565532463      3.743957590 0      -0.297343867      0.100000000
     5.222334884      3.505609464 0      -0.343414209      0.100000000
     3.183901788      2.350977376 0      -0.258745668      0.100000000
     4.298478054      6.374995958 0      -0.193874033      0.100000000
     0.315363588      5.161554733 0      -0.172421130      0.100000000
     0.819287244      1.137002873 0       0.093217284      0.100000000
     3.182188104      4.029300765 0      -0.534790417      0.100000000
     6.989800974      2.734608187 0      -0.135388419      0.100000000
     7.695750511      4.294216580 0      -0.114986074      0.100000000
     7.641189565      2.538632399 0      -0.055620271      0.100000000
     3.687982637      6.344702612 0      -0.369935570      0.100000000
     6.931594862      4.473154673 0      -0.246573037      0.100000000
     7.645482537      1.553271878 0      -0.068975862      0.100000000
     6.144599895      3.926031104 0      -0.179678068      0.100000000
     4.113435956      5.037882609 0      -0.288833773      0.100000000
     4.369934805      5.734626934 0      -0.349998629      0.100000000
     6.252170298      3.693606237 0      -0.293767158      0.100000000
     4.583380132      2.317700829 0      -0.315810325      0.100000000
     0.313132880      4.124055024 0      -0.197965100      0.100000000
     7.126529275      1.018711744 0      -0.060131752      0.100000000
     4.913078840      6.393511093 0      -0.033396965      0.100000000
     6.070176096      6.090834674 0      -0.388979473      0.100000000
     0.322959567      2.910187091 0      -0.160364379      0.100000000
     5.973298998      1.280623390 0      -0.073363101      0.100000000
     7.173090512      4.266266777 0      -0.114270571      0.100000000
     7.360020618      4.249909567 0      -0.172485085      0.100000000
     2.756032882      6.372812501 0      -0.218784417      0.100000000
     6.329604053      5.010120286 0      -0.188620676      0.100000000
     6.606705442      6.565175014 0      -0.143283289      0.100000000
     4.954027691      4.024796144 0      -0.592537964      0.100000000
     3.942754960      2.474742941 0      -0.506280268      0.100000000
     6.714212060      1.454745386 0       0.127502084      0.100000000
     6.953084210      4.925214639 0      -0.312853770      0.100000000
     2.846914996      0.672990812 0      -0.011576666      0.100000000
     7.813254058      4.228763940 1       0.107996666      0.100000000
     4.145916049      2.273495118 1       0.548116323      0.100000000
     4.567435021      4.325295889 1       0.729836992      0.100000000
     7.534692292      5.148032926 1       0.089013671      0.100000000
     2.028608050      0.550547599 1       0.269427913      0.100000000
     4.134633456      3.993952499 1       0.722602041      0.100000000
     7.028669762      0.693578061 1      -0.032099150      0.100000000
     7.553901160      6.677268800 1       0.099166702      0.100000000
     5.347329945      5.332425533 1       0.448034391      0.100000000
     5.694470840      5.635855099 1       0.283904138      0.100000000
     4.543451193      4.181269751 1       0.656591249      0.100000000
     1.110553178      2.683924796 1       0.240676085      0.100000000
     0.380377246      1.448182344 1       0.059751980      0.100000000
     5.452635717      0.379356711 1       0.109361327      0.100000000
     6.721813155      2.702149937 1       0.336139321      0.100000000
     0.839268195      3.535766640 1       0.170362469      0.100000000
     6.579302284      3.970298770 1       0.413214101      0.100000000
     1.641854206      4.091538356 1       0.324555664      0.100000000
     4.065399980      3.107430007 1       0.789560418      0.100000000
     7.857033275      5.347200166 1       0.116510649      0.100000000
     1.485850227      3.253869670 1       0.301794718      0.100000000
     0.834084943      2.210846651 1       0.073317619      0.100000000
     4.473266257      0.799671061 1       0.352696276      0.100000000
     5.044129991      3.494549055 1       0.624232716      0.100000000
     2.079799691      7.594268334 1       0.134698713      0.100000000
     0.881756018      4.912229671 1       0.248345844      0.100000000
     0.677729661      0.834815664 1       0.131355243      0.100000000
     4.061995230      4.737002991 1       0.682629037      0.100000000
     2.887020054      0.580905398 1       0.139626727      0.100000000
     0.119543006      4.208817839 1       0.228772470      0.100000000
     4.368140760      0.716361195 1       0.182107600      0.100000000
     2.752591498      5.087880065 1       0.627883568      0.100000000
     7.880261821      1.426841480 1      -0.065230354      0.100000000
     4.528460529      2.920666547 1       0.711778654      0.100000000
     2.947577392      7.260012784 1       0.182769441      0.100000000
     1.622842199      1.399011541 1       0.182204994      0.100000000
     6.196932339      7.590054286 1       0.076911734      0.100000000
     5.486163107      0.816204250 1       0.032336490      0.100000000
     5.519779584      7.771175130 1       0.124201661      0.100000000
     2.882275730      2.936536047 1       0.711620639      0.100000000
     5.533860631      1.958476802 1       0.436256940      0.100000000
     3.903790919      2.350558293 1       0.544760646      0.100000000
     2.587974408      4.739989569 1       0.575093756      0.100000000
     7.061108903      2.469358934 1       0.030055385      0.100000000
     4.329901949      4.541786142 1       0.548598823      0.100000000
     4.132748195      7.943132035 1       0.171266402      0.100000000
     3.745591883      4.804601904 1       0.763286258      0.100000000
     5.826514297      2.092351932 1       0.127257964      0.100000000
     2.142596179      6.381759210 1       0.170462967      0.100000000
     5.224684419      5.433076075 1       0.449809613      0.100000000
     4.135038445      3.560196906 1       0.710072234      0.100000000
     7.632964984      2.949231257 1       0.232445789      0.100000000
     2.862643940      7.254851234 1       0.282735897      0.100000000
     2.284411202      6.985080981 1       0.164234299      0.100000000
     1.997681553      5.909239160 1       0.259327354      0.100000000
     1.320608944      5.587992294 1       0.215026282      0.100000000
     7.734335275      5.721195207 1       0.053696214      0.100000000
     4.576836521      0.450680767 1       0.165043105      0.100000000
     1.110556733      3.364099306 1       0.338284439      0.100000000
     5.489054100      3.242768252 1       0.733926232      0.100000000
     3.482250158      4.746594682 1       0.570507940      0.100000000
     6.342591156      6.032451562 1       0.150565966      0.100000000
     3.435338765      5.986912910 1       0.323598465      0.100000000
     4.863657784      4.021463658 1       0.886423540      0.100000000
     7.069576154      6.513971800 1      -0.052591305      0.100000000
     6.437687553      4.325169583 1       0.345357798      0.100000000
     2.651169817      4.488275845 1       0.576478592      0.100000000
     5.532582972      7.532937479 1       0.190994321      0.100000000
     2.185789716      3.805213873 1       0.530232667      0.100000000
     4.979198538      0.437012981 1       0.062755753      0.100000000
     6.475724119      2.540435139 1       0.244838851      0.100000000
     6.837163550      6.214172402 1       0.257668865      0.100000000
     4.784855512      3.353812525 1       0.649855062      0.100000000
     7.409988379      1.199249785 1       0.121784788      0.100000000
     0.945418083      5.353995836 1       0.248710826      0.100000000
     7.651689851      1.023282370 1      -0.025591282      0.100000000
     6.603251109      3.583695280 1       0.319478300      0.100000000
     7.002074218      0.741349728 1       0.138664875      0.100000000
     2.665413768      0.732667501 1       0.226422067      0.100000000
     6.558982120      0.746880287 1       0.166055893      0.100000000
     2.911005113      6.336483866 1       0.401052821      0.100000000
     0.991659962      6.090949141 1       0.144391459      0.100000000
     4.436448386      2.722732543 1       0.491136075      0.100000000
     7.476354873      2.779412107 1       0.081540128      0.100000000
     6.683837947      1.293810355 1       0.182851943      0.100000000
     7.915160299      7.030965669 1       0.066505111      0.100000000
     3.166796683      0.576305379 1       0.229449071      0.100000000
     6.846925446      3.863859864 1       0.136736132      0.100000000
     0.232021521      3.580656559 1       0.017768568      0.100000000
     7.038365199      5.198338102 1       0.046329173      0.100000000
     1.648123164      3.749604603 1       0.316049804      0.100000000
     2.944732131      3.494264091 1       0.779125398      0.100000000
     3.342628925      6.380288772 1       0.305855496      0.100000000
     7.375780504      7.930693933 1       0.149901425      0.100000000
     3.289679916      5.479296487 1       0.598733873      0.100000000
     3.822483155      0.232090061 1       0.182322316      0.100000000
     0.516107920      0.187100015 1       0.014353155      0.100000000
     0.410110127      5.358055836 1       0.088175594      0.100000000
     6.707081831      1.431538700 1       0.338128294      0.100000000
     7.711772036      5.430405661 1       0.126040835      0.100000000
     3.852437168      6.018760546 1       0.458387048      0.100000000
     6.885246471      2.329503109 1       0.382925596      0.100000000
     0.277601283      1.113290748 1       0.252352930      0.100000000
     0.802817257      2.503796106 1       0.393817883      0.100000000
     2.061380940      0.002976015 1       0.134489987      0.100000000
     2.096601859      5.957774942 1       0.221205637      0.100000000
     2.867165078      6.136724364 1       0.207049914      0.100000000
     0.781913209      0.119012830 1       0.021091913      0.100000000
     6.116821822      0.231600121 1      -0.022894202      0.100000000
     0.223802892      0.541145530 1       0.155214178      0.100000000
     5.470680363      7.923043198 1      -0.079271111      0.100000000
     1.992229497      5.225187410 1       0.264847630      0.100000000
     6.144466628      0.006756364 1       0.051595906      0.100000000
     7.892555870      4.875408706 1       0.020100709      0.100000000
     5.963265783      2.268155040 1       0.280347733      0.100000000
     6.148424037      4.843020110 1       0.437517503      0.100000000
     4.176966590      6.997922327 1       0.384423509      0.100000000
     3.884257071      1.813290514 1       0.418635453      0.100000000
     7.569147689      4.020000293 1       0.102760406      0.100000000
     3.924996091      5.962784781 1       0.415701650      0.100000000
     5.667766345      1.281216747 1       0.354563486      0.100000000
     4.135490054      3.032089318 1       0.652350061      0.100000000
     7.140136911      3.424138436 1       0.290142657      0.100000000
     0.861632734      2.420001661 1       0.057914784      0.100000000
     6.142671802      6.618406207 1       0.185981635      0.100000000
     1.869280109      6.108099906 1       0.260765977      0.100000000
     6.221580519      4.401055738 1       0.292312238      0.100000000
     0.428230195      1.506353011 1       0.300774126      0.100000000
     7.597452395      0.372393027 1       0.152139362      0.100000000
     1.227581876      6.656836859 1       0.001506419      0.100000000
     5.737355838      1.940274340 1       0.414804266      0.100000000
     7.451870889      0.243049575 1       0.027405777      0.100000000
     7.605092682      7.945175721 1      -0.110737814      0.100000000
     6.730316819      0.348798196 1      -0.002902398      0.100000000
     1.900922753      2.699873288 1       0.361887351      0.100000000
     6.732360984      0.640054542 1       0.031068784      0.100000000
     3.594982184      2.600766459 1       0.484939946      0.100000000
     2.501904587      4.563815216 1       0.655047761      0.100000000
     5.440733690      3.786787990 1       0.449823663      0.100000000
     5.440743190      1.387195604 1       0.294233372      0.100000000
     3.082087201      6.087199836 1       0.582197589      0.100000000
     1.647654433      0.625559723 1       0.363066076      0.100000000
     4.192731178      0.307653660 1       0.064447050      0.100000000
     4.838876982      1.508573910 1       0.334571170      0.100000000
     7.298071644      4.441121525 1       0.197788862      0.100000000
     7.723769278      5.539023110 1       0.231581098      0.100000000
     7.485361041      4.528827998 1       0.086333315      0.100000000
     4.584247295      4.908106662 1       0.547222840      0.100000000
     1.158956700      0.405944706 1       0.054594428      0.100000000
     1.912264617      5.908049598 1       0.177317930      0.100000000
     1.751842504      5.485602822 1       0.354597339      0.100000000
     0.081918745      6.524611101 1      -0.019564539      0.100000000
     1.562882421      6.460056625 1       0.242263561      0.100000000
     3.810564095      7.119043503 1       0.148270941      0.100000000
     1.631982005      6.220067196 1       0.182686649      0.100000000
     0.237701929      5.713838798 1       0.158137205      0.100000000
     4.500795684      2.378290655 1       0.425889715      0.100000000
     0.511320115      4.299816226 1       0.043536579      0.100000000
     3.232388010      5.302100628 1       0.232810438      0.100000000
     2.094350863      0.990783802 1       0.014633570      0.100000000
     7.243363940      3.322944492 1       0.115829902      0.100000000
     3.492772377      2.062688030 1       0.387703850      0.100000000
     1.389146539      3.361220934 1       0.371121701      0.100000000
     4.330373732      1.232544487 1       0.346082989      0.100000000
     2.503093306      0.756734986 1       0.382837371      0.100000000
     0.521480225      1.725822199 1       0.104824481      0.100000000
     5.614231968      4.611861017 1       0.482363472      0.100000000
     5.510045834      6.242007006 1      -0.003765155      0.100000000
     1.995212917      3.413105329 1       0.454097376      0.100000000
     3.457994529      1.794465565 1       0.418527398      0.100000000
     1.074500045      2.864894892 1       0.134525282      0.100000000
     2.287542559      1.832056205 1       0.373157953      0.100000000
     3.523927675      3.209862188 1       0.664585885      0.100000000
     6.931093047      0.166582142 1      -0.103727367      0.100000000
     2.387701922      4.148188861 1       0.478268373      0.100000000
     1.550078750      2.732863734 1       0.388094884      0.100000000
     4.201222930      6.096921803 1       0.281673224      0.100000000
     2.924012272      7.799412703 1       0.053426704      0.100000000
     6.164800682      5.628639626 1       0.423781838      0.100000000
     3.472186122      1.762156076 1       0.398135334      0.100000000
     3.664634156      0.342025227 1       0.218983271      0.100000000
     2.768129396      6.818930338 1       0.087400465      0.100000000
     4.758609873      3.710696571 1       0.581597055      0.100000000
     5.071500092      0.617787811 1       0.119343761      0.100000000
     6.800919405      1.115411741 1       0.288595227      0.100000000
     1.983462201      1.753140008 1       0.221172883      0.100000000
     6.447764493      7.566405052 1       0.127173178      0.100000000
     7.206465798      7.226057043 1       0.125111086      0.100000000
     3.172266821      0.288483338 1       0.033166436      0.100000000
     1.495031404      0.087728547 1       0.133351589      0.100000000
     0.801710466      7.804475585 1       0.027765620      0.100000000
     1.129133616      4.950010038 1       0.209185126      0.100000000
     5.262662220      0.788229085 1      -0.047900635      0.100000000
     3.324816618      0.218014716 1       0.034890057      0.100000000
     4.775203563      6.080300182 1       0.288997872      0.100000000
     5.428181198      7.121882578 1       0.319858139      0.100000000
     4.899525654      4.015634061 1       0.566319527      0.100000000
     7.386703631      7.573706094 1      -0.072028781      0.100000000
     2.258602183      6.002227109 1       0.254666463      0.100000000
     5.546784462      2.624106250 1       0.395477427      0.100000000
     6.384980548      4.021055442 1       0.315621772      0.100000000
     0.992051077      4.604114999 1       0.221201452      0.100000000
     5.753095775      3.277674482 1       0.578356560      0.100000000
     3.489501786      2.927080319 1       0.660173204      0.100000000
     4.427568602      0.158909996 1       0.103174960      0.100000000
     4.530017092      4.080184847 1       0.646594018      0.100000000
     3.986789846      7.794049675 1       0.132500269      0.100000000
     0.060532051      1.299453201 1       0.168939895      0.100000000
     3.905671294      4.184166171 1       0.668478121      0.100000000
     7.241853496      3.982625544 1       0.246668252      0.100000000
     1.448977958      6.390786338 1       0.256484463      0.100000000
     7.536853964      2.419280802 1       0.178401740      0.100000000
     5.403133103      2.880398430 1       0.559544363      0.100000000
     2.692234325      1.101812564 1       0.326748461      0.100000000
     5.129219541      3.142093154 1       0.749485991      0.100000000
     7.190227547      5.754550918 1       0.193539356      0.100000000
     7.244151827      2.844745633 1       0.225317556      0.100000000
     2.761783579      2.328669705 1       0.315232888      0.100000000
     5.831560728      0.477607683 1      -0.013917261      0.100000000
     0.762823542      4.246486880 1       0.112975093      0.100000000
     5.942423413      3.508139281 1       0.329138482      0.100000000
     2.750979995      6.602563818 1       0.353269894      0.100000000
     5.843475733      1.216898832 1       0.312304948      0.100000000
     7.708007318      5.643235501 1       0.020804601      0.100000000
     5.467634012      2.583145856 1       0.443595081      0.100000000
     0.268603648      6.959273986 1       0.228163062      0.100000000
     2.584157777      2.457260377 1       0.578474329      0.100000000
     1.727533122      4.498336972 1       0.339365673      0.100000000
     5.051981150      7.263343422 1       0.159352973      0.100000000
     5.790946074      3.346456513 1       0.409754792      0.100000000
     6.995040908      7.560541953 1       0.030059927      0.100000000
     7.192587049      4.466614254 1       0.054744436      0.100000000
     6.089069564      4.665794939 1       0.358570862      0.100000000
     1.256254648      5.780418248 1       0.090041952      0.100000000
     4.140762420      2.830071332 1       0.735608830      0.100000000
     3.549626962      6.647727299 1       0.326407031      0.100000000
     6.445753992      6.407617286 1       0.046292465      0.100000000
     1.012976900      0.010511145 1       0.025968501      0.100000000
     1.274435365      3.449627773 1       0.213846574      0.100000000
     0.886367504      5.175295978 1       0.090437156      0.100000000
     6.671345756      5.752268899 1       0.054556156      0.100000000
     6.757718581      5.612488894 1       0.295062755      0.100000000
     1.198754771      0.983439064 1       0.091271739      0.100000000
     0.396630663      4.453532080 1       0.326225835      0.100000000
     5.556502290      6.841283199 1       0.231711252      0.100000000
     2.063585123      6.908058378 1       0.102495407      0.100000000
     0.419288967      1.010410591 1       0.124593417      0.100000000
     7.665522801      4.028751837 1       0.011186027      0.100000000
     3.112664508      7.380735081 1       0.173254287      0.100000000
     1.728081894      5.004642547 1       0.520067195      0.100000000
     3.679003422      0.880295540 1       0.320362095      0.100000000
     4.869388789      1.476460980 1       0.398182796      0.100000000
     5.447754010      0.771780129 1       0.108121231      0.100000000
     5.083679355      0.890225248 1       0.147407549      0.100000000
     4.145661823      3.640448787 1       0.732291812      0.100000000
     5.265288129      4.250948096 1       0.552907719      0.100000000
     2.009145142      3.661169828 1       0.403830773      0.100000000
     0.743182189      6.728153113 1       0.166412142      0.100000000
     7.712228807      2.254250560 1       0.153252052      0.100000000
     7.089900259      1.267172905 1       0.132973527      0.100000000
     4.844824622      1.417646378 1       0.151264237      0.100000000
     7.587050136      2.475636024 1       0.019800845      0.100000000
     7.313805640      4.362856289 1       0.176336513      0.100000000
     5.597897052      3.345596966 1       0.509045761      0.100000000
     6.575663170      6.824019645 1      -0.082774164      0.100000000
     6.212879347      2.534014215 1       0.297860323      0.100000000
     7.561213104      6.157413033 1       0.099818760      0.100000000
     2.259644283      7.602653122 1       0.288432388      0.100000000
     4.817330528      6.195157153 1       0.438331079      0.100000000
     1.387187901      7.025888641 1      -0.073723992      0.100000000
     4.756176705      1.029925060 1       0.351719893      0.100000000
     0.737391727      7.805329101 1       0.136499828      0.100000000
     0.655778538      7.239942423 1       0.283360536      0.100000000
     6.368210847      6.038049223 1       0.176647918      0.100000000
     1.925275832      2.894195976 1       0.341415951      0.100000000
     7.656224970      2.868823032 1       0.028740379      0.100000000
     2.434379931      1.589464964 1       0.406309287      0.100000000
     4.198801914      7.609159600 1       0.096737187      0.100000000
     1.531984382      7.552251270 1       0.013130788      0.100000000
     7.909703541      1.224931718 1       0.076778984      0.100000000
     2.363112042      1.291584026 1       0.208781449      0.100000000
     2.295942934      0.697208541 1       0.240381453      0.100000000
     3.079573693      0.945339527 1       0.244252797      0.100000000
     2.358674215      3.708207803 1       0.602448308      0.100000000
     7.412228830      5.740985491 1       0.005975504      0.100000000
     1.935274761      0.755934157 1       0.303295689      0.100000000
     2.040154458      7.819722747 1      -0.048809440      0.100000000
     5.138345877      3.462471098 1       0.593432603      0.100000000
     0.056363088      5.051796144 1       0.060433787      0.100000000
     3.029778327      3.500093910 1       0.770191156      0.100000000
     4.944501396      6.227258594 1       0.353269676      0.100000000
     3.052275990      2.671554884 1       0.715199456      0.100000000
     7.390121751      5.526348760 1       0.041905991      0.100000000
     5.463659278      1.477113447 1       0.289910931      0.100000000
     4.104199597      3.136117360 1       0.616321724      0.100000000
     5.840498541      7.910264208 1       0.179619553      0.100000000
     3.131278695      7.012770307 1       0.299765254      0.100000000
     4.644977679      4.440318120 1       0.559919209      0.100000000
     5.441883661      5.359688359 1       0.436453441      0.100000000
     4.254016677      0.212314792 1       0.273227400      0.100000000
     0.444681536      3.315453753 1       0.395278733      0.100000000
     5.877350831      4.598845471 1       0.436371448      0.100000000
     2.869898283      5.858080399 1       0.574859606      0.100000000
     1.536929155      1.345441003 1       0.075771212      0.100000000
     3.892782124      0.307090936 1       0.161309567      0.100000000
     0.430330465      6.233125312 1       0.131302967      0.100000000
     7.695857738      3.911805411 1       0.205492438      0.100000000
     1.873284936      6.857564257 1       0.183417213      0.100000000
     3.810186565      0.939570109 1       0.260073807      0.100000000
     6.518227463      0.462128391 1       0.090974748      0.100000000
     2.489753266      5.073906969 1       0.479846654      0.100000000
     3.306054580      4.707157399 1       0.658763356      0.100000000
     5.798956135      4.545408242 1       0.554217405      0.100000000
     5.992633026      6.686324106 1       0.227625638      0.100000000
     4.493388503      4.278189196 1       0.708697420      0.100000000
     1.977379030      6.227246979 1       0.330575091      0.100000000
     4.772228602      2.973817799 1       0.502242441      0.100000000
     1.270865746      0.979709140 1       0.095266164      0.100000000
     5.299999091      7.219413778 1       0.214956009      0.100000000
     3.643041420      0.247191970 1       0.244360359      0.100000000
     5.204696983      5.571812905 1       0.518677844      0.100000000
     1.222271760      6.739912546 1       0.045598450      0.100000000
     0.700938443      0.728074700 1       0.092259854      0.100000000
     5.299935933      2.296054467 1       0.388862939      0.100000000
     0.949775785      6.185161592 1       0.115275438      0.100000000
     4.899273684      0.325153450 1       0.191276876      0.100000000
     6.255221516      3.980934369 1       0.231247001      0.100000000
     7.061893852      7.425856009 1      -0.043928038      0.100000000
     6.609984746      2.808341284 1       0.290244753      0.100000000
     3.914498524      2.443032376 1       0.642743288      0.100000000
     2.211572541      4.769961795 1       0.458385403      0.100000000
     6.625010952      5.983664817 1       0.068651143      0.100000000
     0.856817875      6.056122992 1       0.160570904      0.100000000
     5.152263371      2.817797224 1       0.557966301      0.100000000
     6.794771128      0.572790630 1       0.301611776      0.100000000
     2.104962014      1.579556391 1       0.173793830      0.100000000
     0.205699046      4.585336514 1       0.024149526      0.100000000
     3.093622816      1.856433374 1       0.498492162      0.100000000
     6.287056195      3.917733505 1       0.233468742      0.100000000
     5.319366884      3.879258483 1       0.566082664      0.100000000
     6.552204552      3.722853842 1       0.316117623      0.100000000
     6.899346120      6.823290605 1       0.073488582      0.100000000
     7.807749287      7.073564088 1       0.124857481      0.100000000
     6.965620540      1.855321671 1       0.038538074      0.100000000
     7.112339522      4.305459435 1       0.275040803      0.100000000
     2.636853174      4.090022079 1       0.731351299      0.100000000
     1.933109451      7.199126510 1       0.101081854      0.100000000
     7.448235621      2.295007013 1       0.112240939      0.100000000
     0.614690611      2.541955587 1       0.243361357      0.100000000
     3.682931172      2.094137455 1       0.484266334      0.100000000
     5.408605582      7.721101440 1       0.235674317      0.100000000
     3.016056963      1.030288024 1       0.126439227      0.100000000
     5.029588108      5.215133627 1       0.566132589      0.100000000
     4.601043988      4.004589218 1       0.652444565      0.100000000
     6.095771602      2.028420844 1       0.306417290      0.100000000
     4.199104593      4.491209757 1       0.867311640      0.100000000
     0.157892205      2.384499427 1       0.183415817      0.100000000
     4.319396908      7.479427352 1       0.203788564      0.100000000
     6.112829538      1.804935778 1       0.141957112      0.100000000
     5.005168850      5.937163518 1       0.265100224      0.100000000
     2.598717361      7.936791921 1       0.039382087      0.100000000
     1.338721275      6.548651048 1       0.076084184      0.100000000
     1.843430654      3.431847651 1       0.335935584      0.100000000
     0.687451862      3.218038154 1       0.270908627      0.100000000
     7.260146350      5.291563213 1       0.282969106      0.100000000
     0.626401071      6.570596777 1       0.038731147      0.100000000
     1.062628549      5.422881540 1       0.188820459      0.100000000
     7.782025197      4.871074017 1       0.051949973      0.100000000
     2.397295330      2.157682308 1       0.627052975      0.100000000
     3.754397820      1.304064526 1       0.396492464      0.100000000
     7.203991576      3.559359600 1      -0.037129177      0.100000000
     6.247976417      6.492398765 1       0.156844809      0.100000000
     6.913457531      7.128764584 1       0.183467637      0.100000000
     5.424732122      4.557663695 1       0.405457792      0.100000000
     7.157874947      2.877873386 1       0.241280388      0.100000000
     1.803563081      5.896068434 1       0.218800550      0.100000000
     5.755255207      3.411438104 1       0.510367977      0.100000000
     3.548051268      1.703432725 1       0.389419846      0.100000000
     0.163713719      6.720057884 1       0.139534393      0.100000000
     3.916207284      1.259215610 1       0.211460911      0.100000000
     7.627365569      5.382723154 1       0.370821882      0.100000000
     2.534287160      7.424586250 1       0.017110730      0.100000000
     7.395954245      2.072694909 1       0.230595549      0.100000000
     3.613882854      5.350671860 1       0.429310903      0.100000000
     2.411335970      5.605495883 1       0.316141690      0.100000000
     7.478647316      6.023577679 1       0.053338461      0.100000000
     0.461243868      6.336857177 1       0.263532306      0.100000000
     7.783910691      0.549106761 1       0.056956823      0.100000000
     1.513738179      2.092142612 1       0.383075192      0.100000000
     4.294227850      4.256061933 1       0.864187145      0.100000000
     2.046453832      0.609300722 1       0.321975199      0.100000000
     0.364572027      3.043008441 1       0.109752366      0.100000000
     3.727221066      5.066369718 1       0.560251517      0.100000000
     7.403241892      3.020296911 1       0.167070182      0.100000000
     1.765395459      0.524195415 1       0.137949874      0.100000000
     3.925653810      5.501307010 1       0.661873832      0.100000000
     2.549643968      5.133950266 1       0.431920052      0.100000000
     7.701885142      1.018593128 1       0.071693368      0.100000000
     3.975886107      4.785324662 1       0.628839558      0.100000000
     5.488624189      0.673800946 1       0.070076396      0.100000000
     5.325584828      3.978965074 1       0.624707910      0.100000000
     1.597624671      3.672726002 1       0.400611154      0.100000000
     4.275137228      5.554097240 1       0.618432099      0.100000000
     1.353610762      5.600162287 1       0.204095108      0.100000000
     6.409553558      2.435344726 1       0.461236337      0.100000000
     0.541783941      4.915175644 1       0.191781346      0.100000000
     5.915514731      4.119040274 1       0.351556781      0.100000000
     1.415692716      2.860859606 1       0.502793977      0.100000000
     4.497568650      2.093748408 1       0.547731393      0.100000000
     7.302581105      5.757711925 1      -0.029403335      0.100000000
     3.075128520      6.049101349 1       0.377226942      0.100000000
     4.903174624      6.841327750 1       0.263260733      0.100000000
     2.197167315      2.546701814 1       0.367770299      0.100000000
     3.231531938      4.480133810 1       0.733944614      0.100000000
     7.542429346      3.238421480 1       0.094657056      0.100000000
     3.154061381      4.563542372 1       0.556172786      0.100000000
     0.351019892      0.906273697 1       0.141642195      0.100000000
     7.511275759      0.230675202 1       0.268577584      0.100000000
     3.238764877      0.125531831 1       0.072624624      0.100000000
     5.199220049      4.528282435 1       0.620722829      0.100000000
     4.029729119      2.967912573 1       0.613008340      0.100000000
     3.740231419      5.519912919 1       0.610834836      0.100000000
     2.463447129      1.795499920 1       0.460956347      0.100000000
     6.416281796      0.731215987 1       0.256109621      0.100000000
     5.649396607      2.783438849 1       0.562838782      0.100000000
     7.372173311      0.336051413 1       0.215565709      0.100000000
     7.599341089      7.009931203 1      -0.063900598      0.100000000
     5.926251488      5.976205842 1       0.109036469      0.100000000
     4.181612320      6.682130919 1       0.229436960      0.100000000
     6.259554423      7.864433329 1       0.140170615      0.100000000
     1.758572698      3.935155754 1       0.363926797      0.100000000
     3.769300596      6.979988795 1       0.244395103      0.100000000
     2.495677002      5.672185803 1       0.198831300      0.100000000
     7.601579069      3.904656021 1       0.179406262      0.100000000
     7.442013123      2.943216273 1       0.208891764      0.100000000
     2.110131685      7.476082530 1       0.090606249      0.100000000
     7.792134701      4.322688225 1       0.346776051      0.100000000
     6.074762296      2.567720707 1       0.219980761      0.100000000
     2.371494030      3.597212953 1       0.341844909      0.100000000
     2.712352969      1.013744263 1       0.228193779      0.100000000
     2.399546872      3.198286870 1       0.445765890      0.100000000
     0.000505458      7.449069553 1      -0.110684818      0.100000000
     4.639562821      2.770312009 1       0.444223230      0.100000000
     4.811167704      6.919813409 1       0.243506239      0.100000000
     6.301497403      6.043811130 1       0.029282970      0.100000000
     7.860350089      1.871488353 1       0.034815826      0.100000000
     2.024219797      2.293365025 1       0.487766824      0.100000000
     2.806032667      5.017031715 1       0.548328391      0.100000000
     4.976347279      6.950985913 1       0.179438293      0.100000000
     4.991380136      3.446683197 1       0.527193422      0.100000000
     7.553148499      5.517063444 1      -0.081381284      0.100000000
     7.174322736      5.303485469 1       0.278915448      0.100000000
     3.128527349      7.579019269 1       0.146668749      0.100000000
     4.606865873      1.339748882 1       0.324040264      0.100000000
     2.289457790      0.581313829 1       0.119946506      0.100000000
     1.463621130      5.716421857 1       0.296496429      0.100000000
     7.109565437      6.281866419 1       0.020947527      0.100000000
     3.914098261      2.175877516 1       0.576397265      0.100000000
     5.443512550      7.640617270 1       0.258661979      0.100000000
     7.087441326      5.595724839 1       0.192758730      0.100000000
     1.413450318      3.475363072 1       0.370596102      0.100000000
     5.652783485      1.659535414 1       0.154982151      0.100000000
     1.064487341      3.749894781 1       0.282876398      0.100000000
     6.549327281      1.287737265 1       0.154934340      0.100000000
     2.896919142      7.901541259 1       0.107471148      0.100000000
     4.891292771      5.328044689 1       0.424527482      0.100000000
     0.625549776      2.605357590 1       0.200187238      0.100000000
     6.674137665      2.428667115 1       0.226589189      0.100000000
     0.392886603      6.382162324 1      -0.007689543      0.100000000
     1.540047022      3.526267184 1       0.358309773      0.100000000
     3.483018562      7.600786356 1       0.105938058      0.100000000
     6.050951278      0.040148707 1       0.118640697      0.100000000
     5.857785566      3.319410130 1       0.515845676      0.100000000
     2.126565227      3.104864487 1       0.426203031      0.100000000
     3.369783738      4.870895685 1       0.535526981      0.100000000
     3.206479992      1.107336204 1       0.286241265      0.100000000
     5.531361660      2.525034038 1       0.454710806      0.100000000
     3.490937177      5.046524241 1       0.557788902      0.100000000
     2.028596323      0.025689006 1       0.148373516      0.100000000
     4.613968843      5.249309579 1       0.599442122      0.100000000
     3.855518219      3.635518356 1       0.711354909      0.100000000
     5.639244332      3.516925792 1       0.504408956      0.100000000
     7.541677157      5.149505748 1       0.038687050      0.100000000
     4.972366700      1.631712868 1       0.120273893      0.100000000
     1.459336873      2.609515370 1       0.363467998      0.100000000
     5.805216753      6.357383777 1       0.059311009      0.100000000
     0.488369400      1.785531439 1       0.083605496      0.100000000
     4.944139876      6.978290926 1       0.387967241      0.100000000
     0.627932435      2.088630272 1       0.123740206      0.100000000
     4.317350809      5.568388340 1       0.460867601      0.100000000
     3.621350468      6.129025242 1       0.282535838      0.100000000
     2.976764008      6.104366732 1       0.347493329      0.100000000
     4.227375410      5.112702987 1       0.613160434      0.100000000
     3.412376835      0.381797468 1       0.249871118      0.100000000
     0.403887360      3.954578226 1       0.100794493      0.100000000
     6.992595138      2.658740576 1       0.160352156      0.100000000
     6.365907878      7.793891192 1       0.049418137      0.100000000
     2.679412582      1.539352812 1       0.359080959      0.100000000
     2.787687592      0.398575790 1       0.250666625      0.100000000
     4.770255964      5.257801630 1       0.626161482      0.100000000
     7.849873987      2.057546518 1       0.021685627      0.100000000
     0.700138958      5.595914017 1       0.158060669      0.100000000
     7.054743210      2.003693731 1       0.034342342      0.100000000
     7.503323607      6.910206420 1       0.280388318      0.100000000
     4.129286367      3.400611804 1       0.425650968      0.100000000
     1.818347284      2.623349915 1       0.357029679      0.100000000
     0.491356306      0.722080865 1       0.308497953      0.100000000
     5.342018291      2.026363229 1       0.370694109      0.100000000
     6.483266210      5.598468152 1       0.144929923      0.100000000
     0.257701634      1.081818319 1       0.130693027      0.100000000
     3.957499865      6.322016955 1       0.394460869      0.100000000
     1.257530376      7.105362228 1       0.092414122      0.100000000
     6.552850910      2.600535433 1       0.257363738      0.100000000
     1.663747392      0.023230495 1       0.082321686      0.100000000
     0.261202417      1.873407176 1       0.003891602      0.100000000
     3.129270035      1.475332379 1       0.422615663      0.100000000
     7.588109250      7.651249695 1       0.234578762      0.100000000
     3.269805216      2.522636028 1       0.266142300      0.100000000
     7.012188029      7.415360435 1       0.159018227      0.100000000
     0.452977481      5.936192388 1      -0.088088048      0.100000000
     1.541759579      2.107542269 1       0.357656337      0.100000000
     1.765384522      4.623558802 1       0.398384894      0.100000000
     7.571137965      7.824926567 1      -0.056341965      0.100000000
     3.558660154      4.999700138 1       0.576789768      0.100000000
     1.161022748      7.757815553 1       0.058592866      0.100000000
     2.471509856      4.364395862 1       0.556309467      0.100000000
     2.653535420      7.767096433 1       0.088966985      0.100000000
     3.766394794      3.421053002 1       0.473357818      0.100000000
     4.998409502      6.395307829 1       0.367536046      0.100000000
     1.043945814      7.280956115 1       0.165202523      0.100000000
     4.105376893      4.810871454 1       0.648541877      0.100000000
     3.591349600      6.696668333 1       0.123862667      0.100000000
     5.855046440      5.421146249 1       0.399028986      0.100000000
     4.259220620      6.324787686 1       0.315914581      0.100000000
     1.055463346      6.395065994 1       0.154435059      0.100000000
     2.717334312      6.247080611 1       0.278718791      0.100000000
     0.813723412      1.596858306 1       0.174510190      0.100000000
     7.911368864      0.883928826 1       0.195904537      0.100000000
     3.019346742      3.599672312 1       0.580310125      0.100000000
     6.650709430      6.823038017 1       0.093667752      0.100000000
     5.247050471      6.490016812 1       0.214323412      0.100000000
     1.693891933      5.690534464 1       0.328308595      0.100000000
     2.677279033      7.074748163 1      -0.069629743      0.100000000
     0.391233715      0.357469110 1      -0.044233184      0.100000000
     5.926544490      5.698818545 1       0.257772783      0.100000000
     1.426486937      7.930900085 1       0.103153021      0.100000000
     2.551193304      1.536356989 1       0.331336461      0.100000000
     2.171448343      7.431505989 1      -0.036827205      0.100000000
     2.090755710      0.309806530 1       0.266716501      0.100000000
     0.650967992      1.932718709 1       0.131176067      0.100000000
     3.147169866      0.346893614 1       0.156830361      0.100000000
     2.665290941      7.524494552 1       0.160737651      0.100000000
     6.722599931      0.127070387 1       0.144252775      0.100000000
     3.561662378      5.915761416 1       0.606389789      0.100000000
     7.252030975      4.924381698 1       0.072847199      0.100000000
     1.708865689      1.398174945 1       0.209582990      0.100000000
     5.918983266      3.464241535 1       0.655443132      0.100000000
     5.102192671      6.809814400 1       0.174820123      0.100000000
     1.769082012      7.588200910 1      -0.018305794      0.100000000
     2.771982659      1.593918206 1       0.289816749      0.100000000
     0.150955468      3.460307773 1       0.141915205      0.100000000
     5.931582947      0.005718632 1       0.193822653      0.100000000
     5.261858354      7.052074885 1       0.241870060      0.100000000
     5.057061352      0.927464575 1       0.191201733      0.100000000
     1.357391668      1.348696043 1       0.110058507      0.100000000
     5.692777732      3.088661238 1       0.398991970      0.100000000
     7.348905983      1.585588530 1       0.085285540      0.100000000
     2.569118489      3.171640322 1       0.429353186      0.100000000
     4.850840784      4.305782736 1       0.737221909      0.100000000
     6.553428440      1.775376756 1       0.245782188      0.100000000
     4.232331021      5.239655828 1       0.485154931      0.100000000
     3.222149985      4.367727015 1       0.627382946      0.100000000
     0.897994722      0.860196212 1       0.158816445      0.100000000
     5.815542660      1.709754489 1       0.309216115      0.100000000
     3.175187483      0.427843751 1       0.241051092      0.100000000
     0.293898397      3.110137364 1       0.124060348      0.100000000
     0.397491846      4.033872750 1       0.092914715      0.100000000
     3.594657783      1.643178333 1       0.479607269      0.100000000
     3.976294450      0.766034289 1       0.171439080      0.100000000
     6.886890269      6.769915263 1      -0.024999409      0.100000000
     7.135642329      5.754114096 1       0.117902394      0.100000000
     5.230189370      7.869489380 1       0.145725215      0.100000000
     7.175509097      6.424848865 1       0.115322652      0.100000000
     1.976315386      1.851593740 1       0.415027032      0.100000000
     5.722315696      1.098539275 1       0.368837690      0.100000000
     2.408691920      3.133337434 1       0.453209750      0.100000000
     0.478854533      2.535048177 1      -0.056745829      0.100000000
     2.970221182      1.640899225 1       0.351728317      0.100000000
     4.223726248      3.580452179 1       0.839081675      0.100000000
     7.414604238      1.149932571 1       0.078393586      0.100000000
     1.872682134      0.780904592 1       0.253405974      0.100000000
     1.582816186      3.750655067 1       0.476640442      0.100000000
     7.785158550      5.538803374 1       0.231035890      0.100000000
     7.889075343      7.453952953 1       0.008087575      0.100000000
     7.819013927      5.923878326 1       0.123179859      0.100000000
     3.072246293      4.913986891 1       0.451430752      0.100000000
     3.415323882      1.673216124 1       0.430983637      0.100000000
     4.770414620      1.845858046 1       0.445658328      0.100000000
     7.815135211      0.902808193 1       0.063841710      0.100000000
     7.150253355      1.349433771 1      -0.049472998      0.100000000
