2000
    6.451314668     6.523914565 0 0.0 1.0
    2.943331739     2.247182565 0 0.0 1.0
    6.663869177     6.258766356 0 0.0 1.0
    5.342873930     3.910004254 0 0.0 1.0
    1.779521041     6.634211307 0 0.0 1.0
    2.987131689     6.450189032 0 0.0 1.0
    4.021081923     1.275535822 0 0.0 1.0
    6.208531993     2.917619407 0 0.0 1.0
    4.983710011     2.228778539 0 0.0 1.0
    3.910431640     4.617341993 0 0.0 1.0
    0.041153153     3.521439278 0 0.0 1.0
    4.367280226     2.296441675 0 0.0 1.0
    4.021765255     5.885498211 0 0.0 1.0
    6.972641339     4.129833583 0 0.0 1.0
    4.105616809     1.321184625 0 0.0 1.0
    2.558011282     2.548072607 0 0.0 1.0
    5.129329330     5.763325126 0 0.0 1.0
    3.794466221     1.676893407 0 0.0 1.0
    2.828518305     6.771299768 0 0.0 1.0
    2.440630467     1.259287293 0 0.0 1.0
    1.469087342     5.114949431 0 0.0 1.0
    0.866510858     4.480510109 0 0.0 1.0
    0.243398189     1.191983184 0 0.0 1.0
    4.183144516     0.391340033 0 0.0 1.0
    3.377207383     5.267673727 0 0.0 1.0
    2.985705191     2.390562488 0 0.0 1.0
    6.848603444     4.005941658 0 0.0 1.0
    2.695431034     5.649882603 0 0.0 1.0
    1.271373811     5.499601998 0 0.0 1.0
    2.421989002     1.180891680 0 0.0 1.0
    3.549581764     6.298220461 0 0.0 1.0
    1.719799889     6.457083088 0 0.0 1.0
    4.747648716     0.004995676 0 0.0 1.0
    5.287183306     2.381680777 0 0.0 1.0
    6.625828512     5.147534149 0 0.0 1.0
    2.553107361     6.453750336 0 0.0 1.0
    0.201500248     1.450672699 0 0.0 1.0
    3.305144031     0.547353620 0 0.0 1.0
    6.748031394     3.431748722 0 0.0 1.0
    6.018199953     2.349351729 0 0.0 1.0
    3.824547396     3.963894342 0 0.0 1.0
    4.862654840     2.743868879 0 0.0 1.0
    3.514044879     4.121393639 0 0.0 1.0
    6.551395273     3.331162966 0 0.0 1.0
    4.765752375     6.917000290 0 0.0 1.0
    1.298826372     5.583242896 0 0.0 1.0
    5.911610252     0.088081272 0 0.0 1.0
    3.038825614     4.149510949 0 0.0 1.0
    2.052072823     1.343496121 0 0.0 1.0
    1.116441983     5.985180715 0 0.0 1.0
    3.493362752     4.450052980 0 0.0 1.0
    5.318699164     0.220236492 0 0.0 1.0
    0.759605082     3.992712909 0 0.0 1.0
    1.698002908     3.086898365 0 0.0 1.0
    1.461628296     6.108758871 0 0.0 1.0
    6.316116598     6.303875121 0 0.0 1.0
    0.071060845     4.560104801 0 0.0 1.0
    6.820369143     6.803349661 0 0.0 1.0
    4.895504146     2.730177508 0 0.0 1.0
    2.945552302     2.623919264 0 0.0 1.0
    3.889689512     6.088537409 0 0.0 1.0
    5.882392569     5.002593774 0 0.0 1.0
    3.536247178     3.067468429 0 0.0 1.0
    3.064768741     4.134950417 0 0.0 1.0
    0.793375400     4.500090162 0 0.0 1.0
    2.243053316     5.192226337 0 0.0 1.0
    3.584067489     3.864522755 0 0.0 1.0
    3.100870403     4.181991508 0 0.0 1.0
    0.346509968     0.727375082 0 0.0 1.0
    2.316903821     4.566405823 0 0.0 1.0
    6.592311048     3.638908258 0 0.0 1.0
    1.682093773     5.535890857 0 0.0 1.0
    0.227691641     0.190293119 0 0.0 1.0
    6.553910142     5.493631412 0 0.0 1.0
    3.385807058     5.533440675 0 0.0 1.0
    2.599823838     6.438320143 0 0.0 1.0
    3.575454802     3.960794272 0 0.0 1.0
    0.561113794     3.780038323 0 0.0 1.0
    5.439262261     1.564380560 0 0.0 1.0
    5.222095449     5.976709504 0 0.0 1.0
    5.754481942     5.408609166 0 0.0 1.0
    0.606540557     4.579725259 0 0.0 1.0
    0.685242511     2.146423176 0 0.0 1.0
    3.090271272     6.309511788 0 0.0 1.0
    5.989532544     6.618915071 0 0.0 1.0
    6.239826059     0.403858733 0 0.0 1.0
    0.331636975     5.580667141 0 0.0 1.0
    3.053985648     4.152628900 0 0.0 1.0
    3.369823964     2.795496235 0 0.0 1.0
    5.319398894     4.553179126 0 0.0 1.0
    5.232152697     2.115899703 0 0.0 1.0
    0.506778235     1.591801562 0 0.0 1.0
    2.254200387     6.341573567 0 0.0 1.0
    3.880951210     3.602642783 0 0.0 1.0
    6.264001392     5.071289439 0 0.0 1.0
    4.772723184     4.998363654 0 0.0 1.0
    2.438368917     2.093564552 0 0.0 1.0
    6.526220782     2.976517302 0 0.0 1.0
    1.748951624     2.122059613 0 0.0 1.0
    1.196762396     1.878070106 0 0.0 1.0
    2.093156022     2.652303017 0 0.0 1.0
    2.037888820     4.725040474 0 0.0 1.0
    6.526100929     5.015766688 0 0.0 1.0
    5.675321569     3.272662032 0 0.0 1.0
    5.975424348     3.120390545 0 0.0 1.0
    5.622429389     3.076482625 0 0.0 1.0
    1.768388447     3.152119083 0 0.0 1.0
    6.216381395     1.592566724 0 0.0 1.0
    0.204415571     1.096956927 0 0.0 1.0
    0.292643553     3.913305423 0 0.0 1.0
    4.969815763     1.607392707 0 0.0 1.0
    2.904959029     1.552782866 0 0.0 1.0
    2.293851225     6.586585894 0 0.0 1.0
    2.008252636     2.843923206 0 0.0 1.0
    4.032036980     4.177407648 0 0.0 1.0
    5.606007683     3.874922107 0 0.0 1.0
    4.695494216     3.075788802 0 0.0 1.0
    1.728502372     0.480065456 0 0.0 1.0
    0.399582953     6.615866838 0 0.0 1.0
    3.543485253     6.214604669 0 0.0 1.0
    4.078320053     0.043182051 0 0.0 1.0
    0.134781469     6.488483421 0 0.0 1.0
    4.361281423     0.885520100 0 0.0 1.0
    6.206024932     4.043399495 0 0.0 1.0
    6.721717860     2.624405362 0 0.0 1.0
    0.100032582     5.446068696 0 0.0 1.0
    1.762260742     4.112438444 0 0.0 1.0
    4.601291302     1.818913804 0 0.0 1.0
    3.535545185     2.579029136 0 0.0 1.0
    4.771844861     4.469524124 0 0.0 1.0
    2.753645555     1.964484691 0 0.0 1.0
    5.403290039     2.931575195 0 0.0 1.0
    4.035325196     5.219753623 0 0.0 1.0
    2.308066460     3.075858356 0 0.0 1.0
    0.630517051     0.104402074 0 0.0 1.0
    6.213798270     3.508944918 0 0.0 1.0
    5.625402681     1.640312458 0 0.0 1.0
    3.065330837     5.974410729 0 0.0 1.0
    2.040099507     2.024097853 0 0.0 1.0
    2.944891241     2.715412365 0 0.0 1.0
    6.809486153     0.725655896 0 0.0 1.0
    0.488459896     2.170803433 0 0.0 1.0
    2.130423881     0.877518162 0 0.0 1.0
    3.558559846     4.324288012 0 0.0 1.0
    0.335848878     1.452650821 0 0.0 1.0
    3.875778982     6.526101795 0 0.0 1.0
    3.497341296     4.286815115 0 0.0 1.0
    1.594965615     2.281084615 0 0.0 1.0
    3.018427545     0.960558770 0 0.0 1.0
    5.415274348     4.321379683 0 0.0 1.0
    5.570581763     4.423828673 0 0.0 1.0
    4.352029613     2.974780429 0 0.0 1.0
    4.118984703     4.605252939 0 0.0 1.0
    6.117274443     2.623459589 0 0.0 1.0
    6.942808504     1.944496424 0 0.0 1.0
    0.407777123     4.659279691 0 0.0 1.0
    3.849473278     5.726837135 0 0.0 1.0
    2.548225004     1.233499897 0 0.0 1.0
    6.619900701     4.999428672 0 0.0 1.0
    1.641623872     3.499976089 0 0.0 1.0
    6.877637505     4.917296510 0 0.0 1.0
    1.412145561     1.959480175 0 0.0 1.0
    0.538015510     4.490286429 0 0.0 1.0
    6.667216699     2.695527828 0 0.0 1.0
    1.739976900     3.076398709 0 0.0 1.0
    3.225633882     3.135946424 0 0.0 1.0
    3.629946528     5.162898669 0 0.0 1.0
    0.728798615     3.240533851 0 0.0 1.0
    0.343972129     4.759898827 0 0.0 1.0
    2.255653440     6.679862760 0 0.0 1.0
    0.975159060     2.440742867 0 0.0 1.0
    6.916973971     0.663903118 0 0.0 1.0
    3.349219574     6.529069268 0 0.0 1.0
    4.990022873     3.577296858 0 0.0 1.0
    1.848279676     6.711310761 0 0.0 1.0
    2.687499948     3.123705118 0 0.0 1.0
    4.121577856     6.826113548 0 0.0 1.0
    3.901986780     0.450032912 0 0.0 1.0
    4.201074146     4.358384460 0 0.0 1.0
    1.632497931     4.726299212 0 0.0 1.0
    6.931928239     2.362023557 0 0.0 1.0
    5.485514296     1.867396734 0 0.0 1.0
    0.599312371     6.183186589 0 0.0 1.0
    6.284856877     3.463918509 0 0.0 1.0
    0.349170262     6.040010900 0 0.0 1.0
    2.314182719     1.529424977 0 0.0 1.0
    2.912456194     4.619290304 0 0.0 1.0
    2.425194967     1.730995820 0 0.0 1.0
    3.867905373     2.737850196 0 0.0 1.0
    4.014313330     3.185140402 0 0.0 1.0
    0.308797698     6.997593837 0 0.0 1.0
    3.757250321     4.955202508 0 0.0 1.0
    5.558537920     1.301669879 0 0.0 1.0
    3.807587390     3.558486580 0 0.0 1.0
    6.279616008     3.652553348 0 0.0 1.0
    1.404473255     5.029899431 0 0.0 1.0
    1.904785340     4.916050878 0 0.0 1.0
    4.337001281     0.718682522 0 0.0 1.0
    0.387657167     3.964974948 0 0.0 1.0
    4.241939898     4.307317889 0 0.0 1.0
    5.276922588     0.462638750 0 0.0 1.0
    0.083037559     1.538479700 0 0.0 1.0
    4.535558931     0.594126775 0 0.0 1.0
    2.374163299     5.920915438 0 0.0 1.0
    5.970277656     6.803568932 0 0.0 1.0
    2.255110900     3.819215808 0 0.0 1.0
    5.262329911     1.973768410 0 0.0 1.0
    2.061824668     5.501887210 0 0.0 1.0
    5.137595216     1.676444253 0 0.0 1.0
    3.018006235     0.790874836 0 0.0 1.0
    3.413479121     4.224421401 0 0.0 1.0
    1.458565502     5.802080503 0 0.0 1.0
    6.881282993     5.139041262 0 0.0 1.0
    1.433071461     0.413471249 0 0.0 1.0
    2.068805150     6.829773586 0 0.0 1.0
    6.444525282     1.764155605 0 0.0 1.0
    4.304418193     4.240337276 0 0.0 1.0
    6.959958835     3.188411210 0 0.0 1.0
    0.379852495     5.153227382 0 0.0 1.0
    0.879518072     4.574427111 0 0.0 1.0
    3.598709536     4.444135029 0 0.0 1.0
    6.120473899     6.810371217 0 0.0 1.0
    0.900110861     2.922191608 0 0.0 1.0
    2.107320157     6.971336768 0 0.0 1.0
    6.103608769     3.170558072 0 0.0 1.0
    1.558913033     0.579019622 0 0.0 1.0
    3.172785987     1.143373049 0 0.0 1.0
    4.122473162     1.151314711 0 0.0 1.0
    3.435816274     5.716146660 0 0.0 1.0
    3.584731880     0.734216960 0 0.0 1.0
    2.147480360     3.674422286 0 0.0 1.0
    5.622723481     2.894148504 0 0.0 1.0
    6.172580748     6.722920623 0 0.0 1.0
    5.519278826     6.029023194 0 0.0 1.0
    1.882942848     6.611349434 0 0.0 1.0
    4.794635880     3.035901365 0 0.0 1.0
    6.294981299     5.769845523 0 0.0 1.0
    3.118881848     1.225558477 0 0.0 1.0
    2.632269362     4.674913240 0 0.0 1.0
    3.924490115     1.016259398 0 0.0 1.0
    5.846784535     2.432356145 0 0.0 1.0
    4.655299973     3.225067959 0 0.0 1.0
    5.860582286     2.826629404 0 0.0 1.0
    0.988002738     0.648147139 0 0.0 1.0
    3.387935868     2.231029382 0 0.0 1.0
    0.021591794     2.436833320 0 0.0 1.0
    0.622136843     2.553118825 0 0.0 1.0
    2.302672941     4.755913636 0 0.0 1.0
    1.225020753     2.069024839 0 0.0 1.0
    1.219619395     6.723703939 0 0.0 1.0
    4.205520397     3.980616217 0 0.0 1.0
    1.251281966     6.987353853 0 0.0 1.0
    0.081392696     2.965207329 0 0.0 1.0
    1.479791990     4.949733481 0 0.0 1.0
    5.602937530     2.036448438 0 0.0 1.0
    5.578030393     3.813413597 0 0.0 1.0
    0.572863681     0.489111513 0 0.0 1.0
    0.688949331     1.644877312 0 0.0 1.0
    1.950882485     4.083134293 0 0.0 1.0
    2.593921800     3.427389078 0 0.0 1.0
    5.034235075     2.144974775 0 0.0 1.0
    6.328204254     1.789638161 0 0.0 1.0
    2.597030428     5.435579766 0 0.0 1.0
    5.604048995     2.673270383 0 0.0 1.0
    3.431718720     5.686286817 0 0.0 1.0
    1.445262972     2.180693026 0 0.0 1.0
    6.467549092     5.415603253 0 0.0 1.0
    4.234966536     4.868276726 0 0.0 1.0
    4.175345477     1.476819444 0 0.0 1.0
    5.429866867     1.560319391 0 0.0 1.0
    0.414159924     2.584505434 0 0.0 1.0
    5.464141940     5.715593011 0 0.0 1.0
    4.247193704     5.838669520 0 0.0 1.0
    2.974992132     2.022122756 0 0.0 1.0
    1.619308683     4.605497186 0 0.0 1.0
    2.295089448     1.059721843 0 0.0 1.0
    3.818687320     3.812826832 0 0.0 1.0
    6.205165790     5.112188899 0 0.0 1.0
    0.151759977     1.774215648 0 0.0 1.0
    0.076256907     5.669518719 0 0.0 1.0
    1.377186947     4.655538714 0 0.0 1.0
    2.031631568     4.859982852 0 0.0 1.0
    4.000685366     4.344937189 0 0.0 1.0
    0.384856824     4.724837233 0 0.0 1.0
    1.639051476     4.380158532 0 0.0 1.0
    5.483893955     5.022446922 0 0.0 1.0
    2.311848469     6.650010509 0 0.0 1.0
    5.905513105     0.397985721 0 0.0 1.0
    4.568037945     5.030540955 0 0.0 1.0
    6.701104709     0.228068063 0 0.0 1.0
    3.539606100     3.248918936 0 0.0 1.0
    0.576897002     1.645468863 0 0.0 1.0
    6.994616247     4.928357815 0 0.0 1.0
    2.855966138     3.343749785 0 0.0 1.0
    3.510455548     1.579280891 0 0.0 1.0
    5.257197672     5.591957039 0 0.0 1.0
    4.834500936     1.504660646 0 0.0 1.0
    1.926188161     4.041774731 0 0.0 1.0
    5.451396697     3.478608085 0 0.0 1.0
    4.048299050     1.711580200 0 0.0 1.0
    4.025059981     5.010077334 0 0.0 1.0
    5.504178671     5.372201010 0 0.0 1.0
    3.374956726     1.965917110 0 0.0 1.0
    6.161811108     6.758203266 0 0.0 1.0
    1.239059408     3.597864867 0 0.0 1.0
    6.640307455     0.972505548 0 0.0 1.0
    2.876608116     2.206500027 0 0.0 1.0
    0.509050666     2.305056302 0 0.0 1.0
    2.315459042     6.303518659 0 0.0 1.0
    2.991633478     0.168230141 0 0.0 1.0
    3.524559857     4.238301937 0 0.0 1.0
    2.768644179     4.791077722 0 0.0 1.0
    2.825824974     2.824947919 0 0.0 1.0
    5.885703807     5.082099924 0 0.0 1.0
    0.773210157     4.757692802 0 0.0 1.0
    1.472567552     1.387274879 0 0.0 1.0
    0.455442184     2.182720484 0 0.0 1.0
    6.376554891     5.821478304 0 0.0 1.0
    3.988353698     2.209502398 0 0.0 1.0
    2.646443044     5.366249467 0 0.0 1.0
    0.614430494     0.728861997 0 0.0 1.0
    5.812294968     0.376701613 0 0.0 1.0
    3.098624545     2.331276608 0 0.0 1.0
    2.643992221     4.268125168 0 0.0 1.0
    5.807404583     3.556139665 0 0.0 1.0
    3.934217994     4.301294400 0 0.0 1.0
    3.787232278     0.930930864 0 0.0 1.0
    2.349233815     2.928282578 0 0.0 1.0
    5.564506045     6.358389800 0 0.0 1.0
    5.965189618     6.614648536 0 0.0 1.0
    5.055480263     2.604584510 0 0.0 1.0
    4.226382112     5.231697498 0 0.0 1.0
    3.795452783     1.890956869 0 0.0 1.0
    0.728511762     5.943939245 0 0.0 1.0
    3.515506973     1.541201897 0 0.0 1.0
    0.886847533     1.228660463 0 0.0 1.0
    1.887379716     6.154371184 0 0.0 1.0
    6.597640575     5.317083453 0 0.0 1.0
    6.612941729     0.411941609 0 0.0 1.0
    4.969873669     1.245521704 0 0.0 1.0
    2.192466538     6.479216086 0 0.0 1.0
    4.166580236     0.593980902 0 0.0 1.0
    5.236656889     2.404457785 0 0.0 1.0
    4.198373575     2.911752398 0 0.0 1.0
    1.929282190     5.995610262 0 0.0 1.0
    0.416855697     4.809033315 0 0.0 1.0
    3.715492331     5.890671601 0 0.0 1.0
    0.481022213     2.330102715 0 0.0 1.0
    1.281769041     1.930436258 0 0.0 1.0
    4.828443640     1.870109343 0 0.0 1.0
    0.694902145     2.187931009 0 0.0 1.0
    5.208608647     5.563412711 0 0.0 1.0
    6.926579860     5.611005378 0 0.0 1.0
    5.867024257     3.594376323 0 0.0 1.0
    2.796889581     6.632184293 0 0.0 1.0
    5.465591386     4.930255586 0 0.0 1.0
    5.576597868     2.943146711 0 0.0 1.0
    4.414731943     3.513046390 0 0.0 1.0
    3.974592690     3.776891729 0 0.0 1.0
    5.876106352     5.656406459 0 0.0 1.0
    0.535322453     3.121761301 0 0.0 1.0
    6.632875297     6.820870093 0 0.0 1.0
    5.201226895     6.128552126 0 0.0 1.0
    0.292651427     4.184119605 0 0.0 1.0
    0.769680504     0.199207226 0 0.0 1.0
    5.494664229     4.303080599 0 0.0 1.0
    1.754267239     5.708393238 0 0.0 1.0
    6.579044553     0.852533308 0 0.0 1.0
    5.514646137     3.907630519 0 0.0 1.0
    6.657238743     2.992592485 0 0.0 1.0
    4.978503200     0.667719198 0 0.0 1.0
    3.532802956     1.469348898 0 0.0 1.0
    3.508603993     5.111658691 0 0.0 1.0
    1.817115258     6.923410468 0 0.0 1.0
    1.960897086     3.629124869 0 0.0 1.0
    6.606030761     6.400222357 0 0.0 1.0
    2.699350767     5.288204490 0 0.0 1.0
    5.510097190     4.021462729 0 0.0 1.0
    1.687561443     3.482764648 0 0.0 1.0
    0.160613631     4.802891585 0 0.0 1.0
    5.152910967     3.529164880 0 0.0 1.0
    3.473187232     4.615892608 0 0.0 1.0
    0.172491505     0.503216191 0 0.0 1.0
    3.338988655     6.874383900 0 0.0 1.0
    5.796736369     6.083411286 0 0.0 1.0
    4.967910563     0.440905543 0 0.0 1.0
    4.420652928     5.704537617 0 0.0 1.0
    4.582885979     6.652284952 0 0.0 1.0
    5.613289645     2.610688674 0 0.0 1.0
    1.911992625     1.762466033 0 0.0 1.0
    0.827486244     3.609340104 0 0.0 1.0
    5.893163220     2.759858483 0 0.0 1.0
    3.898341590     2.487491499 0 0.0 1.0
    6.885445910     2.371436925 0 0.0 1.0
    1.790352995     3.504919686 0 0.0 1.0
    4.505052709     6.645853202 0 0.0 1.0
    0.849886329     2.957336008 0 0.0 1.0
    5.634257589     5.594530674 0 0.0 1.0
    0.664421731     5.625160862 0 0.0 1.0
    6.076246232     0.556504837 0 0.0 1.0
    0.596301410     0.989745768 0 0.0 1.0
    2.362868857     5.324974294 0 0.0 1.0
    0.340046879     2.723737128 0 0.0 1.0
    3.808118174     3.182075215 0 0.0 1.0
    6.039348337     2.829887940 0 0.0 1.0
    6.433637339     6.207385554 0 0.0 1.0
    4.518749335     4.788762279 0 0.0 1.0
    1.297919350     6.704159138 0 0.0 1.0
    0.322364219     1.196834337 0 0.0 1.0
    2.894679117     2.353914332 0 0.0 1.0
    0.972077565     2.711848151 0 0.0 1.0
    2.391517335     4.458922438 0 0.0 1.0
    4.714252793     4.233555271 0 0.0 1.0
    3.616020834     4.885028305 0 0.0 1.0
    3.037627788     3.161614389 0 0.0 1.0
    5.872620669     5.820588414 0 0.0 1.0
    5.497042493     3.476336529 0 0.0 1.0
    1.934056877     6.374169369 0 0.0 1.0
    6.159385658     2.766327876 0 0.0 1.0
    6.520890622     4.797533586 0 0.0 1.0
    5.184605290     5.100116406 0 0.0 1.0
    1.471041630     0.942645122 0 0.0 1.0
    3.639402664     5.422420317 0 0.0 1.0
    5.782456451     5.329122005 0 0.0 1.0
    2.707701609     1.308000770 0 0.0 1.0
    2.926174123     1.471832148 0 0.0 1.0
    6.778191009     1.139071200 0 0.0 1.0
    2.063638950     5.546436415 0 0.0 1.0
    2.832541012     6.751826949 0 0.0 1.0
    0.877790512     3.203809226 0 0.0 1.0
    5.703950177     3.929695457 0 0.0 1.0
    0.752115235     5.920920332 0 0.0 1.0
    1.581635742     0.465185214 0 0.0 1.0
    6.358872722     0.267388786 0 0.0 1.0
    5.452528275     4.685255157 0 0.0 1.0
    6.250230025     4.533128391 0 0.0 1.0
    4.898908316     4.373009368 0 0.0 1.0
    4.010693317     3.403364562 0 0.0 1.0
    2.951632230     1.287004280 0 0.0 1.0
    3.397621652     5.996190300 0 0.0 1.0
    1.453180622     0.560431520 0 0.0 1.0
    2.057698057     0.803097747 0 0.0 1.0
    2.213878568     0.058073638 0 0.0 1.0
    6.467029812     0.628725168 0 0.0 1.0
    1.320150938     6.618037553 0 0.0 1.0
    6.109209765     5.974828981 0 0.0 1.0
    0.662301586     4.389338618 0 0.0 1.0
    3.215294908     6.361859280 0 0.0 1.0
    1.479846116     0.800130330 0 0.0 1.0
    2.607993580     4.926193152 0 0.0 1.0
    1.383904749     4.562641313 0 0.0 1.0
    3.050777157     0.705814163 0 0.0 1.0
    6.863277616     0.650865413 0 0.0 1.0
    6.663375170     5.682525173 0 0.0 1.0
    6.051260706     2.482651261 0 0.0 1.0
    6.432793832     1.724035492 0 0.0 1.0
    5.867615183     0.183230333 0 0.0 1.0
    5.740998840     5.258905094 0 0.0 1.0
    1.017400408     4.728614751 0 0.0 1.0
    1.884656344     0.464377990 0 0.0 1.0
    0.711800933     4.465826166 0 0.0 1.0
    4.452637412     6.596117508 0 0.0 1.0
    6.558705449     6.229690525 0 0.0 1.0
    3.773730503     0.666668146 0 0.0 1.0
    0.143336493     3.097869237 0 0.0 1.0
    1.271245339     3.243178857 0 0.0 1.0
    0.337130178     5.070495427 0 0.0 1.0
    2.662651358     0.212867110 0 0.0 1.0
    6.817579303     2.660606583 0 0.0 1.0
    5.086645472     6.592879471 0 0.0 1.0
    5.122748000     1.707653321 0 0.0 1.0
    6.167088288     2.400585788 0 0.0 1.0
    5.459597712     1.930677033 0 0.0 1.0
    3.455390581     5.637242437 0 0.0 1.0
    5.791819200     0.540189013 0 0.0 1.0
    2.302084610     2.891963366 0 0.0 1.0
    6.677564534     2.808596719 0 0.0 1.0
    6.472406883     5.624255545 0 0.0 1.0
    4.727561236     4.255089210 0 0.0 1.0
    3.537331590     1.674365077 0 0.0 1.0
    6.426199177     6.909041287 0 0.0 1.0
    6.797509030     3.031030711 0 0.0 1.0
    1.393796568     1.334340087 0 0.0 1.0
    3.641724771     4.987108327 0 0.0 1.0
    6.758881498     5.694555629 0 0.0 1.0
    5.988624895     6.253532141 0 0.0 1.0
    2.000249839     4.399099357 0 0.0 1.0
    5.992952836     1.159347372 0 0.0 1.0
    6.614034731     1.472539635 0 0.0 1.0
    4.533311487     0.013504075 0 0.0 1.0
    2.646445644     0.185731136 0 0.0 1.0
    1.429258167     3.590937346 0 0.0 1.0
    2.039682582     1.411045515 0 0.0 1.0
    1.923132897     2.169136896 0 0.0 1.0
    1.598869292     3.300933285 0 0.0 1.0
    2.838001582     4.609275053 0 0.0 1.0
    4.501965560     6.449113868 0 0.0 1.0
    2.508679296     6.984644324 0 0.0 1.0
    4.818206828     2.315203183 0 0.0 1.0
    5.482220623     5.862531447 0 0.0 1.0
    3.562660476     0.288628238 0 0.0 1.0
    2.984754973     4.394753261 0 0.0 1.0
    3.042346128     1.019999174 0 0.0 1.0
    2.684142418     6.447160902 0 0.0 1.0
    4.420084405     6.220760342 0 0.0 1.0
    2.983473073     0.546280990 0 0.0 1.0
    6.631086689     3.804127717 0 0.0 1.0
    5.498971983     0.881368061 0 0.0 1.0
    5.610150022     0.882444457 0 0.0 1.0
    5.851949395     2.929107974 0 0.0 1.0
    0.367021325     6.753384590 0 0.0 1.0
    6.153787302     1.729557290 0 0.0 1.0
    2.464032361     3.216380312 0 0.0 1.0
    6.875497873     4.338348044 0 0.0 1.0
    1.559673270     3.114908166 0 0.0 1.0
    1.197022032     4.249095417 0 0.0 1.0
    6.114680970     6.766761033 0 0.0 1.0
    0.501568177     1.598987059 0 0.0 1.0
    5.162784906     3.573711867 0 0.0 1.0
    0.675100318     4.809553894 0 0.0 1.0
    5.964207811     5.965185501 0 0.0 1.0
    1.266563797     6.750493484 0 0.0 1.0
    6.179365371     5.854715187 0 0.0 1.0
    5.284074133     0.373747164 0 0.0 1.0
    4.486981461     1.667185047 0 0.0 1.0
    4.672572073     3.621793442 0 0.0 1.0
    1.431828207     2.165560249 0 0.0 1.0
    4.998456674     0.860652324 0 0.0 1.0
    0.080715732     3.711296503 0 0.0 1.0
    6.700522500     6.250391960 0 0.0 1.0
    1.477315105     2.532065374 0 0.0 1.0
    2.089946330     5.068413601 0 0.0 1.0
    6.243200036     4.092779939 0 0.0 1.0
    0.674994284     0.268007110 0 0.0 1.0
    4.382361456     3.551557181 0 0.0 1.0
    0.636317596     1.469054058 0 0.0 1.0
    5.389178941     6.930537861 0 0.0 1.0
    1.056778317     3.071385632 0 0.0 1.0
    0.343115833     2.843221496 0 0.0 1.0
    1.833486514     2.140955500 0 0.0 1.0
    0.583655361     5.505157336 0 0.0 1.0
    1.578499862     3.142831960 0 0.0 1.0
    4.953676403     3.154502615 0 0.0 1.0
    2.493363686     1.484377242 0 0.0 1.0
    3.415500455     2.570351835 0 0.0 1.0
    6.406055798     2.084909933 0 0.0 1.0
    5.776158779     3.383561302 0 0.0 1.0
    3.311015437     1.820603070 0 0.0 1.0
    4.708581269     5.899414958 0 0.0 1.0
    4.806491608     1.328101754 0 0.0 1.0
    1.161050939     4.051016590 0 0.0 1.0
    4.317938969     1.336915317 0 0.0 1.0
    2.593683339     0.551205459 0 0.0 1.0
    1.167519127     5.621563101 0 0.0 1.0
    3.951618729     4.088624467 0 0.0 1.0
    0.385029357     0.202733102 0 0.0 1.0
    1.929931077     4.938794688 0 0.0 1.0
    2.520389214     4.814154331 0 0.0 1.0
    3.180032516     1.573069635 0 0.0 1.0
    4.808415979     1.682074759 0 0.0 1.0
    6.517116107     5.686109244 0 0.0 1.0
    5.642541438     2.510008331 0 0.0 1.0
    0.628902871     6.611778253 0 0.0 1.0
    0.642092824     5.045122191 0 0.0 1.0
    0.212411944     6.908391919 0 0.0 1.0
    1.255957180     6.577283502 0 0.0 1.0
    5.665956676     1.569979583 0 0.0 1.0
    4.179050801     5.606322932 0 0.0 1.0
    4.428959496     6.358102997 0 0.0 1.0
    0.625571131     1.631899197 0 0.0 1.0
    3.416099399     5.554282856 0 0.0 1.0
    2.582531454     3.434959053 0 0.0 1.0
    1.586326409     5.259399631 0 0.0 1.0
    5.447981013     4.769527678 0 0.0 1.0
    0.090941904     3.536473118 0 0.0 1.0
    0.809976111     3.801825934 0 0.0 1.0
    3.439805748     0.381998149 0 0.0 1.0
    5.365185203     1.371532255 0 0.0 1.0
    6.513823555     2.439165341 0 0.0 1.0
    4.423247138     1.588764285 0 0.0 1.0
    3.913062269     3.389018475 0 0.0 1.0
    5.514145536     3.532013172 0 0.0 1.0
    5.945719667     0.002716202 0 0.0 1.0
    6.292395986     5.603866362 0 0.0 1.0
    2.555947796     6.263954274 0 0.0 1.0
    2.541565881     4.442966827 0 0.0 1.0
    1.785592593     0.007826984 0 0.0 1.0
    5.747143298     3.590767865 0 0.0 1.0
    6.028349849     6.124762727 0 0.0 1.0
    6.217892230     1.685256752 0 0.0 1.0
    1.221531695     4.643892343 0 0.0 1.0
    2.262019922     5.890191102 0 0.0 1.0
    1.977044260     6.369214120 0 0.0 1.0
    4.110201927     0.590177288 0 0.0 1.0
    4.225581794     0.215877046 0 0.0 1.0
    1.800645940     1.833557499 0 0.0 1.0
    3.689916032     3.155865380 0 0.0 1.0
    0.244056169     5.218921886 0 0.0 1.0
    4.283658618     5.701081201 0 0.0 1.0
    1.305952641     3.823431032 0 0.0 1.0
    5.176293093     6.004793403 0 0.0 1.0
    4.755421452     0.263174658 0 0.0 1.0
    1.571047183     5.946320057 0 0.0 1.0
    3.569706154     2.709778080 0 0.0 1.0
    2.334251066     0.263702241 0 0.0 1.0
    0.937782629     4.193528930 0 0.0 1.0
    1.209046569     2.360201755 0 0.0 1.0
    2.626233635     3.835231103 0 0.0 1.0
    1.248795675     6.562249643 0 0.0 1.0
    1.046564750     2.480071291 0 0.0 1.0
    0.428541951     4.381895719 0 0.0 1.0
    6.322808299     5.038594586 0 0.0 1.0
    1.868790563     0.375934607 0 0.0 1.0
    5.737030624     1.483218519 0 0.0 1.0
    4.377166136     6.341656226 0 0.0 1.0
    5.611255316     6.051855445 0 0.0 1.0
    1.277662890     4.229317831 0 0.0 1.0
    3.020864638     4.521596004 0 0.0 1.0
    4.764131606     3.088035232 0 0.0 1.0
    5.561595897     0.809493451 0 0.0 1.0
    0.691523192     5.647988733 0 0.0 1.0
    6.599157780     0.776446152 0 0.0 1.0
    3.744575795     1.055222101 0 0.0 1.0
    4.345209219     6.232534626 0 0.0 1.0
    4.688913528     4.396190272 0 0.0 1.0
    6.721214098     3.334462717 0 0.0 1.0
    4.789202309     5.161969759 0 0.0 1.0
    1.109979179     3.085326600 0 0.0 1.0
    1.208753999     4.522899298 0 0.0 1.0
    2.493040051     0.575166509 0 0.0 1.0
    5.693747086     2.504004338 0 0.0 1.0
    3.840897796     1.614833920 0 0.0 1.0
    4.707545434     5.790634668 0 0.0 1.0
    2.129926558     1.062177138 0 0.0 1.0
    3.883163903     5.026171240 0 0.0 1.0
    0.777769127     4.809729385 0 0.0 1.0
    3.900327995     4.428174103 0 0.0 1.0
    0.797804764     1.220272315 0 0.0 1.0
    2.126469638     6.151486490 0 0.0 1.0
    1.760968037     3.842290794 0 0.0 1.0
    0.183426135     5.897018476 0 0.0 1.0
    4.635842505     2.426252307 0 0.0 1.0
    5.134084808     4.808120852 0 0.0 1.0
    6.509682946     2.311520144 0 0.0 1.0
    4.682502437     0.535153857 0 0.0 1.0
    2.212704920     1.208240056 0 0.0 1.0
    2.156814885     1.466531068 0 0.0 1.0
    0.543798903     3.552382162 0 0.0 1.0
    4.408647750     0.101480870 0 0.0 1.0
    1.777013580     1.785433795 0 0.0 1.0
    4.265577449     3.221468749 0 0.0 1.0
    3.932796628     2.756885544 0 0.0 1.0
    1.341158937     0.392825575 0 0.0 1.0
    0.861743697     6.679189528 0 0.0 1.0
    5.730070087     0.155207499 0 0.0 1.0
    0.112947534     4.770701123 0 0.0 1.0
    5.023969077     2.757593179 0 0.0 1.0
    3.344249506     0.648036409 0 0.0 1.0
    6.350690134     1.635226520 0 0.0 1.0
    3.819922995     6.842116761 0 0.0 1.0
    4.436811870     1.289933683 0 0.0 1.0
    4.422203710     2.813769623 0 0.0 1.0
    5.593751194     6.340747003 0 0.0 1.0
    6.874810280     6.392787738 0 0.0 1.0
    4.196934031     6.436220555 0 0.0 1.0
    5.136273142     3.911381155 0 0.0 1.0
    0.855941535     4.165546005 0 0.0 1.0
    2.564547646     6.310624870 0 0.0 1.0
    3.036582398     3.719426040 0 0.0 1.0
    0.045879733     3.225160425 0 0.0 1.0
    5.885337498     0.260690720 0 0.0 1.0
    5.428883876     2.145618277 0 0.0 1.0
    1.043146703     3.459074697 0 0.0 1.0
    1.405393483     2.916263922 0 0.0 1.0
    2.150252198     1.294565073 0 0.0 1.0
    0.366853161     1.269355419 0 0.0 1.0
    1.974777579     4.903096115 0 0.0 1.0
    4.899743909     5.774069277 0 0.0 1.0
    6.019088848     2.796605649 0 0.0 1.0
    4.691354823     4.146017901 0 0.0 1.0
    4.393980966     2.578533291 0 0.0 1.0
    6.245571693     0.777997430 0 0.0 1.0
    1.288685692     2.166812470 0 0.0 1.0
    2.556110824     0.872126050 0 0.0 1.0
    4.915943581     4.980738339 0 0.0 1.0
    3.533284369     5.520218066 0 0.0 1.0
    1.090231990     0.178146985 0 0.0 1.0
    3.231410506     0.106024945 0 0.0 1.0
    0.521663454     5.886491463 0 0.0 1.0
    5.524167388     6.044902645 0 0.0 1.0
    5.382622213     6.792739731 0 0.0 1.0
    3.516347146     1.024900864 0 0.0 1.0
    2.362588532     0.006215919 0 0.0 1.0
    0.356684517     5.739523808 0 0.0 1.0
    2.270298338     6.947435533 0 0.0 1.0
    4.073477134     0.523331756 0 0.0 1.0
    2.350266579     2.415716615 0 0.0 1.0
    0.020869007     1.603253191 0 0.0 1.0
    1.007729714     5.320883286 0 0.0 1.0
    2.080991864     3.297473527 0 0.0 1.0
    2.039221632     5.535865847 0 0.0 1.0
    6.574568389     5.515120093 0 0.0 1.0
    0.199483840     1.798653487 0 0.0 1.0
    4.892591813     5.538786324 0 0.0 1.0
    6.497078427     2.690049758 0 0.0 1.0
    4.808140548     5.213465690 0 0.0 1.0
    6.330065439     5.586996124 0 0.0 1.0
    6.170165624     1.597503716 0 0.0 1.0
    0.835057637     2.410665286 0 0.0 1.0
    1.680509611     3.653347732 0 0.0 1.0
    2.198539338     2.248260733 0 0.0 1.0
    5.274392853     1.224973357 0 0.0 1.0
    5.677105918     6.158323639 0 0.0 1.0
    5.555951501     3.980523937 0 0.0 1.0
    3.522843201     4.041901041 0 0.0 1.0
    0.711998139     5.512273225 0 0.0 1.0
    2.879567988     5.314348292 0 0.0 1.0
    1.571968171     2.439633173 0 0.0 1.0
    2.521352922     1.579621926 0 0.0 1.0
    5.345420967     0.534241671 0 0.0 1.0
    5.235775256     3.970932207 0 0.0 1.0
    3.068793376     4.595887092 0 0.0 1.0
    0.339293718     6.821712732 0 0.0 1.0
    6.175138079     6.797497610 0 0.0 1.0
    6.520329673     4.934610383 0 0.0 1.0
    6.534759066     0.981186151 0 0.0 1.0
    6.819738492     0.328020233 0 0.0 1.0
    6.185872539     6.997559868 0 0.0 1.0
    6.382832724     1.647440052 0 0.0 1.0
    5.124604419     3.750427794 0 0.0 1.0
    4.370622227     4.697471091 0 0.0 1.0
    6.180391198     6.419062588 0 0.0 1.0
    0.194685331     5.896124031 0 0.0 1.0
    5.905188970     1.933203344 0 0.0 1.0
    3.259928470     6.297888607 0 0.0 1.0
    6.823821832     1.345392158 0 0.0 1.0
    5.384008184     1.860131753 0 0.0 1.0
    1.658117813     3.246484677 0 0.0 1.0
    5.713149526     0.254991931 0 0.0 1.0
    4.805454500     2.948240036 0 0.0 1.0
    3.054542876     5.450086327 0 0.0 1.0
    5.019200357     4.553334147 0 0.0 1.0
    4.281489907     1.669162221 0 0.0 1.0
    3.430336410     4.126828632 0 0.0 1.0
    2.748818732     2.685574074 0 0.0 1.0
    0.240707169     6.281364309 0 0.0 1.0
    4.442312202     2.257190902 0 0.0 1.0
    1.134167868     2.976604897 0 0.0 1.0
    1.686692805     2.834214699 0 0.0 1.0
    1.724551376     5.329247864 0 0.0 1.0
    0.902760750     4.359923879 0 0.0 1.0
    3.333199277     0.330242778 0 0.0 1.0
    2.864411041     2.745442919 0 0.0 1.0
    4.029371398     3.068182900 0 0.0 1.0
    6.427969240     5.608418654 0 0.0 1.0
    1.060295867     0.840431913 0 0.0 1.0
    4.398808386     6.011247919 0 0.0 1.0
    6.889741443     5.986822708 0 0.0 1.0
    0.439079019     0.855809397 0 0.0 1.0
    5.446525786     5.803887422 0 0.0 1.0
    2.186997427     5.451995707 0 0.0 1.0
    4.369547057     1.291577409 0 0.0 1.0
    1.845884670     5.274044027 0 0.0 1.0
    5.708141719     6.671340344 0 0.0 1.0
    5.748765935     2.970732603 0 0.0 1.0
    5.945473457     4.113457084 0 0.0 1.0
    3.261957487     2.590165051 0 0.0 1.0
    2.136920890     3.797071847 0 0.0 1.0
    6.584308557     3.983453404 0 0.0 1.0
    3.521643559     6.313096151 0 0.0 1.0
    4.619811706     2.788362701 0 0.0 1.0
    1.624625093     4.601134135 0 0.0 1.0
    3.457748455     0.576591545 0 0.0 1.0
    5.952012875     2.339954893 0 0.0 1.0
    4.757467091     0.122909746 0 0.0 1.0
    6.988902710     6.859158706 0 0.0 1.0
    4.287306096     6.214564463 0 0.0 1.0
    6.268653439     4.761092794 0 0.0 1.0
    1.931479685     4.039420061 0 0.0 1.0
    1.726926363     3.905049873 0 0.0 1.0
    4.855338807     1.955493344 0 0.0 1.0
    0.735144115     6.289864159 0 0.0 1.0
    0.709956798     5.362628113 0 0.0 1.0
    1.356178827     1.359951713 0 0.0 1.0
    2.137044778     0.196707655 0 0.0 1.0
    0.475922773     6.814250736 0 0.0 1.0
    1.621242944     1.891552205 0 0.0 1.0
    5.156118785     3.634999944 0 0.0 1.0
    2.760905679     1.805647820 0 0.0 1.0
    1.069361403     3.011874609 0 0.0 1.0
    2.343714053     4.872705855 0 0.0 1.0
    5.086553591     4.205867231 0 0.0 1.0
    0.521865587     1.428335787 0 0.0 1.0
    1.346417951     6.545344045 0 0.0 1.0
    0.747464143     3.548193701 0 0.0 1.0
    5.758374500     2.510871223 0 0.0 1.0
    1.601969424     0.037814677 0 0.0 1.0
    2.015934580     1.012488317 0 0.0 1.0
    1.969901763     2.529389367 0 0.0 1.0
    3.668869729     6.992889563 0 0.0 1.0
    4.263529215     6.646839212 0 0.0 1.0
    2.948875844     5.983308214 0 0.0 1.0
    5.143747370     1.843695272 0 0.0 1.0
    4.464837641     4.541589266 0 0.0 1.0
    4.508908008     5.070045347 0 0.0 1.0
    6.081137823     1.866126463 0 0.0 1.0
    3.916332158     2.811240351 0 0.0 1.0
    6.412434618     6.581370802 0 0.0 1.0
    1.506160504     1.912418462 0 0.0 1.0
    0.003073224     4.319501415 0 0.0 1.0
    4.367922444     0.717396932 0 0.0 1.0
    1.482703037     3.445805275 0 0.0 1.0
    2.431060328     5.816171432 0 0.0 1.0
    0.594622546     6.973155847 0 0.0 1.0
    6.579586699     5.200927403 0 0.0 1.0
    4.345888627     1.827359288 0 0.0 1.0
    5.995502997     2.271734308 0 0.0 1.0
    5.193490376     4.321416276 0 0.0 1.0
    0.212396954     5.822409142 0 0.0 1.0
    0.530314610     6.739333269 0 0.0 1.0
    4.449787103     3.118175698 0 0.0 1.0
    2.630102518     6.752695804 0 0.0 1.0
    6.157112495     4.869956047 0 0.0 1.0
    0.562110382     2.617034996 0 0.0 1.0
    2.793775850     0.946669268 0 0.0 1.0
    5.300026841     2.165042946 0 0.0 1.0
    0.143762444     3.877179795 0 0.0 1.0
    6.138271854     3.537173816 0 0.0 1.0
    2.636303102     4.467246336 0 0.0 1.0
    6.863459109     1.374807127 0 0.0 1.0
    0.576416014     6.052612109 0 0.0 1.0
    6.950059910     1.357982938 0 0.0 1.0
    2.825346843     6.041467322 0 0.0 1.0
    3.814513347     0.565945850 0 0.0 1.0
    3.774633347     5.748522671 0 0.0 1.0
    1.091550433     5.956716305 0 0.0 1.0
    1.282059578     2.301813919 0 0.0 1.0
    3.513837757     2.845123238 0 0.0 1.0
    1.417620976     1.865677326 0 0.0 1.0
    0.778771271     3.028438482 0 0.0 1.0
    0.055952255     6.940208550 0 0.0 1.0
    0.076236704     6.008457757 0 0.0 1.0
    4.977216656     1.210391834 0 0.0 1.0
    6.162675215     6.325259612 0 0.0 1.0
    0.872733100     2.643148683 0 0.0 1.0
    2.543421638     5.719237286 0 0.0 1.0
    4.656990534     3.272756651 0 0.0 1.0
    6.336981589     6.589129113 0 0.0 1.0
    6.125355004     5.004277046 0 0.0 1.0
    4.854909367     6.506990558 0 0.0 1.0
    5.805942206     4.622091993 0 0.0 1.0
    0.094487881     4.421354711 0 0.0 1.0
    1.337784932     3.925382211 0 0.0 1.0
    2.900049303     1.758810231 0 0.0 1.0
    3.929016904     4.906372504 0 0.0 1.0
    5.467046476     2.788156765 0 0.0 1.0
    2.854136636     0.250456411 0 0.0 1.0
    0.148495369     1.701931764 0 0.0 1.0
    3.843944247     4.229958372 0 0.0 1.0
    6.644233441     4.929317702 0 0.0 1.0
    2.545551022     1.915772075 0 0.0 1.0
    0.935788799     0.052830119 0 0.0 1.0
    0.189591752     2.060506659 0 0.0 1.0
    1.983674265     5.322230178 0 0.0 1.0
    1.337096432     3.641155557 0 0.0 1.0
    3.881829513     4.863689587 0 0.0 1.0
    1.564972138     3.108979656 0 0.0 1.0
    1.830634375     0.629408620 0 0.0 1.0
    5.349100981     1.544914041 0 0.0 1.0
    1.531548915     1.293728185 0 0.0 1.0
    1.763112276     0.046266747 0 0.0 1.0
    5.073800519     6.023763079 0 0.0 1.0
    4.890450808     4.367300590 0 0.0 1.0
    4.716574668     4.501870423 0 0.0 1.0
    1.383744846     0.986164145 0 0.0 1.0
    5.971514075     2.539131195 0 0.0 1.0
    4.022393951     5.595399741 0 0.0 1.0
    3.355384756     3.482987840 0 0.0 1.0
    4.640197310     4.297763605 0 0.0 1.0
    1.175573798     5.697307973 0 0.0 1.0
    1.163498921     4.103636515 0 0.0 1.0
    6.181450806     4.524184633 0 0.0 1.0
    3.648423509     3.428063219 0 0.0 1.0
    6.429868178     5.965003251 0 0.0 1.0
    1.411401900     6.106139516 0 0.0 1.0
    1.687638950     2.349416210 0 0.0 1.0
    6.769901524     5.444336217 0 0.0 1.0
    4.872692009     1.682327385 0 0.0 1.0
    6.392167366     6.875885025 0 0.0 1.0
    1.617312301     4.847287953 0 0.0 1.0
    4.703029859     1.906022954 0 0.0 1.0
    0.139100410     3.741490967 0 0.0 1.0
    2.874430597     6.270877865 0 0.0 1.0
    0.564071469     5.568241293 0 0.0 1.0
    1.870828630     6.957283976 0 0.0 1.0
    5.101959088     2.201241542 0 0.0 1.0
    1.683394150     6.284304099 0 0.0 1.0
    5.845709236     4.723896848 0 0.0 1.0
    2.641036962     3.100490318 0 0.0 1.0
    5.197051318     4.727921195 0 0.0 1.0
    6.531376024     1.604017998 0 0.0 1.0
    0.335031150     3.033682653 0 0.0 1.0
    3.153999906     2.987871532 0 0.0 1.0
    2.967696439     2.319695903 0 0.0 1.0
    5.285405672     3.974259595 0 0.0 1.0
    6.651939951     2.781459526 0 0.0 1.0
    5.829543712     4.100200042 0 0.0 1.0
    4.871057196     2.830797078 0 0.0 1.0
    5.630318442     5.048972836 0 0.0 1.0
    3.050080581     1.429350799 0 0.0 1.0
    3.128193937     0.552531679 0 0.0 1.0
    6.764457084     0.154101661 0 0.0 1.0
    0.428948292     2.643888406 0 0.0 1.0
    3.138888858     0.646021325 0 0.0 1.0
    5.511449801     0.127004102 0 0.0 1.0
    5.476507078     5.573248907 0 0.0 1.0
    5.530053896     2.434240579 0 0.0 1.0
    5.562180842     0.769268520 0 0.0 1.0
    5.820749197     4.265220792 0 0.0 1.0
    6.739133782     0.932095304 0 0.0 1.0
    2.854381718     3.464685815 0 0.0 1.0
    0.425223677     1.710064857 0 0.0 1.0
    2.649633745     0.371477514 0 0.0 1.0
    2.588574071     6.031420529 0 0.0 1.0
    4.427940182     4.758013402 0 0.0 1.0
    5.229405192     1.201878714 0 0.0 1.0
    1.423185743     4.548993015 0 0.0 1.0
    4.579300520     0.761644184 0 0.0 1.0
    5.587524601     1.594489944 0 0.0 1.0
    6.152824284     1.864387926 0 0.0 1.0
    0.774490019     1.390583626 0 0.0 1.0
    4.507443714     2.476456369 0 0.0 1.0
    4.983410905     2.182364929 0 0.0 1.0
    1.360182774     3.137639677 0 0.0 1.0
    5.690852444     3.759621400 0 0.0 1.0
    4.516214530     4.676694754 0 0.0 1.0
    0.902455475     1.030865953 0 0.0 1.0
    4.093044649     6.565913214 0 0.0 1.0
    6.472235139     6.197444078 0 0.0 1.0
    1.891412253     5.171965053 0 0.0 1.0
    1.884108957     6.640994417 0 0.0 1.0
    5.467055060     1.626374146 0 0.0 1.0
    3.953221652     6.891297470 0 0.0 1.0
    3.947089590     5.913032114 0 0.0 1.0
    3.908595767     4.521584872 0 0.0 1.0
    6.799323823     0.946207856 0 0.0 1.0
    0.387382696     2.561370025 0 0.0 1.0
    0.951348668     6.552944078 0 0.0 1.0
    4.271487654     5.036710131 0 0.0 1.0
    3.356917353     0.969227149 0 0.0 1.0
    4.911003534     2.053570955 0 0.0 1.0
    3.598008858     5.111552603 0 0.0 1.0
    4.601661078     2.891738567 0 0.0 1.0
    0.319558871     2.465202695 0 0.0 1.0
    3.826358907     3.648947799 0 0.0 1.0
    2.686767472     3.777573777 0 0.0 1.0
    6.188437698     3.647160612 0 0.0 1.0
    5.442540684     1.896436656 0 0.0 1.0
    1.082712714     4.280242826 0 0.0 1.0
    1.734675313     3.209251425 0 0.0 1.0
    6.426964898     2.236731579 0 0.0 1.0
    4.521750589     3.532147912 0 0.0 1.0
    1.922780087     0.486213697 0 0.0 1.0
    4.759167878     0.954630431 0 0.0 1.0
    0.911191911     3.329126266 0 0.0 1.0
    1.264579795     2.690778388 0 0.0 1.0
    6.189251055     6.073889451 0 0.0 1.0
    6.888983256     2.957538885 0 0.0 1.0
    1.800280513     5.825355147 0 0.0 1.0
    1.469656600     6.731255809 0 0.0 1.0
    2.681302704     5.108180146 0 0.0 1.0
    6.118749767     4.428934893 0 0.0 1.0
    4.159842799     5.875836845 0 0.0 1.0
    5.403512224     5.587293530 0 0.0 1.0
    4.210465202     5.880324349 0 0.0 1.0
    1.454697899     2.948710145 0 0.0 1.0
    0.763186949     1.256207086 0 0.0 1.0
    0.856499687     1.467903708 0 0.0 1.0
    3.007211930     6.933804566 0 0.0 1.0
    1.588640918     0.851413650 0 0.0 1.0
    2.296121889     2.433943754 0 0.0 1.0
    5.602873283     2.088451069 0 0.0 1.0
    4.764288929     3.494304196 0 0.0 1.0
    0.926450386     4.450769998 0 0.0 1.0
    1.965603576     5.253703871 0 0.0 1.0
    1.705055101     0.820925770 0 0.0 1.0
    6.588292656     4.339405643 0 0.0 1.0
    1.424131898     2.065735204 0 0.0 1.0
    4.133545484     3.413037345 0 0.0 1.0
    4.426579099     5.024212193 0 0.0 1.0
    0.847413155     6.915995577 0 0.0 1.0
    2.360232960     1.345430541 0 0.0 1.0
    5.134142184     6.816155742 0 0.0 1.0
    1.713742264     4.719891543 0 0.0 1.0
    3.214849437     6.680776517 0 0.0 1.0
    6.240378451     6.990818156 0 0.0 1.0
    4.000773331     1.669554818 0 0.0 1.0
    3.680127885     2.552336708 0 0.0 1.0
    6.560613042     2.130002477 0 0.0 1.0
    5.421511724     6.501711844 0 0.0 1.0
    4.245483546     1.983549899 1 0.0 1.0
    1.210189426     6.950087345 1 0.0 1.0
    6.843616257     6.683851076 1 0.0 1.0
    6.796009212     6.324641067 1 0.0 1.0
    6.144046576     4.786079961 1 0.0 1.0
    5.339078720     6.048589370 1 0.0 1.0
    3.013137075     4.722493282 1 0.0 1.0
    3.367329551     4.674917107 1 0.0 1.0
    6.208177903     0.747929956 1 0.0 1.0
    4.007736779     0.149145669 1 0.0 1.0
    0.400295721     6.543766161 1 0.0 1.0
    5.762998111     3.014651100 1 0.0 1.0
    4.580675037     3.918319717 1 0.0 1.0
    6.343338812     3.165280967 1 0.0 1.0
    0.095188920     5.956127728 1 0.0 1.0
    1.866757851     3.111725401 1 0.0 1.0
    3.003570238     2.725417200 1 0.0 1.0
    5.739345744     4.181169832 1 0.0 1.0
    1.803018478     3.009318221 1 0.0 1.0
    2.463239631     2.622673870 1 0.0 1.0
    1.683276529     5.020022885 1 0.0 1.0
    1.002032910     2.160343191 1 0.0 1.0
    1.303942515     6.385736884 1 0.0 1.0
    2.146618667     1.883961985 1 0.0 1.0
    6.073432583     2.894899786 1 0.0 1.0
    0.538223928     5.648136187 1 0.0 1.0
    2.771683461     3.721414444 1 0.0 1.0
    2.396743070     6.642379733 1 0.0 1.0
    4.115701895     5.925641716 1 0.0 1.0
    4.547035981     4.396739586 1 0.0 1.0
    1.185730860     3.360140758 1 0.0 1.0
    5.206938215     3.084213111 1 0.0 1.0
    2.820657664     4.409563609 1 0.0 1.0
    2.182944131     3.802392493 1 0.0 1.0
    6.659980301     1.109617867 1 0.0 1.0
    1.571956078     1.499764407 1 0.0 1.0
    3.115550327     4.464402093 1 0.0 1.0
    5.826399624     5.341153604 1 0.0 1.0
    5.619427097     1.606494706 1 0.0 1.0
    5.627332430     2.561062515 1 0.0 1.0
    4.130307306     0.910492350 1 0.0 1.0
    4.760718632     4.933469711 1 0.0 1.0
    0.552251581     0.511510128 1 0.0 1.0
    2.630916277     1.088528478 1 0.0 1.0
    2.568178697     5.964884856 1 0.0 1.0
    0.097279143     0.360430829 1 0.0 1.0
    0.245214022     3.772233687 1 0.0 1.0
    1.368789870     3.140064890 1 0.0 1.0
    0.389626345     5.174929895 1 0.0 1.0
    4.003153113     2.670375955 1 0.0 1.0
    6.277167158     0.259467102 1 0.0 1.0
    0.917119072     6.244287189 1 0.0 1.0
    4.553925584     3.477432003 1 0.0 1.0
    0.975719482     4.820683134 1 0.0 1.0
    3.006753468     0.244619789 1 0.0 1.0
    5.570247706     4.671308525 1 0.0 1.0
    1.666840045     4.280543796 1 0.0 1.0
    0.931709713     0.715565479 1 0.0 1.0
    6.047294828     0.619945371 1 0.0 1.0
    2.111456225     5.512159556 1 0.0 1.0
    1.550339099     5.443820105 1 0.0 1.0
    1.396623349     6.416655660 1 0.0 1.0
    3.440432810     5.024987630 1 0.0 1.0
    2.627790006     1.895243571 1 0.0 1.0
    0.648794108     3.487795629 1 0.0 1.0
    2.582936021     6.190381710 1 0.0 1.0
    0.935240564     4.373409416 1 0.0 1.0
    0.087688350     5.136311233 1 0.0 1.0
    2.912949127     6.162209773 1 0.0 1.0
    6.691655213     3.508686822 1 0.0 1.0
    4.560428098     2.596010162 1 0.0 1.0
    1.310715747     0.977341992 1 0.0 1.0
    3.690694562     4.214151038 1 0.0 1.0
    0.929838022     3.594010467 1 0.0 1.0
    6.373693811     0.994370491 1 0.0 1.0
    6.773165127     1.004287811 1 0.0 1.0
    5.010616161     4.582400878 1 0.0 1.0
    0.228269021     0.992710415 1 0.0 1.0
    2.377897714     6.456243285 1 0.0 1.0
    4.967879698     6.125918682 1 0.0 1.0
    4.551798718     2.107575535 1 0.0 1.0
    5.184674895     2.240323681 1 0.0 1.0
    2.909501969     0.744969243 1 0.0 1.0
    0.236352552     4.018131214 1 0.0 1.0
    6.988857371     0.849131326 1 0.0 1.0
    3.825179813     1.395999745 1 0.0 1.0
    6.468610811     5.449085838 1 0.0 1.0
    4.056680900     3.423261238 1 0.0 1.0
    1.282521625     0.350604654 1 0.0 1.0
    2.228310843     2.899285625 1 0.0 1.0
    5.622485755     0.169882457 1 0.0 1.0
    1.640187178     0.586874800 1 0.0 1.0
    5.203961885     0.368386943 1 0.0 1.0
    3.518762862     0.776815028 1 0.0 1.0
    3.146697018     2.959129368 1 0.0 1.0
    0.286514406     2.016054701 1 0.0 1.0
    6.709087515     2.776227993 1 0.0 1.0
    5.671993528     6.040945225 1 0.0 1.0
    5.482205501     5.231097389 1 0.0 1.0
    5.427465492     3.772659418 1 0.0 1.0
    2.341551566     0.140781412 1 0.0 1.0
    2.039840980     5.200898769 1 0.0 1.0
    4.972721420     5.110024856 1 0.0 1.0
    0.790061791     6.495923544 1 0.0 1.0
    2.191131268     3.351723622 1 0.0 1.0
    3.641384784     6.870718703 1 0.0 1.0
    4.222325568     2.506804393 1 0.0 1.0
    5.750215410     1.728166116 1 0.0 1.0
    0.804366347     5.223511136 1 0.0 1.0
    5.326724297     1.321844398 1 0.0 1.0
    1.092514319     6.189688677 1 0.0 1.0
    2.085546845     0.399976621 1 0.0 1.0
    4.626483405     2.275489841 1 0.0 1.0
    6.237387247     3.620587105 1 0.0 1.0
    1.912873790     6.831195900 1 0.0 1.0
    2.718422674     4.392689627 1 0.0 1.0
    0.127603545     0.983067522 1 0.0 1.0
    2.442608298     0.332913437 1 0.0 1.0
    0.307604320     5.351245137 1 0.0 1.0
    4.077048167     4.948461375 1 0.0 1.0
    0.870738620     6.681937889 1 0.0 1.0
    5.425319074     3.122260863 1 0.0 1.0
    3.017778149     1.456641953 1 0.0 1.0
    6.179751612     2.665531831 1 0.0 1.0
    6.011288622     4.433999195 1 0.0 1.0
    5.770663185     6.801805584 1 0.0 1.0
    1.860992827     4.935243024 1 0.0 1.0
    4.692703353     0.339218379 1 0.0 1.0
    1.104003533     5.965779613 1 0.0 1.0
    6.116609207     4.139935230 1 0.0 1.0
    1.974936210     5.631276734 1 0.0 1.0
    0.075419562     2.908377538 1 0.0 1.0
    1.595417958     4.283999825 1 0.0 1.0
    5.050331709     2.483782608 1 0.0 1.0
    1.815862780     3.511941163 1 0.0 1.0
    0.384314492     2.731640605 1 0.0 1.0
    6.934192130     0.973623565 1 0.0 1.0
    2.510990137     1.433587104 1 0.0 1.0
    4.347481489     6.557074555 1 0.0 1.0
    3.645309179     0.606310104 1 0.0 1.0
    0.763778169     4.056986063 1 0.0 1.0
    3.353477542     4.051657723 1 0.0 1.0
    3.396727092     4.246314997 1 0.0 1.0
    6.208861121     6.417096181 1 0.0 1.0
    4.283412245     5.647600495 1 0.0 1.0
    4.395808604     2.009376248 1 0.0 1.0
    6.337217557     2.409835479 1 0.0 1.0
    3.890968640     0.707092871 1 0.0 1.0
    0.933883689     6.235284657 1 0.0 1.0
    0.234838070     2.229527590 1 0.0 1.0
    2.216085961     0.528507528 1 0.0 1.0
    2.396562464     5.203304137 1 0.0 1.0
    1.867081023     4.086345351 1 0.0 1.0
    0.814902746     5.368033782 1 0.0 1.0
    1.739832179     1.975973614 1 0.0 1.0
    1.013863243     5.653778964 1 0.0 1.0
    5.513021556     6.382615798 1 0.0 1.0
    2.383608411     1.591210440 1 0.0 1.0
    4.973458065     0.239301659 1 0.0 1.0
    0.007101795     2.455015925 1 0.0 1.0
    3.046318251     2.055780493 1 0.0 1.0
    5.943746486     5.583951294 1 0.0 1.0
    0.757090172     6.689024276 1 0.0 1.0
    2.197235483     5.163840182 1 0.0 1.0
    5.239042261     2.516545819 1 0.0 1.0
    5.926793520     6.985582694 1 0.0 1.0
    0.982224291     0.045760281 1 0.0 1.0
    0.177312815     5.389857839 1 0.0 1.0
    4.533628934     0.572504591 1 0.0 1.0
    2.797946608     2.928368826 1 0.0 1.0
    1.014264551     0.344884210 1 0.0 1.0
    5.384083543     4.144775320 1 0.0 1.0
    1.392075123     6.133697786 1 0.0 1.0
    3.545380174     4.728766900 1 0.0 1.0
    0.797309901     0.077517720 1 0.0 1.0
    4.875744460     4.589971812 1 0.0 1.0
    2.235379318     3.442052504 1 0.0 1.0
    5.003740594     2.484150989 1 0.0 1.0
    4.888369145     4.742454293 1 0.0 1.0
    2.183638277     2.509354204 1 0.0 1.0
    1.010501993     1.659615247 1 0.0 1.0
    2.075475209     4.000813982 1 0.0 1.0
    5.813387338     5.922533503 1 0.0 1.0
    0.190040804     2.109834246 1 0.0 1.0
    1.924553488     2.748926906 1 0.0 1.0
    5.277551137     3.742151419 1 0.0 1.0
    5.534241420     5.373379634 1 0.0 1.0
    5.262377954     6.937967834 1 0.0 1.0
    5.507015368     5.474576980 1 0.0 1.0
    5.102987314     0.840084885 1 0.0 1.0
    0.838359374     4.308229967 1 0.0 1.0
    2.577038070     0.113230340 1 0.0 1.0
    0.007188918     4.985668225 1 0.0 1.0
    1.763041574     0.163763841 1 0.0 1.0
    5.246814350     2.591816765 1 0.0 1.0
    3.335547894     3.628128206 1 0.0 1.0
    6.032329140     0.900266397 1 0.0 1.0
    0.214279067     0.562943696 1 0.0 1.0
    3.085412481     2.931356124 1 0.0 1.0
    4.362797916     0.408183330 1 0.0 1.0
    0.858794396     2.257442877 1 0.0 1.0
    4.101436019     6.438700304 1 0.0 1.0
    0.856361647     3.592145297 1 0.0 1.0
    3.309559017     4.913574866 1 0.0 1.0
    4.850117461     0.499832612 1 0.0 1.0
    3.988593245     2.439106764 1 0.0 1.0
    4.125412323     6.023747158 1 0.0 1.0
    3.505775302     6.500038067 1 0.0 1.0
    4.772852063     6.194113448 1 0.0 1.0
    4.280610920     2.250129016 1 0.0 1.0
    4.838516952     0.102712728 1 0.0 1.0
    2.652923944     6.912293747 1 0.0 1.0
    5.876209504     2.354140618 1 0.0 1.0
    3.818369772     6.926469617 1 0.0 1.0
    5.723591793     3.216282298 1 0.0 1.0
    5.759562771     4.600668895 1 0.0 1.0
    1.017138856     5.773074614 1 0.0 1.0
    6.109036949     0.599319842 1 0.0 1.0
    1.671281878     2.292663822 1 0.0 1.0
    6.686618030     6.716305265 1 0.0 1.0
    5.232212540     0.651272177 1 0.0 1.0
    0.680568361     6.211608295 1 0.0 1.0
    4.530557890     0.664293815 1 0.0 1.0
    3.364411649     0.016984813 1 0.0 1.0
    4.815920236     5.008178803 1 0.0 1.0
    3.714774173     6.459646820 1 0.0 1.0
    0.505754157     4.103844593 1 0.0 1.0
    0.396359844     4.091122876 1 0.0 1.0
    4.692207356     2.840522371 1 0.0 1.0
    0.984740949     4.671020148 1 0.0 1.0
    3.327074615     5.467919802 1 0.0 1.0
    5.773029697     2.340538685 1 0.0 1.0
    3.547956240     2.122702887 1 0.0 1.0
    3.211002081     1.069171022 1 0.0 1.0
    5.470176180     1.494554672 1 0.0 1.0
    6.541904305     4.815015817 1 0.0 1.0
    3.101971620     3.397908474 1 0.0 1.0
    2.183140798     4.387272735 1 0.0 1.0
    2.648669114     1.960905997 1 0.0 1.0
    6.426805150     6.751377221 1 0.0 1.0
    0.953700601     6.698576902 1 0.0 1.0
    3.780388692     3.196420331 1 0.0 1.0
    0.365160223     4.856722099 1 0.0 1.0
    3.144928154     5.602800911 1 0.0 1.0
    4.481425019     1.990306792 1 0.0 1.0
    4.355318405     4.346419470 1 0.0 1.0
    5.273835728     3.791562341 1 0.0 1.0
    1.917374734     2.964526831 1 0.0 1.0
    1.678754945     3.621811840 1 0.0 1.0
    5.256825242     2.936994847 1 0.0 1.0
    1.772120558     0.876195376 1 0.0 1.0
    3.103403285     0.992761644 1 0.0 1.0
    0.843694323     6.532881404 1 0.0 1.0
    5.640527387     1.007541642 1 0.0 1.0
    2.731231400     0.767259935 1 0.0 1.0
    3.253930571     6.011254686 1 0.0 1.0
    4.513026956     3.000239262 1 0.0 1.0
    1.857201152     2.912838085 1 0.0 1.0
    2.279443434     2.130847174 1 0.0 1.0
    5.076069286     2.250149135 1 0.0 1.0
    0.682961870     5.564118749 1 0.0 1.0
    4.604689507     3.156659685 1 0.0 1.0
    4.182473031     0.975417246 1 0.0 1.0
    5.902287293     6.009568656 1 0.0 1.0
    2.060834552     2.088082868 1 0.0 1.0
    0.174241849     0.933976935 1 0.0 1.0
    6.632741267     4.639970928 1 0.0 1.0
    2.685548169     5.783555745 1 0.0 1.0
    3.371773326     6.605607970 1 0.0 1.0
    3.653743096     3.641878997 1 0.0 1.0
    2.936954353     2.095367065 1 0.0 1.0
    2.189526648     2.147402723 1 0.0 1.0
    3.998781826     2.588934930 1 0.0 1.0
    6.661410420     0.008649124 1 0.0 1.0
    0.271630212     6.074229329 1 0.0 1.0
    1.679535228     3.653762661 1 0.0 1.0
    1.835362488     3.790130245 1 0.0 1.0
    4.072523251     1.706785819 1 0.0 1.0
    1.924109463     6.713769317 1 0.0 1.0
    6.827348202     6.838934472 1 0.0 1.0
    6.352633931     1.991477597 1 0.0 1.0
    4.268325212     4.341004469 1 0.0 1.0
    2.158282327     1.999530457 1 0.0 1.0
    4.999282977     3.315613150 1 0.0 1.0
    6.775863380     2.050350536 1 0.0 1.0
    6.016070952     1.863289096 1 0.0 1.0
    3.368391885     6.074275423 1 0.0 1.0
    1.572303800     6.894951356 1 0.0 1.0
    3.758983199     6.311463251 1 0.0 1.0
    0.415570728     0.263725001 1 0.0 1.0
    4.508682844     3.300584724 1 0.0 1.0
    1.660600808     1.127296446 1 0.0 1.0
    2.009374607     6.580476985 1 0.0 1.0
    0.333032333     3.363188108 1 0.0 1.0
    3.473023041     4.374674419 1 0.0 1.0
    0.733679540     5.921250804 1 0.0 1.0
    6.476356858     4.108855299 1 0.0 1.0
    6.148157818     6.991355243 1 0.0 1.0
    1.408589434     4.696313388 1 0.0 1.0
    5.560484622     0.173624036 1 0.0 1.0
    3.757200958     3.589594326 1 0.0 1.0
    4.320627014     5.507567998 1 0.0 1.0
    0.794037941     6.421073628 1 0.0 1.0
    4.066601490     1.605798448 1 0.0 1.0
    0.018340430     5.920772137 1 0.0 1.0
    0.604739343     1.101040199 1 0.0 1.0
    3.304445812     5.315516141 1 0.0 1.0
    3.590560318     5.426741896 1 0.0 1.0
    3.654455596     5.129904641 1 0.0 1.0
    4.692095072     1.125400100 1 0.0 1.0
    0.110884573     6.507908026 1 0.0 1.0
    3.721229499     4.910871484 1 0.0 1.0
    3.383418365     5.676636514 1 0.0 1.0
    6.181373508     4.788257377 1 0.0 1.0
    4.147721403     1.640293939 1 0.0 1.0
    6.599985737     4.108261256 1 0.0 1.0
    3.558145393     5.647589875 1 0.0 1.0
    4.029272155     2.550355409 1 0.0 1.0
    2.109480444     3.344965734 1 0.0 1.0
    2.424507915     3.830472388 1 0.0 1.0
    1.520426674     5.017542731 1 0.0 1.0
    2.090570223     1.092128811 1 0.0 1.0
    0.770254312     2.917184611 1 0.0 1.0
    0.931615152     6.479423260 1 0.0 1.0
    4.034485267     3.622898588 1 0.0 1.0
    1.144618958     3.773263754 1 0.0 1.0
    4.945655848     6.585889945 1 0.0 1.0
    1.792491679     3.454664239 1 0.0 1.0
    2.050176600     6.706284482 1 0.0 1.0
    2.871492137     2.868974833 1 0.0 1.0
    3.412284221     2.196581914 1 0.0 1.0
    4.954234421     3.469266129 1 0.0 1.0
    4.947226714     2.666007629 1 0.0 1.0
    5.523972883     2.072479924 1 0.0 1.0
    3.644577082     6.158493045 1 0.0 1.0
    4.898965797     5.620462427 1 0.0 1.0
    1.567536892     6.851017812 1 0.0 1.0
    0.624584662     4.388005915 1 0.0 1.0
    4.502318747     0.312132049 1 0.0 1.0
    5.100433472     6.670183943 1 0.0 1.0
    2.089160683     2.519328478 1 0.0 1.0
    6.410959354     2.225011316 1 0.0 1.0
    6.626080915     2.388365238 1 0.0 1.0
    3.329273247     6.673458640 1 0.0 1.0
    3.768958853     0.442165677 1 0.0 1.0
    1.916332886     0.166385211 1 0.0 1.0
    5.709584985     2.041657994 1 0.0 1.0
    0.782248226     4.522157542 1 0.0 1.0
    0.837607177     6.076425578 1 0.0 1.0
    0.152381293     3.380790706 1 0.0 1.0
    4.313369993     4.203930995 1 0.0 1.0
    0.495240123     2.474859295 1 0.0 1.0
    5.174693156     5.804947158 1 0.0 1.0
    4.687148660     5.635366791 1 0.0 1.0
    5.653942480     5.011124305 1 0.0 1.0
    4.896289332     0.436884534 1 0.0 1.0
    2.248712483     5.576703474 1 0.0 1.0
    2.089603347     2.876240695 1 0.0 1.0
    4.042768355     2.476861467 1 0.0 1.0
    5.216983408     0.935797819 1 0.0 1.0
    6.048992147     2.902114069 1 0.0 1.0
    6.035141908     4.967423968 1 0.0 1.0
    1.613880300     3.114814226 1 0.0 1.0
    5.557579986     1.279985136 1 0.0 1.0
    4.889766455     1.812360660 1 0.0 1.0
    6.908572010     2.988985161 1 0.0 1.0
    1.917405918     6.198825601 1 0.0 1.0
    6.232132169     5.650060642 1 0.0 1.0
    2.808416143     1.509206500 1 0.0 1.0
    1.277297216     5.405236277 1 0.0 1.0
    3.221072662     3.443698114 1 0.0 1.0
    2.092101323     5.065198368 1 0.0 1.0
    2.423781990     5.638418822 1 0.0 1.0
    5.224240683     0.115784698 1 0.0 1.0
    1.338742719     4.323623190 1 0.0 1.0
    4.992882629     3.765572354 1 0.0 1.0
    4.076113175     0.068014271 1 0.0 1.0
    3.746069590     4.748040116 1 0.0 1.0
    3.979397696     1.435081488 1 0.0 1.0
    1.683247994     5.784184840 1 0.0 1.0
    0.997415314     1.815993836 1 0.0 1.0
    6.045136441     3.031373822 1 0.0 1.0
    0.936209595     0.625815069 1 0.0 1.0
    3.827514006     4.982756418 1 0.0 1.0
    1.776690705     4.159646065 1 0.0 1.0
    6.326498718     2.366232284 1 0.0 1.0
    4.826424803     0.650130684 1 0.0 1.0
    1.100023883     5.880511428 1 0.0 1.0
    5.950372385     1.092523654 1 0.0 1.0
    1.518023346     2.865951778 1 0.0 1.0
    3.660005627     2.948471182 1 0.0 1.0
    1.333283248     6.761672578 1 0.0 1.0
    2.032084168     2.057189734 1 0.0 1.0
    4.967742334     1.180372611 1 0.0 1.0
    0.860358934     3.131963972 1 0.0 1.0
    0.705671327     4.031270199 1 0.0 1.0
    6.647917214     3.092283347 1 0.0 1.0
    6.445669193     6.225979716 1 0.0 1.0
    1.764211908     0.525644557 1 0.0 1.0
    3.188013239     4.363595300 1 0.0 1.0
    1.230891885     1.098025869 1 0.0 1.0
    1.106301205     2.993399284 1 0.0 1.0
    6.599428299     1.430851893 1 0.0 1.0
    0.939312932     2.405191291 1 0.0 1.0
    0.258526300     2.462744294 1 0.0 1.0
    5.099479055     1.499689015 1 0.0 1.0
    1.332920572     3.849708997 1 0.0 1.0
    4.533229716     0.572123718 1 0.0 1.0
    6.006096463     1.777543013 1 0.0 1.0
    3.608190737     4.820686173 1 0.0 1.0
    5.307234061     6.277266597 1 0.0 1.0
    3.312012190     1.838929803 1 0.0 1.0
    0.456390256     5.119394673 1 0.0 1.0
    2.648934018     3.227502048 1 0.0 1.0
    6.329908636     5.592607010 1 0.0 1.0
    3.044790042     5.010701877 1 0.0 1.0
    2.065352196     4.391343788 1 0.0 1.0
    5.853659015     6.741488617 1 0.0 1.0
    0.186361875     5.727407268 1 0.0 1.0
    0.547991450     3.668803786 1 0.0 1.0
    2.447698049     0.456158889 1 0.0 1.0
    6.851393051     2.944226195 1 0.0 1.0
    1.430552078     0.852891885 1 0.0 1.0
    2.964604523     3.009242355 1 0.0 1.0
    5.558156926     6.088922518 1 0.0 1.0
    3.997396348     0.215357520 1 0.0 1.0
    5.910676485     3.208947743 1 0.0 1.0
    5.127083365     2.882013635 1 0.0 1.0
    5.827205500     3.224886511 1 0.0 1.0
    1.954622152     4.681221228 1 0.0 1.0
    1.820613831     2.038768082 1 0.0 1.0
    1.955379849     0.756497492 1 0.0 1.0
    5.155064490     2.272327341 1 0.0 1.0
    1.752517109     2.145990748 1 0.0 1.0
    0.886842675     4.073659520 1 0.0 1.0
    3.052037488     5.658088261 1 0.0 1.0
    3.817094676     6.182100024 1 0.0 1.0
    2.326580313     1.287983426 1 0.0 1.0
    2.066528014     5.378207077 1 0.0 1.0
    6.207849114     3.945892210 1 0.0 1.0
    4.332022170     6.377870385 1 0.0 1.0
    2.280358771     4.570308741 1 0.0 1.0
    0.630576433     5.486113216 1 0.0 1.0
    2.249230038     5.104793768 1 0.0 1.0
    0.442630819     0.132914030 1 0.0 1.0
    3.150716271     3.810817278 1 0.0 1.0
    3.350343060     4.019221541 1 0.0 1.0
    2.535590097     2.836067667 1 0.0 1.0
    1.311078000     4.711689286 1 0.0 1.0
    3.448271299     2.287438873 1 0.0 1.0
    4.137422196     0.094188027 1 0.0 1.0
    3.065000479     2.752315683 1 0.0 1.0
    1.919203170     3.724935127 1 0.0 1.0
    6.084155201     6.607565149 1 0.0 1.0
    2.095736282     4.397746976 1 0.0 1.0
    6.808586886     5.826219440 1 0.0 1.0
    6.314927125     4.966958824 1 0.0 1.0
    6.079938621     5.537612578 1 0.0 1.0
    1.962555176     3.798562906 1 0.0 1.0
    2.218153451     6.074542572 1 0.0 1.0
    3.268615291     4.993799951 1 0.0 1.0
    3.020909068     3.188491133 1 0.0 1.0
    3.462297341     5.613027770 1 0.0 1.0
    4.747103557     5.285087720 1 0.0 1.0
    2.377117018     0.960290171 1 0.0 1.0
    0.101099340     5.564694498 1 0.0 1.0
    1.307454773     1.511624599 1 0.0 1.0
    6.387292325     6.498736059 1 0.0 1.0
    1.874818163     6.047042892 1 0.0 1.0
    4.717577293     1.521493328 1 0.0 1.0
    3.511427095     1.315380108 1 0.0 1.0
    3.606832421     3.170141390 1 0.0 1.0
    5.597220379     6.953802502 1 0.0 1.0
    5.602951222     4.359698910 1 0.0 1.0
    2.680795172     1.257024516 1 0.0 1.0
    5.920399183     6.453114003 1 0.0 1.0
    0.476106945     5.321795287 1 0.0 1.0
    0.531103543     3.013516207 1 0.0 1.0
    1.181314572     1.255584637 1 0.0 1.0
    5.868636105     3.833833702 1 0.0 1.0
    4.190751349     3.656889189 1 0.0 1.0
    2.713985165     6.564088943 1 0.0 1.0
    0.029959639     4.637278652 1 0.0 1.0
    2.667440690     4.445990556 1 0.0 1.0
    4.758560561     1.777332706 1 0.0 1.0
    2.088405424     5.002856137 1 0.0 1.0
    4.723023559     1.553704922 1 0.0 1.0
    2.249176761     2.040897730 1 0.0 1.0
    1.631183717     3.110904076 1 0.0 1.0
    1.742492055     1.544610215 1 0.0 1.0
    2.249139231     4.739493340 1 0.0 1.0
    0.667377668     1.720498927 1 0.0 1.0
    0.885632366     4.682854562 1 0.0 1.0
    6.414543457     5.995331274 1 0.0 1.0
    3.158669431     6.516548952 1 0.0 1.0
    6.611751421     6.024108737 1 0.0 1.0
    6.270577243     1.704445086 1 0.0 1.0
    1.879696098     0.379525604 1 0.0 1.0
    0.426304857     0.888055409 1 0.0 1.0
    3.306862496     0.306652011 1 0.0 1.0
    5.553901122     2.248711601 1 0.0 1.0
    4.091802068     5.201662522 1 0.0 1.0
    4.256982393     6.167371574 1 0.0 1.0
    4.290821429     2.282852579 1 0.0 1.0
    1.295480295     6.852331917 1 0.0 1.0
    6.296720091     6.729023936 1 0.0 1.0
    0.699399266     0.446188034 1 0.0 1.0
    4.749080505     4.874645687 1 0.0 1.0
    4.583202927     4.217891876 1 0.0 1.0
    2.810750243     6.439439363 1 0.0 1.0
    0.968284913     0.662437615 1 0.0 1.0
    4.401899129     4.450638397 1 0.0 1.0
    6.095411834     0.793331520 1 0.0 1.0
    2.919310859     3.629817932 1 0.0 1.0
    2.364000421     1.824619708 1 0.0 1.0
    5.012972355     4.343670080 1 0.0 1.0
    0.477045787     3.862376108 1 0.0 1.0
    6.023539067     1.401491919 1 0.0 1.0
    1.965969146     4.393166950 1 0.0 1.0
    0.076698158     2.524838765 1 0.0 1.0
    2.683686849     4.984507784 1 0.0 1.0
    3.328747914     5.082455177 1 0.0 1.0
    0.052336124     6.503751938 1 0.0 1.0
    6.374568274     1.352004532 1 0.0 1.0
    3.343759076     2.719970805 1 0.0 1.0
    3.184709179     2.354045509 1 0.0 1.0
    5.916641672     4.312922486 1 0.0 1.0
    4.015137241     0.764899702 1 0.0 1.0
    3.421626189     1.191750336 1 0.0 1.0
    2.014137904     0.840034529 1 0.0 1.0
    6.960151391     1.874009963 1 0.0 1.0
    1.675648077     5.456251138 1 0.0 1.0
    2.536523882     2.963066446 1 0.0 1.0
    1.657755638     6.235244614 1 0.0 1.0
    3.278806903     2.987511566 1 0.0 1.0
    3.312937755     1.994722294 1 0.0 1.0
    3.984538470     4.877327002 1 0.0 1.0
    5.008830306     6.416600289 1 0.0 1.0
    1.535311823     1.177119478 1 0.0 1.0
    4.016656424     1.143894480 1 0.0 1.0
    4.158814363     3.007066044 1 0.0 1.0
    0.802491769     3.392716702 1 0.0 1.0
    6.032816157     5.031913978 1 0.0 1.0
    0.001620050     0.773098012 1 0.0 1.0
    1.603964574     3.384702478 1 0.0 1.0
    2.455915273     6.432721853 1 0.0 1.0
    3.549487355     3.087371849 1 0.0 1.0
    2.858260422     3.843224455 1 0.0 1.0
    6.265974761     4.402474281 1 0.0 1.0
    1.161093177     5.561305338 1 0.0 1.0
    2.241825932     2.982840998 1 0.0 1.0
    1.896351023     1.207696527 1 0.0 1.0
    0.010585171     6.858573382 1 0.0 1.0
    4.171469590     4.768494091 1 0.0 1.0
    3.419391991     3.323835713 1 0.0 1.0
    6.103749805     3.853663026 1 0.0 1.0
    2.402219163     3.806143199 1 0.0 1.0
    3.311637084     0.132369100 1 0.0 1.0
    1.689716825     6.683973047 1 0.0 1.0
    1.990825379     0.740303325 1 0.0 1.0
    5.670466938     1.019686020 1 0.0 1.0
    4.913254400     6.473079910 1 0.0 1.0
    4.683681787     6.426607340 1 0.0 1.0
    6.127584734     1.956409701 1 0.0 1.0
    1.422034591     2.760059901 1 0.0 1.0
    6.260327778     1.949534024 1 0.0 1.0
    2.877191304     3.458127611 1 0.0 1.0
    0.995783803     5.212385348 1 0.0 1.0
    5.841620323     2.934960506 1 0.0 1.0
    2.036594419     4.103539040 1 0.0 1.0
    4.561109862     1.296691930 1 0.0 1.0
    4.056655933     0.685625910 1 0.0 1.0
    6.325752518     0.669244684 1 0.0 1.0
    5.037284448     2.442550502 1 0.0 1.0
    3.963421169     1.106725647 1 0.0 1.0
    3.740768367     5.990199559 1 0.0 1.0
    5.999605464     5.729824044 1 0.0 1.0
    5.024290749     4.361586773 1 0.0 1.0
    0.605855001     2.894828663 1 0.0 1.0
    4.011257408     3.188505013 1 0.0 1.0
    1.028186893     0.879436744 1 0.0 1.0
    4.435194675     0.764517647 1 0.0 1.0
    6.223289958     1.896893350 1 0.0 1.0
    3.732149499     0.251855369 1 0.0 1.0
    2.658233530     3.773725005 1 0.0 1.0
    3.103753537     5.745848212 1 0.0 1.0
    1.562753715     5.322123677 1 0.0 1.0
    4.055102884     5.350339828 1 0.0 1.0
    1.174210185     5.895404151 1 0.0 1.0
    2.561134332     4.919765520 1 0.0 1.0
    3.381280880     1.264877184 1 0.0 1.0
    4.110513228     3.866141701 1 0.0 1.0
    0.584298194     5.206457710 1 0.0 1.0
    0.584622390     3.587535093 1 0.0 1.0
    1.871391270     3.263622699 1 0.0 1.0
    5.650341858     6.692614786 1 0.0 1.0
    6.005176859     2.223210029 1 0.0 1.0
    5.307312889     0.836982087 1 0.0 1.0
    2.908867633     2.814257258 1 0.0 1.0
    4.199598165     0.929717327 1 0.0 1.0
    6.246629819     0.319905625 1 0.0 1.0
    0.118281148     2.259804468 1 0.0 1.0
    0.811730972     1.627055232 1 0.0 1.0
    5.549016687     5.462115515 1 0.0 1.0
    6.150762171     2.454191491 1 0.0 1.0
    6.117146700     0.507952909 1 0.0 1.0
    1.837180250     6.930025723 1 0.0 1.0
    5.761211711     6.161540156 1 0.0 1.0
    6.463284584     2.987580270 1 0.0 1.0
    1.577797924     6.208235736 1 0.0 1.0
    0.152934683     6.382984697 1 0.0 1.0
    4.592088912     0.003938253 1 0.0 1.0
    5.467701196     3.211946050 1 0.0 1.0
    5.466199288     1.463832611 1 0.0 1.0
    6.269447519     3.996528874 1 0.0 1.0
    5.321598629     3.811958270 1 0.0 1.0
    2.226483032     6.457371566 1 0.0 1.0
    6.231502840     6.452466213 1 0.0 1.0
    1.725444286     0.242005694 1 0.0 1.0
    5.545488717     0.317430883 1 0.0 1.0
    2.941240793     2.382554962 1 0.0 1.0
    1.237756012     5.779123619 1 0.0 1.0
    1.791097012     2.173510828 1 0.0 1.0
    6.061730632     2.069086273 1 0.0 1.0
    5.000520717     5.581136339 1 0.0 1.0
    5.138777341     6.140561388 1 0.0 1.0
    1.681463043     0.480128977 1 0.0 1.0
    6.148187901     3.405920539 1 0.0 1.0
    5.114715259     5.724152137 1 0.0 1.0
    0.531155445     5.881300164 1 0.0 1.0
    5.099294983     6.752218970 1 0.0 1.0
    0.269861560     5.406013594 1 0.0 1.0
    2.751285619     3.341775915 1 0.0 1.0
    0.945405651     4.402486336 1 0.0 1.0
    2.575381031     6.002968354 1 0.0 1.0
    1.407620138     3.037744236 1 0.0 1.0
    2.199295454     5.383568854 1 0.0 1.0
    1.424638579     1.741884801 1 0.0 1.0
    6.761355381     0.687128764 1 0.0 1.0
    1.117467031     6.526115330 1 0.0 1.0
    4.672719810     1.351499247 1 0.0 1.0
    5.795873272     2.422548685 1 0.0 1.0
    6.268925009     4.050873515 1 0.0 1.0
    5.768953662     0.945017098 1 0.0 1.0
    3.790612038     3.122434716 1 0.0 1.0
    0.015062342     5.689491661 1 0.0 1.0
    4.296688664     3.734654873 1 0.0 1.0
    1.209005250     0.701923503 1 0.0 1.0
    6.745180825     4.096745033 1 0.0 1.0
    6.063980982     3.474469560 1 0.0 1.0
    3.686802119     4.507336646 1 0.0 1.0
    2.117670320     1.190769241 1 0.0 1.0
    6.829532121     5.748438269 1 0.0 1.0
    4.301649945     1.373188787 1 0.0 1.0
    4.633067704     0.002323958 1 0.0 1.0
    0.701637932     0.701009644 1 0.0 1.0
    5.751271007     1.368806590 1 0.0 1.0
    1.741164781     2.804836151 1 0.0 1.0
    2.706939553     4.055380252 1 0.0 1.0
    6.110053667     4.119927092 1 0.0 1.0
    5.471682485     5.693137730 1 0.0 1.0
    6.228860997     5.008049524 1 0.0 1.0
    0.162257331     4.973303715 1 0.0 1.0
    1.510062950     4.946446255 1 0.0 1.0
    1.578789324     2.718319437 1 0.0 1.0
    6.460952886     6.625415158 1 0.0 1.0
    1.363341297     0.096220106 1 0.0 1.0
    5.419413011     0.280682616 1 0.0 1.0
    2.574002539     5.465761212 1 0.0 1.0
    5.491796448     1.038737384 1 0.0 1.0
    1.002703009     0.724961617 1 0.0 1.0
    2.915264736     3.011661875 1 0.0 1.0
    2.488220265     3.708383022 1 0.0 1.0
    4.313485942     6.971370918 1 0.0 1.0
    3.995286297     4.043803895 1 0.0 1.0
    5.013961325     5.564179871 1 0.0 1.0
    1.580030922     5.108465208 1 0.0 1.0
    6.351458984     5.553777949 1 0.0 1.0
    6.462155213     2.626447302 1 0.0 1.0
    3.121251284     2.519952710 1 0.0 1.0
    3.757253474     1.579909571 1 0.0 1.0
    2.992880623     0.417227083 1 0.0 1.0
    5.923920391     4.841006018 1 0.0 1.0
    4.729319492     1.815669504 1 0.0 1.0
    3.792117549     0.106498173 1 0.0 1.0
    0.437584109     5.659109404 1 0.0 1.0
    0.778497986     6.959420453 1 0.0 1.0
    3.712650917     5.586089837 1 0.0 1.0
    6.374426871     0.135373409 1 0.0 1.0
    1.723504292     3.082150279 1 0.0 1.0
    2.464615624     2.426034594 1 0.0 1.0
    0.848595362     0.902197169 1 0.0 1.0
    6.767624482     6.040226435 1 0.0 1.0
    6.897452311     6.283725838 1 0.0 1.0
    1.291897769     4.975176274 1 0.0 1.0
    3.849801573     3.940178924 1 0.0 1.0
    4.148347068     3.140315292 1 0.0 1.0
    2.373537198     4.272392650 1 0.0 1.0
    0.194226216     2.601882218 1 0.0 1.0
    4.081781411     2.568457602 1 0.0 1.0
    6.422443400     0.732532413 1 0.0 1.0
    0.491645841     6.377736930 1 0.0 1.0
    1.958985286     2.824356915 1 0.0 1.0
    4.149243884     4.314284401 1 0.0 1.0
    0.122870522     2.488006291 1 0.0 1.0
    6.149338386     5.253345813 1 0.0 1.0
    3.947815688     0.720421277 1 0.0 1.0
    3.600879958     3.248623010 1 0.0 1.0
    5.498945693     4.047234500 1 0.0 1.0
    0.993679348     0.761657055 1 0.0 1.0
    0.021711981     6.628785422 1 0.0 1.0
    4.939974300     3.620310094 1 0.0 1.0
    4.979643911     5.581824589 1 0.0 1.0
    1.404611519     6.268857400 1 0.0 1.0
    4.879306760     3.738304749 1 0.0 1.0
    0.244916337     6.488351348 1 0.0 1.0
    1.513843362     5.649341831 1 0.0 1.0
    3.574726877     2.856306474 1 0.0 1.0
    5.450154305     4.347760470 1 0.0 1.0
    2.110526919     3.072248291 1 0.0 1.0
    0.846880884     2.869065118 1 0.0 1.0
    3.179149948     0.221236867 1 0.0 1.0
    5.449663967     0.508024251 1 0.0 1.0
    5.427939700     4.914699771 1 0.0 1.0
    2.083694434     5.271965763 1 0.0 1.0
    0.328973930     3.086702267 1 0.0 1.0
    1.430511863     5.486561910 1 0.0 1.0
    4.184432220     3.593418886 1 0.0 1.0
    4.799091810     1.278892183 1 0.0 1.0
    2.920759779     5.133618913 1 0.0 1.0
    3.457255257     1.473773043 1 0.0 1.0
    2.920866719     1.670187538 1 0.0 1.0
    5.995113566     6.581092848 1 0.0 1.0
    6.887579678     5.538182895 1 0.0 1.0
    5.722270007     6.106844690 1 0.0 1.0
    6.208584747     6.442353440 1 0.0 1.0
    5.129883689     3.588390196 1 0.0 1.0
    2.788626242     1.323767272 1 0.0 1.0
    2.354078504     4.041314400 1 0.0 1.0
    2.989366326     3.086546174 1 0.0 1.0
    0.640901192     1.562719278 1 0.0 1.0
    6.374046878     1.024379479 1 0.0 1.0
    1.720543970     4.970672568 1 0.0 1.0
    0.159495606     0.250247173 1 0.0 1.0
    6.512506280     5.080919424 1 0.0 1.0
    1.393016145     3.255073630 1 0.0 1.0
    2.409091355     5.742916641 1 0.0 1.0
    6.974497433     5.083451681 1 0.0 1.0
    5.313203489     3.924168861 1 0.0 1.0
    1.889857375     2.935227966 1 0.0 1.0
    5.812021958     3.909088729 1 0.0 1.0
    3.537602558     4.333698599 1 0.0 1.0
    1.835586368     5.673637248 1 0.0 1.0
    3.501084422     2.105770271 1 0.0 1.0
    2.295103250     5.945285912 1 0.0 1.0
    1.869225526     2.267112141 1 0.0 1.0
    6.541585114     3.261362899 1 0.0 1.0
    4.688682674     5.057758734 1 0.0 1.0
    1.950854671     0.419043651 1 0.0 1.0
    6.473418479     6.797527028 1 0.0 1.0
    4.561987990     2.361302170 1 0.0 1.0
    3.378328534     1.036689775 1 0.0 1.0
    2.154734730     5.632083249 1 0.0 1.0
    1.568941004     6.287987959 1 0.0 1.0
    3.934839356     3.741145110 1 0.0 1.0
    3.083834961     2.549896816 1 0.0 1.0
    6.324621147     3.079357600 1 0.0 1.0
    0.470373293     3.549944803 1 0.0 1.0
    2.016416992     4.007572994 1 0.0 1.0
    3.391147068     5.540749006 1 0.0 1.0
    3.087172831     3.893363981 1 0.0 1.0
    1.665623175     5.994943806 1 0.0 1.0
    5.603625515     6.650509682 1 0.0 1.0
    5.547425395     6.895136360 1 0.0 1.0
    1.014444637     3.949819055 1 0.0 1.0
    3.637215868     4.984674594 1 0.0 1.0
    3.882923534     2.882504169 1 0.0 1.0
    5.583761243     3.666850490 1 0.0 1.0
    4.128516388     6.642660761 1 0.0 1.0
    2.395747852     0.109355868 1 0.0 1.0
    2.869575459     2.260841604 1 0.0 1.0
    4.546332274     6.277768631 1 0.0 1.0
    0.401517076     5.950135483 1 0.0 1.0
    2.148336296     4.913021030 1 0.0 1.0
    2.917829747     2.141946449 1 0.0 1.0
    0.830800428     2.706652106 1 0.0 1.0
    5.153555213     4.572447883 1 0.0 1.0
    5.130455850     2.041028068 1 0.0 1.0
    6.404915361     0.404789891 1 0.0 1.0
    3.078019798     2.315408128 1 0.0 1.0
    6.939883010     4.035850731 1 0.0 1.0
    5.108424431     6.610757042 1 0.0 1.0
    4.451862241     2.557291007 1 0.0 1.0
    4.791575703     3.163330951 1 0.0 1.0
    5.366437216     3.432189200 1 0.0 1.0
    4.894552886     1.077071740 1 0.0 1.0
    2.105143692     3.614199833 1 0.0 1.0
    5.042006654     3.383668403 1 0.0 1.0
    3.652249855     6.600787684 1 0.0 1.0
    0.943468680     5.175511900 1 0.0 1.0
    6.968314142     3.323133663 1 0.0 1.0
    5.194652352     4.370032089 1 0.0 1.0
    1.495244874     6.606055800 1 0.0 1.0
    1.890918279     5.214454839 1 0.0 1.0
    4.344244362     4.997403445 1 0.0 1.0
    4.183629389     3.049959806 1 0.0 1.0
    1.330397083     4.645625809 1 0.0 1.0
    3.373229147     3.347890829 1 0.0 1.0
    6.917136377     6.987126565 1 0.0 1.0
    5.365607463     6.271066666 1 0.0 1.0
    6.696116008     1.401137326 1 0.0 1.0
    2.375571574     4.552102673 1 0.0 1.0
    4.703972517     1.379019986 1 0.0 1.0
    3.420905784     0.545484786 1 0.0 1.0
    0.145169919     3.649689277 1 0.0 1.0
    2.253101845     4.896330335 1 0.0 1.0
    5.769351047     1.880461762 1 0.0 1.0
    3.779642719     1.950285054 1 0.0 1.0
    0.849595501     0.532694850 1 0.0 1.0
    3.742434996     5.186133848 1 0.0 1.0
    3.626809924     0.058540787 1 0.0 1.0
    3.825356894     1.600953365 1 0.0 1.0
    5.367777369     4.192630472 1 0.0 1.0
    3.616071989     1.182286690 1 0.0 1.0
    4.661103145     3.619141361 1 0.0 1.0
    1.653208915     4.205070637 1 0.0 1.0
    2.292083593     6.390534138 1 0.0 1.0
    0.468482027     1.386795834 1 0.0 1.0
    5.873190833     5.452792929 1 0.0 1.0
    2.122099994     3.687867035 1 0.0 1.0
    1.441446957     3.177876810 1 0.0 1.0
    0.459035636     0.086526272 1 0.0 1.0
    0.581324226     2.192164704 1 0.0 1.0
    2.428735512     6.496217564 1 0.0 1.0
    6.581227837     5.145093169 1 0.0 1.0
    1.777208043     3.295530488 1 0.0 1.0
    6.173538175     2.485911425 1 0.0 1.0
    6.643438383     6.367492162 1 0.0 1.0
    1.263172578     4.163822412 1 0.0 1.0
    3.602933698     0.192991740 1 0.0 1.0
    2.949399916     0.895029689 1 0.0 1.0
    6.662280212     4.431268645 1 0.0 1.0
    2.647592280     1.950566054 1 0.0 1.0
    2.840568756     1.031742491 1 0.0 1.0
    0.711444355     0.101327720 1 0.0 1.0
    6.557236417     5.812542803 1 0.0 1.0
    5.137649488     2.782837340 1 0.0 1.0
    4.652711019     5.522648803 1 0.0 1.0
    5.358909898     5.802699149 1 0.0 1.0
    2.197703789     5.213468226 1 0.0 1.0
    2.480144509     4.731144731 1 0.0 1.0
    1.058146177     1.111489077 1 0.0 1.0
    2.950165528     3.203288947 1 0.0 1.0
    5.465196706     1.069636514 1 0.0 1.0
    0.978726507     5.088656217 1 0.0 1.0
    6.909086634     3.603922308 1 0.0 1.0
    1.799944385     5.020247489 1 0.0 1.0
    6.431246630     2.513463544 1 0.0 1.0
    1.545091796     6.683387727 1 0.0 1.0
    3.279299401     6.750314175 1 0.0 1.0
    3.737503967     6.647216310 1 0.0 1.0
    3.605860582     2.266854406 1 0.0 1.0
    6.954727954     1.166565156 1 0.0 1.0
    0.336029295     6.090635962 1 0.0 1.0
    1.973269527     3.600174572 1 0.0 1.0
    5.820727757     0.769212169 1 0.0 1.0
    0.880168753     4.265585992 1 0.0 1.0
    0.766909113     0.469032480 1 0.0 1.0
    3.368257777     4.175295330 1 0.0 1.0
    1.312350314     6.575535488 1 0.0 1.0
    5.006115790     0.754679364 1 0.0 1.0
    2.604036255     1.338537918 1 0.0 1.0
    2.975034267     6.697683692 1 0.0 1.0
    5.944759385     6.955335939 1 0.0 1.0
    4.744105505     4.133828569 1 0.0 1.0
    0.626964002     6.475542022 1 0.0 1.0
    0.047111009     5.394449145 1 0.0 1.0
    0.019714792     3.830422912 1 0.0 1.0
    5.140877434     1.396725255 1 0.0 1.0
    2.827876343     3.861351084 1 0.0 1.0
    3.692005288     4.439504747 1 0.0 1.0
    6.141768144     1.654300967 1 0.0 1.0
    3.769922666     5.898558161 1 0.0 1.0
    4.280586345     5.175945719 1 0.0 1.0
    1.801058412     3.538176639 1 0.0 1.0
    1.821853401     6.830733630 1 0.0 1.0
    2.558351099     6.420364373 1 0.0 1.0
    5.606281015     4.187727658 1 0.0 1.0
    3.136731817     5.895467261 1 0.0 1.0
    2.646796147     1.983887796 1 0.0 1.0
    4.495930819     5.104917615 1 0.0 1.0
    1.276673730     0.032409647 1 0.0 1.0
    3.733736872     6.693470577 1 0.0 1.0
    1.603634565     3.163923870 1 0.0 1.0
    2.765151821     2.779037998 1 0.0 1.0
    4.355421889     3.033823053 1 0.0 1.0
    0.358273461     4.270591315 1 0.0 1.0
    3.854403249     1.152598191 1 0.0 1.0
    0.192374761     3.291792794 1 0.0 1.0
    1.569851453     0.264646096 1 0.0 1.0
    0.271161161     3.269817398 1 0.0 1.0
    5.481356348     1.272968889 1 0.0 1.0
    3.182645129     6.839574992 1 0.0 1.0
    2.742647162     2.626982201 1 0.0 1.0
    2.393344104     4.055367955 1 0.0 1.0
    1.876679218     3.792719149 1 0.0 1.0
    1.871301058     2.766763156 1 0.0 1.0
    5.234798681     2.128634262 1 0.0 1.0
    4.183975425     2.525011947 1 0.0 1.0
    6.824925705     5.151430607 1 0.0 1.0
    1.088883656     4.831383884 1 0.0 1.0
    3.198444574     1.161146234 1 0.0 1.0
    6.738111911     0.886842067 1 0.0 1.0
    2.330762269     4.730243635 1 0.0 1.0
    5.883147582     0.368631482 1 0.0 1.0
    0.528070011     3.453289050 1 0.0 1.0
    5.472245040     3.361759570 1 0.0 1.0
    4.010942797     4.710022260 1 0.0 1.0
    3.863740943     4.035901857 1 0.0 1.0
    5.583917757     0.545647621 1 0.0 1.0
    2.120890321     1.282247989 1 0.0 1.0
    0.944067230     5.390227739 1 0.0 1.0
    5.709227026     3.417965004 1 0.0 1.0
    3.605556413     6.293863590 1 0.0 1.0
    1.203020308     2.039973967 1 0.0 1.0
    0.055652887     2.335734572 1 0.0 1.0
    0.757984016     0.297226621 1 0.0 1.0
    6.860257460     1.988449206 1 0.0 1.0
    3.565078942     2.598536734 1 0.0 1.0
    0.991668002     4.186886538 1 0.0 1.0
    5.725886719     4.474716923 1 0.0 1.0
    0.942382721     5.158189142 1 0.0 1.0
    3.112930820     6.343369616 1 0.0 1.0
    2.764181255     5.129416309 1 0.0 1.0
    6.128431502     6.339412894 1 0.0 1.0
    3.981840324     0.321721317 1 0.0 1.0
    2.257033305     5.859637591 1 0.0 1.0
    0.772789623     2.608807445 1 0.0 1.0
    2.533171351     0.325299744 1 0.0 1.0
    3.651782907     0.947204436 1 0.0 1.0
    4.061543672     5.119915222 1 0.0 1.0
    0.162440196     3.625656095 1 0.0 1.0
    5.359087875     0.562069560 1 0.0 1.0
    5.905997148     4.833568824 1 0.0 1.0
    3.478698329     6.336293415 1 0.0 1.0
    3.157277743     1.956473507 1 0.0 1.0
    3.491569389     5.571423600 1 0.0 1.0
    6.254319915     3.338810324 1 0.0 1.0
    6.061434032     1.477984680 1 0.0 1.0
    4.264996469     1.889228594 1 0.0 1.0
    5.647782297     5.983457658 1 0.0 1.0
    6.595192685     6.191660367 1 0.0 1.0
    0.629235149     0.846903059 1 0.0 1.0
    4.807701589     3.119865627 1 0.0 1.0
    5.385780154     3.706314305 1 0.0 1.0
    3.763631821     5.157886543 1 0.0 1.0
    4.950625163     0.113911970 1 0.0 1.0
    6.151214453     2.669124901 1 0.0 1.0
    6.012787779     5.908676796 1 0.0 1.0
    0.466869480     0.024631174 1 0.0 1.0
    3.297624323     3.836477583 1 0.0 1.0
    2.825869548     2.571877681 1 0.0 1.0
    5.763784088     4.575910999 1 0.0 1.0
    0.248124611     5.259039964 1 0.0 1.0
    2.492021709     3.126772664 1 0.0 1.0
    1.385666952     0.933676090 1 0.0 1.0
    0.744416617     0.583025887 1 0.0 1.0
    2.627346097     3.706194654 1 0.0 1.0
    5.871044817     3.375643924 1 0.0 1.0
    3.801933711     4.922270471 1 0.0 1.0
    4.914988335     2.676759471 1 0.0 1.0
    1.506276904     2.269507919 1 0.0 1.0
    2.247220851     6.856476496 1 0.0 1.0
    0.381990108     4.799024298 1 0.0 1.0
    0.471850577     5.973985757 1 0.0 1.0
    2.692791571     2.492371103 1 0.0 1.0
    1.280734801     6.093324674 1 0.0 1.0
    6.085593276     3.734268207 1 0.0 1.0
    3.627506115     5.931759970 1 0.0 1.0
    2.540804778     6.078082339 1 0.0 1.0
    1.836582340     1.865272927 1 0.0 1.0
    4.676180697     1.729480430 1 0.0 1.0
    1.935285953     1.369684865 1 0.0 1.0
    3.101457520     2.309251332 1 0.0 1.0
    1.974784621     4.864043204 1 0.0 1.0
    1.140661540     4.716924720 1 0.0 1.0
    3.060102721     2.111180241 1 0.0 1.0
    6.991520575     2.642007001 1 0.0 1.0
    2.937728462     2.764290326 1 0.0 1.0
    2.026767515     1.626434441 1 0.0 1.0
    6.878499363     4.918772814 1 0.0 1.0
    5.120108229     0.945383859 1 0.0 1.0
    0.943572514     0.094172709 1 0.0 1.0
    2.887696849     1.308726294 1 0.0 1.0
    0.707517209     5.084384882 1 0.0 1.0
    2.127151130     5.488747667 1 0.0 1.0
    5.808883797     2.030951387 1 0.0 1.0
    5.220668493     6.782696056 1 0.0 1.0
    6.826691937     4.712439142 1 0.0 1.0
    4.388347265     4.014936860 1 0.0 1.0
