  0.354399   0.309076   0.289725   0.279486   0.273837   0.271149   0.270182   0.270603   0.272068   0.274180   0.277122   0.279810   0.283363   0.287540   0.292291   0.297542   0.303342   0.309458   0.315838   0.322525   0.329405   0.336486   0.343836   0.351446   0.359201   0.367108   0.375206   0.383435   0.391818   0.400303   0.409089   0.418053   0.427241   0.436504   0.445850   0.455253   0.464825   0.474572   0.484700   0.495196   0.506284   0.517896   0.530198   0.543588   0.558521   0.575022   0.594076   0.616267   0.652990   0.757684 
  0.354888   0.275730   0.227874   0.187941   0.156141   0.135888   0.120368   0.108015   0.097816   0.089534   0.083096   0.080019   0.076831   0.069661   0.063473   0.060180   0.058050   0.056543   0.055847   0.056053   0.056704   0.057895   0.059391   0.061247   0.063808   0.066825   0.070230   0.073948   0.077931   0.082272   0.087062   0.092151   0.097742   0.104206   0.111310   0.118729   0.126679   0.135584   0.144938   0.154693   0.165330   0.178183   0.192796   0.211683   0.236942   0.271633   0.323050   0.398976   0.524656   0.771876 
  0.407211   0.266407   0.215061   0.167186   0.126148   0.087126   0.051791   0.022260  -0.000428  -0.018102  -0.032425  -0.043168  -0.051035  -0.063275  -0.074753  -0.085008  -0.095440  -0.104193  -0.110642  -0.115721  -0.119816  -0.123057  -0.125591  -0.127009  -0.127592  -0.127400  -0.126733  -0.125552  -0.123677  -0.120984  -0.117919  -0.114190  -0.109765  -0.104682  -0.098401  -0.091075  -0.083065  -0.074255  -0.063497  -0.050596  -0.034523  -0.014083   0.010545   0.044154   0.087374   0.145692   0.226997   0.343130   0.524701   0.816850 
  0.478868   0.278136   0.211834   0.165946   0.119100   0.076861   0.036471  -0.002607  -0.039536  -0.073542  -0.102280  -0.124507  -0.140040  -0.158748  -0.177178  -0.193841  -0.207959  -0.218746  -0.228499  -0.239145  -0.248985  -0.256442  -0.262798  -0.267705  -0.271247  -0.274007  -0.275985  -0.277048  -0.277444  -0.276641  -0.274842  -0.272035  -0.268300  -0.263207  -0.256520  -0.248167  -0.237752  -0.224950  -0.209885  -0.190595  -0.166596  -0.135689  -0.097411  -0.048549   0.011046   0.088599   0.196527   0.347156   0.559512   0.864973 
  0.558137   0.314529   0.227425   0.173962   0.128853   0.081096   0.037272  -0.004456  -0.044738  -0.084055  -0.120675  -0.155218  -0.185601  -0.217123  -0.246367  -0.271912  -0.293223  -0.311262  -0.325119  -0.336449  -0.346875  -0.356219  -0.365727  -0.374764  -0.382007  -0.387699  -0.392529  -0.395650  -0.397516  -0.397998  -0.396703  -0.393884  -0.389347  -0.383025  -0.374943  -0.364816  -0.350936  -0.332971  -0.308615  -0.279310  -0.245081  -0.203973  -0.154628  -0.094833  -0.022313   0.074877   0.206164   0.376750   0.609111   0.915864 
  0.640295   0.379135   0.264038   0.203206   0.151656   0.105496   0.057681   0.011335  -0.032256  -0.074254  -0.115479  -0.155952  -0.190292  -0.228178  -0.268478  -0.305786  -0.338628  -0.367267  -0.391410  -0.410582  -0.425612  -0.438549  -0.449856  -0.459299  -0.467284  -0.474094  -0.479767  -0.484321  -0.486401  -0.487008  -0.485577  -0.482475  -0.477244  -0.469031  -0.457317  -0.441576  -0.421712  -0.397002  -0.365861  -0.328877  -0.286255  -0.237653  -0.179733  -0.111152  -0.022376   0.091669   0.235413   0.422026   0.661653   0.968723 
  0.722644   0.453110   0.318222   0.251331   0.198044   0.144982   0.097816   0.050120   0.002604  -0.041985  -0.086604  -0.126592  -0.165528  -0.207587  -0.252578  -0.296320  -0.337351  -0.374999  -0.409514  -0.439858  -0.464269  -0.483781  -0.499532  -0.512088  -0.522112  -0.530056  -0.535761  -0.539414  -0.541704  -0.542812  -0.540393  -0.535361  -0.527469  -0.516318  -0.501337  -0.482533  -0.458642  -0.429181  -0.393654  -0.351583  -0.304102  -0.249840  -0.183729  -0.102002   0.000188   0.125739   0.276776   0.472810   0.712842   1.023047 
  0.804811   0.533954   0.390526   0.314704   0.259393   0.205452   0.155130   0.107955   0.059296   0.012915  -0.030747  -0.073403  -0.113225  -0.155580  -0.203121  -0.249672  -0.293784  -0.334756  -0.373960  -0.409825  -0.440808  -0.468203  -0.490450  -0.509513  -0.525351  -0.538129  -0.547326  -0.552300  -0.555855  -0.556756  -0.554788  -0.550152  -0.542508  -0.531673  -0.516615  -0.496726  -0.470893  -0.439622  -0.401803  -0.356263  -0.303976  -0.242646  -0.165174  -0.074189   0.037942   0.166299   0.327134   0.528623   0.764476   1.078505 
  0.886980   0.622187   0.477543   0.387946   0.335647   0.282471   0.228692   0.180638   0.137377   0.093810   0.046793   0.003317  -0.038258  -0.080818  -0.126768  -0.172929  -0.217312  -0.258910  -0.298994  -0.335122  -0.367284  -0.398120  -0.427457  -0.453951  -0.476257  -0.493988  -0.508358  -0.518358  -0.524702  -0.528296  -0.529165  -0.527167  -0.522404  -0.514370  -0.501271  -0.482127  -0.457080  -0.425694  -0.385961  -0.337787  -0.279448  -0.209364  -0.127043  -0.028358   0.086021   0.216723   0.383034   0.588277   0.818849   1.134897 
  0.969972   0.714427   0.573465   0.476159   0.423557   0.368473   0.317630   0.270583   0.228659   0.185796   0.141366   0.095157   0.051139   0.009139  -0.037410  -0.083654  -0.126442  -0.167364  -0.206720  -0.242559  -0.276521  -0.309612  -0.341071  -0.370931  -0.398628  -0.421671  -0.440126  -0.454821  -0.465407  -0.472916  -0.476865  -0.477727  -0.475020  -0.469159  -0.458389  -0.441675  -0.418556  -0.388543  -0.348621  -0.297404  -0.233760  -0.159047  -0.073389   0.027068   0.139344   0.273065   0.442620   0.646241   0.875728   1.192007 
  1.053069   0.808435   0.675000   0.576616   0.514092   0.466410   0.419259   0.373302   0.330671   0.287838   0.243368   0.197789   0.150711   0.105595   0.057538   0.010282  -0.033947  -0.075092  -0.113515  -0.148580  -0.182897  -0.216465  -0.248743  -0.280430  -0.310308  -0.337449  -0.359368  -0.376117  -0.389533  -0.399625  -0.406772  -0.409953  -0.410357  -0.406674  -0.397954  -0.382381  -0.359526  -0.327982  -0.285898  -0.232475  -0.168848  -0.092594  -0.006611   0.089347   0.198470   0.332944   0.503817   0.703390   0.932910   1.249599 
  1.136236   0.903000   0.778782   0.687368   0.623562   0.574193   0.528887   0.483331   0.438850   0.395362   0.350173   0.303780   0.256839   0.208441   0.156204   0.106978   0.061746   0.020078  -0.017425  -0.053315  -0.087944  -0.121667  -0.154031  -0.185711  -0.216403  -0.245576  -0.269237  -0.288268  -0.303249  -0.315047  -0.323456  -0.328250  -0.331009  -0.329217  -0.321830  -0.308343  -0.286000  -0.253185  -0.209889  -0.156845  -0.092283  -0.015640   0.068117   0.159517   0.266562   0.400719   0.570699   0.762479   0.991233   1.307537 
  1.219429   0.998076   0.886793   0.804436   0.743457   0.692909   0.644659   0.596998   0.551155   0.505319   0.459749   0.412124   0.363701   0.313796   0.259784   0.207255   0.159875   0.118527   0.081063   0.044136   0.008673  -0.025448  -0.057921  -0.089145  -0.119577  -0.149807  -0.176689  -0.197749  -0.213738  -0.225946  -0.235230  -0.241609  -0.242904  -0.240998  -0.234069  -0.220667  -0.198566  -0.166779  -0.125458  -0.074311  -0.009693   0.063226   0.143183   0.231401   0.337266   0.470332   0.636093   0.823332   1.050182   1.365769 
  1.302644   1.093627   0.995707   0.922379   0.865627   0.814503   0.764469   0.715594   0.667322   0.618705   0.571196   0.523484   0.472752   0.420522   0.365230   0.312232   0.263752   0.221666   0.181835   0.143699   0.107042   0.072125   0.039364   0.008523  -0.022474  -0.053273  -0.081816  -0.104564  -0.122486  -0.136209  -0.146679  -0.152690  -0.150644  -0.146575  -0.139028  -0.125893  -0.105073  -0.074860  -0.036251   0.013490   0.075310   0.142825   0.218075   0.303804   0.407001   0.538626   0.701396   0.885596   1.109915   1.424283 
  1.386247   1.189737   1.103595   1.039279   0.985303   0.934295   0.883852   0.834774   0.786637   0.737106   0.685893   0.634671   0.582247   0.528909   0.473455   0.420040   0.371530   0.327930   0.286532   0.246409   0.209029   0.172710   0.138583   0.106494   0.075621   0.044688   0.016207  -0.008435  -0.028593  -0.044939  -0.055844  -0.062019  -0.057008  -0.049634  -0.040984  -0.028163  -0.008127   0.019349   0.055934   0.104088   0.160492   0.223309   0.295265   0.378112   0.479498   0.608035   0.767035   0.949260   1.170370   1.482994 
  1.470100   1.286231   1.211343   1.154024   1.102517   1.051873   1.001719   0.952224   0.904201   0.854252   0.801571   0.746166   0.690445   0.636859   0.582616   0.530130   0.482734   0.437340   0.393184   0.351331   0.312057   0.274489   0.239261   0.206782   0.175498   0.145119   0.116464   0.091362   0.069060   0.050098   0.037149   0.030506   0.036061   0.045603   0.054439   0.067937   0.086977   0.113555   0.148439   0.192818   0.244174   0.304264   0.373961   0.453576   0.553919   0.679672   0.834353   1.014513   1.231894   1.542008 
  1.554060   1.382553   1.317493   1.265677   1.217545   1.167094   1.116877   1.067127   1.018183   0.968010   0.914869   0.858367   0.800237   0.745137   0.691595   0.641176   0.594124   0.547992   0.502713   0.459310   0.418173   0.378792   0.341702   0.308119   0.276627   0.246632   0.218014   0.192007   0.168224   0.149113   0.135554   0.127494   0.129304   0.140395   0.149248   0.161272   0.179148   0.204061   0.236638   0.277828   0.327224   0.386507   0.453914   0.531681   0.630703   0.752870   0.902621   1.080661   1.294411   1.601397 
  1.638158   1.478745   1.422029   1.375936   1.329736   1.280267   1.229790   1.179583   1.129369   1.078372   1.024997   0.968499   0.910805   0.854903   0.802121   0.752639   0.705549   0.658783   0.613213   0.568558   0.525960   0.485337   0.446410   0.411977   0.379892   0.349936   0.322132   0.294385   0.270436   0.250053   0.235458   0.227545   0.225869   0.234898   0.242598   0.253667   0.269597   0.292048   0.322335   0.359780   0.407668   0.466379   0.533057   0.611208   0.707811   0.826951   0.972174   1.147164   1.357554   1.661164 
  1.722253   1.575357   1.525903   1.484132   1.439262   1.391179   1.340035   1.288952   1.238434   1.186852   1.133694   1.077232   1.020203   0.964720   0.913382   0.865009   0.817443   0.770492   0.724076   0.678862   0.634986   0.593196   0.553630   0.518050   0.485207   0.454515   0.425111   0.398007   0.373139   0.352678   0.337940   0.328745   0.326251   0.329579   0.336466   0.345554   0.359157   0.379087   0.406067   0.441420   0.488229   0.545371   0.611227   0.689566   0.784073   0.900188   1.041613   1.213719   1.421117   1.721046 
  1.806594   1.670864   1.628008   1.590306   1.547365   1.499603   1.448212   1.396907   1.346033   1.294244   1.241014   1.185215   1.129266   1.075194   1.025731   0.977803   0.929579   0.882007   0.835269   0.789485   0.745533   0.702948   0.663529   0.626970   0.593255   0.561003   0.529702   0.502277   0.476735   0.457245   0.442740   0.432185   0.426932   0.425835   0.430188   0.436927   0.448106   0.466035   0.490402   0.524095   0.569951   0.625888   0.691028   0.768634   0.860433   0.972959   1.111565   1.280495   1.484986   1.781152 
  1.891076   1.765186   1.728916   1.694463   1.653272   1.606176   1.555246   1.504099   1.453195   1.401313   1.347646   1.292670   1.237943   1.185326   1.137163   1.089114   1.040903   0.993156   0.946471   0.901522   0.857094   0.814177   0.774880   0.737688   0.702794   0.668619   0.637500   0.609446   0.585206   0.565520   0.550475   0.537590   0.528981   0.524655   0.524921   0.529045   0.538587   0.553762   0.576582   0.608976   0.653351   0.707890   0.772377   0.848439   0.937398   1.046302   1.181606   1.347267   1.549256   1.841469 
  1.975353   1.859117   1.828821   1.796796   1.757230   1.710632   1.661410   1.610650   1.559741   1.507309   1.453269   1.399072   1.345697   1.294598   1.246532   1.198445   1.150671   1.103276   1.056869   1.012134   0.968621   0.926772   0.887329   0.849565   0.813025   0.779022   0.748045   0.719845   0.696360   0.676814   0.659577   0.644629   0.633536   0.626098   0.622364   0.623667   0.630932   0.643949   0.664995   0.696335   0.738622   0.791634   0.854997   0.928655   1.014777   1.120049   1.252056   1.414413   1.613926   1.902309 
  2.059744   1.953485   1.928218   1.898058   1.859712   1.813746   1.764905   1.714844   1.664414   1.611616   1.557605   1.504159   1.452191   1.402586   1.354438   1.306114   1.258245   1.211770   1.166623   1.123043   1.080789   1.040374   1.000875   0.961982   0.925331   0.891891   0.860155   0.832885   0.809872   0.788882   0.769529   0.753418   0.740780   0.730282   0.723351   0.720905   0.725325   0.736751   0.756101   0.785640   0.825936   0.876984   0.938923   1.009812   1.093160   1.194719   1.322915   1.482000   1.678980   1.963332 
  2.144470   2.047825   2.026601   1.998009   1.960198   1.914658   1.866284   1.816070   1.766012   1.713447   1.659655   1.606902   1.556549   1.508320   1.459918   1.411805   1.364630   1.319380   1.276292   1.234294   1.193124   1.153303   1.113077   1.074421   1.038454   1.005328   0.974518   0.947587   0.923770   0.901558   0.881000   0.863751   0.849296   0.836337   0.826484   0.821437   0.822585   0.831869   0.849738   0.877360   0.914895   0.963365   1.023231   1.091753   1.172760   1.270364   1.394326   1.549646   1.744028   2.024406 
  2.229530   2.141535   2.123533   2.096757   2.059637   2.014186   1.966284   1.915983   1.865933   1.813425   1.759902   1.708090   1.659090   1.610916   1.562553   1.515028   1.469662   1.426487   1.384748   1.344434   1.304157   1.264821   1.224774   1.187202   1.151441   1.119621   1.090474   1.063122   1.037822   1.015018   0.994136   0.975593   0.958623   0.943772   0.931699   0.924388   0.922321   0.929099   0.945447   0.970529   1.004986   1.050877   1.108264   1.174702   1.253003   1.346707   1.466109   1.617659   1.809238   2.085629 
  2.314493   2.234845   2.219921   2.194496   2.157957   2.112849   2.064694   2.014104   1.963782   1.910982   1.858366   1.807519   1.758988   1.710389   1.662590   1.616429   1.573774   1.532894   1.492653   1.453111   1.413716   1.373902   1.336230   1.299628   1.265376   1.234717   1.206014   1.178578   1.153410   1.129899   1.107902   1.087826   1.069295   1.052688   1.038833   1.029076   1.025542   1.029128   1.043051   1.064588   1.096172   1.139300   1.193977   1.258468   1.333803   1.423808   1.538484   1.686194   1.875023   2.147027 
  2.399327   2.328069   2.315813   2.291528   2.254840   2.209894   2.161524   2.110823   2.059342   2.006940   1.955356   1.905106   1.856492   1.808065   1.761481   1.717537   1.677378   1.638028   1.599379   1.561260   1.521881   1.482875   1.446343   1.412296   1.380180   1.349890   1.320872   1.294698   1.270123   1.245893   1.223086   1.201274   1.181296   1.163534   1.148398   1.136876   1.130966   1.131484   1.141653   1.160689   1.189395   1.229107   1.280769   1.342803   1.415255   1.501706   1.611595   1.755229   1.941136   2.208560 
  2.484471   2.421052   2.411341   2.387414   2.350282   2.305886   2.257276   2.205824   2.153557   2.101931   2.051164   2.001750   1.952715   1.905474   1.860320   1.819432   1.780132   1.742018   1.704451   1.667199   1.629820   1.592517   1.558176   1.526620   1.495135   1.464730   1.437152   1.411843   1.387242   1.363000   1.339122   1.316420   1.295568   1.277065   1.260090   1.247006   1.238121   1.236674   1.242990   1.259046   1.284284   1.320755   1.368800   1.427807   1.497317   1.580704   1.685556   1.824908   2.007421   2.270171 
  2.570195   2.514245   2.506405   2.482146   2.445289   2.400735   2.351527   2.299689   2.246832   2.196229   2.146553   2.097496   2.048816   2.002437   1.959916   1.920992   1.882596   1.845127   1.807874   1.772231   1.737574   1.703603   1.672717   1.641573   1.610324   1.581237   1.554665   1.530139   1.505237   1.480843   1.455875   1.432955   1.411782   1.392287   1.374209   1.358803   1.348317   1.343927   1.347405   1.359541   1.381369   1.413917   1.458069   1.513580   1.580243   1.660780   1.760894   1.895199   2.073966   2.331943 
  2.656100   2.607152   2.600922   2.576182   2.538664   2.493895   2.445067   2.392721   2.339936   2.290171   2.241531   2.192721   2.144735   2.099703   2.060066   2.021926   1.984177   1.947211   1.911460   1.877925   1.845799   1.816237   1.786622   1.756744   1.727604   1.699851   1.673906   1.649594   1.625320   1.599958   1.574781   1.551626   1.530211   1.509495   1.490190   1.473523   1.460963   1.453706   1.454094   1.462573   1.480909   1.508880   1.548629   1.600456   1.664359   1.741777   1.837347   1.966233   2.140887   2.393872 
  2.742348   2.699973   2.694631   2.669375   2.631210   2.586057   2.537059   2.485418   2.433278   2.383522   2.335411   2.287487   2.241201   2.199138   2.160361   2.122095   2.085341   2.049592   2.016153   1.984464   1.956141   1.928500   1.900158   1.872682   1.845663   1.819136   1.794148   1.769904   1.746241   1.721466   1.695989   1.672322   1.649813   1.628350   1.608107   1.590399   1.575981   1.566438   1.563198   1.568105   1.582244   1.605710   1.640992   1.688753   1.749479   1.823782   1.914745   2.037928   2.208217   2.455988 
  2.828952   2.792841   2.788217   2.762280   2.723464   2.677467   2.627705   2.576435   2.526417   2.477163   2.429379   2.382369   2.338441   2.298955   2.259704   2.222442   2.186607   2.153191   2.121470   2.092843   2.066039   2.039998   2.014624   1.989152   1.963465   1.938304   1.914482   1.891126   1.867797   1.843921   1.819265   1.794672   1.771156   1.748960   1.727947   1.709028   1.693143   1.681352   1.675034   1.676094   1.686159   1.705025   1.735382   1.778795   1.835691   1.906879   1.993314   2.110635   2.275929   2.518235 
  2.916049   2.885991   2.881507   2.854358   2.814969   2.767862   2.717499   2.666798   2.617998   2.570371   2.524165   2.478674   2.436575   2.397136   2.359362   2.323409   2.289704   2.257963   2.228956   2.201946   2.176255   2.151836   2.127923   2.104336   2.081157   2.057682   2.034942   2.012472   1.990051   1.966707   1.942545   1.918132   1.893993   1.871996   1.850538   1.830378   1.812718   1.798465   1.789414   1.786530   1.792267   1.806817   1.832076   1.870808   1.923381   1.991084   2.073223   2.184307   2.344079   2.580621 
  3.003557   2.978754   2.973928   2.945919   2.905428   2.857592   2.806735   2.756556   2.708885   2.662840   2.618903   2.575158   2.533923   2.496011   2.459778   2.425851   2.394270   2.365312   2.337715   2.311495   2.287067   2.263618   2.241178   2.219485   2.198228   2.176643   2.155764   2.134286   2.112432   2.089703   2.065727   2.041704   2.018126   1.996267   1.975257   1.954767   1.935364   1.918554   1.906300   1.900187   1.901052   1.911244   1.931695   1.965052   2.012922   2.076359   2.154381   2.259100   2.412797   2.643284 
  3.091509   3.072105   3.066752   3.036852   2.995211   2.946378   2.895447   2.846489   2.799591   2.755101   2.712666   2.671108   2.631883   2.595406   2.561206   2.530075   2.501314   2.473782   2.447447   2.422515   2.398684   2.376304   2.354916   2.334524   2.314500   2.294879   2.275212   2.255372   2.234649   2.212286   2.189152   2.165733   2.143251   2.121995   2.100934   2.080604   2.060428   2.041270   2.026086   2.016606   2.013275   2.018873   2.034178   2.061872   2.104367   2.162805   2.236587   2.335199   2.482308   2.706236 
  3.179676   3.165587   3.158410   3.126946   3.083908   3.034119   2.983945   2.936295   2.890658   2.847496   2.805766   2.766766   2.730505   2.696280   2.664937   2.635875   2.608758   2.583206   2.558560   2.534234   2.511623   2.490192   2.469793   2.450287   2.431267   2.413140   2.394917   2.375655   2.355787   2.335094   2.312969   2.290894   2.269026   2.247766   2.227230   2.206832   2.186899   2.166859   2.148904   2.135856   2.128908   2.129704   2.139910   2.161825   2.198516   2.250823   2.320192   2.412781   2.552453   2.769566 
  3.268328   3.258963   3.249280   3.216233   3.171645   3.121700   3.073102   3.026532   2.982234   2.939681   2.900084   2.863627   2.829546   2.798292   2.769724   2.742978   2.717387   2.693207   2.670336   2.647598   2.626076   2.605728   2.586337   2.567915   2.549935   2.532399   2.514811   2.496191   2.477236   2.457452   2.436729   2.415851   2.394975   2.374364   2.353712   2.333387   2.313281   2.293772   2.274791   2.258269   2.247403   2.244061   2.249154   2.265058   2.295354   2.340998   2.405560   2.491894   2.623352   2.833287 
  3.357631   3.352384   3.339387   3.304801   3.258781   3.209476   3.162322   3.117086   3.073718   3.033174   2.996117   2.961985   2.930909   2.902218   2.875393   2.850606   2.826953   2.804686   2.783170   2.762646   2.742924   2.724017   2.705682   2.687761   2.670272   2.653092   2.635508   2.617579   2.598895   2.579593   2.559760   2.540343   2.520356   2.500143   2.480330   2.459851   2.440487   2.420908   2.402488   2.384143   2.369542   2.361826   2.361771   2.371749   2.395234   2.433932   2.492490   2.572765   2.695255   2.897367 
  3.447584   3.445286   3.428989   3.392433   3.345248   3.297607   3.251397   3.207005   3.165929   3.128209   3.093861   3.062806   3.034284   3.007635   2.983111   2.959831   2.938318   2.917558   2.898004   2.879685   2.861582   2.843630   2.825989   2.808588   2.791488   2.774400   2.756862   2.739153   2.720788   2.701637   2.682400   2.663540   2.644236   2.625806   2.606876   2.587327   2.567811   2.549110   2.530634   2.513143   2.496460   2.484347   2.479216   2.482717   2.498795   2.530047   2.581257   2.655470   2.768336   2.961900 
  3.538110   3.537775   3.517490   3.478699   3.431334   3.384512   3.339425   3.297473   3.259572   3.225013   3.194267   3.165923   3.139640   3.115480   3.092808   3.071582   3.051713   3.032789   3.014675   2.997169   2.979905   2.962903   2.946217   2.929405   2.912439   2.895671   2.878374   2.860585   2.842656   2.823945   2.805087   2.786398   2.768039   2.750184   2.733089   2.715054   2.695402   2.678072   2.660257   2.642948   2.626281   2.610256   2.599615   2.596713   2.605456   2.629363   2.672631   2.739761   2.843049   3.026954 
  3.629120   3.629635   3.604709   3.563582   3.516540   3.470822   3.428193   3.389531   3.355289   3.324805   3.297018   3.271305   3.247423   3.225327   3.204494   3.185251   3.167154   3.149536   3.132228   3.115303   3.098698   3.082387   3.066027   3.049701   3.033192   3.016332   2.999160   2.981961   2.964761   2.946799   2.928400   2.910077   2.891852   2.874646   2.858283   2.841733   2.824573   2.807074   2.790486   2.772644   2.755295   2.738437   2.723196   2.714949   2.716853   2.732274   2.766938   2.826313   2.919384   3.092608 
  3.720436   3.719637   3.690558   3.646906   3.601206   3.557646   3.518170   3.483664   3.453384   3.426022   3.401058   3.377909   3.356495   3.336505   3.317908   3.300415   3.283516   3.266882   3.250270   3.233896   3.217584   3.201257   3.184760   3.168664   3.152629   3.136208   3.119609   3.102872   3.086142   3.069046   3.051496   3.033931   3.016506   2.999715   2.983637   2.968144   2.952884   2.935178   2.920088   2.903180   2.885182   2.867647   2.850801   2.837572   2.832775   2.839698   2.865170   2.915124   2.998110   3.159060 
  3.811967   3.808358   3.774878   3.729919   3.685804   3.645331   3.610264   3.580149   3.553216   3.528917   3.506763   3.486093   3.466941   3.448963   3.431753   3.415124   3.399111   3.383213   3.367146   3.350828   3.334678   3.318714   3.302924   3.287339   3.271570   3.255543   3.239557   3.223672   3.207982   3.192201   3.175779   3.159122   3.142619   3.126374   3.110604   3.095279   3.080194   3.065050   3.048041   3.034339   3.017273   2.999142   2.981463   2.964790   2.953475   2.952534   2.967822   3.007090   3.079354   3.226294 
  3.903532   3.895822   3.857838   3.813102   3.771739   3.736072   3.706022   3.679719   3.656247   3.634969   3.615335   3.597071   3.579815   3.563346   3.547278   3.531393   3.515624   3.499792   3.484121   3.468457   3.452831   3.437298   3.421864   3.406475   3.391020   3.375872   3.360670   3.345315   3.329943   3.314632   3.299105   3.283400   3.267827   3.252673   3.237756   3.222799   3.207716   3.192699   3.175612   3.161877   3.147929   3.131174   3.113331   3.095875   3.079846   3.071120   3.075713   3.103259   3.163565   3.294395 
  3.995997   3.981925   3.940385   3.897534   3.860841   3.830883   3.805513   3.783114   3.762818   3.744332   3.727170   3.710663   3.694686   3.679017   3.663339   3.647735   3.632319   3.617012   3.601839   3.586805   3.572132   3.557626   3.543238   3.528656   3.513984   3.499376   3.484650   3.469685   3.454622   3.439408   3.424170   3.408659   3.393588   3.378780   3.364127   3.349264   3.333906   3.317887   3.301831   3.287364   3.275770   3.261836   3.245948   3.228393   3.211155   3.195952   3.190742   3.204977   3.251160   3.363686 
  4.088438   4.066506   4.023484   3.984884   3.954694   3.930017   3.908934   3.890063   3.873014   3.856799   3.841065   3.825438   3.809944   3.794830   3.779963   3.765194   3.750484   3.736251   3.722266   3.708277   3.694407   3.680451   3.666345   3.652052   3.637700   3.623278   3.608810   3.594266   3.579572   3.564740   3.549569   3.534442   3.519959   3.505718   3.491697   3.477400   3.463032   3.448690   3.434259   3.419539   3.405546   3.390729   3.376571   3.361585   3.344779   3.327348   3.313137   3.314148   3.342869   3.434856 
  4.180776   4.149104   4.108682   4.077868   4.054128   4.034331   4.017100   4.001270   3.985900   3.970553   3.955523   3.940826   3.926212   3.912245   3.898651   3.885083   3.871565   3.858113   3.844626   3.831096   3.817462   3.803703   3.789823   3.775608   3.761187   3.747566   3.734044   3.720496   3.706899   3.693495   3.680068   3.666539   3.652734   3.638852   3.624890   3.610604   3.595998   3.581350   3.566726   3.552022   3.537120   3.521928   3.506571   3.491536   3.477109   3.461123   3.443621   3.432101   3.441186   3.508726 
  4.270712   4.231990   4.199820   4.177520   4.159740   4.144291   4.129271   4.114472   4.099839   4.085737   4.072324   4.059128   4.046003   4.032853   4.019695   4.006467   3.993134   3.979454   3.966694   3.954080   3.941402   3.928798   3.916157   3.903478   3.890701   3.877655   3.864409   3.851047   3.837732   3.824258   3.810421   3.796440   3.782368   3.768284   3.754180   3.739955   3.725619   3.711172   3.696605   3.681926   3.666966   3.651862   3.636745   3.621656   3.606482   3.591542   3.576492   3.560047   3.550667   3.587765 
  4.356565   4.320605   4.300275   4.285075   4.270637   4.256594   4.243409   4.230460   4.217520   4.204496   4.191273   4.178859   4.166551   4.154404   4.142271   4.129826   4.117219   4.104478   4.091693   4.078862   4.065963   4.052946   4.039872   4.026762   4.013599   4.000347   3.987084   3.973917   3.960516   3.947055   3.933526   3.919921   3.906291   3.892639   3.878926   3.865093   3.851137   3.837028   3.822829   3.808504   3.794020   3.779471   3.764878   3.750118   3.735026   3.719830   3.704736   3.690370   3.674224   3.675825 
  4.441140   4.424790   4.411786   4.399083   4.387077   4.374868   4.362325   4.349621   4.336796   4.323944   4.311048   4.298112   4.285149   4.272156   4.259141   4.246095   4.233009   4.219903   4.206785   4.193656   4.180513   4.167355   4.154185   4.141020   4.127846   4.114628   4.101360   4.088075   4.074783   4.061478   4.048150   4.034841   4.021522   4.008198   3.994859   3.981495   3.968098   3.954674   3.941227   3.927697   3.914075   3.900405   3.886697   3.872929   3.859092   3.845066   3.830617   3.815907   3.800998   3.785388 
