 -1.910571  -1.907217  -1.902269  -1.912619  -1.920852  -1.936228  -1.964469  -1.971704  -1.978890  -1.987816  -1.986083  -1.981975  -1.958732  -1.893404  -1.745095  -1.446806  -1.149737  -0.748559   1.491744   2.378217   3.193704   3.459763   3.520773   3.534466   3.542101   3.539992   3.531277   3.523539   3.520904   3.505683   3.490728   3.483744   3.458523   3.434825   3.421364   3.399077   3.349984   3.309244   3.263932   3.203396   3.169137   3.138578   3.107138   3.090062   3.066416   3.055095   3.031577   3.027478   3.034077   3.021156 
 -1.915474  -1.908738  -1.905290  -1.909800  -1.918808  -1.935942  -1.966484  -1.977734  -1.982737  -1.988215  -1.985261  -1.992992  -2.005936  -1.970476  -1.876381  -1.617978  -1.275720  -0.996884   1.285324   2.324637   3.231240   3.507198   3.533285   3.535873   3.541743   3.544351   3.544129   3.541858   3.527817   3.522523   3.510569   3.497279   3.486469   3.461796   3.436895   3.417594   3.374990   3.323017   3.281566   3.215734   3.167505   3.146569   3.114865   3.093463   3.068326   3.060226   3.040558   3.033769   3.034289   3.025372 
 -1.908967  -1.904415  -1.901521  -1.909332  -1.916954  -1.937281  -1.967454  -1.985069  -1.986022  -1.990481  -1.995330  -2.003581  -2.010762  -2.023860  -1.977175  -1.832866  -1.484735  -1.133067   0.730146   2.259421   3.261798   3.521122   3.543201   3.550173   3.546019   3.545246   3.546578   3.546658   3.544991   3.537369   3.528219   3.514638   3.509999   3.500024   3.470354   3.434706   3.399373   3.335037   3.293623   3.231200   3.179528   3.157054   3.126628   3.100793   3.089648   3.075154   3.054607   3.042840   3.035723   3.035946 
 -1.914078  -1.918109  -1.912348  -1.911508  -1.915893  -1.940208  -1.970541  -1.984045  -1.988059  -1.994786  -1.996738  -2.002434  -2.015119  -2.026605  -2.030504  -1.960160  -1.691900  -1.291332  -0.204160   2.176625   3.344483   3.531375   3.551690   3.552667   3.554827   3.555926   3.551884   3.552557   3.556951   3.556263   3.554955   3.542339   3.524955   3.517919   3.502292   3.477843   3.427225   3.370487   3.307141   3.271656   3.207536   3.174289   3.156324   3.122389   3.108188   3.073847   3.052529   3.056263   3.043071   3.040917 
 -1.905621  -1.913851  -1.909740  -1.905663  -1.919064  -1.934359  -1.969398  -1.982147  -1.997664  -1.997067  -2.003730  -2.006528  -2.019551  -2.032911  -2.038797  -2.040428  -1.928570  -1.513096  -0.986055   2.067508   3.402231   3.543078   3.550059   3.554677   3.558225   3.561541   3.566892   3.573271   3.569835   3.568079   3.570763   3.574637   3.560541   3.548713   3.534383   3.518136   3.466911   3.416027   3.337537   3.299831   3.242087   3.200519   3.171297   3.137213   3.111018   3.080780   3.060818   3.052184   3.050680   3.046903 
 -1.904046  -1.903538  -1.916281  -1.916914  -1.924821  -1.933259  -1.974265  -1.977654  -1.999789  -2.000708  -2.008361  -2.018019  -2.029210  -2.034942  -2.042338  -2.046588  -2.023627  -1.848068  -1.286634   1.902814   3.482548   3.551136   3.553027   3.555367   3.559570   3.570949   3.576166   3.578281   3.581211   3.579055   3.578951   3.579147   3.579840   3.574102   3.557029   3.546341   3.506021   3.448130   3.387273   3.349791   3.287668   3.243395   3.191757   3.162356   3.120099   3.086426   3.071325   3.053397   3.046824   3.054978 
 -1.908044  -1.913181  -1.909696  -1.924479  -1.930278  -1.944305  -1.977333  -1.990349  -2.005222  -2.006881  -1.998481  -2.010153  -2.032559  -2.039380  -2.053134  -2.060903  -2.075990  -2.039497  -1.582253   1.519747   3.525692   3.540851   3.554574   3.561394   3.563982   3.568805   3.571674   3.576076   3.580922   3.585229   3.586678   3.583733   3.588357   3.586479   3.589355   3.570614   3.531829   3.500499   3.448768   3.396794   3.315270   3.255324   3.208488   3.160022   3.127380   3.083401   3.063980   3.055298   3.050593   3.036139 
 -1.901069  -1.919729  -1.926571  -1.937384  -1.951100  -1.975399  -1.988185  -2.014055  -2.023743  -2.011575  -2.014981  -2.028037  -2.041525  -2.040716  -2.050850  -2.075487  -2.097141  -2.133450  -2.048705  -0.020504   3.508369   3.516386   3.528501   3.535602   3.545281   3.554631   3.565767   3.573461   3.574275   3.580244   3.582227   3.585633   3.591004   3.593432   3.597685   3.596045   3.580496   3.557525   3.509053   3.441133   3.340040   3.274469   3.209841   3.177415   3.129012   3.079148   3.048571   3.034684   3.034018   3.027644 
 -1.902064  -1.911408  -1.920923  -1.922688  -1.955800  -1.981100  -1.978481  -2.005536  -2.020062  -2.017856  -2.025558  -2.046164  -2.066451  -2.067382  -2.076436  -2.107329  -2.124915  -2.148956  -2.164501  -1.706390   3.482365   3.492058   3.498815   3.501050   3.508970   3.520124   3.529180   3.541594   3.556018   3.560244   3.565606   3.563738   3.562568   3.570730   3.573854   3.607725   3.647729   3.610757   3.531422   3.456547   3.357123   3.281923   3.204773   3.175408   3.134453   3.083649   3.058075   3.049062   3.042992   3.041219 
 -1.898566  -1.895588  -1.908128  -1.908037  -1.941172  -1.973463  -1.991025  -2.016284  -2.021745  -2.023854  -2.034050  -2.046852  -2.056436  -2.069881  -2.095684  -2.120830  -2.139115  -2.173608  -2.196068  -2.198429   3.445907   3.467446   3.463471   3.469516   3.470271   3.470544   3.475246   3.486266   3.491982   3.507889   3.511747   3.508758   3.506150   3.539522   3.580738   3.607861   3.623951   3.638737   3.594794   3.501964   3.415306   3.321042   3.241855   3.205007   3.162709   3.124595   3.094857   3.091089   3.080811   3.082288 
 -1.880575  -1.884588  -1.906058  -1.912311  -1.944827  -1.966347  -1.986803  -1.999462  -2.016340  -2.027207  -2.034068  -2.046492  -2.067793  -2.075861  -2.108358  -2.136405  -2.171934  -2.195871  -2.197841  -2.195560   3.119381   3.456697   3.453075   3.448277   3.448323   3.444410   3.431194   3.418445   3.411573   3.404176   3.413808   3.428728   3.491263   3.558608   3.577366   3.602976   3.618385   3.634914   3.649155   3.582936   3.493935   3.406268   3.330508   3.283593   3.236692   3.185177   3.161447   3.132031   3.123104   3.113995 
 -1.882393  -1.890184  -1.910944  -1.916887  -1.939737  -1.958732  -1.994039  -2.007602  -2.012132  -2.020260  -2.029875  -2.064206  -2.079685  -2.092898  -2.118941  -2.156713  -2.195246  -2.196838  -2.195157  -2.177054   1.656995   3.489031   3.473307   3.454412   3.441384   3.434861   3.410388   3.399291   3.391516   3.395996   3.409868   3.464543   3.518460   3.553034   3.579048   3.604135   3.636858   3.658573   3.669798   3.647074   3.590334   3.517373   3.413982   3.346016   3.283866   3.234024   3.194867   3.156691   3.139050   3.130488 
 -1.870016  -1.889775  -1.912997  -1.917393  -1.936555  -1.959258  -2.007566  -2.022928  -2.017861  -2.043258  -2.052761  -2.065773  -2.070454  -2.108471  -2.151851  -2.188681  -2.194789  -2.192595  -2.194269  -2.074848  -0.264627   3.479313   3.593988   3.560669   3.525338   3.503991   3.503200   3.510529   3.518494   3.560775   3.605876   3.614820   3.595775   3.595743   3.602474   3.627310   3.645379   3.664710   3.679769   3.681009   3.651032   3.587391   3.481600   3.414162   3.333492   3.274880   3.241509   3.200487   3.168281   3.155734 
 -1.880769  -1.885570  -1.905960  -1.933034  -1.941993  -1.969814  -1.998566  -2.033934  -2.047670  -2.047716  -2.057918  -2.069125  -2.080459  -2.135397  -2.171312  -2.194371  -2.191562  -2.192481  -2.191798  -1.936093  -0.446156   3.444293   3.744847   3.736897   3.720028   3.699447   3.674636   3.644220   3.639504   3.661690   3.659968   3.670298   3.643485   3.621483   3.627017   3.637609   3.648720   3.667606   3.683488   3.688197   3.675520   3.633241   3.538160   3.462626   3.383762   3.317669   3.261394   3.226876   3.205419   3.197412 
 -1.868013  -1.887136  -1.899421  -1.916827  -1.960960  -1.969107  -2.007873  -2.039812  -2.043547  -2.046960  -2.053274  -2.082494  -2.107168  -2.168665  -2.190315  -2.191029  -2.190681  -2.194121  -2.184273  -1.994604  -0.553193   3.252605   3.795318   3.792725   3.791696   3.792885   3.809258   3.831244   3.840446   3.831477   3.831429   3.785881   3.712490   3.652513   3.634045   3.645537   3.665101   3.681926   3.694095   3.714452   3.718409   3.680404   3.601151   3.506693   3.429021   3.359649   3.324551   3.265284   3.240710   3.222183 
 -1.856621  -1.882921  -1.906185  -1.916114  -1.947405  -1.976666  -2.019052  -2.047838  -2.052196  -2.057149  -2.073978  -2.095616  -2.135753  -2.170604  -2.188524  -2.189821  -2.188369  -2.181187  -2.178116  -2.132663  -0.748363   2.575411   3.807295   3.812929   3.829239   3.858012   3.884190   3.896079   3.881706   3.875276   3.879908   3.876982   3.873244   3.861350   3.810342   3.790617   3.731354   3.712377   3.716846   3.732609   3.746107   3.730123   3.647691   3.561171   3.487710   3.431433   3.365249   3.310728   3.260897   3.237309 
 -1.870271  -1.877616  -1.888400  -1.909160  -1.963484  -1.991416  -2.017273  -2.027907  -2.062243  -2.059014  -2.082282  -2.112545  -2.159746  -2.173652  -2.191039  -2.178859  -2.180315  -2.176171  -2.177582  -2.145823  -1.452049   0.870621   3.843291   3.862452   3.893781   3.919030   3.921068   3.917559   3.913762   3.919460   3.908906   3.900775   3.896100   3.897897   3.880105   3.848147   3.824025   3.814748   3.815294   3.823920   3.819112   3.794454   3.709830   3.624332   3.542686   3.480225   3.419479   3.362745   3.317682   3.273577 
 -1.873756  -1.869922  -1.887116  -1.914076  -1.951072  -1.982169  -2.008431  -2.034746  -2.064588  -2.077471  -2.099508  -2.137595  -2.167762  -2.184684  -2.180938  -2.181213  -2.176953  -2.183554  -2.173544  -2.136712  -2.048146   0.428436   3.878430   3.916736   3.930793   3.933533   3.935535   3.932973   3.936498   3.940462   3.949224   3.937809   3.926920   3.920397   3.923717   3.899344   3.873739   3.856355   3.839395   3.857975   3.868335   3.880892   3.823371   3.718660   3.635111   3.562536   3.490272   3.439549   3.384731   3.340890 
 -1.879170  -1.890667  -1.895087  -1.909467  -1.944510  -1.977716  -2.004347  -2.025393  -2.048516  -2.093674  -2.121819  -2.164448  -2.187206  -2.184999  -2.185174  -2.186612  -2.189339  -2.188202  -2.164674  -2.162772  -2.153815  -0.722131   3.884770   3.962276   3.964364   3.962498   3.962523   3.965905   3.966480   3.966790   3.967918   3.971154   3.960871   3.951378   3.948982   3.948444   3.920348   3.902940   3.892589   3.900496   3.909965   3.919648   3.881684   3.787859   3.700469   3.644300   3.588497   3.520844   3.479219   3.428875 
 -1.882224  -1.892613  -1.889182  -1.893293  -1.937225  -1.968193  -1.997674  -2.030505  -2.058936  -2.105347  -2.147546  -2.161783  -2.200466  -2.196295  -2.196228  -2.199489  -2.198788  -2.184518  -2.175869  -2.181967  -2.211470  -2.176941   3.485110   3.970074   3.972065   3.977065   3.979766   3.985395   3.989473   3.990821   3.998578   4.002725   4.001416   3.990932   3.998133   3.995041   3.977253   3.960373   3.962992   3.944128   3.966851   3.950377   3.923344   3.849690   3.751532   3.682485   3.643525   3.591018   3.548510   3.504306 
 -1.903170  -1.903828  -1.906741  -1.899985  -1.922202  -1.966873  -1.995755  -2.037024  -2.074874  -2.113058  -2.141474  -2.187978  -2.210188  -2.218058  -2.218130  -2.219858  -2.207537  -2.193454  -2.191482  -2.200916  -2.224168  -2.244768   0.822014   3.982271   3.982286   3.983288   3.986539   3.991591   3.993812   3.995430   4.006589   4.010606   4.011981   4.015300   4.027427   4.023999   4.032898   4.018120   4.024892   4.031404   4.003045   3.990152   3.951477   3.896408   3.796871   3.720364   3.666209   3.625704   3.592303   3.572001 
 -1.905795  -1.909307  -1.915229  -1.925304  -1.955899  -2.001039  -2.044875  -2.067249  -2.097533  -2.134743  -2.163573  -2.212298  -2.230334  -2.228036  -2.231183  -2.216538  -2.205518  -2.198674  -2.195339  -2.203841  -2.229783  -2.250037  -2.077492   3.986223   3.986310   3.988681   3.992813   3.995974   3.997856   4.004136   4.014684   4.019781   4.021475   4.034795   4.048528   4.063532   4.080600   4.098228   4.069036   4.048923   4.041523   4.013921   3.971475   3.914934   3.826795   3.774192   3.690468   3.665897   3.630570   3.605489 
 -1.904820  -1.921397  -1.928882  -1.954325  -1.987995  -2.044738  -2.077056  -2.095510  -2.125104  -2.154487  -2.194932  -2.239313  -2.237035  -2.237289  -2.224197  -2.211961  -2.199215  -2.197491  -2.195882  -2.208928  -2.232798  -2.253606  -2.253335   2.807221   3.994798   3.998428   4.002393   4.004274   4.007478   4.011229   4.021003   4.026941   4.033966   4.046185   4.059751   4.079475   4.112421   4.125736   4.117217   4.079945   4.061431   4.046787   3.999289   3.929494   3.851152   3.808144   3.741084   3.697477   3.672612   3.650406 
 -1.916828  -1.941238  -1.963711  -1.988094  -2.012037  -2.057813  -2.094759  -2.112684  -2.142940  -2.165293  -2.207986  -2.240579  -2.244827  -2.235243  -2.219949  -2.203745  -2.198242  -2.194300  -2.194221  -2.214024  -2.239824  -2.257719  -2.260047   0.148810   4.000888   4.007074   4.008535   4.012374   4.014515   4.014942   4.026454   4.036228   4.041831   4.053353   4.075596   4.104189   4.123924   4.140205   4.149254   4.108221   4.075542   4.064280   4.036552   3.939985   3.882557   3.811368   3.767832   3.748393   3.718607   3.703531 
 -1.965534  -1.975304  -1.994905  -2.000449  -2.028399  -2.072236  -2.105328  -2.138448  -2.147987  -2.177620  -2.235925  -2.245705  -2.242607  -2.223064  -2.206346  -2.200779  -2.198004  -2.195013  -2.198647  -2.221757  -2.249677  -2.264138  -2.267357  -0.848766   3.025833   4.011586   4.017592   4.019661   4.019631   4.020255   4.037574   4.039197   4.047828   4.068417   4.100078   4.115851   4.138424   4.153659   4.165443   4.149157   4.096274   4.078368   4.050050   3.967438   3.899998   3.840913   3.820535   3.801107   3.773888   3.745262 
 -1.991639  -2.002714  -2.005235  -2.030162  -2.041003  -2.086986  -2.115878  -2.139177  -2.155004  -2.197448  -2.242160  -2.244734  -2.228877  -2.210666  -2.202660  -2.198539  -2.197398  -2.192715  -2.203979  -2.229914  -2.255774  -2.273294  -2.287511  -1.648995   0.457086   3.947371   4.020031   4.022212   4.025473   4.035281   4.040780   4.049318   4.062375   4.085458   4.112086   4.135468   4.153727   4.167061   4.176031   4.168635   4.126401   4.085017   4.079672   3.979794   3.934713   3.889333   3.883467   3.851286   3.839497   3.806536 
 -2.009017  -2.016374  -2.035433  -2.048542  -2.058836  -2.103202  -2.129286  -2.151183  -2.168726  -2.216966  -2.246507  -2.227363  -2.216493  -2.205527  -2.200051  -2.198502  -2.194951  -2.194947  -2.210571  -2.238006  -2.261758  -2.290753  -2.316028  -2.143774   0.109627   3.090121   4.023345   4.025734   4.030233   4.036551   4.048797   4.062692   4.077057   4.103386   4.128695   4.148131   4.168152   4.176913   4.179328   4.175315   4.162712   4.108736   4.088772   4.035355   3.996080   3.949781   3.926027   3.906789   3.885990   3.858319 
 -2.019293  -2.035636  -2.046489  -2.061642  -2.080723  -2.114143  -2.141624  -2.162251  -2.184688  -2.232887  -2.225490  -2.218845  -2.204528  -2.200880  -2.197289  -2.198231  -2.194588  -2.199028  -2.221154  -2.246561  -2.285998  -2.312760  -2.326731  -2.284619  -0.506951   0.569881   3.812397   4.028249   4.033959   4.047054   4.057587   4.072308   4.098012   4.118679   4.144657   4.165189   4.178418   4.183827   4.183908   4.180056   4.183260   4.150084   4.140439   4.105421   4.046642   4.020833   3.998284   3.970327   3.935430   3.918363 
 -2.029920  -2.042307  -2.053953  -2.078651  -2.096541  -2.130201  -2.154075  -2.190603  -2.203656  -2.232195  -2.220303  -2.207663  -2.201921  -2.198044  -2.198015  -2.196238  -2.195388  -2.205067  -2.235441  -2.271357  -2.303761  -2.323571  -2.335769  -2.347101  -1.240750  -0.044930   3.106136   4.004716   4.030863   4.048484   4.061933   4.078011   4.111422   4.137798   4.167894   4.182080   4.186289   4.188772   4.191643   4.197831   4.217862   4.248818   4.223566   4.171871   4.137315   4.088852   4.053367   4.023867   4.006734   3.979426 
 -2.041096  -2.053100  -2.070585  -2.078362  -2.104687  -2.141107  -2.169073  -2.193207  -2.214893  -2.224426  -2.215374  -2.201365  -2.196843  -2.195481  -2.196759  -2.195776  -2.201592  -2.218501  -2.260172  -2.290979  -2.314316  -2.334326  -2.343529  -2.356109  -1.766781  -0.445788   0.764465   3.697098   4.013862   4.045688   4.066051   4.095491   4.134382   4.160442   4.185073   4.192276   4.194917   4.201334   4.215592   4.260549   4.308005   4.337054   4.331275   4.270512   4.212577   4.143649   4.117422   4.082838   4.039360   4.006071 
 -2.049409  -2.062701  -2.066397  -2.090694  -2.129564  -2.164648  -2.173682  -2.198708  -2.219036  -2.219114  -2.203759  -2.199266  -2.197440  -2.196574  -2.197800  -2.203594  -2.213461  -2.244555  -2.279008  -2.302795  -2.324804  -2.340454  -2.350891  -2.369471  -2.187210  -1.032435  -0.229775   3.074877   3.873954   4.033345   4.077502   4.117037   4.155443   4.184287   4.197050   4.201320   4.204955   4.262023   4.323824   4.372036   4.406522   4.441041   4.430070   4.356085   4.269353   4.197540   4.142937   4.103535   4.070619   4.035212 
 -2.056858  -2.066092  -2.086224  -2.117842  -2.153428  -2.164419  -2.171925  -2.200880  -2.222880  -2.211353  -2.202777  -2.198575  -2.197343  -2.198805  -2.204235  -2.213903  -2.236025  -2.266113  -2.294550  -2.317846  -2.336649  -2.346040  -2.357220  -2.422691  -2.439513  -1.746503  -0.906468   1.014868   3.589105   3.978585   4.085002   4.151173   4.199369   4.220051   4.236098   4.271408   4.325691   4.375991   4.428359   4.476095   4.503030   4.525997   4.510044   4.428602   4.316484   4.245110   4.186261   4.145426   4.098332   4.069282 
 -2.061804  -2.082291  -2.093728  -2.125408  -2.153643  -2.154617  -2.171767  -2.204170  -2.226357  -2.209558  -2.201118  -2.200878  -2.200755  -2.207774  -2.216163  -2.237324  -2.256360  -2.282226  -2.306662  -2.331277  -2.347578  -2.363577  -2.395209  -2.484897  -2.544262  -2.276969  -1.622558  -0.681094   2.980511   3.853262   4.111122   4.208873   4.266786   4.301389   4.340423   4.392707   4.453036   4.508312   4.549861   4.564495   4.564962   4.568823   4.553770   4.479343   4.353929   4.268482   4.210962   4.158499   4.122528   4.083785 
 -2.077605  -2.087663  -2.115237  -2.139397  -2.155234  -2.164904  -2.174999  -2.205353  -2.218898  -2.210952  -2.205849  -2.204467  -2.209588  -2.222808  -2.243821  -2.259795  -2.272652  -2.301372  -2.319444  -2.345447  -2.368660  -2.392160  -2.461549  -2.547772  -2.583330  -2.597544  -2.249148  -1.546439   0.945680   3.535234   4.110662   4.285263   4.354353   4.403187   4.451760   4.525061   4.580575   4.583919   4.585074   4.583548   4.583318   4.580944   4.570162   4.498066   4.402943   4.291450   4.225534   4.170404   4.123332   4.086958 
 -2.088832  -2.098769  -2.137647  -2.147456  -2.153626  -2.164530  -2.179116  -2.204856  -2.224638  -2.219305  -2.219113  -2.216136  -2.231782  -2.252309  -2.264877  -2.275108  -2.293525  -2.321034  -2.336505  -2.362334  -2.393403  -2.441858  -2.525972  -2.575246  -2.598995  -2.614248  -2.592930  -2.381215  -1.280713   3.012191   4.036804   4.349194   4.440006   4.517865   4.576939   4.585113   4.589108   4.593165   4.593898   4.589310   4.589535   4.587200   4.578525   4.500627   4.411692   4.314393   4.252372   4.193429   4.126685   4.085888 
 -2.086390  -2.122772  -2.140708  -2.162169  -2.159510  -2.178027  -2.193131  -2.228421  -2.235195  -2.235415  -2.233547  -2.247059  -2.263008  -2.270771  -2.281359  -2.291229  -2.303414  -2.330126  -2.348413  -2.386685  -2.425783  -2.510016  -2.558165  -2.588584  -2.598259  -2.620156  -2.622255  -2.622203  -2.491315   0.910179   4.089884   4.447910   4.571979   4.591162   4.594232   4.594470   4.596375   4.593558   4.593294   4.594711   4.593059   4.585237   4.571741   4.506417   4.405984   4.336833   4.257978   4.187616   4.136947   4.077053 
 -2.097585  -2.127041  -2.148798  -2.155570  -2.168382  -2.192113  -2.213526  -2.246809  -2.245669  -2.250810  -2.266235  -2.276899  -2.279322  -2.288370  -2.289774  -2.294847  -2.313991  -2.342721  -2.367676  -2.419758  -2.493543  -2.536439  -2.571115  -2.595178  -2.609371  -2.620448  -2.623918  -2.628806  -2.634073  -2.244252   3.879617   4.570852   4.605913   4.600893   4.602709   4.602659   4.601950   4.600219   4.598180   4.594579   4.590672   4.586892   4.575630   4.486653   4.404558   4.335121   4.251037   4.176792   4.128860   4.073093 
 -2.118020  -2.140216  -2.146182  -2.158417  -2.184620  -2.208300  -2.222984  -2.256833  -2.262296  -2.278385  -2.294594  -2.289481  -2.290967  -2.290400  -2.295134  -2.305289  -2.330675  -2.363096  -2.406553  -2.473992  -2.519869  -2.552057  -2.586896  -2.600776  -2.614393  -2.623440  -2.619604  -2.607637  -2.574164  -2.382174   1.422680   4.582105   4.616774   4.614066   4.605100   4.603991   4.602352   4.602396   4.600381   4.598390   4.598227   4.592643   4.565353   4.475480   4.399790   4.323899   4.253918   4.180015   4.112583   4.068580 
 -2.115495  -2.128709  -2.139422  -2.161485  -2.188294  -2.213340  -2.242357  -2.272698  -2.286841  -2.305622  -2.304761  -2.295341  -2.295443  -2.296893  -2.302299  -2.316749  -2.358194  -2.395619  -2.450083  -2.494557  -2.533856  -2.566192  -2.594101  -2.571874  -2.575915  -2.572144  -2.536424  -2.523107  -2.513091  -2.196843  -0.423504   3.418075   4.494195   4.597562   4.614767   4.611224   4.603858   4.600798   4.600264   4.598580   4.600810   4.596405   4.540843   4.471244   4.379345   4.299620   4.226728   4.155362   4.101732   4.068166 
 -2.127034  -2.128426  -2.141308  -2.169925  -2.181994  -2.220290  -2.268580  -2.286950  -2.303145  -2.308238  -2.304856  -2.299518  -2.299796  -2.296990  -2.310617  -2.339376  -2.386356  -2.432685  -2.470490  -2.496299  -2.505647  -2.520585  -2.537823  -2.532153  -2.515493  -2.515476  -2.503006  -2.492877  -2.446010  -1.981700  -1.099529   1.653598   3.892341   4.396185   4.574226   4.583058   4.592838   4.596421   4.600927   4.599862   4.600031   4.569887   4.507173   4.427528   4.341564   4.266984   4.222396   4.161469   4.102249   4.066627 
 -2.127173  -2.132318  -2.146694  -2.175987  -2.210606  -2.230231  -2.292850  -2.297599  -2.305534  -2.307552  -2.301130  -2.296589  -2.299413  -2.300795  -2.317040  -2.340448  -2.373692  -2.393593  -2.438753  -2.465466  -2.489156  -2.475429  -2.489897  -2.492648  -2.493320  -2.484751  -2.478097  -2.456143  -2.355118  -1.874136  -1.210520   0.378456   2.941927   3.987505   4.343373   4.508902   4.553742   4.562832   4.567805   4.562638   4.554131   4.507131   4.458095   4.385775   4.307643   4.244958   4.199131   4.157122   4.108872   4.067407 
 -2.123149  -2.137055  -2.154020  -2.185251  -2.221032  -2.246426  -2.289950  -2.294755  -2.298041  -2.297988  -2.264405  -2.263984  -2.259695  -2.265660  -2.278812  -2.329148  -2.360089  -2.376031  -2.392957  -2.423198  -2.444009  -2.465957  -2.469370  -2.465900  -2.462489  -2.457580  -2.448280  -2.410870  -2.197859  -1.788278  -1.298029  -0.483138   1.755754   3.399784   4.035857   4.293268   4.448849   4.511348   4.515707   4.512287   4.486455   4.458333   4.402910   4.350286   4.287229   4.221597   4.183672   4.131972   4.101762   4.063964 
 -2.116861  -2.126858  -2.150814  -2.179141  -2.219703  -2.245496  -2.254259  -2.249917  -2.249430  -2.209629  -2.207650  -2.214655  -2.225224  -2.250157  -2.289386  -2.317315  -2.311342  -2.341589  -2.377720  -2.396701  -2.410547  -2.435906  -2.433877  -2.428079  -2.435826  -2.434831  -2.407125  -2.359415  -2.080693  -1.728269  -1.336239  -0.724945   0.685136   2.775778   3.626335   4.055903   4.261901   4.381632   4.449469   4.452934   4.421844   4.409230   4.359190   4.313024   4.255299   4.195883   4.141159   4.124352   4.087052   4.062798 
 -2.120921  -2.121226  -2.139271  -2.180686  -2.206539  -2.223508  -2.222973  -2.217158  -2.218497  -2.217904  -2.216863  -2.220511  -2.228459  -2.244315  -2.259859  -2.286596  -2.299084  -2.318324  -2.352473  -2.370946  -2.383571  -2.400481  -2.409513  -2.398774  -2.403105  -2.386627  -2.338103  -2.241775  -1.966253  -1.665807  -1.343907  -0.858757  -0.178190   1.788464   3.206736   3.713550   4.044716   4.217273   4.308278   4.357865   4.379119   4.362394   4.314820   4.277147   4.218330   4.172046   4.145401   4.121754   4.085306   4.057123 
 -2.092526  -2.107498  -2.121526  -2.152843  -2.173296  -2.193606  -2.219175  -2.220206  -2.204610  -2.199088  -2.186203  -2.184125  -2.212444  -2.232962  -2.259364  -2.275266  -2.293665  -2.325289  -2.349225  -2.354886  -2.374441  -2.391564  -2.400355  -2.399679  -2.392725  -2.356083  -2.315939  -2.176869  -1.906129  -1.645728  -1.355289  -0.927094  -0.376139   0.903833   2.636532   3.329153   3.752235   4.018967   4.163497   4.230308   4.274714   4.319330   4.284576   4.240126   4.190113   4.153765   4.135256   4.117373   4.085265   4.048213 
 -2.065864  -2.105075  -2.132899  -2.149593  -2.165352  -2.187007  -2.206466  -2.191277  -2.165221  -2.167656  -2.182539  -2.198496  -2.218625  -2.229312  -2.255493  -2.283480  -2.297242  -2.327442  -2.343614  -2.359533  -2.371311  -2.385715  -2.398388  -2.404092  -2.387024  -2.320245  -2.270708  -2.095982  -1.851439  -1.633920  -1.372710  -1.000394  -0.545308   0.118134   1.800539   3.043395   3.419884   3.767448   3.983467   4.093843   4.157936   4.215850   4.221212   4.211290   4.184012   4.147846   4.123474   4.116142   4.080418   4.052076 
 -2.077471  -2.114558  -2.131719  -2.146262  -2.166320  -2.164171  -2.169433  -2.167321  -2.169104  -2.166546  -2.183880  -2.207445  -2.221126  -2.235490  -2.262898  -2.289188  -2.302777  -2.335410  -2.351002  -2.358403  -2.363866  -2.387553  -2.397755  -2.395643  -2.359276  -2.313555  -2.222431  -2.027231  -1.794579  -1.626088  -1.394827  -1.056182  -0.664010  -0.203790   1.023534   2.543153   3.161847   3.472880   3.753296   3.943998   4.052041   4.111341   4.132034   4.142754   4.172279   4.143654   4.128880   4.107547   4.075304   4.052378 
 -2.095264  -2.111385  -2.121625  -2.130097  -2.150342  -2.154055  -2.168641  -2.166359  -2.168041  -2.183779  -2.196514  -2.215468  -2.222700  -2.239713  -2.267652  -2.284921  -2.311494  -2.337499  -2.358316  -2.358958  -2.367337  -2.383992  -2.391656  -2.371021  -2.322111  -2.273155  -2.183810  -1.974210  -1.771570  -1.623446  -1.399228  -1.103398  -0.749777  -0.355054   0.291407   1.824697   2.895963   3.207753   3.529833   3.761755   3.919790   4.010455   4.036189   4.078279   4.112092   4.132997   4.124149   4.095621   4.079370   4.054213 
 -2.086252  -2.113948  -2.120390  -2.125733  -2.148958  -2.157102  -2.168671  -2.169392  -2.179118  -2.190628  -2.204795  -2.219979  -2.232119  -2.246251  -2.265304  -2.293765  -2.315137  -2.346164  -2.352105  -2.360941  -2.372289  -2.381664  -2.376065  -2.338913  -2.301587  -2.251948  -2.123326  -1.939325  -1.735608  -1.620327  -1.410096  -1.154447  -0.847596  -0.488311  -0.120121   1.127205   2.471671   3.024659   3.277066   3.557372   3.757784   3.886835   3.956855   4.000644   4.041928   4.064236   4.080957   4.094254   4.086777   4.054193 
 -2.091469  -2.114464  -2.123349  -2.128228  -2.160851  -2.165332  -2.170536  -2.180340  -2.192130  -2.195756  -2.209696  -2.223995  -2.233180  -2.249148  -2.269847  -2.288219  -2.318906  -2.344031  -2.353681  -2.358900  -2.377652  -2.379665  -2.351293  -2.315147  -2.278451  -2.218012  -2.069588  -1.893235  -1.716276  -1.624514  -1.412687  -1.176892  -0.918573  -0.578463  -0.215483   0.468960   1.812438   2.791293   3.076842   3.331916   3.562910   3.739744   3.852034   3.928394   3.981905   4.001233   4.037361   4.035909   4.077430   4.067573 
