  2.264970   2.216293   2.191994   2.192105   2.194688   2.207376   2.234651   2.242307   2.250958   2.261996   2.263205   2.261785   2.242095   2.180945   2.037386   1.744348   1.453079   1.058016  -1.175906  -2.055692  -2.864299  -3.123277  -3.176937  -3.183019  -3.182900  -3.172884  -3.156071  -3.140104  -3.129086  -3.105380  -3.081639  -3.065691  -3.031282  -2.998322  -2.975513  -2.943824  -2.885159  -2.834672  -2.779232  -2.708200  -2.662853  -2.620682  -2.576940  -2.546475  -2.507895  -2.480073  -2.437501  -2.411211  -2.381088  -2.263472 
  2.270362   2.184468   2.133165   2.097741   2.074949   2.071830   2.086851   2.085749   2.080553   2.077749   2.068357   2.073011   2.082767   2.040137   1.939854   1.678158   1.333770   1.053428  -1.229477  -2.268584  -3.174536  -3.449304  -3.473894  -3.474626  -3.477935  -3.477526  -3.473899  -3.467910  -3.449886  -3.440251  -3.423507  -3.405127  -3.388727  -3.357591  -3.325585  -3.298865  -3.248310  -3.187433  -3.136628  -3.061041  -3.002174  -2.968386  -2.922069  -2.881780  -2.831384  -2.788593  -2.717509  -2.634793  -2.509632  -2.253496 
  2.316178   2.170822   2.116583   2.076518   2.043103   2.024407   2.019245   2.007329   1.985595   1.972379   1.962905   1.960412   1.959727   1.960585   1.902422   1.747858   1.389295   1.028874  -0.840788  -2.375143  -3.381614  -3.644179  -3.668792  -3.677181  -3.673610  -3.672646  -3.673311  -3.672210  -3.668667  -3.658353  -3.646138  -3.628828  -3.619764  -3.604706  -3.568755  -3.525781  -3.482438  -3.409292  -3.357119  -3.281796  -3.214051  -3.171137  -3.116083  -3.056639  -3.002274  -2.929462  -2.827610  -2.699709  -2.511022  -2.219096 
  2.392947   2.196246   2.124182   2.077453   2.034993   2.017068   2.007013   1.981438   1.948523   1.921244   1.894458   1.877927   1.875079   1.867857   1.853325   1.766319   1.483941   1.072586  -0.024339  -2.415770  -3.593468  -3.787817  -3.814489  -3.820372  -3.826073  -3.829933  -3.827869  -3.829605  -3.834395  -3.832904  -3.829797  -3.814375  -3.793255  -3.781127  -3.758812  -3.726009  -3.664977  -3.595437  -3.517026  -3.462251  -3.374133  -3.309979  -3.253735  -3.170938  -3.097141  -2.985248  -2.856002  -2.709107  -2.483559  -2.175943 
  2.463758   2.228380   2.137166   2.079625   2.047917   2.015455   2.006670   1.977691   1.952927   1.913012   1.883055   1.851311   1.833950   1.815788   1.792431   1.768517   1.635347   1.201835   0.660936  -2.403957  -3.749106  -3.899297  -3.915786  -3.929441  -3.940232  -3.949240  -3.959422  -3.968921  -3.967352  -3.966077  -3.967467  -3.968521  -3.949888  -3.931738  -3.909325  -3.882952  -3.817847  -3.748998  -3.646152  -3.579141  -3.487168  -3.404492  -3.325925  -3.232046  -3.133330  -3.005903  -2.854654  -2.675433  -2.441569  -2.131039 
  2.544341   2.282674   2.180319   2.120120   2.076477   2.038755   2.031945   1.988989   1.967533   1.926454   1.892882   1.862068   1.838919   1.806764   1.773859   1.740801   1.684998   1.480802   0.895224  -2.313396  -3.908159  -3.989685  -4.002883  -4.014665  -4.026853  -4.045044  -4.055934  -4.062602  -4.067612  -4.066063  -4.064528  -4.061622  -4.057084  -4.043134  -4.014346  -3.987917  -3.927733  -3.845132  -3.753134  -3.678668  -3.573923  -3.481048  -3.371490  -3.273508  -3.142475  -2.994757  -2.835912  -2.631372  -2.385171  -2.086255 
  2.630688   2.366291   2.227918   2.175810   2.128322   2.089287   2.075149   2.040469   2.007826   1.964896   1.911877   1.883561   1.867031   1.831793   1.800556   1.764583   1.738638   1.664498   1.172739  -1.959606  -3.989961  -4.024633  -4.054106  -4.073482  -4.086094  -4.098861  -4.107435  -4.115490  -4.122626  -4.128041  -4.127071  -4.119094  -4.115825  -4.102797  -4.090692  -4.053147  -3.990471  -3.929680  -3.842422  -3.748376  -3.619372  -3.505164  -3.392217  -3.262024  -3.127192  -2.957662  -2.787204  -2.582489  -2.337751  -2.013092 
  2.705879   2.453684   2.317097   2.252088   2.210493   2.180852   2.143315   2.122010   2.083038   2.024490   1.984234   1.954634   1.928300   1.885136   1.847730   1.825814   1.803357   1.798694   1.674745  -0.389322  -3.949177  -3.984590  -4.018952  -4.045115  -4.070631  -4.092759  -4.113093  -4.125761  -4.130130  -4.137000  -4.137015  -4.135785  -4.133512  -4.125105  -4.114300  -4.092771  -4.051389  -3.997147  -3.910856  -3.797396  -3.644016  -3.517115  -3.375015  -3.251604  -3.091069  -2.912849  -2.721436  -2.506061  -2.269542  -1.949139 
  2.789044   2.533595   2.398465   2.310634   2.291447   2.263571   2.207173   2.186174   2.157439   2.111665   2.072352   2.049482   2.028193   1.986565   1.949668   1.934399   1.907603   1.890047   1.865507   1.371268  -3.849648  -3.890178  -3.926272  -3.955001  -3.985227  -4.014112  -4.037537  -4.059952  -4.080720  -4.088540  -4.094771  -4.090905  -4.084972  -4.085100  -4.075125  -4.089852  -4.104809  -4.036451  -3.917383  -3.794334  -3.636571  -3.491286  -3.331816  -3.203766  -3.048432  -2.866926  -2.675040  -2.460786  -2.224143  -1.906322 
  2.868538   2.610015   2.481592   2.384196   2.364729   2.341936   2.308654   2.286866   2.250403   2.209650   2.175416   2.142009   2.107575   2.079020   2.058274   2.037175   2.012673   2.006244   1.989348   1.955871  -3.722428  -3.777059  -3.804542  -3.840447  -3.868899  -3.892214  -3.915372  -3.941087  -3.957389  -3.980805  -3.988611  -3.986485  -3.981170  -4.008682  -4.039127  -4.049536  -4.042507  -4.027280  -3.943415  -3.799368  -3.649066  -3.480089  -3.315244  -3.177939  -3.023365  -2.851530  -2.652237  -2.444848  -2.205084  -1.890281 
  2.933645   2.693023   2.581058   2.488927   2.458918   2.432757   2.406062   2.372764   2.347011   2.315045   2.277435   2.244281   2.218504   2.181456   2.165897   2.146687   2.137987   2.120779   2.084326   2.046979  -3.302278  -3.673162  -3.701819  -3.728707  -3.758631  -3.781860  -3.790562  -3.794562  -3.801106  -3.803801  -3.820580  -3.838681  -3.901620  -3.965282  -3.975320  -3.985357  -3.977911  -3.962896  -3.935053  -3.815411  -3.662783  -3.498862  -3.337120  -3.194246  -3.038222  -2.852233  -2.657630  -2.428642  -2.190194  -1.864396 
  3.018630   2.793184   2.689726   2.604255   2.563298   2.532925   2.522925   2.490932   2.450981   2.415622   2.380049   2.367986   2.336524   2.301339   2.275145   2.263691   2.256991   2.216916   2.177732   2.123739  -1.744938  -3.610698  -3.627338  -3.640123  -3.657788  -3.680436  -3.679625  -3.687558  -3.694764  -3.711043  -3.733324  -3.792793  -3.849469  -3.882252  -3.900879  -3.912478  -3.922858  -3.911758  -3.879687  -3.803919  -3.682616  -3.533013  -3.345865  -3.186499  -3.017305  -2.833305  -2.624168  -2.394213  -2.147817  -1.822950 
  3.089445   2.887851   2.799789   2.721830   2.680012   2.652167   2.652225   2.619926   2.569016   2.548577   2.512510   2.477897   2.434155   2.422268   2.411634   2.395936   2.354663   2.311122   2.275332   2.118985   0.273300  -3.504761  -3.651909  -3.649814  -3.644915  -3.653798  -3.679889  -3.708278  -3.732232  -3.786721  -3.841106  -3.856429  -3.838680  -3.836740  -3.836544  -3.847977  -3.843945  -3.831490  -3.805228  -3.755320  -3.660726  -3.524164  -3.338417  -3.182761  -2.996226  -2.804548  -2.605416  -2.377155  -2.118099  -1.789965 
  3.183413   2.979197   2.901667   2.855412   2.807620   2.784317   2.763036   2.749529   2.714992   2.666421   2.629114   2.592609   2.553211   2.555919   2.536541   2.506603   2.455313   2.414147   2.373633   2.079793   0.553199  -3.372167  -3.705483  -3.728374  -3.742501  -3.752720  -3.756452  -3.748784  -3.761990  -3.797899  -3.806648  -3.822988  -3.794129  -3.768058  -3.766045  -3.763502  -3.753793  -3.742466  -3.719739  -3.674708  -3.600210  -3.490417  -3.320085  -3.158822  -2.976761  -2.779043  -2.559997  -2.341280  -2.095504  -1.773129 
  3.254260   3.076874   3.003017   2.956106   2.946263   2.903402   2.891726   2.874585   2.830185   2.784066   2.739168   2.717165   2.689416   2.697574   2.663770   2.611069   2.562211   2.522051   2.470805   2.241013   0.762222  -3.079895  -3.656735  -3.686231  -3.716074  -3.748196  -3.793051  -3.839678  -3.869039  -3.876415  -3.887272  -3.847901  -3.769498  -3.702147  -3.675029  -3.673700  -3.673228  -3.662577  -3.638161  -3.610365  -3.557917  -3.457095  -3.305887  -3.128581  -2.949523  -2.751613  -2.557516  -2.316024  -2.070340  -1.739189 
  3.326722   3.169152   3.117528   3.070138   3.049923   3.028539   3.020772   3.000062   2.956396   2.911401   2.875549   2.841782   2.826198   2.807464   2.771139   2.719951   2.671102   2.618527   2.571299   2.483994   1.060420  -2.300922  -3.568034  -3.606147  -3.653741  -3.712894  -3.767726  -3.804718  -3.812646  -3.825178  -3.842759  -3.846475  -3.837183  -3.815747  -3.755903  -3.722680  -3.644377  -3.598823  -3.568407  -3.539791  -3.501933  -3.425858  -3.273730  -3.107594  -2.933791  -2.751761  -2.530895  -2.296215  -2.029002  -1.695301 
  3.424331   3.260169   3.205892   3.174838   3.181029   3.158511   3.134151   3.095034   3.080426   3.027023   2.997151   2.970913   2.959983   2.918789   2.882633   2.820035   2.774439   2.724163   2.680294   2.605133   1.870222  -0.491829  -3.501590  -3.554333  -3.617153  -3.672397  -3.703053  -3.725552  -3.745538  -3.770347  -3.773352  -3.773281  -3.766796  -3.757503  -3.730857  -3.686876  -3.644877  -3.610687  -3.578656  -3.546093  -3.491889  -3.407947  -3.255916  -3.092651  -2.911984  -2.727355  -2.516857  -2.282084  -2.023272  -1.672181 
  3.511914   3.348667   3.309146   3.290012   3.280808   3.262436   3.238221   3.214328   3.193957   3.155843   3.124505   3.106094   3.078567   3.039587   2.983059   2.933852   2.882502   2.842337   2.786757   2.705269   2.574107   0.056901  -3.432020  -3.504759  -3.550901  -3.583597  -3.613402  -3.638588  -3.666062  -3.690409  -3.713765  -3.710264  -3.701051  -3.685499  -3.681120  -3.645676  -3.604142  -3.564307  -3.517060  -3.498195  -3.460667  -3.414513  -3.290314  -3.107452  -2.927300  -2.735585  -2.518098  -2.292385  -2.027176  -1.679726 
  3.601424   3.466024   3.420991   3.393599   3.383772   3.368896   3.344382   3.314344   3.286951   3.280526   3.255513   3.241680   3.207409   3.149719   3.098556   3.051621   3.006782   2.958694   2.888750   2.841634   2.788802   1.315327  -3.331139  -3.444226  -3.479157  -3.507983  -3.537412  -3.567898  -3.593341  -3.614112  -3.629978  -3.642409  -3.634620  -3.621799  -3.612516  -3.602890  -3.561192  -3.523853  -3.486522  -3.459076  -3.421735  -3.374276  -3.270457  -3.098292  -2.916396  -2.744112  -2.546885  -2.307125  -2.058102  -1.707829 
  3.688817   3.563477   3.517190   3.483599   3.484590   3.467796   3.445886   3.427411   3.404968   3.399592   3.388561   3.346998   3.329733   3.271489   3.221958   3.177293   3.128367   3.066525   3.011138   2.971452   2.957003   2.879890  -2.821581  -3.343103  -3.378810  -3.416063  -3.450064  -3.483118  -3.512738  -3.533576  -3.555838  -3.570540  -3.574484  -3.565097  -3.567945  -3.558115  -3.529147  -3.494338  -3.472590  -3.420033  -3.396900  -3.324489  -3.232317  -3.081056  -2.891099  -2.709526  -2.531960  -2.310523  -2.063525  -1.723153 
  3.794246   3.669013   3.635657   3.594448   3.575475   3.573049   3.551000   3.541123   3.528069   3.514371   3.489120   3.480648   3.448130   3.403384   3.355294   3.308972   3.248440   3.186610   3.137953   3.102438   3.081262   3.058945  -0.047134  -3.244583  -3.279491  -3.314669  -3.349039  -3.382145  -3.408606  -3.429911  -3.456115  -3.473017  -3.483001  -3.490645  -3.502506  -3.494954  -3.494311  -3.464357  -3.448310  -3.422428  -3.349694  -3.282262  -3.179100  -3.047969  -2.859473  -2.674061  -2.484603  -2.278436  -2.043047  -1.730532 
  3.881148   3.768424   3.744049   3.722100   3.713130   3.711671   3.706284   3.677899   3.657274   3.642053   3.616843   3.611370   3.576030   3.522633   3.477715   3.414984   3.356189   3.301950   3.252208   3.215975   3.198404   3.176809   2.964821  -3.136657  -3.173285  -3.209660  -3.244768  -3.276130  -3.301496  -3.327321  -3.355106  -3.375152  -3.387939  -3.408697  -3.426164  -3.439865  -3.449669  -3.454279  -3.404041  -3.352588  -3.302901  -3.222288  -3.116478  -2.986279  -2.812019  -2.654142  -2.438412  -2.251484  -2.016643  -1.703180 
  3.964564   3.874882   3.857099   3.852383   3.847708   3.858484   3.841961   3.810354   3.789519   3.766103   3.752538   3.743472   3.689227   3.639875   3.578635   3.518075   3.457460   3.409261   3.362506   3.331971   3.313587   3.293980   3.254211  -1.845239  -3.069467  -3.106537  -3.142238  -3.171388  -3.197606  -3.222347  -3.251475  -3.273523  -3.293185  -3.315903  -3.336400  -3.358570  -3.387095  -3.388985  -3.361116  -3.294306  -3.235495  -3.169803  -3.060366  -2.919682  -2.757992  -2.613425  -2.418169  -2.215476  -1.993632  -1.687074 
  4.061298   3.989063   3.990312   3.986103   3.972235   3.972471   3.961043   3.928755   3.908953   3.878741   3.867640   3.847481   3.801376   3.743563   3.679868   3.615549   3.562871   3.513680   3.470514   3.448318   3.432947   3.411022   3.373125   0.925611  -2.962433  -3.001746  -3.034017  -3.064788  -3.090744  -3.113384  -3.145453  -3.172477  -3.192535  -3.217016  -3.249111  -3.282752  -3.301339  -3.308336  -3.299516  -3.230861  -3.160646  -3.100915  -3.013320  -2.848232  -2.709797  -2.541003  -2.373506  -2.198747  -1.974579  -1.679125 
  4.195064   4.116840   4.118438   4.097206   4.088036   4.086422   4.071612   4.054430   4.013921   3.991045   3.995828   3.953795   3.901697   3.833981   3.768898   3.715807   3.667666   3.621500   3.583395   3.566192   3.553834   3.528959   3.492130   2.035968  -1.874392  -2.891965  -2.927118  -2.956539  -2.981809  -3.005237  -3.043438  -3.063604  -3.089205  -3.124645  -3.168378  -3.191463  -3.216104  -3.224560  -3.219997  -3.178628  -3.091288  -3.027491  -2.941786  -2.792736  -2.646995  -2.494206  -2.354426  -2.183447  -1.964650  -1.659633 
  4.306132   4.237559   4.225156   4.224658   4.198960   4.199835   4.180572   4.153280   4.118786   4.108430   4.100526   4.052254   3.987866   3.921054   3.865251   3.814968   3.771172   3.725609   3.696631   3.683025   3.669490   3.647197   3.623741   2.948623   0.808290  -2.712654  -2.814017  -2.843634  -2.872062  -2.905382  -2.932878  -2.961491  -2.993080  -3.032770  -3.073253  -3.106392  -3.128185  -3.137932  -3.132980  -3.104047  -3.030229  -2.945717  -2.885694  -2.721326  -2.600910  -2.465525  -2.344982  -2.165092  -1.964474  -1.659509 
  4.408344   4.344443   4.351246   4.340070   4.313677   4.313096   4.290811   4.262007   4.228068   4.223906   4.201863   4.132469   4.072985   4.013592   3.961532   3.916039   3.872329   3.832975   3.809951   3.799267   3.783639   3.773628   3.762371   3.556071   1.270553  -1.740232  -2.702474  -2.731036  -2.760110  -2.790658  -2.825712  -2.861418  -2.895761  -2.939852  -2.980297  -3.011255  -3.037186  -3.045430  -3.037675  -3.014626  -2.973317  -2.879629  -2.808003  -2.692552  -2.580825  -2.448074  -2.314432  -2.151560  -1.944854  -1.649759 
  4.503764   4.456687   4.457830   4.449056   4.431005   4.420029   4.398900   4.368074   4.338245   4.334818   4.276654   4.220596   4.157243   4.106355   4.057609   4.017663   3.974720   3.941046   3.925605   3.913760   3.915819   3.905277   3.884906   3.811239   2.002086   0.894848  -2.375245  -2.616406  -2.646716  -2.684054  -2.718465  -2.755888  -2.802444  -2.841614  -2.884567  -2.918184  -2.940297  -2.947153  -2.940919  -2.921010  -2.898976  -2.829329  -2.771639  -2.677613  -2.549325  -2.440129  -2.312728  -2.145419  -1.928009  -1.648192 
  4.600115   4.556553   4.560358   4.560796   4.541830   4.530936   4.505602   4.490292   4.450487   4.428424   4.366856   4.305159   4.250737   4.200481   4.157932   4.117230   4.077984   4.050194   4.043314   4.043588   4.041335   4.027174   4.008486   3.988674   2.851074   1.626167  -1.551471  -2.474577  -2.525627  -2.567641  -2.606058  -2.645057  -2.699639  -2.745511  -2.793685  -2.823278  -2.837972  -2.844846  -2.844238  -2.838290  -2.836493  -2.834900  -2.765497  -2.658291  -2.557072  -2.428073  -2.292473  -2.128668  -1.932768  -1.647483 
  4.697195   4.660251   4.671506   4.654544   4.643351   4.635002   4.614140   4.585928   4.554830   4.514596   4.456905   4.394086   4.341578   4.295184   4.256826   4.217702   4.185769   4.165712   4.171632   4.168903   4.160115   4.150563   4.130151   4.112854   3.494384   2.145639   0.909441  -2.047504  -2.388542  -2.445731  -2.491270  -2.543865  -2.604170  -2.650947  -2.694883  -2.718753  -2.733954  -2.747628  -2.761498  -2.797976  -2.827096  -2.828174  -2.782647  -2.670056  -2.548218  -2.401872  -2.280074  -2.116605  -1.898473  -1.612199 
  4.791757   4.762674   4.761028   4.760069   4.760774   4.750705   4.710741   4.684127   4.652314   4.602636   4.539170   4.486754   4.438641   4.395712   4.358161   4.325689   4.298802   4.294147   4.295160   4.287260   4.280945   4.268954   4.251049   4.242152   4.032873   2.851571   2.023923  -1.304973  -2.127713  -2.311880  -2.381512  -2.444715  -2.505630  -2.555937  -2.588943  -2.610921  -2.628974  -2.695585  -2.760625  -2.803931  -2.824278  -2.835331  -2.789078  -2.667331  -2.519874  -2.373758  -2.228192  -2.065606  -1.862402  -1.579224 
  4.885810   4.858933   4.874441   4.880122   4.876893   4.841886   4.799630   4.777315   4.749297   4.688516   4.632156   4.580944   4.535785   4.497759   4.463940   4.436345   4.422632   4.419303   4.416020   4.410688   4.402688   4.386038   4.371844   4.411843   4.402977   3.684807   2.820949   0.876258  -1.721309  -2.134664  -2.265737  -2.356501  -2.428213  -2.471091  -2.508151  -2.562380  -2.632548  -2.694639  -2.753325  -2.800002  -2.816871  -2.820972  -2.774662  -2.649806  -2.480793  -2.338231  -2.192947  -2.034791  -1.822403  -1.551047 
  4.977853   4.968282   4.975235   4.979766   4.968612   4.922479   4.889266   4.870968   4.844355   4.779929   4.725283   4.679552   4.637330   4.604910   4.575525   4.560733   4.546064   4.540190   4.535618   4.533223   4.523833   4.515413   4.523132   4.589234   4.625419   4.334651   3.657500   2.693566  -0.990461  -1.886555  -2.168577  -2.290741  -2.372793  -2.429393  -2.489884  -2.562329  -2.640319  -2.709846  -2.760447  -2.777964  -2.772695  -2.762007  -2.721695  -2.608535  -2.430548  -2.277399  -2.137739  -1.974191  -1.778449  -1.503164 
  5.081163   5.066417   5.089165   5.085316   5.060662   5.022496   4.981734   4.961908   4.927782   4.873792   4.824752   4.779625   4.743511   4.718819   4.703599   4.685646   4.666922   4.666684   4.657159   4.656942   4.655727   4.655778   4.702727   4.767257   4.781558   4.774187   4.404911   3.680725   1.166752  -1.445530  -2.044935  -2.243559  -2.336227  -2.406920  -2.476503  -2.570294  -2.645211  -2.665365  -2.678774  -2.683362  -2.682266  -2.669699  -2.638467  -2.533014  -2.390022  -2.215090  -2.071153  -1.911304  -1.710535  -1.443674 
  5.180341   5.170874   5.204399   5.184308   5.148837   5.110908   5.074562   5.051345   5.024229   4.974406   4.931779   4.887244   4.863665   4.847715   4.826083   4.805183   4.794839   4.794816   4.783953   4.784849   4.792087   4.818162   4.880888   4.909769   4.913494   4.909126   4.868142   4.636587   3.515362  -0.799906  -1.847652  -2.183461  -2.296755  -2.395870  -2.476004  -2.504509  -2.528680  -2.551895  -2.567812  -2.572704  -2.576260  -2.568327  -2.544347  -2.438754  -2.307325  -2.151588  -2.015785  -1.858230  -1.644378  -1.379652 
  5.266067   5.288359   5.299118   5.289115   5.243418   5.212147   5.177076   5.164716   5.125852   5.082911   5.039313   5.013825   4.993513   4.967052   4.946296   4.927105   4.912172   4.913332   4.906973   4.920919   4.937406   5.000208   5.027958   5.038871   5.029526   5.033296   5.017172   4.997859   4.847102   1.424915  -1.776915  -2.157016  -2.302953  -2.343397  -2.367002  -2.387638  -2.409476  -2.426699  -2.444390  -2.458855  -2.464151  -2.455533  -2.431831  -2.344592  -2.207468  -2.086011  -1.937786  -1.774836  -1.584494  -1.307487 
  5.365914   5.386004   5.398078   5.371803   5.340027   5.313813   5.286628   5.273341   5.227904   5.190491   5.166318   5.140526   5.108868   5.086662   5.059498   5.037825   5.031378   5.035928   5.038013   5.067356   5.119619   5.142166   5.157452   5.163094   5.159306   5.152847   5.138729   5.124997   5.111309   4.701703  -1.442889  -2.155000  -2.210938  -2.226529  -2.248997  -2.269272  -2.288669  -2.306447  -2.323389  -2.336310  -2.343269  -2.342831  -2.326476  -2.221596  -2.109204  -1.994123  -1.845476  -1.684898  -1.505508  -1.239806 
  5.475651   5.492600   5.485568   5.463218   5.443400   5.417776   5.385306   5.373919   5.336014   5.311559   5.290712   5.251465   5.221876   5.192617   5.170527   5.155895   5.157629   5.167782   5.189722   5.236638   5.262792   5.276073   5.292578   5.288537   5.284665   5.276532   5.255112   5.225216   5.173059   4.961768   1.137080  -2.041762  -2.096418  -2.113923  -2.124770  -2.144140  -2.161865  -2.181488  -2.197893  -2.214247  -2.228685  -2.230816  -2.203582  -2.103731  -2.004556  -1.889967  -1.761428  -1.607249  -1.417328  -1.171213 
  5.563079   5.573995   5.568412   5.553918   5.533542   5.510947   5.493753   5.479703   5.452770   5.433831   5.398622   5.358146   5.329726   5.304527   5.285410   5.276580   5.296512   5.313177   5.348087   5.374242   5.395438   5.409822   5.420089   5.380462   5.367403   5.346544   5.293286   5.262260   5.233879   4.898479   3.105904  -0.754535  -1.849959  -1.971756  -2.007892  -2.023896  -2.036047  -2.051688  -2.069630  -2.085437  -2.104351  -2.112057  -2.061627  -1.988527  -1.880550  -1.769574  -1.645471  -1.499892  -1.333396  -1.106266 
  5.665144   5.666201   5.658798   5.648624   5.613328   5.604802   5.608005   5.584424   5.562717   5.533251   5.499123   5.465441   5.439436   5.412470   5.403425   5.410958   5.438069   5.465474   5.485166   5.493468   5.485552   5.483488   5.484040   5.461557   5.427932   5.411148   5.381379   5.353462   5.288666   4.805645   3.904616   1.132800  -1.124302  -1.646001  -1.841137  -1.868004  -1.897437  -1.918349  -1.940670  -1.956914  -1.973750  -1.959631  -1.907558  -1.830814  -1.736108  -1.637621  -1.549765  -1.421709  -1.259200  -1.039673 
  5.756292   5.761953   5.751403   5.739569   5.727146   5.701053   5.721043   5.687130   5.660823   5.632357   5.598148   5.567894   5.546836   5.526122   5.521534   5.525699   5.540846   5.543128   5.570981   5.580769   5.587855   5.557815   5.555924   5.542349   5.526513   5.501083   5.477258   5.438104   5.319879   4.820935   4.138920   2.531622  -0.050075  -1.112858  -1.485090  -1.667169  -1.729169  -1.755758  -1.777318  -1.789994  -1.798836  -1.768694  -1.734899  -1.670826  -1.590790  -1.512684  -1.432193  -1.330810  -1.189488  -0.974799 
  5.843586   5.856692   5.844579   5.832157   5.822237   5.804072   5.808120   5.778419   5.751425   5.724010   5.665463   5.641893   5.616190   5.602165   5.596720   5.629563   5.643605   5.642913   5.643227   5.657094   5.661593   5.667214   5.654130   5.634565   5.615118   5.593788   5.567888   5.513742   5.284002   4.857324   4.349525   3.517068   1.260752  -0.400069  -1.052220  -1.325124  -1.495964  -1.576170  -1.595619  -1.609107  -1.601273  -1.590685  -1.552109  -1.512713  -1.454454  -1.381899  -1.318502  -1.216848  -1.103652  -0.904904 
  5.928827   5.935216   5.925692   5.909060   5.905507   5.890827   5.864523   5.830067   5.802646   5.738547   5.714413   5.700748   5.692165   5.699120   5.721139   5.732439   5.710453   5.724802   5.744866   5.747528   5.745225   5.754620   5.736800   5.715419   5.707396   5.690374   5.646682   5.583088   5.288675   4.920470   4.512018   3.884067   2.457483   0.350596  -0.515731  -0.960624  -1.181707  -1.316582  -1.401428  -1.418595  -1.404572  -1.410088  -1.377727  -1.348234  -1.301825  -1.243349  -1.173336  -1.117261  -1.007698  -0.836504 
  6.024453   6.017048   5.997109   5.993788   5.978278   5.959580   5.928994   5.896876   5.874744   5.852873   5.832198   5.817582   5.808275   5.807661   5.807136   5.817990   5.814707   5.818116   5.836594   5.839403   5.836402   5.837779   5.831377   5.805250   5.794125   5.762499   5.698772   5.587090   5.296196   4.980439   4.643012   4.142157   3.446017   1.464209   0.031020  -0.490751  -0.837000  -1.024574  -1.132667  -1.195989  -1.231190  -1.231220  -1.201489  -1.181271  -1.138484  -1.100927  -1.069688  -1.018496  -0.921741  -0.762727 
  6.088523   6.089423   6.061911   6.050377   6.034137   6.024489   6.024688   6.003320   5.967427   5.943420   5.913372   5.894788   5.907130   5.911980   5.922703   5.923001   5.925983   5.942300   5.951064   5.941691   5.946573   5.949190   5.943593   5.928335   5.906709   5.855459   5.800589   5.646554   5.360751   5.085136   4.779458   4.335754   3.769727   2.474948   0.727596   0.020111  -0.418329  -0.701080  -0.861665  -0.942943  -0.998944  -1.057493  -1.038628  -1.011734  -0.978958  -0.957813  -0.944514  -0.912396  -0.834105  -0.684527 
  6.154302   6.171581   6.156383   6.134476   6.120046   6.117024   6.115400   6.081340   6.038235   6.024455   6.023605   6.023934   6.028569   6.024142   6.035457   6.048674   6.047726   6.063693   6.065880   6.067810   6.065718   6.066166   6.064733   6.056143   6.024724   5.943523   5.879518   5.690249   5.431011   5.198660   4.922279   4.534836   4.065267   3.387584   1.691158   0.434005   0.043148  -0.318758  -0.549208  -0.674305  -0.752390  -0.825121  -0.844641  -0.849705  -0.839234  -0.820499  -0.810336  -0.801995  -0.737549  -0.617220 
  6.258248   6.263662   6.240402   6.224130   6.220449   6.198502   6.186533   6.168591   6.155004   6.137099   6.139403   6.148270   6.147338   6.147736   6.161549   6.174272   6.174342   6.193523   6.195628   6.189498   6.181328   6.191256   6.187577   6.171251   6.120463   6.061121   5.956474   5.747727   5.501478   5.319583   5.074895   4.722720   4.316743   3.842642   2.601356   1.067452   0.434151   0.108470  -0.186570  -0.391976  -0.514921  -0.589413  -0.625463  -0.651219  -0.695169  -0.682531  -0.685259  -0.675446  -0.634117  -0.543652 
  6.365976   6.343375   6.321445   6.307618   6.310082   6.298346   6.297912   6.280831   6.267880   6.269516   6.268838   6.274596   6.268703   6.272565   6.287347   6.291388   6.304628   6.316953   6.325010   6.313038   6.308739   6.312790   6.307813   6.274499   6.212811   6.150810   6.048220   5.825257   5.609302   5.447704   5.209649   4.899837   4.532145   4.123337   3.462773   1.915257   0.829656   0.503419   0.166772  -0.079829  -0.252825  -0.358593  -0.399444  -0.456622  -0.505611  -0.541456  -0.547657  -0.535574  -0.528704  -0.466448 
  6.442817   6.434552   6.420665   6.410808   6.419595   6.413696   6.412080   6.399852   6.396638   6.395124   6.396067   6.398838   6.398670   6.400655   6.407574   6.423591   6.432357   6.450642   6.443798   6.439803   6.438252   6.434610   6.415937   6.365675   6.315186   6.252295   6.110410   5.913242   5.696123   5.567382   5.343622   5.074367   4.753887   4.380950   3.999048   2.737887   1.379466   0.812369   0.545763   0.251132   0.036236  -0.107364  -0.191978  -0.250526  -0.306902  -0.344406  -0.376221  -0.403884  -0.412552  -0.378368 
  6.532609   6.539254   6.535135   6.527311   6.547927   6.540199   6.532861   6.529960   6.528926   6.519700   6.520744   6.522107   6.518329   6.521304   6.528987   6.534315   6.551915   6.563934   6.560466   6.552555   6.558165   6.547020   6.505478   6.456167   6.406297   6.332640   6.170948   5.981310   5.791059   5.685992   5.460837   5.211734   4.940095   4.586660   4.210342   3.512534   2.155660   1.163381   0.864385   0.595781   0.351165   0.160661   0.034663  -0.055466  -0.122814  -0.156168  -0.206743  -0.220002  -0.276432  -0.282186 
